timestamp,station_id,temp,humid,condition
2026-02-14 04:28:12.096641,NewYork-e15e,15,76,Normal
2026-02-14 04:28:13.096641,NewYork-e15e,-8,13,Normal
2026-02-14 04:28:14.096641,NewYork-e15e,2,87,Normal
2026-02-14 04:28:15.096641,NewYork-e15e,-26,95,Normal
2026-02-14 04:28:16.096641,NewYork-e15e,32,58,Normal
2026-02-14 04:28:17.096641,NewYork-e15e,9,13,Normal
2026-02-14 04:28:18.096641,NewYork-e15e,0,84,Normal
2026-02-14 04:28:19.096641,NewYork-e15e,18,5,Normal
2026-02-14 04:28:20.096641,NewYork-e15e,-17,91,Normal
2026-02-14 04:28:21.096641,NewYork-e15e,47,10,Normal
2026-02-14 04:28:22.096641,NewYork-e15e,-27,1,Normal
2026-02-14 04:28:23.096641,NewYork-e15e,-16,21,Normal
2026-02-14 04:28:24.096641,NewYork-e15e,33,55,Normal
2026-02-14 04:28:25.096641,NewYork-e15e,-5,41,Normal
2026-02-14 04:28:26.096641,NewYork-e15e,26,64,Normal
2026-02-14 04:28:27.096641,NewYork-e15e,-7,83,Normal
2026-02-14 04:28:28.096641,NewYork-e15e,-13,79,Normal
2026-02-14 04:28:29.096641,NewYork-e15e,-20,64,Normal
2026-02-14 04:28:30.096641,NewYork-e15e,8,100,Normal
2026-02-14 04:28:31.096641,NewYork-e15e,-3,68,Normal
2026-02-14 04:28:32.096641,NewYork-e15e,18,96,Normal
2026-02-14 04:28:33.096641,NewYork-e15e,26,51,Normal
2026-02-14 04:28:34.096641,NewYork-e15e,10,92,Normal
2026-02-14 04:28:35.096641,NewYork-e15e,-10,53,Normal
2026-02-14 04:28:36.096641,NewYork-e15e,11,31,Normal
2026-02-14 04:28:37.096641,NewYork-e15e,48,98,Normal
2026-02-14 04:28:38.096641,NewYork-e15e,37,45,Normal
2026-02-14 04:28:39.096641,NewYork-e15e,43,16,Normal
2026-02-14 04:28:40.096641,NewYork-e15e,31,100,Normal
2026-02-14 04:28:41.096641,NewYork-e15e,45,12,Normal
2026-02-14 04:28:42.096641,NewYork-e15e,-21,90,Normal
2026-02-14 04:28:43.096641,NewYork-e15e,-5,18,Normal
2026-02-14 04:28:44.096641,NewYork-e15e,-10,91,Normal
2026-02-14 04:28:45.096641,NewYork-e15e,-8,92,Normal
2026-02-14 04:28:46.096641,NewYork-e15e,-3,25,Normal
2026-02-14 04:28:47.096641,NewYork-e15e,33,64,Normal
2026-02-14 04:28:48.096641,NewYork-e15e,-7,98,Normal
2026-02-14 04:28:49.096641,NewYork-e15e,-6,81,Normal
2026-02-14 04:28:50.096641,NewYork-e15e,33,41,Normal
2026-02-14 04:28:51.096641,NewYork-e15e,13,80,Normal
2026-02-14 04:28:52.096641,NewYork-e15e,-2,14,Normal
2026-02-14 04:28:53.096641,NewYork-e15e,35,48,Normal
2026-02-14 04:28:54.096641,NewYork-e15e,10,62,Normal
2026-02-14 04:28:55.096641,NewYork-e15e,15,2,Normal
2026-02-14 04:28:56.096641,NewYork-e15e,42,43,Normal
2026-02-14 04:28:57.096641,NewYork-e15e,-9,24,Normal
2026-02-14 04:28:58.096641,NewYork-e15e,-11,59,Normal
2026-02-14 04:28:59.096641,NewYork-e15e,-15,76,Normal
2026-02-14 04:29:00.096641,NewYork-e15e,16,100,Normal
2026-02-14 04:29:01.096641,NewYork-e15e,40,36,Normal
2026-02-14 04:29:02.096641,NewYork-e15e,37,13,Normal
2026-02-14 04:29:03.096641,NewYork-e15e,27,69,Normal
2026-02-14 04:29:04.096641,NewYork-e15e,-5,1,Normal
2026-02-14 04:29:05.096641,NewYork-e15e,4,53,Normal
2026-02-14 04:29:06.096641,NewYork-e15e,-11,94,Normal
2026-02-14 04:29:07.096641,NewYork-e15e,8,54,Normal
2026-02-14 04:29:08.096641,NewYork-e15e,8,2,Normal
2026-02-14 04:29:09.096641,NewYork-e15e,22,4,Normal
2026-02-14 04:29:10.096641,NewYork-e15e,28,77,Normal
2026-02-14 04:29:11.096641,NewYork-e15e,28,21,Normal
2026-02-14 04:29:12.096641,NewYork-e15e,36,52,Normal
2026-02-14 04:29:13.096641,NewYork-e15e,26,85,Normal
2026-02-14 04:29:14.096641,NewYork-e15e,10,39,Normal
2026-02-14 04:29:15.096641,NewYork-e15e,4,88,Normal
2026-02-14 04:29:16.096641,NewYork-e15e,1,45,Normal
2026-02-14 04:29:17.096641,NewYork-e15e,38,30,Normal
2026-02-14 04:29:18.096641,NewYork-e15e,39,100,Normal
2026-02-14 04:29:19.096641,NewYork-e15e,-24,90,Normal
2026-02-14 04:29:20.096641,NewYork-e15e,17,49,Normal
2026-02-14 04:29:21.096641,NewYork-e15e,-25,86,Normal
2026-02-14 04:29:22.096641,NewYork-e15e,-2,55,Normal
2026-02-14 04:29:23.096641,NewYork-e15e,-27,90,Normal
2026-02-14 04:29:24.096641,NewYork-e15e,10,37,Normal
2026-02-14 04:29:25.096641,NewYork-e15e,9,86,Normal
2026-02-14 04:29:26.096641,NewYork-e15e,-27,46,Normal
2026-02-14 04:29:27.096641,NewYork-e15e,13,100,Normal
2026-02-14 04:29:28.096641,NewYork-e15e,15,37,Normal
2026-02-14 04:29:29.096641,NewYork-e15e,14,6,Normal
2026-02-14 04:29:30.096641,NewYork-e15e,26,66,Normal
2026-02-14 04:29:31.096641,NewYork-e15e,46,55,Normal
2026-02-14 04:29:32.096641,NewYork-e15e,49,44,Normal
2026-02-14 04:29:33.096641,NewYork-e15e,9,2,Normal
2026-02-14 04:29:34.096641,NewYork-e15e,20,29,Normal
2026-02-14 04:29:35.096641,NewYork-e15e,-9,81,Normal
2026-02-14 04:29:36.096641,NewYork-e15e,-7,96,Normal
2026-02-14 04:29:37.096641,NewYork-e15e,-14,14,Normal
2026-02-14 04:29:38.096641,NewYork-e15e,26,36,Normal
2026-02-14 04:29:39.096641,NewYork-e15e,-14,37,Normal
2026-02-14 04:29:40.096641,NewYork-e15e,50,1,Normal
2026-02-14 04:29:41.096641,NewYork-e15e,28,32,Normal
2026-02-14 04:29:42.096641,NewYork-e15e,-2,35,Normal
2026-02-14 04:29:43.096641,NewYork-e15e,-8,69,Normal
2026-02-14 04:29:44.096641,NewYork-e15e,31,50,Normal
2026-02-14 04:29:45.096641,NewYork-e15e,17,29,Normal
2026-02-14 04:29:46.096641,NewYork-e15e,-22,60,Normal
2026-02-14 04:29:47.096641,NewYork-e15e,25,88,Normal
2026-02-14 04:29:48.096641,NewYork-e15e,8,40,Normal
2026-02-14 04:29:49.096641,NewYork-e15e,-29,68,Normal
2026-02-14 04:29:50.096641,NewYork-e15e,-6,3,Normal
2026-02-14 04:29:51.096641,NewYork-e15e,37,75,Normal
2026-02-14 04:29:52.096641,NewYork-e15e,-25,23,Normal
2026-02-14 04:29:53.096641,NewYork-e15e,38,61,Normal
2026-02-14 04:29:54.096641,NewYork-e15e,-11,89,Normal
2026-02-14 04:29:55.096641,NewYork-e15e,35,3,Normal
2026-02-14 04:29:56.096641,NewYork-e15e,45,99,Normal
2026-02-14 04:29:57.096641,NewYork-e15e,39,54,Normal
2026-02-14 04:29:58.096641,NewYork-e15e,-15,23,Normal
2026-02-14 04:29:59.096641,NewYork-e15e,49,12,Normal
2026-02-14 04:30:00.096641,NewYork-e15e,1,54,Normal
2026-02-14 04:30:01.096641,NewYork-e15e,-21,86,Normal
2026-02-14 04:30:02.096641,NewYork-e15e,35,86,Normal
2026-02-14 04:30:03.096641,NewYork-e15e,27,47,Normal
2026-02-14 04:30:04.096641,NewYork-e15e,46,54,Normal
2026-02-14 04:30:05.096641,NewYork-e15e,30,66,Normal
2026-02-14 04:30:06.096641,NewYork-e15e,31,68,Normal
2026-02-14 04:30:07.096641,NewYork-e15e,33,54,Normal
2026-02-14 04:30:08.096641,NewYork-e15e,-2,11,Normal
2026-02-14 04:30:09.096641,NewYork-e15e,50,56,Normal
2026-02-14 04:30:10.096641,NewYork-e15e,36,64,Normal
2026-02-14 04:30:11.096641,NewYork-e15e,43,44,Normal
2026-02-14 04:30:12.096641,NewYork-e15e,-28,19,Normal
2026-02-14 04:30:13.096641,NewYork-e15e,-9,60,Normal
2026-02-14 04:30:14.096641,NewYork-e15e,13,0,Normal
2026-02-14 04:30:15.096641,NewYork-e15e,22,46,Normal
2026-02-14 04:30:16.096641,NewYork-e15e,12,88,Normal
2026-02-14 04:30:17.096641,NewYork-e15e,9,17,Normal
2026-02-14 04:30:18.096641,NewYork-e15e,-28,3,Normal
2026-02-14 04:30:19.096641,NewYork-e15e,-4,65,Normal
2026-02-14 04:30:20.096641,NewYork-e15e,27,100,Normal
2026-02-14 04:30:21.096641,NewYork-e15e,28,23,Normal
2026-02-14 04:30:22.096641,NewYork-e15e,20,28,Normal
2026-02-14 04:30:23.096641,NewYork-e15e,-6,15,Normal
2026-02-14 04:30:24.096641,NewYork-e15e,-10,100,Normal
2026-02-14 04:30:25.096641,NewYork-e15e,12,62,Normal
2026-02-14 04:30:26.096641,NewYork-e15e,28,37,Normal
2026-02-14 04:30:27.096641,NewYork-e15e,33,95,Normal
2026-02-14 04:30:28.096641,NewYork-e15e,0,39,Normal
2026-02-14 04:30:29.096641,NewYork-e15e,9,56,Normal
2026-02-14 04:30:30.096641,NewYork-e15e,46,0,Normal
2026-02-14 04:30:31.096641,NewYork-e15e,-7,83,Normal
2026-02-14 04:30:32.096641,NewYork-e15e,14,36,Normal
2026-02-14 04:30:33.096641,NewYork-e15e,7,51,Normal
2026-02-14 04:30:34.096641,NewYork-e15e,9,15,Normal
2026-02-14 04:30:35.096641,NewYork-e15e,8,76,Normal
2026-02-14 04:30:36.096641,NewYork-e15e,5,80,Normal
2026-02-14 04:30:37.096641,NewYork-e15e,19,82,Normal
2026-02-14 04:30:38.096641,NewYork-e15e,13,21,Normal
2026-02-14 04:30:39.096641,NewYork-e15e,17,59,Normal
2026-02-14 04:30:40.096641,NewYork-e15e,43,75,Normal
2026-02-14 04:30:41.096641,NewYork-e15e,35,76,Normal
2026-02-14 04:30:42.096641,NewYork-e15e,3,14,Normal
2026-02-14 04:30:43.096641,NewYork-e15e,20,14,Normal
2026-02-14 04:30:44.096641,NewYork-e15e,-23,68,Normal
2026-02-14 04:30:45.096641,NewYork-e15e,-17,32,Normal
2026-02-14 04:30:46.096641,NewYork-e15e,1,79,Normal
2026-02-14 04:30:47.096641,NewYork-e15e,18,13,Normal
2026-02-14 04:30:48.096641,NewYork-e15e,40,24,Normal
2026-02-14 04:30:49.096641,NewYork-e15e,-1,62,Normal
2026-02-14 04:30:50.096641,NewYork-e15e,-1,67,Normal
2026-02-14 04:30:51.096641,NewYork-e15e,43,83,Normal
2026-02-14 04:30:52.096641,NewYork-e15e,-18,92,Normal
2026-02-14 04:30:53.096641,NewYork-e15e,-17,57,Normal
2026-02-14 04:30:54.096641,NewYork-e15e,-30,73,Normal
2026-02-14 04:30:55.096641,NewYork-e15e,-18,71,Normal
2026-02-14 04:30:56.096641,NewYork-e15e,45,68,Normal
2026-02-14 04:30:57.096641,NewYork-e15e,-6,87,Normal
2026-02-14 04:30:58.096641,NewYork-e15e,-5,4,Normal
2026-02-14 04:30:59.096641,NewYork-e15e,9,23,Normal
2026-02-14 04:31:00.096641,NewYork-e15e,-25,63,Normal
2026-02-14 04:31:01.096641,NewYork-e15e,12,10,Normal
2026-02-14 04:31:02.096641,NewYork-e15e,50,92,Normal
2026-02-14 04:31:03.096641,NewYork-e15e,6,7,Normal
2026-02-14 04:31:04.096641,NewYork-e15e,31,45,Normal
2026-02-14 04:31:05.096641,NewYork-e15e,7,19,Normal
2026-02-14 04:31:06.096641,NewYork-e15e,5,82,Normal
2026-02-14 04:31:07.096641,NewYork-e15e,45,74,Normal
2026-02-14 04:31:08.096641,NewYork-e15e,45,95,Normal
2026-02-14 04:31:09.096641,NewYork-e15e,10,49,Normal
2026-02-14 04:31:10.096641,NewYork-e15e,-2,1,Normal
2026-02-14 04:31:11.096641,NewYork-e15e,36,32,Normal
2026-02-14 04:31:12.096641,NewYork-e15e,-8,0,Normal
2026-02-14 04:31:13.096641,NewYork-e15e,24,88,Normal
2026-02-14 04:31:14.096641,NewYork-e15e,31,7,Normal
2026-02-14 04:31:15.096641,NewYork-e15e,-9,6,Normal
2026-02-14 04:31:16.096641,NewYork-e15e,-18,9,Normal
2026-02-14 04:31:17.096641,NewYork-e15e,28,76,Normal
2026-02-14 04:31:18.096641,NewYork-e15e,27,51,Normal
2026-02-14 04:31:19.096641,NewYork-e15e,25,79,Normal
2026-02-14 04:31:20.096641,NewYork-e15e,47,84,Normal
2026-02-14 04:31:21.096641,NewYork-e15e,6,36,Normal
2026-02-14 04:31:22.096641,NewYork-e15e,-7,12,Normal
2026-02-14 04:31:23.096641,NewYork-e15e,-4,70,Normal
2026-02-14 04:31:24.096641,NewYork-e15e,-6,64,Normal
2026-02-14 04:31:25.096641,NewYork-e15e,10,75,Normal
2026-02-14 04:31:26.096641,NewYork-e15e,-27,50,Normal
2026-02-14 04:31:27.096641,NewYork-e15e,1,4,Normal
2026-02-14 04:31:28.096641,NewYork-e15e,24,22,Normal
2026-02-14 04:31:29.096641,NewYork-e15e,49,63,Normal
2026-02-14 04:31:30.096641,NewYork-e15e,-23,81,Normal
2026-02-14 04:31:31.096641,NewYork-e15e,0,82,Normal
2026-02-14 04:31:32.096641,NewYork-e15e,-20,72,Normal
2026-02-14 04:31:33.096641,NewYork-e15e,50,39,Normal
2026-02-14 04:31:34.096641,NewYork-e15e,39,55,Normal
2026-02-14 04:31:35.096641,NewYork-e15e,33,22,Normal
2026-02-14 04:31:36.096641,NewYork-e15e,3,16,Normal
2026-02-14 04:31:37.096641,NewYork-e15e,11,37,Normal
2026-02-14 04:31:38.096641,NewYork-e15e,33,21,Normal
2026-02-14 04:31:39.096641,NewYork-e15e,46,58,Normal
2026-02-14 04:31:40.096641,NewYork-e15e,41,52,Normal
2026-02-14 04:31:41.096641,NewYork-e15e,-21,3,Normal
2026-02-14 04:31:42.096641,NewYork-e15e,9,68,Normal
2026-02-14 04:31:43.096641,NewYork-e15e,24,30,Normal
2026-02-14 04:31:44.096641,NewYork-e15e,-22,49,Normal
2026-02-14 04:31:45.096641,NewYork-e15e,25,97,Normal
2026-02-14 04:31:46.096641,NewYork-e15e,4,39,Normal
2026-02-14 04:31:47.096641,NewYork-e15e,-14,68,Normal
2026-02-14 04:31:48.096641,NewYork-e15e,-6,12,Normal
2026-02-14 04:31:49.096641,NewYork-e15e,16,64,Normal
2026-02-14 04:31:50.096641,NewYork-e15e,31,68,Normal
2026-02-14 04:31:51.096641,NewYork-e15e,-8,62,Normal
2026-02-14 04:31:52.096641,NewYork-e15e,33,32,Normal
2026-02-14 04:31:53.096641,NewYork-e15e,48,49,Normal
2026-02-14 04:31:54.096641,NewYork-e15e,39,28,Normal
2026-02-14 04:31:55.096641,NewYork-e15e,27,84,Normal
2026-02-14 04:31:56.096641,NewYork-e15e,17,96,Normal
2026-02-14 04:31:57.096641,NewYork-e15e,31,80,Normal
2026-02-14 04:31:58.096641,NewYork-e15e,-23,97,Normal
2026-02-14 04:31:59.096641,NewYork-e15e,-10,44,Normal
2026-02-14 04:32:00.096641,NewYork-e15e,-29,3,Normal
2026-02-14 04:32:01.096641,NewYork-e15e,49,93,Normal
2026-02-14 04:32:02.096641,NewYork-e15e,10,60,Normal
2026-02-14 04:32:03.096641,NewYork-e15e,30,70,Normal
2026-02-14 04:32:04.096641,NewYork-e15e,36,50,Normal
2026-02-14 04:32:05.096641,NewYork-e15e,6,100,Normal
2026-02-14 04:32:06.096641,NewYork-e15e,12,4,Normal
2026-02-14 04:32:07.096641,NewYork-e15e,43,14,Normal
2026-02-14 04:32:08.096641,NewYork-e15e,25,79,Normal
2026-02-14 04:32:09.096641,NewYork-e15e,-13,23,Normal
2026-02-14 04:32:10.096641,NewYork-e15e,34,93,Normal
2026-02-14 04:32:11.096641,NewYork-e15e,-10,6,Normal
2026-02-14 04:32:12.096641,NewYork-e15e,-20,83,Normal
2026-02-14 04:32:13.096641,NewYork-e15e,13,41,Normal
2026-02-14 04:32:14.096641,NewYork-e15e,-26,53,Normal
2026-02-14 04:32:15.096641,NewYork-e15e,30,86,Normal
2026-02-14 04:32:16.096641,NewYork-e15e,-5,13,Normal
2026-02-14 04:32:17.096641,NewYork-e15e,-27,23,Normal
2026-02-14 04:32:18.096641,NewYork-e15e,30,26,Normal
2026-02-14 04:32:19.096641,NewYork-e15e,14,83,Normal
2026-02-14 04:32:20.096641,NewYork-e15e,-18,16,Normal
2026-02-14 04:32:21.096641,NewYork-e15e,45,13,Normal
2026-02-14 04:32:22.096641,NewYork-e15e,47,25,Normal
2026-02-14 04:32:23.096641,NewYork-e15e,28,65,Normal
2026-02-14 04:32:24.096641,NewYork-e15e,16,32,Normal
2026-02-14 04:32:25.096641,NewYork-e15e,17,100,Normal
2026-02-14 04:32:26.096641,NewYork-e15e,13,29,Normal
2026-02-14 04:32:27.096641,NewYork-e15e,40,82,Normal
2026-02-14 04:32:28.096641,NewYork-e15e,12,85,Normal
2026-02-14 04:32:29.096641,NewYork-e15e,-21,44,Normal
2026-02-14 04:32:30.096641,NewYork-e15e,-22,79,Normal
2026-02-14 04:32:31.096641,NewYork-e15e,-23,9,Normal
2026-02-14 04:32:32.096641,NewYork-e15e,42,77,Normal
2026-02-14 04:32:33.096641,NewYork-e15e,33,29,Normal
2026-02-14 04:32:34.096641,NewYork-e15e,6,39,Normal
2026-02-14 04:32:35.096641,NewYork-e15e,31,71,Normal
2026-02-14 04:32:36.096641,NewYork-e15e,39,77,Normal
2026-02-14 04:32:37.096641,NewYork-e15e,5,11,Normal
2026-02-14 04:32:38.096641,NewYork-e15e,44,91,Normal
2026-02-14 04:32:39.096641,NewYork-e15e,-29,27,Normal
2026-02-14 04:32:40.096641,NewYork-e15e,37,74,Normal
2026-02-14 04:32:41.096641,NewYork-e15e,44,69,Normal
2026-02-14 04:32:42.096641,NewYork-e15e,-3,70,Normal
2026-02-14 04:32:43.096641,NewYork-e15e,-19,50,Normal
2026-02-14 04:32:44.096641,NewYork-e15e,16,24,Normal
2026-02-14 04:32:45.096641,NewYork-e15e,49,44,Normal
2026-02-14 04:32:46.096641,NewYork-e15e,26,91,Normal
2026-02-14 04:32:47.096641,NewYork-e15e,33,13,Normal
2026-02-14 04:32:48.096641,NewYork-e15e,9,52,Normal
2026-02-14 04:32:49.096641,NewYork-e15e,-17,68,Normal
2026-02-14 04:32:50.096641,NewYork-e15e,25,20,Normal
2026-02-14 04:32:51.096641,NewYork-e15e,-23,10,Normal
2026-02-14 04:32:52.096641,NewYork-e15e,-6,32,Normal
2026-02-14 04:32:53.096641,NewYork-e15e,-13,75,Normal
2026-02-14 04:32:54.096641,NewYork-e15e,-8,55,Normal
2026-02-14 04:32:55.096641,NewYork-e15e,-17,26,Normal
2026-02-14 04:32:56.096641,NewYork-e15e,44,4,Normal
2026-02-14 04:32:57.096641,NewYork-e15e,17,22,Normal
2026-02-14 04:32:58.096641,NewYork-e15e,-14,93,Normal
2026-02-14 04:32:59.096641,NewYork-e15e,-9,65,Normal
2026-02-14 04:33:00.096641,NewYork-e15e,32,4,Normal
2026-02-14 04:33:01.096641,NewYork-e15e,-8,90,Normal
2026-02-14 04:33:02.096641,NewYork-e15e,44,84,Normal
2026-02-14 04:33:03.096641,NewYork-e15e,2,92,Normal
2026-02-14 04:33:04.096641,NewYork-e15e,-3,21,Normal
2026-02-14 04:33:05.096641,NewYork-e15e,12,71,Normal
2026-02-14 04:33:06.096641,NewYork-e15e,-17,40,Normal
2026-02-14 04:33:07.096641,NewYork-e15e,0,12,Normal
2026-02-14 04:33:08.096641,NewYork-e15e,27,62,Normal
2026-02-14 04:33:09.096641,NewYork-e15e,39,11,Normal
2026-02-14 04:33:10.096641,NewYork-e15e,-17,28,Normal
2026-02-14 04:33:11.096641,NewYork-e15e,18,15,Normal
2026-02-14 04:33:12.096641,NewYork-e15e,-16,28,Normal
2026-02-14 04:33:13.096641,NewYork-e15e,7,2,Normal
2026-02-14 04:33:14.096641,NewYork-e15e,-25,80,Normal
2026-02-14 04:33:15.096641,NewYork-e15e,47,32,Normal
2026-02-14 04:33:16.096641,NewYork-e15e,6,25,Normal
2026-02-14 04:33:17.096641,NewYork-e15e,28,29,Normal
2026-02-14 04:33:18.096641,NewYork-e15e,-19,91,Normal
2026-02-14 04:33:19.096641,NewYork-e15e,50,7,Normal
2026-02-14 04:33:20.096641,NewYork-e15e,-3,87,Normal
2026-02-14 04:33:21.096641,NewYork-e15e,5,16,Normal
2026-02-14 04:33:22.096641,NewYork-e15e,-7,59,Normal
2026-02-14 04:33:23.096641,NewYork-e15e,-28,61,Normal
2026-02-14 04:33:24.096641,NewYork-e15e,46,64,Normal
2026-02-14 04:33:25.096641,NewYork-e15e,35,76,Normal
2026-02-14 04:33:26.096641,NewYork-e15e,21,70,Normal
2026-02-14 04:33:27.096641,NewYork-e15e,11,75,Normal
2026-02-14 04:33:28.096641,NewYork-e15e,-2,10,Normal
2026-02-14 04:33:29.096641,NewYork-e15e,-13,52,Normal
2026-02-14 04:33:30.096641,NewYork-e15e,29,29,Normal
2026-02-14 04:33:31.096641,NewYork-e15e,26,33,Normal
2026-02-14 04:33:32.096641,NewYork-e15e,21,83,Normal
2026-02-14 04:33:33.096641,NewYork-e15e,23,72,Normal
2026-02-14 04:33:34.096641,NewYork-e15e,-9,99,Normal
2026-02-14 04:33:35.096641,NewYork-e15e,-10,59,Normal
2026-02-14 04:33:36.096641,NewYork-e15e,8,8,Normal
2026-02-14 04:33:37.096641,NewYork-e15e,-11,52,Normal
2026-02-14 04:33:38.096641,NewYork-e15e,3,21,Normal
2026-02-14 04:33:39.096641,NewYork-e15e,28,68,Normal
2026-02-14 04:33:40.096641,NewYork-e15e,-14,93,Normal
2026-02-14 04:33:41.096641,NewYork-e15e,47,72,Normal
2026-02-14 04:33:42.096641,NewYork-e15e,34,38,Normal
2026-02-14 04:33:43.096641,NewYork-e15e,-14,32,Normal
2026-02-14 04:33:44.096641,NewYork-e15e,0,44,Normal
2026-02-14 04:33:45.096641,NewYork-e15e,42,66,Normal
2026-02-14 04:33:46.096641,NewYork-e15e,7,90,Normal
2026-02-14 04:33:47.096641,NewYork-e15e,31,27,Normal
2026-02-14 04:33:48.096641,NewYork-e15e,33,80,Normal
2026-02-14 04:33:49.096641,NewYork-e15e,22,65,Normal
2026-02-14 04:33:50.096641,NewYork-e15e,-25,82,Normal
2026-02-14 04:33:51.096641,NewYork-e15e,18,75,Normal
2026-02-14 04:33:52.096641,NewYork-e15e,-2,56,Normal
2026-02-14 04:33:53.096641,NewYork-e15e,48,61,Normal
2026-02-14 04:33:54.096641,NewYork-e15e,24,83,Normal
2026-02-14 04:33:55.096641,NewYork-e15e,42,50,Normal
2026-02-14 04:33:56.096641,NewYork-e15e,36,3,Normal
2026-02-14 04:33:57.096641,NewYork-e15e,-19,20,Normal
2026-02-14 04:33:58.096641,NewYork-e15e,30,87,Normal
2026-02-14 04:33:59.096641,NewYork-e15e,-30,53,Normal
2026-02-14 04:34:00.096641,NewYork-e15e,-27,10,Normal
2026-02-14 04:34:01.096641,NewYork-e15e,-1,56,Normal
2026-02-14 04:34:02.096641,NewYork-e15e,23,78,Normal
2026-02-14 04:34:03.096641,NewYork-e15e,9,10,Normal
2026-02-14 04:34:04.096641,NewYork-e15e,23,38,Normal
2026-02-14 04:34:05.096641,NewYork-e15e,5,31,Normal
2026-02-14 04:34:06.096641,NewYork-e15e,35,70,Normal
2026-02-14 04:34:07.096641,NewYork-e15e,15,74,Normal
2026-02-14 04:34:08.096641,NewYork-e15e,45,23,Normal
2026-02-14 04:34:09.096641,NewYork-e15e,-18,71,Normal
2026-02-14 04:34:10.096641,NewYork-e15e,20,48,Normal
2026-02-14 04:34:11.096641,NewYork-e15e,36,82,Normal
2026-02-14 04:34:12.096641,NewYork-e15e,0,58,Normal
2026-02-14 04:34:13.096641,NewYork-e15e,45,22,Normal
2026-02-14 04:34:14.096641,NewYork-e15e,-1,96,Normal
2026-02-14 04:34:15.096641,NewYork-e15e,-12,94,Normal
2026-02-14 04:34:16.096641,NewYork-e15e,33,9,Normal
2026-02-14 04:34:17.096641,NewYork-e15e,50,66,Normal
2026-02-14 04:34:18.096641,NewYork-e15e,0,87,Normal
2026-02-14 04:34:19.096641,NewYork-e15e,-6,99,Normal
2026-02-14 04:34:20.096641,NewYork-e15e,9,18,Normal
2026-02-14 04:34:21.096641,NewYork-e15e,35,61,Normal
2026-02-14 04:34:22.096641,NewYork-e15e,4,44,Normal
2026-02-14 04:34:23.096641,NewYork-e15e,48,4,Normal
2026-02-14 04:34:24.096641,NewYork-e15e,49,49,Normal
2026-02-14 04:34:25.096641,NewYork-e15e,42,71,Normal
2026-02-14 04:34:26.096641,NewYork-e15e,26,31,Normal
2026-02-14 04:34:27.096641,NewYork-e15e,26,93,Normal
2026-02-14 04:34:28.096641,NewYork-e15e,44,52,Normal
2026-02-14 04:34:29.096641,NewYork-e15e,-23,25,Normal
2026-02-14 04:34:30.096641,NewYork-e15e,40,8,Normal
2026-02-14 04:34:31.096641,NewYork-e15e,41,1,Normal
2026-02-14 04:34:32.096641,NewYork-e15e,19,63,Normal
2026-02-14 04:34:33.096641,NewYork-e15e,-5,14,Normal
2026-02-14 04:34:34.096641,NewYork-e15e,-26,16,Normal
2026-02-14 04:34:35.096641,NewYork-e15e,42,30,Normal
2026-02-14 04:34:36.096641,NewYork-e15e,5,25,Normal
2026-02-14 04:34:37.096641,NewYork-e15e,12,65,Normal
2026-02-14 04:34:38.096641,NewYork-e15e,45,65,Normal
2026-02-14 04:34:39.096641,NewYork-e15e,14,8,Normal
2026-02-14 04:34:40.096641,NewYork-e15e,10,30,Normal
2026-02-14 04:34:41.096641,NewYork-e15e,-26,29,Normal
2026-02-14 04:34:42.096641,NewYork-e15e,20,90,Normal
2026-02-14 04:34:43.096641,NewYork-e15e,16,10,Normal
2026-02-14 04:34:44.096641,NewYork-e15e,-3,53,Normal
2026-02-14 04:34:45.096641,NewYork-e15e,30,29,Normal
2026-02-14 04:34:46.096641,NewYork-e15e,13,63,Normal
2026-02-14 04:34:47.096641,NewYork-e15e,5,43,Normal
2026-02-14 04:34:48.096641,NewYork-e15e,17,30,Normal
2026-02-14 04:34:49.096641,NewYork-e15e,26,58,Normal
2026-02-14 04:34:50.096641,NewYork-e15e,35,54,Normal
2026-02-14 04:34:51.096641,NewYork-e15e,23,12,Normal
2026-02-14 04:34:52.096641,NewYork-e15e,37,35,Normal
2026-02-14 04:34:53.096641,NewYork-e15e,14,3,Normal
2026-02-14 04:34:54.096641,NewYork-e15e,42,76,Normal
2026-02-14 04:34:55.096641,NewYork-e15e,-2,17,Normal
2026-02-14 04:34:56.096641,NewYork-e15e,43,48,Normal
2026-02-14 04:34:57.096641,NewYork-e15e,17,28,Normal
2026-02-14 04:34:58.096641,NewYork-e15e,-14,87,Normal
2026-02-14 04:34:59.096641,NewYork-e15e,47,67,Normal
2026-02-14 04:35:00.096641,NewYork-e15e,48,16,Normal
2026-02-14 04:35:01.096641,NewYork-e15e,29,65,Normal
2026-02-14 04:35:02.096641,NewYork-e15e,-19,89,Normal
2026-02-14 04:35:03.096641,NewYork-e15e,-4,76,Normal
2026-02-14 04:35:04.096641,NewYork-e15e,-3,58,Normal
2026-02-14 04:35:05.096641,NewYork-e15e,16,79,Normal
2026-02-14 04:35:06.096641,NewYork-e15e,48,36,Normal
2026-02-14 04:35:07.096641,NewYork-e15e,12,8,Normal
2026-02-14 04:35:08.096641,NewYork-e15e,-6,14,Normal
2026-02-14 04:35:09.096641,NewYork-e15e,-9,88,Normal
2026-02-14 04:35:10.096641,NewYork-e15e,-2,35,Normal
2026-02-14 04:35:11.096641,NewYork-e15e,-12,28,Normal
2026-02-14 04:35:12.096641,NewYork-e15e,19,19,Normal
2026-02-14 04:35:13.096641,NewYork-e15e,7,34,Normal
2026-02-14 04:35:14.096641,NewYork-e15e,20,28,Normal
2026-02-14 04:35:15.096641,NewYork-e15e,41,6,Normal
2026-02-14 04:35:16.096641,NewYork-e15e,-22,41,Normal
2026-02-14 04:35:17.096641,NewYork-e15e,28,12,Normal
2026-02-14 04:35:18.096641,NewYork-e15e,45,52,Normal
2026-02-14 04:35:19.096641,NewYork-e15e,-13,46,Normal
2026-02-14 04:35:20.096641,NewYork-e15e,-8,3,Normal
2026-02-14 04:35:21.096641,NewYork-e15e,9,78,Normal
2026-02-14 04:35:22.096641,NewYork-e15e,16,22,Normal
2026-02-14 04:35:23.096641,NewYork-e15e,3,62,Normal
2026-02-14 04:35:24.096641,NewYork-e15e,35,21,Normal
2026-02-14 04:35:25.096641,NewYork-e15e,-21,86,Normal
2026-02-14 04:35:26.096641,NewYork-e15e,2,49,Normal
2026-02-14 04:35:27.096641,NewYork-e15e,-19,17,Normal
2026-02-14 04:35:28.096641,NewYork-e15e,9,77,Normal
2026-02-14 04:35:29.096641,NewYork-e15e,4,35,Normal
2026-02-14 04:35:30.096641,NewYork-e15e,49,46,Normal
2026-02-14 04:35:31.096641,NewYork-e15e,-1,27,Normal
2026-02-14 04:35:32.096641,NewYork-e15e,-12,84,Normal
2026-02-14 04:35:33.096641,NewYork-e15e,12,60,Normal
2026-02-14 04:35:34.096641,NewYork-e15e,12,80,Normal
2026-02-14 04:35:35.096641,NewYork-e15e,21,49,Normal
2026-02-14 04:35:36.096641,NewYork-e15e,15,65,Normal
2026-02-14 04:35:37.096641,NewYork-e15e,-7,21,Normal
2026-02-14 04:35:38.096641,NewYork-e15e,-22,32,Normal
2026-02-14 04:35:39.096641,NewYork-e15e,37,20,Normal
2026-02-14 04:35:40.096641,NewYork-e15e,40,84,Normal
2026-02-14 04:35:41.096641,NewYork-e15e,-19,19,Normal
2026-02-14 04:35:42.096641,NewYork-e15e,44,60,Normal
2026-02-14 04:35:43.096641,NewYork-e15e,-11,83,Normal
2026-02-14 04:35:44.096641,NewYork-e15e,15,28,Normal
2026-02-14 04:35:45.096641,NewYork-e15e,12,58,Normal
2026-02-14 04:35:46.096641,NewYork-e15e,-19,82,Normal
2026-02-14 04:35:47.096641,NewYork-e15e,50,5,Normal
2026-02-14 04:35:48.096641,NewYork-e15e,7,18,Normal
2026-02-14 04:35:49.096641,NewYork-e15e,32,4,Normal
2026-02-14 04:35:50.096641,NewYork-e15e,9,79,Normal
2026-02-14 04:35:51.096641,NewYork-e15e,3,57,Normal
2026-02-14 04:35:52.096641,NewYork-e15e,40,18,Normal
2026-02-14 04:35:53.096641,NewYork-e15e,-11,9,Normal
2026-02-14 04:35:54.096641,NewYork-e15e,34,87,Normal
2026-02-14 04:35:55.096641,NewYork-e15e,-13,78,Normal
2026-02-14 04:35:56.096641,NewYork-e15e,24,42,Normal
2026-02-14 04:35:57.096641,NewYork-e15e,10,88,Normal
2026-02-14 04:35:58.096641,NewYork-e15e,-11,91,Normal
2026-02-14 04:35:59.096641,NewYork-e15e,-28,66,Normal
2026-02-14 04:36:00.096641,NewYork-e15e,-16,73,Normal
2026-02-14 04:36:01.096641,NewYork-e15e,49,87,Normal
2026-02-14 04:36:02.096641,NewYork-e15e,32,64,Normal
2026-02-14 04:36:03.096641,NewYork-e15e,8,7,Normal
2026-02-14 04:36:04.096641,NewYork-e15e,29,58,Normal
2026-02-14 04:36:05.096641,NewYork-e15e,41,35,Normal
2026-02-14 04:36:06.096641,NewYork-e15e,-28,27,Normal
2026-02-14 04:36:07.096641,NewYork-e15e,-26,14,Normal
2026-02-14 04:36:08.096641,NewYork-e15e,23,61,Normal
2026-02-14 04:36:09.096641,NewYork-e15e,35,95,Normal
2026-02-14 04:36:10.096641,NewYork-e15e,26,93,Normal
2026-02-14 04:36:11.096641,NewYork-e15e,-9,5,Normal
2026-02-14 04:36:12.096641,NewYork-e15e,50,3,Normal
2026-02-14 04:36:13.096641,NewYork-e15e,36,10,Normal
2026-02-14 04:36:14.096641,NewYork-e15e,44,30,Normal
2026-02-14 04:36:15.096641,NewYork-e15e,-4,22,Normal
2026-02-14 04:36:16.096641,NewYork-e15e,-6,44,Normal
2026-02-14 04:36:17.096641,NewYork-e15e,2,51,Normal
2026-02-14 04:36:18.096641,NewYork-e15e,43,16,Normal
2026-02-14 04:36:19.096641,NewYork-e15e,-19,97,Normal
2026-02-14 04:36:20.096641,NewYork-e15e,-16,15,Normal
2026-02-14 04:36:21.096641,NewYork-e15e,-9,93,Normal
2026-02-14 04:36:22.096641,NewYork-e15e,14,45,Normal
2026-02-14 04:36:23.096641,NewYork-e15e,3,93,Normal
2026-02-14 04:36:24.096641,NewYork-e15e,2,57,Normal
2026-02-14 04:36:25.096641,NewYork-e15e,8,60,Normal
2026-02-14 04:36:26.096641,NewYork-e15e,41,53,Normal
2026-02-14 04:36:27.096641,NewYork-e15e,33,14,Normal
2026-02-14 04:36:28.096641,NewYork-e15e,5,52,Normal
2026-02-14 04:36:29.096641,NewYork-e15e,-20,28,Normal
2026-02-14 04:36:30.096641,NewYork-e15e,-14,13,Normal
2026-02-14 04:36:31.096641,NewYork-e15e,17,54,Normal
2026-02-14 04:36:32.096641,NewYork-e15e,-22,89,Normal
2026-02-14 04:36:33.096641,NewYork-e15e,19,62,Normal
2026-02-14 04:36:34.096641,NewYork-e15e,32,68,Normal
2026-02-14 04:36:35.096641,NewYork-e15e,-19,85,Normal
2026-02-14 04:36:36.096641,NewYork-e15e,17,36,Normal
2026-02-14 04:36:37.096641,NewYork-e15e,-26,19,Normal
2026-02-14 04:36:38.096641,NewYork-e15e,41,83,Normal
2026-02-14 04:36:39.096641,NewYork-e15e,0,70,Normal
2026-02-14 04:36:40.096641,NewYork-e15e,-22,4,Normal
2026-02-14 04:36:41.096641,NewYork-e15e,-15,55,Normal
2026-02-14 04:36:42.096641,NewYork-e15e,1,70,Normal
2026-02-14 04:36:43.096641,NewYork-e15e,-28,61,Normal
2026-02-14 04:36:44.096641,NewYork-e15e,25,88,Normal
2026-02-14 04:36:45.096641,NewYork-e15e,24,80,Normal
2026-02-14 04:36:46.096641,NewYork-e15e,9,39,Normal
2026-02-14 04:36:47.096641,NewYork-e15e,0,72,Normal
2026-02-14 04:36:48.096641,NewYork-e15e,9,67,Normal
2026-02-14 04:36:49.096641,NewYork-e15e,5,22,Normal
2026-02-14 04:36:50.096641,NewYork-e15e,-28,24,Normal
2026-02-14 04:36:51.096641,NewYork-e15e,17,9,Normal
2026-02-14 04:36:52.096641,NewYork-e15e,47,76,Normal
2026-02-14 04:36:53.096641,NewYork-e15e,0,33,Normal
2026-02-14 04:36:54.096641,NewYork-e15e,-2,24,Normal
2026-02-14 04:36:55.096641,NewYork-e15e,31,62,Normal
2026-02-14 04:36:56.096641,NewYork-e15e,-25,3,Normal
2026-02-14 04:36:57.096641,NewYork-e15e,43,37,Normal
2026-02-14 04:36:58.096641,NewYork-e15e,-2,7,Normal
2026-02-14 04:36:59.096641,NewYork-e15e,12,54,Normal
2026-02-14 04:37:00.096641,NewYork-e15e,-21,55,Normal
2026-02-14 04:37:01.096641,NewYork-e15e,-2,66,Normal
2026-02-14 04:37:02.096641,NewYork-e15e,42,11,Normal
2026-02-14 04:37:03.096641,NewYork-e15e,40,82,Normal
2026-02-14 04:37:04.096641,NewYork-e15e,-22,14,Normal
2026-02-14 04:37:05.096641,NewYork-e15e,1,9,Normal
2026-02-14 04:37:06.096641,NewYork-e15e,-16,50,Normal
2026-02-14 04:37:07.096641,NewYork-e15e,-19,13,Normal
2026-02-14 04:37:08.096641,NewYork-e15e,-5,15,Normal
2026-02-14 04:37:09.096641,NewYork-e15e,40,59,Normal
2026-02-14 04:37:10.096641,NewYork-e15e,25,30,Normal
2026-02-14 04:37:11.096641,NewYork-e15e,-22,12,Normal
2026-02-14 04:37:12.096641,NewYork-e15e,41,78,Normal
2026-02-14 04:37:13.096641,NewYork-e15e,9,96,Normal
2026-02-14 04:37:14.096641,NewYork-e15e,-2,9,Normal
2026-02-14 04:37:15.096641,NewYork-e15e,-12,96,Normal
2026-02-14 04:37:16.096641,NewYork-e15e,7,5,Normal
2026-02-14 04:37:17.096641,NewYork-e15e,-13,86,Normal
2026-02-14 04:37:18.096641,NewYork-e15e,42,67,Normal
2026-02-14 04:37:19.096641,NewYork-e15e,-20,42,Normal
2026-02-14 04:37:20.096641,NewYork-e15e,48,36,Normal
2026-02-14 04:37:21.096641,NewYork-e15e,24,54,Normal
2026-02-14 04:37:22.096641,NewYork-e15e,29,7,Normal
2026-02-14 04:37:23.096641,NewYork-e15e,-4,15,Normal
2026-02-14 04:37:24.096641,NewYork-e15e,-12,89,Normal
2026-02-14 04:37:25.096641,NewYork-e15e,49,19,Normal
2026-02-14 04:37:26.096641,NewYork-e15e,-12,8,Normal
2026-02-14 04:37:27.096641,NewYork-e15e,-16,65,Normal
2026-02-14 04:37:28.096641,NewYork-e15e,25,51,Normal
2026-02-14 04:37:29.096641,NewYork-e15e,11,8,Normal
2026-02-14 04:37:30.096641,NewYork-e15e,32,100,Normal
2026-02-14 04:37:31.096641,NewYork-e15e,-16,29,Normal
2026-02-14 04:37:32.096641,NewYork-e15e,43,10,Normal
2026-02-14 04:37:33.096641,NewYork-e15e,-15,88,Normal
2026-02-14 04:37:34.096641,NewYork-e15e,-17,99,Normal
2026-02-14 04:37:35.096641,NewYork-e15e,-28,86,Normal
2026-02-14 04:37:36.096641,NewYork-e15e,7,85,Normal
2026-02-14 04:37:37.096641,NewYork-e15e,-30,89,Normal
2026-02-14 04:37:38.096641,NewYork-e15e,-4,16,Normal
2026-02-14 04:37:39.096641,NewYork-e15e,21,8,Normal
2026-02-14 04:37:40.096641,NewYork-e15e,32,29,Normal
2026-02-14 04:37:41.096641,NewYork-e15e,-29,63,Normal
2026-02-14 04:37:42.096641,NewYork-e15e,38,80,Normal
2026-02-14 04:37:43.096641,NewYork-e15e,-25,45,Normal
2026-02-14 04:37:44.096641,NewYork-e15e,-28,98,Normal
2026-02-14 04:37:45.096641,NewYork-e15e,11,85,Normal
2026-02-14 04:37:46.096641,NewYork-e15e,47,14,Normal
2026-02-14 04:37:47.096641,NewYork-e15e,34,42,Normal
2026-02-14 04:37:48.096641,NewYork-e15e,-15,36,Normal
2026-02-14 04:37:49.096641,NewYork-e15e,-4,31,Normal
2026-02-14 04:37:50.096641,NewYork-e15e,35,26,Normal
2026-02-14 04:37:51.096641,NewYork-e15e,22,15,Normal
2026-02-14 04:37:52.096641,NewYork-e15e,22,69,Normal
2026-02-14 04:37:53.096641,NewYork-e15e,-1,83,Normal
2026-02-14 04:37:54.096641,NewYork-e15e,15,74,Normal
2026-02-14 04:37:55.096641,NewYork-e15e,50,66,Normal
2026-02-14 04:37:56.096641,NewYork-e15e,-2,38,Normal
2026-02-14 04:37:57.096641,NewYork-e15e,-30,54,Normal
2026-02-14 04:37:58.096641,NewYork-e15e,44,28,Normal
2026-02-14 04:37:59.096641,NewYork-e15e,25,55,Normal
2026-02-14 04:38:00.096641,NewYork-e15e,9,7,Normal
2026-02-14 04:38:01.096641,NewYork-e15e,32,85,Normal
2026-02-14 04:38:02.096641,NewYork-e15e,16,4,Normal
2026-02-14 04:38:03.096641,NewYork-e15e,1,65,Normal
2026-02-14 04:38:04.096641,NewYork-e15e,-28,94,Normal
2026-02-14 04:38:05.096641,NewYork-e15e,34,0,Normal
2026-02-14 04:38:06.096641,NewYork-e15e,1,44,Normal
2026-02-14 04:38:07.096641,NewYork-e15e,16,97,Normal
2026-02-14 04:38:08.096641,NewYork-e15e,-24,50,Normal
2026-02-14 04:38:09.096641,NewYork-e15e,39,81,Normal
2026-02-14 04:38:10.096641,NewYork-e15e,8,29,Normal
2026-02-14 04:38:11.096641,NewYork-e15e,-19,72,Normal
2026-02-14 04:38:12.096641,NewYork-e15e,9,23,Normal
2026-02-14 04:38:13.096641,NewYork-e15e,13,25,Normal
2026-02-14 04:38:14.096641,NewYork-e15e,-18,85,Normal
2026-02-14 04:38:15.096641,NewYork-e15e,-18,9,Normal
2026-02-14 04:38:16.096641,NewYork-e15e,32,98,Normal
2026-02-14 04:38:17.096641,NewYork-e15e,46,20,Normal
2026-02-14 04:38:18.096641,NewYork-e15e,-10,67,Normal
2026-02-14 04:38:19.096641,NewYork-e15e,34,90,Normal
2026-02-14 04:38:20.096641,NewYork-e15e,-2,6,Normal
2026-02-14 04:38:21.096641,NewYork-e15e,28,87,Normal
2026-02-14 04:38:22.096641,NewYork-e15e,21,47,Normal
2026-02-14 04:38:23.096641,NewYork-e15e,31,99,Normal
2026-02-14 04:38:24.096641,NewYork-e15e,-20,71,Normal
2026-02-14 04:38:25.096641,NewYork-e15e,10,59,Normal
2026-02-14 04:38:26.096641,NewYork-e15e,-30,75,Normal
2026-02-14 04:38:27.096641,NewYork-e15e,-4,0,Normal
2026-02-14 04:38:28.096641,NewYork-e15e,19,92,Normal
2026-02-14 04:38:29.096641,NewYork-e15e,-29,28,Normal
2026-02-14 04:38:30.096641,NewYork-e15e,15,75,Normal
2026-02-14 04:38:31.096641,NewYork-e15e,42,38,Normal
2026-02-14 04:38:32.096641,NewYork-e15e,37,76,Normal
2026-02-14 04:38:33.096641,NewYork-e15e,-21,81,Normal
2026-02-14 04:38:34.096641,NewYork-e15e,-26,1,Normal
2026-02-14 04:38:35.096641,NewYork-e15e,20,26,Normal
2026-02-14 04:38:36.096641,NewYork-e15e,28,22,Normal
2026-02-14 04:38:37.096641,NewYork-e15e,-16,50,Normal
2026-02-14 04:38:38.096641,NewYork-e15e,-1,63,Normal
2026-02-14 04:38:39.096641,NewYork-e15e,40,19,Normal
2026-02-14 04:38:40.096641,NewYork-e15e,20,48,Normal
2026-02-14 04:38:41.096641,NewYork-e15e,45,5,Normal
2026-02-14 04:38:42.096641,NewYork-e15e,10,73,Normal
2026-02-14 04:38:43.096641,NewYork-e15e,-18,86,Normal
2026-02-14 04:38:44.096641,NewYork-e15e,-1,68,Normal
2026-02-14 04:38:45.096641,NewYork-e15e,30,15,Normal
2026-02-14 04:38:46.096641,NewYork-e15e,20,13,Normal
2026-02-14 04:38:47.096641,NewYork-e15e,26,52,Normal
2026-02-14 04:38:48.096641,NewYork-e15e,17,70,Normal
2026-02-14 04:38:49.096641,NewYork-e15e,-5,69,Normal
2026-02-14 04:38:50.096641,NewYork-e15e,-24,54,Normal
2026-02-14 04:38:51.096641,NewYork-e15e,39,76,Normal
2026-02-14 04:38:52.096641,NewYork-e15e,24,61,Normal
2026-02-14 04:38:53.096641,NewYork-e15e,30,18,Normal
2026-02-14 04:38:54.096641,NewYork-e15e,14,100,Normal
2026-02-14 04:38:55.096641,NewYork-e15e,44,10,Normal
2026-02-14 04:38:56.096641,NewYork-e15e,-17,98,Normal
2026-02-14 04:38:57.096641,NewYork-e15e,-7,26,Normal
2026-02-14 04:38:58.096641,NewYork-e15e,34,30,Normal
2026-02-14 04:38:59.096641,NewYork-e15e,23,59,Normal
2026-02-14 04:39:00.096641,NewYork-e15e,-28,14,Normal
2026-02-14 04:39:01.096641,NewYork-e15e,34,38,Normal
2026-02-14 04:39:02.096641,NewYork-e15e,41,66,Normal
2026-02-14 04:39:03.096641,NewYork-e15e,-26,89,Normal
2026-02-14 04:39:04.096641,NewYork-e15e,3,50,Normal
2026-02-14 04:39:05.096641,NewYork-e15e,-26,8,Normal
2026-02-14 04:39:06.096641,NewYork-e15e,39,17,Normal
2026-02-14 04:39:07.096641,NewYork-e15e,50,26,Normal
2026-02-14 04:39:08.096641,NewYork-e15e,-25,11,Normal
2026-02-14 04:39:09.096641,NewYork-e15e,-29,70,Normal
2026-02-14 04:39:10.096641,NewYork-e15e,2,35,Normal
2026-02-14 04:39:11.096641,NewYork-e15e,-6,82,Normal
2026-02-14 04:39:12.096641,NewYork-e15e,33,48,Normal
2026-02-14 04:39:13.096641,NewYork-e15e,36,24,Normal
2026-02-14 04:39:14.096641,NewYork-e15e,7,5,Normal
2026-02-14 04:39:15.096641,NewYork-e15e,25,36,Normal
2026-02-14 04:39:16.096641,NewYork-e15e,-14,85,Normal
2026-02-14 04:39:17.096641,NewYork-e15e,31,9,Normal
2026-02-14 04:39:18.096641,NewYork-e15e,-29,79,Normal
2026-02-14 04:39:19.096641,NewYork-e15e,29,60,Normal
2026-02-14 04:39:20.096641,NewYork-e15e,-22,14,Normal
2026-02-14 04:39:21.096641,NewYork-e15e,17,6,Normal
2026-02-14 04:39:22.096641,NewYork-e15e,-29,3,Normal
2026-02-14 04:39:23.096641,NewYork-e15e,25,12,Normal
2026-02-14 04:39:24.096641,NewYork-e15e,5,41,Normal
2026-02-14 04:39:25.096641,NewYork-e15e,25,68,Normal
2026-02-14 04:39:26.096641,NewYork-e15e,50,82,Normal
2026-02-14 04:39:27.096641,NewYork-e15e,10,40,Normal
2026-02-14 04:39:28.096641,NewYork-e15e,4,83,Normal
2026-02-14 04:39:29.096641,NewYork-e15e,-20,4,Normal
2026-02-14 04:39:30.096641,NewYork-e15e,16,62,Normal
2026-02-14 04:39:31.096641,NewYork-e15e,50,23,Normal
2026-02-14 04:39:32.096641,NewYork-e15e,-4,13,Normal
2026-02-14 04:39:33.096641,NewYork-e15e,-15,1,Normal
2026-02-14 04:39:34.096641,NewYork-e15e,47,65,Normal
2026-02-14 04:39:35.096641,NewYork-e15e,-24,6,Normal
2026-02-14 04:39:36.096641,NewYork-e15e,-25,33,Normal
2026-02-14 04:39:37.096641,NewYork-e15e,15,80,Normal
2026-02-14 04:39:38.096641,NewYork-e15e,42,32,Normal
2026-02-14 04:39:39.096641,NewYork-e15e,-10,10,Normal
2026-02-14 04:39:40.096641,NewYork-e15e,-4,93,Normal
2026-02-14 04:39:41.096641,NewYork-e15e,-1,90,Normal
2026-02-14 04:39:42.096641,NewYork-e15e,22,90,Normal
2026-02-14 04:39:43.096641,NewYork-e15e,-29,52,Normal
2026-02-14 04:39:44.096641,NewYork-e15e,36,23,Normal
2026-02-14 04:39:45.096641,NewYork-e15e,19,63,Normal
2026-02-14 04:39:46.096641,NewYork-e15e,34,71,Normal
2026-02-14 04:39:47.096641,NewYork-e15e,-16,9,Normal
2026-02-14 04:39:48.096641,NewYork-e15e,-12,30,Normal
2026-02-14 04:39:49.096641,NewYork-e15e,-21,75,Normal
2026-02-14 04:39:50.096641,NewYork-e15e,23,43,Normal
2026-02-14 04:39:51.096641,NewYork-e15e,-16,17,Normal
2026-02-14 04:39:52.096641,NewYork-e15e,22,37,Normal
2026-02-14 04:39:53.096641,NewYork-e15e,-11,84,Normal
2026-02-14 04:39:54.096641,NewYork-e15e,32,27,Normal
2026-02-14 04:39:55.096641,NewYork-e15e,-18,53,Normal
2026-02-14 04:39:56.096641,NewYork-e15e,37,32,Normal
2026-02-14 04:39:57.096641,NewYork-e15e,-28,54,Normal
2026-02-14 04:39:58.096641,NewYork-e15e,1,96,Normal
2026-02-14 04:39:59.096641,NewYork-e15e,45,89,Normal
2026-02-14 04:40:00.096641,NewYork-e15e,42,89,Normal
2026-02-14 04:40:01.096641,NewYork-e15e,19,72,Normal
2026-02-14 04:40:02.096641,NewYork-e15e,1,10,Normal
2026-02-14 04:40:03.096641,NewYork-e15e,-18,5,Normal
2026-02-14 04:40:04.096641,NewYork-e15e,38,9,Normal
2026-02-14 04:40:05.096641,NewYork-e15e,14,14,Normal
2026-02-14 04:40:06.096641,NewYork-e15e,-20,83,Normal
2026-02-14 04:40:07.096641,NewYork-e15e,46,25,Normal
2026-02-14 04:40:08.096641,NewYork-e15e,50,61,Normal
2026-02-14 04:40:09.096641,NewYork-e15e,46,52,Normal
2026-02-14 04:40:10.096641,NewYork-e15e,-14,74,Normal
2026-02-14 04:40:11.096641,NewYork-e15e,6,31,Normal
2026-02-14 04:40:12.096641,NewYork-e15e,-22,96,Normal
2026-02-14 04:40:13.096641,NewYork-e15e,26,66,Normal
2026-02-14 04:40:14.096641,NewYork-e15e,18,25,Normal
2026-02-14 04:40:15.096641,NewYork-e15e,30,69,Normal
2026-02-14 04:40:16.096641,NewYork-e15e,14,61,Normal
2026-02-14 04:40:17.096641,NewYork-e15e,2,91,Normal
2026-02-14 04:40:18.096641,NewYork-e15e,15,92,Normal
2026-02-14 04:40:19.096641,NewYork-e15e,43,44,Normal
2026-02-14 04:40:20.096641,NewYork-e15e,0,87,Normal
2026-02-14 04:40:21.096641,NewYork-e15e,-11,67,Normal
2026-02-14 04:40:22.096641,NewYork-e15e,1,93,Normal
2026-02-14 04:40:23.096641,NewYork-e15e,4,67,Normal
2026-02-14 04:40:24.096641,NewYork-e15e,4,19,Normal
2026-02-14 04:40:25.096641,NewYork-e15e,-30,63,Normal
2026-02-14 04:40:26.096641,NewYork-e15e,-25,53,Normal
2026-02-14 04:40:27.096641,NewYork-e15e,36,9,Normal
2026-02-14 04:40:28.096641,NewYork-e15e,2,92,Normal
2026-02-14 04:40:29.096641,NewYork-e15e,-5,100,Normal
2026-02-14 04:40:30.096641,NewYork-e15e,9,37,Normal
2026-02-14 04:40:31.096641,NewYork-e15e,42,89,Normal
2026-02-14 04:40:32.096641,NewYork-e15e,-25,39,Normal
2026-02-14 04:40:33.096641,NewYork-e15e,27,82,Normal
2026-02-14 04:40:34.096641,NewYork-e15e,-15,74,Normal
2026-02-14 04:40:35.096641,NewYork-e15e,49,44,Normal
2026-02-14 04:40:36.096641,NewYork-e15e,27,42,Normal
2026-02-14 04:40:37.096641,NewYork-e15e,-7,68,Normal
2026-02-14 04:40:38.096641,NewYork-e15e,14,74,Normal
2026-02-14 04:40:39.096641,NewYork-e15e,50,42,Normal
2026-02-14 04:40:40.096641,NewYork-e15e,-30,92,Normal
2026-02-14 04:40:41.096641,NewYork-e15e,-20,9,Normal
2026-02-14 04:40:42.096641,NewYork-e15e,17,93,Normal
2026-02-14 04:40:43.096641,NewYork-e15e,-6,21,Normal
2026-02-14 04:40:44.096641,NewYork-e15e,-15,100,Normal
2026-02-14 04:40:45.096641,NewYork-e15e,4,14,Normal
2026-02-14 04:40:46.096641,NewYork-e15e,49,68,Normal
2026-02-14 04:40:47.096641,NewYork-e15e,19,78,Normal
2026-02-14 04:40:48.096641,NewYork-e15e,40,30,Normal
2026-02-14 04:40:49.096641,NewYork-e15e,-3,80,Normal
2026-02-14 04:40:50.096641,NewYork-e15e,-29,92,Normal
2026-02-14 04:40:51.096641,NewYork-e15e,-20,81,Normal
2026-02-14 04:40:52.096641,NewYork-e15e,38,93,Normal
2026-02-14 04:40:53.096641,NewYork-e15e,-10,74,Normal
2026-02-14 04:40:54.096641,NewYork-e15e,-1,68,Normal
2026-02-14 04:40:55.096641,NewYork-e15e,13,39,Normal
2026-02-14 04:40:56.096641,NewYork-e15e,7,93,Normal
2026-02-14 04:40:57.096641,NewYork-e15e,-29,69,Normal
2026-02-14 04:40:58.096641,NewYork-e15e,10,57,Normal
2026-02-14 04:40:59.096641,NewYork-e15e,11,8,Normal
2026-02-14 04:41:00.096641,NewYork-e15e,43,28,Normal
2026-02-14 04:41:01.096641,NewYork-e15e,31,93,Normal
2026-02-14 04:41:02.096641,NewYork-e15e,38,30,Normal
2026-02-14 04:41:03.096641,NewYork-e15e,41,30,Normal
2026-02-14 04:41:04.096641,NewYork-e15e,41,17,Normal
2026-02-14 04:41:05.096641,NewYork-e15e,10,3,Normal
2026-02-14 04:41:06.096641,NewYork-e15e,-8,24,Normal
2026-02-14 04:41:07.096641,NewYork-e15e,9,50,Normal
2026-02-14 04:41:08.096641,NewYork-e15e,-28,71,Normal
2026-02-14 04:41:09.096641,NewYork-e15e,1,57,Normal
2026-02-14 04:41:10.096641,NewYork-e15e,19,55,Normal
2026-02-14 04:41:11.096641,NewYork-e15e,17,69,Normal
2026-02-14 04:41:12.096641,NewYork-e15e,-28,24,Normal
2026-02-14 04:41:13.096641,NewYork-e15e,-27,24,Normal
2026-02-14 04:41:14.096641,NewYork-e15e,-28,43,Normal
2026-02-14 04:41:15.096641,NewYork-e15e,-2,63,Normal
2026-02-14 04:41:16.096641,NewYork-e15e,46,97,Normal
2026-02-14 04:41:17.096641,NewYork-e15e,38,8,Normal
2026-02-14 04:41:18.096641,NewYork-e15e,-29,34,Normal
2026-02-14 04:41:19.096641,NewYork-e15e,-17,80,Normal
2026-02-14 04:41:20.096641,NewYork-e15e,31,92,Normal
2026-02-14 04:41:21.096641,NewYork-e15e,6,28,Normal
2026-02-14 04:41:22.096641,NewYork-e15e,-20,28,Normal
2026-02-14 04:41:23.096641,NewYork-e15e,12,79,Normal
2026-02-14 04:41:24.096641,NewYork-e15e,46,89,Normal
2026-02-14 04:41:25.096641,NewYork-e15e,-28,27,Normal
2026-02-14 04:41:26.096641,NewYork-e15e,-30,36,Normal
2026-02-14 04:41:27.096641,NewYork-e15e,15,73,Normal
2026-02-14 04:41:28.096641,NewYork-e15e,41,71,Normal
2026-02-14 04:41:29.096641,NewYork-e15e,-20,42,Normal
2026-02-14 04:41:30.096641,NewYork-e15e,49,74,Normal
2026-02-14 04:41:31.096641,NewYork-e15e,21,70,Normal
2026-02-14 04:41:32.096641,NewYork-e15e,1,81,Normal
2026-02-14 04:41:33.096641,NewYork-e15e,-23,91,Normal
2026-02-14 04:41:34.096641,NewYork-e15e,7,10,Normal
2026-02-14 04:41:35.096641,NewYork-e15e,20,44,Normal
2026-02-14 04:41:36.096641,NewYork-e15e,43,47,Normal
2026-02-14 04:41:37.096641,NewYork-e15e,-6,67,Normal
2026-02-14 04:41:38.096641,NewYork-e15e,33,86,Normal
2026-02-14 04:41:39.096641,NewYork-e15e,-2,3,Normal
2026-02-14 04:41:40.096641,NewYork-e15e,-9,26,Normal
2026-02-14 04:41:41.096641,NewYork-e15e,39,61,Normal
2026-02-14 04:41:42.096641,NewYork-e15e,43,11,Normal
2026-02-14 04:41:43.096641,NewYork-e15e,-21,61,Normal
2026-02-14 04:41:44.096641,NewYork-e15e,-28,53,Normal
2026-02-14 04:41:45.096641,NewYork-e15e,-18,25,Normal
2026-02-14 04:41:46.096641,NewYork-e15e,3,21,Normal
2026-02-14 04:41:47.096641,NewYork-e15e,-16,46,Normal
2026-02-14 04:41:48.096641,NewYork-e15e,-25,21,Normal
2026-02-14 04:41:49.096641,NewYork-e15e,-17,80,Normal
2026-02-14 04:41:50.096641,NewYork-e15e,47,20,Normal
2026-02-14 04:41:51.096641,NewYork-e15e,47,39,Normal
2026-02-14 04:41:52.096641,NewYork-e15e,21,76,Normal
2026-02-14 04:41:53.096641,NewYork-e15e,-5,37,Normal
2026-02-14 04:41:54.096641,NewYork-e15e,-27,37,Normal
2026-02-14 04:41:55.096641,NewYork-e15e,24,72,Normal
2026-02-14 04:41:56.096641,NewYork-e15e,-3,34,Normal
2026-02-14 04:41:57.096641,NewYork-e15e,24,33,Normal
2026-02-14 04:41:58.096641,NewYork-e15e,21,89,Normal
2026-02-14 04:41:59.096641,NewYork-e15e,7,33,Normal
2026-02-14 04:42:00.096641,NewYork-e15e,-21,84,Normal
2026-02-14 04:42:01.096641,NewYork-e15e,14,49,Normal
2026-02-14 04:42:02.096641,NewYork-e15e,-16,40,Normal
2026-02-14 04:42:03.096641,NewYork-e15e,-19,33,Normal
2026-02-14 04:42:04.096641,NewYork-e15e,-28,30,Normal
2026-02-14 04:42:05.096641,NewYork-e15e,42,26,Normal
2026-02-14 04:42:06.096641,NewYork-e15e,-16,27,Normal
2026-02-14 04:42:07.096641,NewYork-e15e,28,7,Normal
2026-02-14 04:42:08.096641,NewYork-e15e,42,67,Normal
2026-02-14 04:42:09.096641,NewYork-e15e,-22,5,Normal
2026-02-14 04:42:10.096641,NewYork-e15e,14,92,Normal
2026-02-14 04:42:11.096641,NewYork-e15e,42,7,Normal
2026-02-14 04:42:12.096641,NewYork-e15e,-21,29,Normal
2026-02-14 04:42:13.096641,NewYork-e15e,45,50,Normal
2026-02-14 04:42:14.096641,NewYork-e15e,-12,79,Normal
2026-02-14 04:42:15.096641,NewYork-e15e,48,53,Normal
2026-02-14 04:42:16.096641,NewYork-e15e,0,90,Normal
2026-02-14 04:42:17.096641,NewYork-e15e,-21,78,Normal
2026-02-14 04:42:18.096641,NewYork-e15e,15,84,Normal
2026-02-14 04:42:19.096641,NewYork-e15e,-24,15,Normal
2026-02-14 04:42:20.096641,NewYork-e15e,11,10,Normal
2026-02-14 04:42:21.096641,NewYork-e15e,38,4,Normal
2026-02-14 04:42:22.096641,NewYork-e15e,30,30,Normal
2026-02-14 04:42:23.096641,NewYork-e15e,37,40,Normal
2026-02-14 04:42:24.096641,NewYork-e15e,14,96,Normal
2026-02-14 04:42:25.096641,NewYork-e15e,-6,20,Normal
2026-02-14 04:42:26.096641,NewYork-e15e,49,100,Normal
2026-02-14 04:42:27.096641,NewYork-e15e,-27,98,Normal
2026-02-14 04:42:28.096641,NewYork-e15e,33,60,Normal
2026-02-14 04:42:29.096641,NewYork-e15e,36,71,Normal
2026-02-14 04:42:30.096641,NewYork-e15e,2,67,Normal
2026-02-14 04:42:31.096641,NewYork-e15e,-17,22,Normal
2026-02-14 04:42:32.096641,NewYork-e15e,32,99,Normal
2026-02-14 04:42:33.096641,NewYork-e15e,-28,56,Normal
2026-02-14 04:42:34.096641,NewYork-e15e,38,7,Normal
2026-02-14 04:42:35.096641,NewYork-e15e,48,24,Normal
2026-02-14 04:42:36.096641,NewYork-e15e,20,24,Normal
2026-02-14 04:42:37.096641,NewYork-e15e,-14,91,Normal
2026-02-14 04:42:38.096641,NewYork-e15e,11,83,Normal
2026-02-14 04:42:39.096641,NewYork-e15e,-16,84,Normal
2026-02-14 04:42:40.096641,NewYork-e15e,0,82,Normal
2026-02-14 04:42:41.096641,NewYork-e15e,45,60,Normal
2026-02-14 04:42:42.096641,NewYork-e15e,46,86,Normal
2026-02-14 04:42:43.096641,NewYork-e15e,24,73,Normal
2026-02-14 04:42:44.096641,NewYork-e15e,50,66,Normal
2026-02-14 04:42:45.096641,NewYork-e15e,42,78,Normal
2026-02-14 04:42:46.096641,NewYork-e15e,-8,34,Normal
2026-02-14 04:42:47.096641,NewYork-e15e,-18,96,Normal
2026-02-14 04:42:48.096641,NewYork-e15e,-9,49,Normal
2026-02-14 04:42:49.096641,NewYork-e15e,-2,37,Normal
2026-02-14 04:42:50.096641,NewYork-e15e,42,54,Normal
2026-02-14 04:42:51.096641,NewYork-e15e,-5,55,Normal
2026-02-14 04:42:52.096641,NewYork-e15e,7,91,Normal
2026-02-14 04:42:53.096641,NewYork-e15e,48,96,Normal
2026-02-14 04:42:54.096641,NewYork-e15e,18,73,Normal
2026-02-14 04:42:55.096641,NewYork-e15e,7,71,Normal
2026-02-14 04:42:56.096641,NewYork-e15e,4,2,Normal
2026-02-14 04:42:57.096641,NewYork-e15e,36,81,Normal
2026-02-14 04:42:58.096641,NewYork-e15e,7,94,Normal
2026-02-14 04:42:59.096641,NewYork-e15e,11,32,Normal
2026-02-14 04:43:00.096641,NewYork-e15e,41,25,Normal
2026-02-14 04:43:01.096641,NewYork-e15e,44,4,Normal
2026-02-14 04:43:02.096641,NewYork-e15e,-27,70,Normal
2026-02-14 04:43:03.096641,NewYork-e15e,4,95,Normal
2026-02-14 04:43:04.096641,NewYork-e15e,36,38,Normal
2026-02-14 04:43:05.096641,NewYork-e15e,39,78,Normal
2026-02-14 04:43:06.096641,NewYork-e15e,-20,69,Normal
2026-02-14 04:43:07.096641,NewYork-e15e,9,94,Normal
2026-02-14 04:43:08.096641,NewYork-e15e,-19,89,Normal
2026-02-14 04:43:09.096641,NewYork-e15e,-8,4,Normal
2026-02-14 04:43:10.096641,NewYork-e15e,49,84,Normal
2026-02-14 04:43:11.096641,NewYork-e15e,-16,59,Normal
2026-02-14 04:43:12.096641,NewYork-e15e,7,24,Normal
2026-02-14 04:43:13.096641,NewYork-e15e,-16,4,Normal
2026-02-14 04:43:14.096641,NewYork-e15e,37,44,Normal
2026-02-14 04:43:15.096641,NewYork-e15e,-25,48,Normal
2026-02-14 04:43:16.096641,NewYork-e15e,3,20,Normal
2026-02-14 04:43:17.096641,NewYork-e15e,-26,23,Normal
2026-02-14 04:43:18.096641,NewYork-e15e,31,11,Normal
2026-02-14 04:43:19.096641,NewYork-e15e,-9,68,Normal
2026-02-14 04:43:20.096641,NewYork-e15e,39,31,Normal
2026-02-14 04:43:21.096641,NewYork-e15e,-15,81,Normal
2026-02-14 04:43:22.096641,NewYork-e15e,2,92,Normal
2026-02-14 04:43:23.096641,NewYork-e15e,-23,3,Normal
2026-02-14 04:43:24.096641,NewYork-e15e,48,4,Normal
2026-02-14 04:43:25.096641,NewYork-e15e,-27,53,Normal
2026-02-14 04:43:26.096641,NewYork-e15e,30,79,Normal
2026-02-14 04:43:27.096641,NewYork-e15e,13,44,Normal
2026-02-14 04:43:28.096641,NewYork-e15e,12,6,Normal
2026-02-14 04:43:29.096641,NewYork-e15e,-24,82,Normal
2026-02-14 04:43:30.096641,NewYork-e15e,-2,15,Normal
2026-02-14 04:43:31.096641,NewYork-e15e,24,79,Normal
2026-02-14 04:43:32.096641,NewYork-e15e,-27,58,Normal
2026-02-14 04:43:33.096641,NewYork-e15e,33,82,Normal
2026-02-14 04:43:34.096641,NewYork-e15e,-19,38,Normal
2026-02-14 04:43:35.096641,NewYork-e15e,27,29,Normal
2026-02-14 04:43:36.096641,NewYork-e15e,-1,67,Normal
2026-02-14 04:43:37.096641,NewYork-e15e,48,37,Normal
2026-02-14 04:43:38.096641,NewYork-e15e,-15,50,Normal
2026-02-14 04:43:39.096641,NewYork-e15e,25,39,Normal
2026-02-14 04:43:40.096641,NewYork-e15e,-21,1,Normal
2026-02-14 04:43:41.096641,NewYork-e15e,1,34,Normal
2026-02-14 04:43:42.096641,NewYork-e15e,5,79,Normal
2026-02-14 04:43:43.096641,NewYork-e15e,-24,86,Normal
2026-02-14 04:43:44.096641,NewYork-e15e,7,20,Normal
2026-02-14 04:43:45.096641,NewYork-e15e,-30,93,Normal
2026-02-14 04:43:46.096641,NewYork-e15e,48,67,Normal
2026-02-14 04:43:47.096641,NewYork-e15e,43,97,Normal
2026-02-14 04:43:48.096641,NewYork-e15e,11,53,Normal
2026-02-14 04:43:49.096641,NewYork-e15e,34,65,Normal
2026-02-14 04:43:50.096641,NewYork-e15e,11,84,Normal
2026-02-14 04:43:51.096641,NewYork-e15e,-11,13,Normal
2026-02-14 04:43:52.096641,NewYork-e15e,-6,28,Normal
2026-02-14 04:43:53.096641,NewYork-e15e,-7,59,Normal
2026-02-14 04:43:54.096641,NewYork-e15e,38,56,Normal
2026-02-14 04:43:55.096641,NewYork-e15e,-21,59,Normal
2026-02-14 04:43:56.096641,NewYork-e15e,-4,68,Normal
2026-02-14 04:43:57.096641,NewYork-e15e,37,32,Normal
2026-02-14 04:43:58.096641,NewYork-e15e,43,75,Normal
2026-02-14 04:43:59.096641,NewYork-e15e,24,98,Normal
2026-02-14 04:44:00.096641,NewYork-e15e,-3,52,Normal
2026-02-14 04:44:01.096641,NewYork-e15e,41,67,Normal
2026-02-14 04:44:02.096641,NewYork-e15e,31,72,Normal
2026-02-14 04:44:03.096641,NewYork-e15e,-3,40,Normal
2026-02-14 04:44:04.096641,NewYork-e15e,-5,5,Normal
2026-02-14 04:44:05.096641,NewYork-e15e,-21,24,Normal
2026-02-14 04:44:06.096641,NewYork-e15e,5,56,Normal
2026-02-14 04:44:07.096641,NewYork-e15e,25,6,Normal
2026-02-14 04:44:08.096641,NewYork-e15e,-4,70,Normal
2026-02-14 04:44:09.096641,NewYork-e15e,-3,12,Normal
2026-02-14 04:44:10.096641,NewYork-e15e,-22,94,Normal
2026-02-14 04:44:11.096641,NewYork-e15e,4,93,Normal
2026-02-14 04:44:12.096641,NewYork-e15e,17,73,Normal
2026-02-14 04:44:13.096641,NewYork-e15e,37,83,Normal
2026-02-14 04:44:14.096641,NewYork-e15e,43,35,Normal
2026-02-14 04:44:15.096641,NewYork-e15e,-16,8,Normal
2026-02-14 04:44:16.096641,NewYork-e15e,2,89,Normal
2026-02-14 04:44:17.096641,NewYork-e15e,48,2,Normal
2026-02-14 04:44:18.096641,NewYork-e15e,7,6,Normal
2026-02-14 04:44:19.096641,NewYork-e15e,47,74,Normal
2026-02-14 04:44:20.096641,NewYork-e15e,-19,59,Normal
2026-02-14 04:44:21.096641,NewYork-e15e,31,5,Normal
2026-02-14 04:44:22.096641,NewYork-e15e,43,39,Normal
2026-02-14 04:44:23.096641,NewYork-e15e,18,2,Normal
2026-02-14 04:44:24.096641,NewYork-e15e,40,33,Normal
2026-02-14 04:44:25.096641,NewYork-e15e,-17,81,Normal
2026-02-14 04:44:26.096641,NewYork-e15e,-21,3,Normal
2026-02-14 04:44:27.096641,NewYork-e15e,21,67,Normal
2026-02-14 04:44:28.096641,NewYork-e15e,-16,4,Normal
2026-02-14 04:44:29.096641,NewYork-e15e,-11,63,Normal
2026-02-14 04:44:30.096641,NewYork-e15e,16,25,Normal
2026-02-14 04:44:31.096641,NewYork-e15e,-11,9,Normal
2026-02-14 04:44:32.096641,NewYork-e15e,-20,99,Normal
2026-02-14 04:44:33.096641,NewYork-e15e,39,59,Normal
2026-02-14 04:44:34.096641,NewYork-e15e,12,82,Normal
2026-02-14 04:44:35.096641,NewYork-e15e,26,44,Normal
2026-02-14 04:44:36.096641,NewYork-e15e,17,64,Normal
2026-02-14 04:44:37.096641,NewYork-e15e,-8,25,Normal
2026-02-14 04:44:38.096641,NewYork-e15e,37,66,Normal
2026-02-14 04:44:39.096641,NewYork-e15e,35,66,Normal
2026-02-14 04:44:40.096641,NewYork-e15e,-22,43,Normal
2026-02-14 04:44:41.096641,NewYork-e15e,-7,31,Normal
2026-02-14 04:44:42.096641,NewYork-e15e,11,37,Normal
2026-02-14 04:44:43.096641,NewYork-e15e,5,67,Normal
2026-02-14 04:44:44.096641,NewYork-e15e,-27,12,Normal
2026-02-14 04:44:45.096641,NewYork-e15e,10,15,Normal
2026-02-14 04:44:46.096641,NewYork-e15e,3,68,Normal
2026-02-14 04:44:47.096641,NewYork-e15e,9,41,Normal
2026-02-14 04:44:48.096641,NewYork-e15e,-12,59,Normal
2026-02-14 04:44:49.096641,NewYork-e15e,-30,23,Normal
2026-02-14 04:44:50.096641,NewYork-e15e,-14,21,Normal
2026-02-14 04:44:51.096641,NewYork-e15e,40,88,Normal
2026-02-14 04:44:52.096641,NewYork-e15e,1,92,Normal
2026-02-14 04:44:53.096641,NewYork-e15e,23,42,Normal
2026-02-14 04:44:54.096641,NewYork-e15e,24,9,Normal
2026-02-14 04:44:55.096641,NewYork-e15e,40,12,Normal
2026-02-14 04:44:56.096641,NewYork-e15e,16,73,Normal
2026-02-14 04:44:57.096641,NewYork-e15e,38,54,Normal
2026-02-14 04:44:58.096641,NewYork-e15e,47,72,Normal
2026-02-14 04:44:59.096641,NewYork-e15e,43,74,Normal
2026-02-14 04:45:00.096641,NewYork-e15e,-21,100,Normal
2026-02-14 04:45:01.096641,NewYork-e15e,50,59,Normal
2026-02-14 04:45:02.096641,NewYork-e15e,20,6,Normal
2026-02-14 04:45:03.096641,NewYork-e15e,-16,48,Normal
2026-02-14 04:45:04.096641,NewYork-e15e,-5,98,Normal
2026-02-14 04:45:05.096641,NewYork-e15e,-21,55,Normal
2026-02-14 04:45:06.096641,NewYork-e15e,-9,67,Normal
2026-02-14 04:45:07.096641,NewYork-e15e,41,85,Normal
2026-02-14 04:45:08.096641,NewYork-e15e,4,27,Normal
2026-02-14 04:45:09.096641,NewYork-e15e,3,61,Normal
2026-02-14 04:45:10.096641,NewYork-e15e,9,43,Normal
2026-02-14 04:45:11.096641,NewYork-e15e,-3,53,Normal
2026-02-14 04:45:12.096641,NewYork-e15e,43,61,Normal
2026-02-14 04:45:13.096641,NewYork-e15e,31,88,Normal
2026-02-14 04:45:14.096641,NewYork-e15e,-7,69,Normal
2026-02-14 04:45:15.096641,NewYork-e15e,49,20,Normal
2026-02-14 04:45:16.096641,NewYork-e15e,26,87,Normal
2026-02-14 04:45:17.096641,NewYork-e15e,5,14,Normal
2026-02-14 04:45:18.096641,NewYork-e15e,14,14,Normal
2026-02-14 04:45:19.096641,NewYork-e15e,-29,18,Normal
2026-02-14 04:45:20.096641,NewYork-e15e,-24,49,Normal
2026-02-14 04:45:21.096641,NewYork-e15e,29,100,Normal
2026-02-14 04:45:22.096641,NewYork-e15e,-4,46,Normal
2026-02-14 04:45:23.096641,NewYork-e15e,26,47,Normal
2026-02-14 04:45:24.096641,NewYork-e15e,2,45,Normal
2026-02-14 04:45:25.096641,NewYork-e15e,-4,18,Normal
2026-02-14 04:45:26.096641,NewYork-e15e,31,73,Normal
2026-02-14 04:45:27.096641,NewYork-e15e,17,16,Normal
2026-02-14 04:45:28.096641,NewYork-e15e,-27,39,Normal
2026-02-14 04:45:29.096641,NewYork-e15e,49,42,Normal
2026-02-14 04:45:30.096641,NewYork-e15e,15,91,Normal
2026-02-14 04:45:31.096641,NewYork-e15e,42,23,Normal
2026-02-14 04:45:32.096641,NewYork-e15e,13,93,Normal
2026-02-14 04:45:33.096641,NewYork-e15e,0,74,Normal
2026-02-14 04:45:34.096641,NewYork-e15e,-26,87,Normal
2026-02-14 04:45:35.096641,NewYork-e15e,1,46,Normal
2026-02-14 04:45:36.096641,NewYork-e15e,-14,63,Normal
2026-02-14 04:45:37.096641,NewYork-e15e,35,70,Normal
2026-02-14 04:45:38.096641,NewYork-e15e,-1,19,Normal
2026-02-14 04:45:39.096641,NewYork-e15e,22,96,Normal
2026-02-14 04:45:40.096641,NewYork-e15e,9,57,Normal
2026-02-14 04:45:41.096641,NewYork-e15e,26,25,Normal
2026-02-14 04:45:42.096641,NewYork-e15e,15,27,Normal
2026-02-14 04:45:43.096641,NewYork-e15e,31,8,Normal
2026-02-14 04:45:44.096641,NewYork-e15e,-21,94,Normal
2026-02-14 04:45:45.096641,NewYork-e15e,10,64,Normal
2026-02-14 04:45:46.096641,NewYork-e15e,-8,100,Normal
2026-02-14 04:45:47.096641,NewYork-e15e,2,82,Normal
2026-02-14 04:45:48.096641,NewYork-e15e,-30,76,Normal
2026-02-14 04:45:49.096641,NewYork-e15e,-5,63,Normal
2026-02-14 04:45:50.096641,NewYork-e15e,-24,44,Normal
2026-02-14 04:45:51.096641,NewYork-e15e,20,2,Normal
2026-02-14 04:45:52.096641,NewYork-e15e,-14,3,Normal
2026-02-14 04:45:53.096641,NewYork-e15e,-2,46,Normal
2026-02-14 04:45:54.096641,NewYork-e15e,44,10,Normal
2026-02-14 04:45:55.096641,NewYork-e15e,3,72,Normal
2026-02-14 04:45:56.096641,NewYork-e15e,-29,17,Normal
2026-02-14 04:45:57.096641,NewYork-e15e,37,81,Normal
2026-02-14 04:45:58.096641,NewYork-e15e,4,24,Normal
2026-02-14 04:45:59.096641,NewYork-e15e,-10,69,Normal
2026-02-14 04:46:00.096641,NewYork-e15e,34,0,Normal
2026-02-14 04:46:01.096641,NewYork-e15e,-7,85,Normal
2026-02-14 04:46:02.096641,NewYork-e15e,-24,95,Normal
2026-02-14 04:46:03.096641,NewYork-e15e,-19,58,Normal
2026-02-14 04:46:04.096641,NewYork-e15e,-16,6,Normal
2026-02-14 04:46:05.096641,NewYork-e15e,-11,73,Normal
2026-02-14 04:46:06.096641,NewYork-e15e,29,54,Normal
2026-02-14 04:46:07.096641,NewYork-e15e,37,23,Normal
2026-02-14 04:46:08.096641,NewYork-e15e,46,90,Normal
2026-02-14 04:46:09.096641,NewYork-e15e,31,75,Normal
2026-02-14 04:46:10.096641,NewYork-e15e,2,68,Normal
2026-02-14 04:46:11.096641,NewYork-e15e,38,18,Normal
2026-02-14 04:46:12.096641,NewYork-e15e,18,46,Normal
2026-02-14 04:46:13.096641,NewYork-e15e,40,62,Normal
2026-02-14 04:46:14.096641,NewYork-e15e,5,44,Normal
2026-02-14 04:46:15.096641,NewYork-e15e,-28,44,Normal
2026-02-14 04:46:16.096641,NewYork-e15e,6,76,Normal
2026-02-14 04:46:17.096641,NewYork-e15e,-25,42,Normal
2026-02-14 04:46:18.096641,NewYork-e15e,33,96,Normal
2026-02-14 04:46:19.096641,NewYork-e15e,35,83,Normal
2026-02-14 04:46:20.096641,NewYork-e15e,22,93,Normal
2026-02-14 04:46:21.096641,NewYork-e15e,-10,79,Normal
2026-02-14 04:46:22.096641,NewYork-e15e,20,52,Normal
2026-02-14 04:46:23.096641,NewYork-e15e,-16,42,Normal
2026-02-14 04:46:24.096641,NewYork-e15e,4,43,Normal
2026-02-14 04:46:25.096641,NewYork-e15e,-4,65,Normal
2026-02-14 04:46:26.096641,NewYork-e15e,-9,23,Normal
2026-02-14 04:46:27.096641,NewYork-e15e,25,67,Normal
2026-02-14 04:46:28.096641,NewYork-e15e,-4,63,Normal
2026-02-14 04:46:29.096641,NewYork-e15e,-4,16,Normal
2026-02-14 04:46:30.096641,NewYork-e15e,7,93,Normal
2026-02-14 04:46:31.096641,NewYork-e15e,36,3,Normal
2026-02-14 04:46:32.096641,NewYork-e15e,40,3,Normal
2026-02-14 04:46:33.096641,NewYork-e15e,11,2,Normal
2026-02-14 04:46:34.096641,NewYork-e15e,-8,4,Normal
2026-02-14 04:46:35.096641,NewYork-e15e,-27,69,Normal
2026-02-14 04:46:36.096641,NewYork-e15e,40,72,Normal
2026-02-14 04:46:37.096641,NewYork-e15e,17,55,Normal
2026-02-14 04:46:38.096641,NewYork-e15e,6,11,Normal
2026-02-14 04:46:39.096641,NewYork-e15e,35,85,Normal
2026-02-14 04:46:40.096641,NewYork-e15e,-11,77,Normal
2026-02-14 04:46:41.096641,NewYork-e15e,5,27,Normal
2026-02-14 04:46:42.096641,NewYork-e15e,-21,32,Normal
2026-02-14 04:46:43.096641,NewYork-e15e,28,100,Normal
2026-02-14 04:46:44.096641,NewYork-e15e,-4,35,Normal
2026-02-14 04:46:45.096641,NewYork-e15e,-23,25,Normal
2026-02-14 04:46:46.096641,NewYork-e15e,-21,91,Normal
2026-02-14 04:46:47.096641,NewYork-e15e,26,41,Normal
2026-02-14 04:46:48.096641,NewYork-e15e,-25,0,Normal
2026-02-14 04:46:49.096641,NewYork-e15e,41,46,Normal
2026-02-14 04:46:50.096641,NewYork-e15e,29,76,Normal
2026-02-14 04:46:51.096641,NewYork-e15e,29,28,Normal
2026-02-14 04:46:52.096641,NewYork-e15e,-14,21,Normal
2026-02-14 04:46:53.096641,NewYork-e15e,41,17,Normal
2026-02-14 04:46:54.096641,NewYork-e15e,7,95,Normal
2026-02-14 04:46:55.096641,NewYork-e15e,-9,100,Normal
2026-02-14 04:46:56.096641,NewYork-e15e,29,5,Normal
2026-02-14 04:46:57.096641,NewYork-e15e,23,89,Normal
2026-02-14 04:46:58.096641,NewYork-e15e,14,27,Normal
2026-02-14 04:46:59.096641,NewYork-e15e,24,80,Normal
2026-02-14 04:47:00.096641,NewYork-e15e,49,4,Normal
2026-02-14 04:47:01.096641,NewYork-e15e,36,56,Normal
2026-02-14 04:47:02.096641,NewYork-e15e,5,1,Normal
2026-02-14 04:47:03.096641,NewYork-e15e,-3,18,Normal
2026-02-14 04:47:04.096641,NewYork-e15e,-30,50,Normal
2026-02-14 04:47:05.096641,NewYork-e15e,-17,63,Normal
2026-02-14 04:47:06.096641,NewYork-e15e,24,27,Normal
2026-02-14 04:47:07.096641,NewYork-e15e,8,71,Normal
2026-02-14 04:47:08.096641,NewYork-e15e,13,65,Normal
2026-02-14 04:47:09.096641,NewYork-e15e,27,61,Normal
2026-02-14 04:47:10.096641,NewYork-e15e,9,9,Normal
2026-02-14 04:47:11.096641,NewYork-e15e,25,41,Normal
2026-02-14 04:47:12.096641,NewYork-e15e,-1,27,Normal
2026-02-14 04:47:13.096641,NewYork-e15e,4,81,Normal
2026-02-14 04:47:14.096641,NewYork-e15e,1,43,Normal
2026-02-14 04:47:15.096641,NewYork-e15e,-1,29,Normal
2026-02-14 04:47:16.096641,NewYork-e15e,-15,96,Normal
2026-02-14 04:47:17.096641,NewYork-e15e,4,83,Normal
2026-02-14 04:47:18.096641,NewYork-e15e,47,12,Normal
2026-02-14 04:47:19.096641,NewYork-e15e,-9,0,Normal
2026-02-14 04:47:20.096641,NewYork-e15e,-13,93,Normal
2026-02-14 04:47:21.096641,NewYork-e15e,-5,73,Normal
2026-02-14 04:47:22.096641,NewYork-e15e,41,84,Normal
2026-02-14 04:47:23.096641,NewYork-e15e,-25,13,Normal
2026-02-14 04:47:24.096641,NewYork-e15e,9,54,Normal
2026-02-14 04:47:25.096641,NewYork-e15e,42,14,Normal
2026-02-14 04:47:26.096641,NewYork-e15e,48,86,Normal
2026-02-14 04:47:27.096641,NewYork-e15e,17,88,Normal
2026-02-14 04:47:28.096641,NewYork-e15e,-11,12,Normal
2026-02-14 04:47:29.096641,NewYork-e15e,14,61,Normal
2026-02-14 04:47:30.096641,NewYork-e15e,6,0,Normal
2026-02-14 04:47:31.096641,NewYork-e15e,-8,58,Normal
2026-02-14 04:47:32.096641,NewYork-e15e,-3,52,Normal
2026-02-14 04:47:33.096641,NewYork-e15e,-15,14,Normal
2026-02-14 04:47:34.096641,NewYork-e15e,-22,59,Normal
2026-02-14 04:47:35.096641,NewYork-e15e,15,14,Normal
2026-02-14 04:47:36.096641,NewYork-e15e,38,39,Normal
2026-02-14 04:47:37.096641,NewYork-e15e,19,49,Normal
2026-02-14 04:47:38.096641,NewYork-e15e,4,6,Normal
2026-02-14 04:47:39.096641,NewYork-e15e,27,3,Normal
2026-02-14 04:47:40.096641,NewYork-e15e,-24,78,Normal
2026-02-14 04:47:41.096641,NewYork-e15e,24,97,Normal
2026-02-14 04:47:42.096641,NewYork-e15e,22,28,Normal
2026-02-14 04:47:43.096641,NewYork-e15e,47,59,Normal
2026-02-14 04:47:44.096641,NewYork-e15e,-22,73,Normal
2026-02-14 04:47:45.096641,NewYork-e15e,25,44,Normal
2026-02-14 04:47:46.096641,NewYork-e15e,17,4,Normal
2026-02-14 04:47:47.096641,NewYork-e15e,-10,65,Normal
2026-02-14 04:47:48.096641,NewYork-e15e,16,83,Normal
2026-02-14 04:47:49.096641,NewYork-e15e,35,97,Normal
2026-02-14 04:47:50.096641,NewYork-e15e,-26,75,Normal
2026-02-14 04:47:51.096641,NewYork-e15e,0,82,Normal
2026-02-14 04:47:52.096641,NewYork-e15e,18,76,Normal
2026-02-14 04:47:53.096641,NewYork-e15e,-25,26,Normal
2026-02-14 04:47:54.096641,NewYork-e15e,-12,22,Normal
2026-02-14 04:47:55.096641,NewYork-e15e,3,9,Normal
2026-02-14 04:47:56.096641,NewYork-e15e,19,14,Normal
2026-02-14 04:47:57.096641,NewYork-e15e,14,18,Normal
2026-02-14 04:47:58.096641,NewYork-e15e,41,15,Normal
2026-02-14 04:47:59.096641,NewYork-e15e,14,94,Normal
2026-02-14 04:48:00.096641,NewYork-e15e,-11,11,Normal
2026-02-14 04:48:01.096641,NewYork-e15e,-19,100,Normal
2026-02-14 04:48:02.096641,NewYork-e15e,41,9,Normal
2026-02-14 04:48:03.096641,NewYork-e15e,3,86,Normal
2026-02-14 04:48:04.096641,NewYork-e15e,44,27,Normal
2026-02-14 04:48:05.096641,NewYork-e15e,31,78,Normal
2026-02-14 04:48:06.096641,NewYork-e15e,9,20,Normal
2026-02-14 04:48:07.096641,NewYork-e15e,-26,72,Normal
2026-02-14 04:48:08.096641,NewYork-e15e,-12,63,Normal
2026-02-14 04:48:09.096641,NewYork-e15e,45,20,Normal
2026-02-14 04:48:10.096641,NewYork-e15e,-16,57,Normal
2026-02-14 04:48:11.096641,NewYork-e15e,31,22,Normal
2026-02-14 04:48:12.096641,NewYork-e15e,27,77,Normal
2026-02-14 04:48:13.096641,NewYork-e15e,11,88,Normal
2026-02-14 04:48:14.096641,NewYork-e15e,25,70,Normal
2026-02-14 04:48:15.096641,NewYork-e15e,-25,22,Normal
2026-02-14 04:48:16.096641,NewYork-e15e,-10,100,Normal
2026-02-14 04:48:17.096641,NewYork-e15e,-14,19,Normal
2026-02-14 04:48:18.096641,NewYork-e15e,34,79,Normal
2026-02-14 04:48:19.096641,NewYork-e15e,-30,71,Normal
2026-02-14 04:48:20.096641,NewYork-e15e,-8,87,Normal
2026-02-14 04:48:21.096641,NewYork-e15e,40,26,Normal
2026-02-14 04:48:22.096641,NewYork-e15e,-20,96,Normal
2026-02-14 04:48:23.096641,NewYork-e15e,48,7,Normal
2026-02-14 04:48:24.096641,NewYork-e15e,32,96,Normal
2026-02-14 04:48:25.096641,NewYork-e15e,10,85,Normal
2026-02-14 04:48:26.096641,NewYork-e15e,-1,25,Normal
2026-02-14 04:48:27.096641,NewYork-e15e,38,90,Normal
2026-02-14 04:48:28.096641,NewYork-e15e,38,2,Normal
2026-02-14 04:48:29.096641,NewYork-e15e,-16,53,Normal
2026-02-14 04:48:30.096641,NewYork-e15e,46,12,Normal
2026-02-14 04:48:31.096641,NewYork-e15e,-8,84,Normal
2026-02-14 04:48:32.096641,NewYork-e15e,9,38,Normal
2026-02-14 04:48:33.096641,NewYork-e15e,13,35,Normal
2026-02-14 04:48:34.096641,NewYork-e15e,20,66,Normal
2026-02-14 04:48:35.096641,NewYork-e15e,-6,16,Normal
2026-02-14 04:48:36.096641,NewYork-e15e,-6,82,Normal
2026-02-14 04:48:37.096641,NewYork-e15e,30,85,Normal
2026-02-14 04:48:38.096641,NewYork-e15e,14,36,Normal
2026-02-14 04:48:39.096641,NewYork-e15e,21,97,Normal
2026-02-14 04:48:40.096641,NewYork-e15e,42,85,Normal
2026-02-14 04:48:41.096641,NewYork-e15e,47,58,Normal
2026-02-14 04:48:42.096641,NewYork-e15e,43,14,Normal
2026-02-14 04:48:43.096641,NewYork-e15e,16,34,Normal
2026-02-14 04:48:44.096641,NewYork-e15e,31,63,Normal
2026-02-14 04:48:45.096641,NewYork-e15e,-2,31,Normal
2026-02-14 04:48:46.096641,NewYork-e15e,18,74,Normal
2026-02-14 04:48:47.096641,NewYork-e15e,-11,75,Normal
2026-02-14 04:48:48.096641,NewYork-e15e,4,69,Normal
2026-02-14 04:48:49.096641,NewYork-e15e,50,40,Normal
2026-02-14 04:48:50.096641,NewYork-e15e,-13,6,Normal
2026-02-14 04:48:51.096641,NewYork-e15e,41,85,Normal
2026-02-14 04:48:52.096641,NewYork-e15e,-7,22,Normal
2026-02-14 04:48:53.096641,NewYork-e15e,29,100,Normal
2026-02-14 04:48:54.096641,NewYork-e15e,-1,25,Normal
2026-02-14 04:48:55.096641,NewYork-e15e,50,87,Normal
2026-02-14 04:48:56.096641,NewYork-e15e,-27,48,Normal
2026-02-14 04:48:57.096641,NewYork-e15e,38,44,Normal
2026-02-14 04:48:58.096641,NewYork-e15e,-14,66,Normal
2026-02-14 04:48:59.096641,NewYork-e15e,-21,21,Normal
2026-02-14 04:49:00.096641,NewYork-e15e,1,89,Normal
2026-02-14 04:49:01.096641,NewYork-e15e,-12,51,Normal
2026-02-14 04:49:02.096641,NewYork-e15e,3,66,Normal
2026-02-14 04:49:03.096641,NewYork-e15e,50,100,Normal
2026-02-14 04:49:04.096641,NewYork-e15e,-4,61,Normal
2026-02-14 04:49:05.096641,NewYork-e15e,-19,80,Normal
2026-02-14 04:49:06.096641,NewYork-e15e,15,15,Normal
2026-02-14 04:49:07.096641,NewYork-e15e,48,58,Normal
2026-02-14 04:49:08.096641,NewYork-e15e,-30,88,Normal
2026-02-14 04:49:09.096641,NewYork-e15e,35,55,Normal
2026-02-14 04:49:10.096641,NewYork-e15e,-2,59,Normal
2026-02-14 04:49:11.096641,NewYork-e15e,-18,10,Normal
2026-02-14 04:49:12.096641,NewYork-e15e,6,59,Normal
2026-02-14 04:49:13.096641,NewYork-e15e,-24,44,Normal
2026-02-14 04:49:14.096641,NewYork-e15e,32,15,Normal
2026-02-14 04:49:15.096641,NewYork-e15e,11,31,Normal
2026-02-14 04:49:16.096641,NewYork-e15e,49,17,Normal
2026-02-14 04:49:17.096641,NewYork-e15e,35,78,Normal
2026-02-14 04:49:18.096641,NewYork-e15e,41,37,Normal
2026-02-14 04:49:19.096641,NewYork-e15e,8,22,Normal
2026-02-14 04:49:20.096641,NewYork-e15e,-22,81,Normal
2026-02-14 04:49:21.096641,NewYork-e15e,-27,71,Normal
2026-02-14 04:49:22.096641,NewYork-e15e,45,13,Normal
2026-02-14 04:49:23.096641,NewYork-e15e,48,89,Normal
2026-02-14 04:49:24.096641,NewYork-e15e,-27,38,Normal
2026-02-14 04:49:25.096641,NewYork-e15e,42,4,Normal
2026-02-14 04:49:26.096641,NewYork-e15e,-6,88,Normal
2026-02-14 04:49:27.096641,NewYork-e15e,26,9,Normal
2026-02-14 04:49:28.096641,NewYork-e15e,43,72,Normal
2026-02-14 04:49:29.096641,NewYork-e15e,50,58,Normal
2026-02-14 04:49:30.096641,NewYork-e15e,44,12,Normal
2026-02-14 04:49:31.096641,NewYork-e15e,27,72,Normal
2026-02-14 04:49:32.096641,NewYork-e15e,48,48,Normal
2026-02-14 04:49:33.096641,NewYork-e15e,4,73,Normal
2026-02-14 04:49:34.096641,NewYork-e15e,-18,42,Normal
2026-02-14 04:49:35.096641,NewYork-e15e,35,96,Normal
2026-02-14 04:49:36.096641,NewYork-e15e,19,70,Normal
2026-02-14 04:49:37.096641,NewYork-e15e,-16,90,Normal
2026-02-14 04:49:38.096641,NewYork-e15e,25,72,Normal
2026-02-14 04:49:39.096641,NewYork-e15e,-20,82,Normal
2026-02-14 04:49:40.096641,NewYork-e15e,39,69,Normal
2026-02-14 04:49:41.096641,NewYork-e15e,24,34,Normal
2026-02-14 04:49:42.096641,NewYork-e15e,-7,34,Normal
2026-02-14 04:49:43.096641,NewYork-e15e,-20,53,Normal
2026-02-14 04:49:44.096641,NewYork-e15e,0,59,Normal
2026-02-14 04:49:45.096641,NewYork-e15e,9,48,Normal
2026-02-14 04:49:46.096641,NewYork-e15e,-10,46,Normal
2026-02-14 04:49:47.096641,NewYork-e15e,12,53,Normal
2026-02-14 04:49:48.096641,NewYork-e15e,-17,65,Normal
2026-02-14 04:49:49.096641,NewYork-e15e,16,91,Normal
2026-02-14 04:49:50.096641,NewYork-e15e,46,37,Normal
2026-02-14 04:49:51.096641,NewYork-e15e,37,92,Normal
2026-02-14 04:49:52.096641,NewYork-e15e,38,63,Normal
2026-02-14 04:49:53.096641,NewYork-e15e,48,51,Normal
2026-02-14 04:49:54.096641,NewYork-e15e,10,79,Normal
2026-02-14 04:49:55.096641,NewYork-e15e,-7,65,Normal
2026-02-14 04:49:56.096641,NewYork-e15e,-21,11,Normal
2026-02-14 04:49:57.096641,NewYork-e15e,-2,70,Normal
2026-02-14 04:49:58.096641,NewYork-e15e,42,72,Normal
2026-02-14 04:49:59.096641,NewYork-e15e,-28,15,Normal
2026-02-14 04:50:00.096641,NewYork-e15e,18,89,Normal
2026-02-14 04:50:01.096641,NewYork-e15e,16,89,Normal
2026-02-14 04:50:02.096641,NewYork-e15e,43,94,Normal
2026-02-14 04:50:03.096641,NewYork-e15e,7,30,Normal
2026-02-14 04:50:04.096641,NewYork-e15e,42,18,Normal
2026-02-14 04:50:05.096641,NewYork-e15e,15,74,Normal
2026-02-14 04:50:06.096641,NewYork-e15e,2,67,Normal
2026-02-14 04:50:07.096641,NewYork-e15e,-10,20,Normal
2026-02-14 04:50:08.096641,NewYork-e15e,19,84,Normal
2026-02-14 04:50:09.096641,NewYork-e15e,13,49,Normal
2026-02-14 04:50:10.096641,NewYork-e15e,-13,57,Normal
2026-02-14 04:50:11.096641,NewYork-e15e,-22,60,Normal
2026-02-14 04:50:12.096641,NewYork-e15e,39,38,Normal
2026-02-14 04:50:13.096641,NewYork-e15e,36,38,Normal
2026-02-14 04:50:14.096641,NewYork-e15e,46,30,Normal
2026-02-14 04:50:15.096641,NewYork-e15e,0,97,Normal
2026-02-14 04:50:16.096641,NewYork-e15e,27,3,Normal
2026-02-14 04:50:17.096641,NewYork-e15e,20,49,Normal
2026-02-14 04:50:18.096641,NewYork-e15e,-28,55,Normal
2026-02-14 04:50:19.096641,NewYork-e15e,45,74,Normal
2026-02-14 04:50:20.096641,NewYork-e15e,36,53,Normal
2026-02-14 04:50:21.096641,NewYork-e15e,26,39,Normal
2026-02-14 04:50:22.096641,NewYork-e15e,34,79,Normal
2026-02-14 04:50:23.096641,NewYork-e15e,16,86,Normal
2026-02-14 04:50:24.096641,NewYork-e15e,10,67,Normal
2026-02-14 04:50:25.096641,NewYork-e15e,7,23,Normal
2026-02-14 04:50:26.096641,NewYork-e15e,-20,71,Normal
2026-02-14 04:50:27.096641,NewYork-e15e,-22,4,Normal
2026-02-14 04:50:28.096641,NewYork-e15e,11,36,Normal
2026-02-14 04:50:29.096641,NewYork-e15e,-3,1,Normal
2026-02-14 04:50:30.096641,NewYork-e15e,33,83,Normal
2026-02-14 04:50:31.096641,NewYork-e15e,9,92,Normal
2026-02-14 04:50:32.096641,NewYork-e15e,48,8,Normal
2026-02-14 04:50:33.096641,NewYork-e15e,15,5,Normal
2026-02-14 04:50:34.096641,NewYork-e15e,32,97,Normal
2026-02-14 04:50:35.096641,NewYork-e15e,3,75,Normal
2026-02-14 04:50:36.096641,NewYork-e15e,1,69,Normal
2026-02-14 04:50:37.096641,NewYork-e15e,47,65,Normal
2026-02-14 04:50:38.096641,NewYork-e15e,-22,67,Normal
2026-02-14 04:50:39.096641,NewYork-e15e,-16,66,Normal
2026-02-14 04:50:40.096641,NewYork-e15e,20,76,Normal
2026-02-14 04:50:41.096641,NewYork-e15e,31,82,Normal
2026-02-14 04:50:42.096641,NewYork-e15e,-4,22,Normal
2026-02-14 04:50:43.096641,NewYork-e15e,-21,93,Normal
2026-02-14 04:50:44.096641,NewYork-e15e,9,19,Normal
2026-02-14 04:50:45.096641,NewYork-e15e,32,20,Normal
2026-02-14 04:50:46.096641,NewYork-e15e,-7,18,Normal
2026-02-14 04:50:47.096641,NewYork-e15e,27,26,Normal
2026-02-14 04:50:48.096641,NewYork-e15e,1,16,Normal
2026-02-14 04:50:49.096641,NewYork-e15e,33,81,Normal
2026-02-14 04:50:50.096641,NewYork-e15e,-22,39,Normal
2026-02-14 04:50:51.096641,NewYork-e15e,25,55,Normal
2026-02-14 04:50:52.096641,NewYork-e15e,-24,60,Normal
2026-02-14 04:50:53.096641,NewYork-e15e,-13,38,Normal
2026-02-14 04:50:54.096641,NewYork-e15e,37,25,Normal
2026-02-14 04:50:55.096641,NewYork-e15e,7,98,Normal
2026-02-14 04:50:56.096641,NewYork-e15e,-5,85,Normal
2026-02-14 04:50:57.096641,NewYork-e15e,48,0,Normal
2026-02-14 04:50:58.096641,NewYork-e15e,32,49,Normal
2026-02-14 04:50:59.096641,NewYork-e15e,39,48,Normal
2026-02-14 04:51:00.096641,NewYork-e15e,6,100,Normal
2026-02-14 04:51:01.096641,NewYork-e15e,-3,44,Normal
2026-02-14 04:51:02.096641,NewYork-e15e,10,36,Normal
2026-02-14 04:51:03.096641,NewYork-e15e,39,18,Normal
2026-02-14 04:51:04.096641,NewYork-e15e,13,28,Normal
2026-02-14 04:51:05.096641,NewYork-e15e,-17,2,Normal
2026-02-14 04:51:06.096641,NewYork-e15e,11,94,Normal
2026-02-14 04:51:07.096641,NewYork-e15e,34,33,Normal
2026-02-14 04:51:08.096641,NewYork-e15e,16,10,Normal
2026-02-14 04:51:09.096641,NewYork-e15e,50,54,Normal
2026-02-14 04:51:10.096641,NewYork-e15e,7,8,Normal
2026-02-14 04:51:11.096641,NewYork-e15e,-14,32,Normal
2026-02-14 04:51:12.096641,NewYork-e15e,1,46,Normal
2026-02-14 04:51:13.096641,NewYork-e15e,-7,30,Normal
2026-02-14 04:51:14.096641,NewYork-e15e,41,2,Normal
2026-02-14 04:51:15.096641,NewYork-e15e,18,72,Normal
2026-02-14 04:51:16.096641,NewYork-e15e,-6,85,Normal
2026-02-14 04:51:17.096641,NewYork-e15e,46,12,Normal
2026-02-14 04:51:18.096641,NewYork-e15e,6,50,Normal
2026-02-14 04:51:19.096641,NewYork-e15e,18,2,Normal
2026-02-14 04:51:20.096641,NewYork-e15e,19,9,Normal
2026-02-14 04:51:21.096641,NewYork-e15e,5,56,Normal
2026-02-14 04:51:22.096641,NewYork-e15e,-21,21,Normal
2026-02-14 04:51:23.096641,NewYork-e15e,22,5,Normal
2026-02-14 04:51:24.096641,NewYork-e15e,-11,74,Normal
2026-02-14 04:51:25.096641,NewYork-e15e,44,35,Normal
2026-02-14 04:51:26.096641,NewYork-e15e,-18,91,Normal
2026-02-14 04:51:27.096641,NewYork-e15e,16,96,Normal
2026-02-14 04:51:28.096641,NewYork-e15e,12,1,Normal
2026-02-14 04:51:29.096641,NewYork-e15e,27,92,Normal
2026-02-14 04:51:30.096641,NewYork-e15e,-18,7,Normal
2026-02-14 04:51:31.096641,NewYork-e15e,-22,93,Normal
2026-02-14 04:51:32.096641,NewYork-e15e,49,6,Normal
2026-02-14 04:51:33.096641,NewYork-e15e,8,83,Normal
2026-02-14 04:51:34.096641,NewYork-e15e,9,61,Normal
2026-02-14 04:51:35.096641,NewYork-e15e,5,26,Normal
2026-02-14 04:51:36.096641,NewYork-e15e,37,30,Normal
2026-02-14 04:51:37.096641,NewYork-e15e,25,95,Normal
2026-02-14 04:51:38.096641,NewYork-e15e,-20,45,Normal
2026-02-14 04:51:39.096641,NewYork-e15e,-2,34,Normal
2026-02-14 04:51:40.096641,NewYork-e15e,46,90,Normal
2026-02-14 04:51:41.096641,NewYork-e15e,-5,14,Normal
2026-02-14 04:51:42.096641,NewYork-e15e,-14,14,Normal
2026-02-14 04:51:43.096641,NewYork-e15e,38,79,Normal
2026-02-14 04:51:44.096641,NewYork-e15e,-13,34,Normal
2026-02-14 04:51:45.096641,NewYork-e15e,-5,61,Normal
2026-02-14 04:51:46.096641,NewYork-e15e,1,68,Normal
2026-02-14 04:51:47.096641,NewYork-e15e,44,76,Normal
2026-02-14 04:51:48.096641,NewYork-e15e,48,32,Normal
2026-02-14 04:51:49.096641,NewYork-e15e,-15,78,Normal
2026-02-14 04:51:50.096641,NewYork-e15e,46,37,Normal
2026-02-14 04:51:51.096641,NewYork-e15e,-19,100,Normal
2026-02-14 04:51:52.096641,NewYork-e15e,9,69,Normal
2026-02-14 04:51:53.096641,NewYork-e15e,39,97,Normal
2026-02-14 04:51:54.096641,NewYork-e15e,46,22,Normal
2026-02-14 04:51:55.096641,NewYork-e15e,17,35,Normal
2026-02-14 04:51:56.096641,NewYork-e15e,28,51,Normal
2026-02-14 04:51:57.096641,NewYork-e15e,9,78,Normal
2026-02-14 04:51:58.096641,NewYork-e15e,22,7,Normal
2026-02-14 04:51:59.096641,NewYork-e15e,36,96,Normal
2026-02-14 04:52:00.096641,NewYork-e15e,32,31,Normal
2026-02-14 04:52:01.096641,NewYork-e15e,35,85,Normal
2026-02-14 04:52:02.096641,NewYork-e15e,-3,82,Normal
2026-02-14 04:52:03.096641,NewYork-e15e,11,53,Normal
2026-02-14 04:52:04.096641,NewYork-e15e,49,76,Normal
2026-02-14 04:52:05.096641,NewYork-e15e,22,9,Normal
2026-02-14 04:52:06.096641,NewYork-e15e,30,23,Normal
2026-02-14 04:52:07.096641,NewYork-e15e,-12,14,Normal
2026-02-14 04:52:08.096641,NewYork-e15e,27,23,Normal
2026-02-14 04:52:09.096641,NewYork-e15e,3,2,Normal
2026-02-14 04:52:10.096641,NewYork-e15e,12,24,Normal
2026-02-14 04:52:11.096641,NewYork-e15e,-25,44,Normal
2026-02-14 04:52:12.096641,NewYork-e15e,-22,98,Normal
2026-02-14 04:52:13.096641,NewYork-e15e,28,11,Normal
2026-02-14 04:52:14.096641,NewYork-e15e,29,39,Normal
2026-02-14 04:52:15.096641,NewYork-e15e,-10,37,Normal
2026-02-14 04:52:16.096641,NewYork-e15e,43,78,Normal
2026-02-14 04:52:17.096641,NewYork-e15e,-7,79,Normal
2026-02-14 04:52:18.096641,NewYork-e15e,-25,15,Normal
2026-02-14 04:52:19.096641,NewYork-e15e,0,78,Normal
2026-02-14 04:52:20.096641,NewYork-e15e,33,47,Normal
2026-02-14 04:52:21.096641,NewYork-e15e,-9,52,Normal
2026-02-14 04:52:22.096641,NewYork-e15e,48,31,Normal
2026-02-14 04:52:23.096641,NewYork-e15e,41,85,Normal
2026-02-14 04:52:24.096641,NewYork-e15e,25,70,Normal
2026-02-14 04:52:25.096641,NewYork-e15e,-20,50,Normal
2026-02-14 04:52:26.096641,NewYork-e15e,29,50,Normal
2026-02-14 04:52:27.096641,NewYork-e15e,-2,63,Normal
2026-02-14 04:52:28.096641,NewYork-e15e,16,37,Normal
2026-02-14 04:52:29.096641,NewYork-e15e,32,83,Normal
2026-02-14 04:52:30.096641,NewYork-e15e,-28,42,Normal
2026-02-14 04:52:31.096641,NewYork-e15e,12,7,Normal
2026-02-14 04:52:32.096641,NewYork-e15e,34,37,Normal
2026-02-14 04:52:33.096641,NewYork-e15e,-13,74,Normal
2026-02-14 04:52:34.096641,NewYork-e15e,-4,96,Normal
2026-02-14 04:52:35.096641,NewYork-e15e,12,17,Normal
2026-02-14 04:52:36.096641,NewYork-e15e,10,85,Normal
2026-02-14 04:52:37.096641,NewYork-e15e,22,69,Normal
2026-02-14 04:52:38.096641,NewYork-e15e,-7,59,Normal
2026-02-14 04:52:39.096641,NewYork-e15e,0,90,Normal
2026-02-14 04:52:40.096641,NewYork-e15e,1,45,Normal
2026-02-14 04:52:41.096641,NewYork-e15e,-30,30,Normal
2026-02-14 04:52:42.096641,NewYork-e15e,10,60,Normal
2026-02-14 04:52:43.096641,NewYork-e15e,-9,30,Normal
2026-02-14 04:52:44.096641,NewYork-e15e,-5,11,Normal
2026-02-14 04:52:45.096641,NewYork-e15e,46,75,Normal
2026-02-14 04:52:46.096641,NewYork-e15e,11,15,Normal
2026-02-14 04:52:47.096641,NewYork-e15e,21,94,Normal
2026-02-14 04:52:48.096641,NewYork-e15e,20,76,Normal
2026-02-14 04:52:49.096641,NewYork-e15e,12,54,Normal
2026-02-14 04:52:50.096641,NewYork-e15e,42,12,Normal
2026-02-14 04:52:51.096641,NewYork-e15e,9,39,Normal
2026-02-14 04:52:52.096641,NewYork-e15e,-7,26,Normal
2026-02-14 04:52:53.096641,NewYork-e15e,50,90,Normal
2026-02-14 04:52:54.096641,NewYork-e15e,5,65,Normal
2026-02-14 04:52:55.096641,NewYork-e15e,-8,87,Normal
2026-02-14 04:52:56.096641,NewYork-e15e,24,22,Normal
2026-02-14 04:52:57.096641,NewYork-e15e,-25,72,Normal
2026-02-14 04:52:58.096641,NewYork-e15e,22,63,Normal
2026-02-14 04:52:59.096641,NewYork-e15e,-20,13,Normal
2026-02-14 04:53:00.096641,NewYork-e15e,-14,47,Normal
2026-02-14 04:53:01.096641,NewYork-e15e,-16,67,Normal
2026-02-14 04:53:02.096641,NewYork-e15e,48,30,Normal
2026-02-14 04:53:03.096641,NewYork-e15e,47,31,Normal
2026-02-14 04:53:04.096641,NewYork-e15e,-2,46,Normal
2026-02-14 04:53:05.096641,NewYork-e15e,-7,75,Normal
2026-02-14 04:53:06.096641,NewYork-e15e,-6,71,Normal
2026-02-14 04:53:07.096641,NewYork-e15e,5,9,Normal
2026-02-14 04:53:08.096641,NewYork-e15e,43,40,Normal
2026-02-14 04:53:09.096641,NewYork-e15e,14,79,Normal
2026-02-14 04:53:10.096641,NewYork-e15e,5,71,Normal
2026-02-14 04:53:11.096641,NewYork-e15e,-16,72,Normal
2026-02-14 04:53:12.096641,NewYork-e15e,3,55,Normal
2026-02-14 04:53:13.096641,NewYork-e15e,3,79,Normal
2026-02-14 04:53:14.096641,NewYork-e15e,-5,19,Normal
2026-02-14 04:53:15.096641,NewYork-e15e,18,99,Normal
2026-02-14 04:53:16.096641,NewYork-e15e,-15,20,Normal
2026-02-14 04:53:17.096641,NewYork-e15e,36,40,Normal
2026-02-14 04:53:18.096641,NewYork-e15e,34,22,Normal
2026-02-14 04:53:19.096641,NewYork-e15e,29,8,Normal
2026-02-14 04:53:20.096641,NewYork-e15e,-4,49,Normal
2026-02-14 04:53:21.096641,NewYork-e15e,40,48,Normal
2026-02-14 04:53:22.096641,NewYork-e15e,-9,67,Normal
2026-02-14 04:53:23.096641,NewYork-e15e,-11,98,Normal
2026-02-14 04:53:24.096641,NewYork-e15e,9,41,Normal
2026-02-14 04:53:25.096641,NewYork-e15e,17,87,Normal
2026-02-14 04:53:26.096641,NewYork-e15e,23,22,Normal
2026-02-14 04:53:27.096641,NewYork-e15e,0,84,Normal
2026-02-14 04:53:28.096641,NewYork-e15e,32,82,Normal
2026-02-14 04:53:29.096641,NewYork-e15e,27,16,Normal
2026-02-14 04:53:30.096641,NewYork-e15e,24,21,Normal
2026-02-14 04:53:31.096641,NewYork-e15e,-21,47,Normal
2026-02-14 04:53:32.096641,NewYork-e15e,-8,68,Normal
2026-02-14 04:53:33.096641,NewYork-e15e,-15,23,Normal
2026-02-14 04:53:34.096641,NewYork-e15e,-22,95,Normal
2026-02-14 04:53:35.096641,NewYork-e15e,41,23,Normal
2026-02-14 04:53:36.096641,NewYork-e15e,29,90,Normal
2026-02-14 04:53:37.096641,NewYork-e15e,30,96,Normal
2026-02-14 04:53:38.096641,NewYork-e15e,20,20,Normal
2026-02-14 04:53:39.096641,NewYork-e15e,37,62,Normal
2026-02-14 04:53:40.096641,NewYork-e15e,22,71,Normal
2026-02-14 04:53:41.096641,NewYork-e15e,-24,84,Normal
2026-02-14 04:53:42.096641,NewYork-e15e,21,59,Normal
2026-02-14 04:53:43.096641,NewYork-e15e,49,53,Normal
2026-02-14 04:53:44.096641,NewYork-e15e,17,40,Normal
2026-02-14 04:53:45.096641,NewYork-e15e,41,26,Normal
2026-02-14 04:53:46.096641,NewYork-e15e,14,84,Normal
2026-02-14 04:53:47.096641,NewYork-e15e,10,21,Normal
2026-02-14 04:53:48.096641,NewYork-e15e,-11,27,Normal
2026-02-14 04:53:49.096641,NewYork-e15e,7,85,Normal
2026-02-14 04:53:50.096641,NewYork-e15e,-10,89,Normal
2026-02-14 04:53:51.096641,NewYork-e15e,11,23,Normal
2026-02-14 04:53:52.096641,NewYork-e15e,5,67,Normal
2026-02-14 04:53:53.096641,NewYork-e15e,38,78,Normal
2026-02-14 04:53:54.096641,NewYork-e15e,-21,51,Normal
2026-02-14 04:53:55.096641,NewYork-e15e,-15,33,Normal
2026-02-14 04:53:56.096641,NewYork-e15e,11,34,Normal
2026-02-14 04:53:57.096641,NewYork-e15e,-22,54,Normal
2026-02-14 04:53:58.096641,NewYork-e15e,-11,5,Normal
2026-02-14 04:53:59.096641,NewYork-e15e,11,55,Normal
2026-02-14 04:54:00.096641,NewYork-e15e,25,72,Normal
2026-02-14 04:54:01.096641,NewYork-e15e,-29,64,Normal
2026-02-14 04:54:02.096641,NewYork-e15e,40,42,Normal
2026-02-14 04:54:03.096641,NewYork-e15e,6,99,Normal
2026-02-14 04:54:04.096641,NewYork-e15e,-23,91,Normal
2026-02-14 04:54:05.096641,NewYork-e15e,1,15,Normal
2026-02-14 04:54:06.096641,NewYork-e15e,38,47,Normal
2026-02-14 04:54:07.096641,NewYork-e15e,31,3,Normal
2026-02-14 04:54:08.096641,NewYork-e15e,-8,22,Normal
2026-02-14 04:54:09.096641,NewYork-e15e,-9,87,Normal
2026-02-14 04:54:10.096641,NewYork-e15e,2,36,Normal
2026-02-14 04:54:11.096641,NewYork-e15e,41,86,Normal
2026-02-14 04:54:12.096641,NewYork-e15e,28,83,Normal
2026-02-14 04:54:13.096641,NewYork-e15e,-23,21,Normal
2026-02-14 04:54:14.096641,NewYork-e15e,5,90,Normal
2026-02-14 04:54:15.096641,NewYork-e15e,23,90,Normal
2026-02-14 04:54:16.096641,NewYork-e15e,-9,60,Normal
2026-02-14 04:54:17.096641,NewYork-e15e,49,55,Normal
2026-02-14 04:54:18.096641,NewYork-e15e,19,91,Normal
2026-02-14 04:54:19.096641,NewYork-e15e,8,84,Normal
2026-02-14 04:54:20.096641,NewYork-e15e,4,17,Normal
2026-02-14 04:54:21.096641,NewYork-e15e,34,1,Normal
2026-02-14 04:54:22.096641,NewYork-e15e,39,53,Normal
2026-02-14 04:54:23.096641,NewYork-e15e,-29,87,Normal
2026-02-14 04:54:24.096641,NewYork-e15e,31,72,Normal
2026-02-14 04:54:25.096641,NewYork-e15e,27,15,Normal
2026-02-14 04:54:26.096641,NewYork-e15e,-11,11,Normal
2026-02-14 04:54:27.096641,NewYork-e15e,34,15,Normal
2026-02-14 04:54:28.096641,NewYork-e15e,-27,63,Normal
2026-02-14 04:54:29.096641,NewYork-e15e,42,60,Normal
2026-02-14 04:54:30.096641,NewYork-e15e,-25,86,Normal
2026-02-14 04:54:31.096641,NewYork-e15e,40,44,Normal
2026-02-14 04:54:32.096641,NewYork-e15e,15,14,Normal
2026-02-14 04:54:33.096641,NewYork-e15e,16,70,Normal
2026-02-14 04:54:34.096641,NewYork-e15e,-16,35,Normal
2026-02-14 04:54:35.096641,NewYork-e15e,30,11,Normal
2026-02-14 04:54:36.096641,NewYork-e15e,-7,22,Normal
2026-02-14 04:54:37.096641,NewYork-e15e,-2,68,Normal
2026-02-14 04:54:38.096641,NewYork-e15e,-7,84,Normal
2026-02-14 04:54:39.096641,NewYork-e15e,24,57,Normal
2026-02-14 04:54:40.096641,NewYork-e15e,-16,59,Normal
2026-02-14 04:54:41.096641,NewYork-e15e,22,91,Normal
2026-02-14 04:54:42.096641,NewYork-e15e,-1,36,Normal
2026-02-14 04:54:43.096641,NewYork-e15e,-1,59,Normal
2026-02-14 04:54:44.096641,NewYork-e15e,-23,66,Normal
2026-02-14 04:54:45.096641,NewYork-e15e,17,94,Normal
2026-02-14 04:54:46.096641,NewYork-e15e,18,25,Normal
2026-02-14 04:54:47.096641,NewYork-e15e,31,17,Normal
2026-02-14 04:54:48.096641,NewYork-e15e,22,88,Normal
2026-02-14 04:54:49.096641,NewYork-e15e,-29,76,Normal
2026-02-14 04:54:50.096641,NewYork-e15e,12,16,Normal
2026-02-14 04:54:51.096641,NewYork-e15e,-13,12,Normal
2026-02-14 04:54:52.096641,NewYork-e15e,-8,90,Normal
2026-02-14 04:54:53.096641,NewYork-e15e,7,8,Normal
2026-02-14 04:54:54.096641,NewYork-e15e,32,68,Normal
2026-02-14 04:54:55.096641,NewYork-e15e,-11,25,Normal
2026-02-14 04:54:56.096641,NewYork-e15e,-10,6,Normal
2026-02-14 04:54:57.096641,NewYork-e15e,-2,24,Normal
2026-02-14 04:54:58.096641,NewYork-e15e,-13,72,Normal
2026-02-14 04:54:59.096641,NewYork-e15e,50,15,Normal
2026-02-14 04:55:00.096641,NewYork-e15e,32,62,Normal
2026-02-14 04:55:01.096641,NewYork-e15e,-27,71,Normal
2026-02-14 04:55:02.096641,NewYork-e15e,35,27,Normal
2026-02-14 04:55:03.096641,NewYork-e15e,-18,76,Normal
2026-02-14 04:55:04.096641,NewYork-e15e,46,57,Normal
2026-02-14 04:55:05.096641,NewYork-e15e,23,53,Normal
2026-02-14 04:55:06.096641,NewYork-e15e,0,63,Normal
2026-02-14 04:55:07.096641,NewYork-e15e,6,27,Normal
2026-02-14 04:55:08.096641,NewYork-e15e,39,24,Normal
2026-02-14 04:55:09.096641,NewYork-e15e,-23,93,Normal
2026-02-14 04:55:10.096641,NewYork-e15e,-16,99,Normal
2026-02-14 04:55:11.096641,NewYork-e15e,32,21,Normal
2026-02-14 04:55:12.096641,NewYork-e15e,41,17,Normal
2026-02-14 04:55:13.096641,NewYork-e15e,-27,23,Normal
2026-02-14 04:55:14.096641,NewYork-e15e,16,15,Normal
2026-02-14 04:55:15.096641,NewYork-e15e,37,17,Normal
2026-02-14 04:55:16.096641,NewYork-e15e,-1,41,Normal
2026-02-14 04:55:17.096641,NewYork-e15e,4,44,Normal
2026-02-14 04:55:18.096641,NewYork-e15e,27,72,Normal
2026-02-14 04:55:19.096641,NewYork-e15e,10,89,Normal
2026-02-14 04:55:20.096641,NewYork-e15e,-23,56,Normal
2026-02-14 04:55:21.096641,NewYork-e15e,-9,43,Normal
2026-02-14 04:55:22.096641,NewYork-e15e,49,15,Normal
2026-02-14 04:55:23.096641,NewYork-e15e,32,48,Normal
2026-02-14 04:55:24.096641,NewYork-e15e,-29,30,Normal
2026-02-14 04:55:25.096641,NewYork-e15e,-24,62,Normal
2026-02-14 04:55:26.096641,NewYork-e15e,11,99,Normal
2026-02-14 04:55:27.096641,NewYork-e15e,-25,74,Normal
2026-02-14 04:55:28.096641,NewYork-e15e,45,85,Normal
2026-02-14 04:55:29.096641,NewYork-e15e,-4,22,Normal
2026-02-14 04:55:30.096641,NewYork-e15e,-30,54,Normal
2026-02-14 04:55:31.096641,NewYork-e15e,-29,79,Normal
2026-02-14 04:55:32.096641,NewYork-e15e,-5,0,Normal
2026-02-14 04:55:33.096641,NewYork-e15e,-4,8,Normal
2026-02-14 04:55:34.096641,NewYork-e15e,37,93,Normal
2026-02-14 04:55:35.096641,NewYork-e15e,49,21,Normal
2026-02-14 04:55:36.096641,NewYork-e15e,38,89,Normal
2026-02-14 04:55:37.096641,NewYork-e15e,17,70,Normal
2026-02-14 04:55:38.096641,NewYork-e15e,3,10,Normal
2026-02-14 04:55:39.096641,NewYork-e15e,3,44,Normal
2026-02-14 04:55:40.096641,NewYork-e15e,-2,96,Normal
2026-02-14 04:55:41.096641,NewYork-e15e,49,93,Normal
2026-02-14 04:55:42.096641,NewYork-e15e,2,43,Normal
2026-02-14 04:55:43.096641,NewYork-e15e,-26,16,Normal
2026-02-14 04:55:44.096641,NewYork-e15e,-13,59,Normal
2026-02-14 04:55:45.096641,NewYork-e15e,-12,34,Normal
2026-02-14 04:55:46.096641,NewYork-e15e,-18,36,Normal
2026-02-14 04:55:47.096641,NewYork-e15e,1,95,Normal
2026-02-14 04:55:48.096641,NewYork-e15e,40,20,Normal
2026-02-14 04:55:49.096641,NewYork-e15e,14,40,Normal
2026-02-14 04:55:50.096641,NewYork-e15e,34,31,Normal
2026-02-14 04:55:51.096641,NewYork-e15e,32,18,Normal
2026-02-14 04:55:52.096641,NewYork-e15e,11,80,Normal
2026-02-14 04:55:53.096641,NewYork-e15e,29,75,Normal
2026-02-14 04:55:54.096641,NewYork-e15e,-29,10,Normal
2026-02-14 04:55:55.096641,NewYork-e15e,33,24,Normal
2026-02-14 04:55:56.096641,NewYork-e15e,18,92,Normal
2026-02-14 04:55:57.096641,NewYork-e15e,4,11,Normal
2026-02-14 04:55:58.096641,NewYork-e15e,-20,89,Normal
2026-02-14 04:55:59.096641,NewYork-e15e,42,2,Normal
2026-02-14 04:56:00.096641,NewYork-e15e,-15,41,Normal
2026-02-14 04:56:01.096641,NewYork-e15e,4,78,Normal
2026-02-14 04:56:02.096641,NewYork-e15e,18,100,Normal
2026-02-14 04:56:03.096641,NewYork-e15e,8,6,Normal
2026-02-14 04:56:04.096641,NewYork-e15e,34,38,Normal
2026-02-14 04:56:05.096641,NewYork-e15e,35,42,Normal
2026-02-14 04:56:06.096641,NewYork-e15e,25,82,Normal
2026-02-14 04:56:07.096641,NewYork-e15e,-7,35,Normal
2026-02-14 04:56:08.096641,NewYork-e15e,25,15,Normal
2026-02-14 04:56:09.096641,NewYork-e15e,-9,63,Normal
2026-02-14 04:56:10.096641,NewYork-e15e,-11,22,Normal
2026-02-14 04:56:11.096641,NewYork-e15e,-2,77,Normal
2026-02-14 04:56:12.096641,NewYork-e15e,-16,13,Normal
2026-02-14 04:56:13.096641,NewYork-e15e,29,73,Normal
2026-02-14 04:56:14.096641,NewYork-e15e,9,46,Normal
2026-02-14 04:56:15.096641,NewYork-e15e,-13,52,Normal
2026-02-14 04:56:16.096641,NewYork-e15e,28,47,Normal
2026-02-14 04:56:17.096641,NewYork-e15e,11,55,Normal
2026-02-14 04:56:18.096641,NewYork-e15e,12,9,Normal
2026-02-14 04:56:19.096641,NewYork-e15e,22,49,Normal
2026-02-14 04:56:20.096641,NewYork-e15e,7,9,Normal
2026-02-14 04:56:21.096641,NewYork-e15e,-7,53,Normal
2026-02-14 04:56:22.096641,NewYork-e15e,-1,38,Normal
2026-02-14 04:56:23.096641,NewYork-e15e,50,81,Normal
2026-02-14 04:56:24.096641,NewYork-e15e,-11,41,Normal
2026-02-14 04:56:25.096641,NewYork-e15e,-24,3,Normal
2026-02-14 04:56:26.096641,NewYork-e15e,-8,34,Normal
2026-02-14 04:56:27.096641,NewYork-e15e,35,20,Normal
2026-02-14 04:56:28.096641,NewYork-e15e,3,56,Normal
2026-02-14 04:56:29.096641,NewYork-e15e,-5,94,Normal
2026-02-14 04:56:30.096641,NewYork-e15e,36,54,Normal
2026-02-14 04:56:31.096641,NewYork-e15e,31,8,Normal
2026-02-14 04:56:32.096641,NewYork-e15e,-8,6,Normal
2026-02-14 04:56:33.096641,NewYork-e15e,-28,20,Normal
2026-02-14 04:56:34.096641,NewYork-e15e,-21,15,Normal
2026-02-14 04:56:35.096641,NewYork-e15e,-26,93,Normal
2026-02-14 04:56:36.096641,NewYork-e15e,29,64,Normal
2026-02-14 04:56:37.096641,NewYork-e15e,-6,21,Normal
2026-02-14 04:56:38.096641,NewYork-e15e,21,55,Normal
2026-02-14 04:56:39.096641,NewYork-e15e,5,13,Normal
2026-02-14 04:56:40.096641,NewYork-e15e,41,54,Normal
2026-02-14 04:56:41.096641,NewYork-e15e,30,82,Normal
2026-02-14 04:56:42.096641,NewYork-e15e,7,19,Normal
2026-02-14 04:56:43.096641,NewYork-e15e,-5,65,Normal
2026-02-14 04:56:44.096641,NewYork-e15e,24,89,Normal
2026-02-14 04:56:45.096641,NewYork-e15e,24,95,Normal
2026-02-14 04:56:46.096641,NewYork-e15e,9,50,Normal
2026-02-14 04:56:47.096641,NewYork-e15e,32,63,Normal
2026-02-14 04:56:48.096641,NewYork-e15e,31,36,Normal
2026-02-14 04:56:49.096641,NewYork-e15e,29,58,Normal
2026-02-14 04:56:50.096641,NewYork-e15e,-7,13,Normal
2026-02-14 04:56:51.096641,NewYork-e15e,-3,47,Normal
2026-02-14 04:56:52.096641,NewYork-e15e,-23,83,Normal
2026-02-14 04:56:53.096641,NewYork-e15e,-14,6,Normal
2026-02-14 04:56:54.096641,NewYork-e15e,-6,5,Normal
2026-02-14 04:56:55.096641,NewYork-e15e,0,37,Normal
2026-02-14 04:56:56.096641,NewYork-e15e,33,56,Normal
2026-02-14 04:56:57.096641,NewYork-e15e,32,55,Normal
2026-02-14 04:56:58.096641,NewYork-e15e,-20,2,Normal
2026-02-14 04:56:59.096641,NewYork-e15e,-15,58,Normal
2026-02-14 04:57:00.096641,NewYork-e15e,-26,81,Normal
2026-02-14 04:57:01.096641,NewYork-e15e,19,5,Normal
2026-02-14 04:57:02.096641,NewYork-e15e,-6,87,Normal
2026-02-14 04:57:03.096641,NewYork-e15e,34,80,Normal
2026-02-14 04:57:04.096641,NewYork-e15e,-16,86,Normal
2026-02-14 04:57:05.096641,NewYork-e15e,-20,82,Normal
2026-02-14 04:57:06.096641,NewYork-e15e,-16,56,Normal
2026-02-14 04:57:07.096641,NewYork-e15e,-22,49,Normal
2026-02-14 04:57:08.096641,NewYork-e15e,-17,100,Normal
2026-02-14 04:57:09.096641,NewYork-e15e,-26,41,Normal
2026-02-14 04:57:10.096641,NewYork-e15e,-20,38,Normal
2026-02-14 04:57:11.096641,NewYork-e15e,-16,32,Normal
2026-02-14 04:57:12.096641,NewYork-e15e,33,27,Normal
2026-02-14 04:57:13.096641,NewYork-e15e,12,6,Normal
2026-02-14 04:57:14.096641,NewYork-e15e,-20,59,Normal
2026-02-14 04:57:15.096641,NewYork-e15e,-9,39,Normal
2026-02-14 04:57:16.096641,NewYork-e15e,46,85,Normal
2026-02-14 04:57:17.096641,NewYork-e15e,-1,79,Normal
2026-02-14 04:57:18.096641,NewYork-e15e,-2,76,Normal
2026-02-14 04:57:19.096641,NewYork-e15e,41,2,Normal
2026-02-14 04:57:20.096641,NewYork-e15e,10,34,Normal
2026-02-14 04:57:21.096641,NewYork-e15e,-23,32,Normal
2026-02-14 04:57:22.096641,NewYork-e15e,-6,91,Normal
2026-02-14 04:57:23.096641,NewYork-e15e,6,10,Normal
2026-02-14 04:57:24.096641,NewYork-e15e,-16,74,Normal
2026-02-14 04:57:25.096641,NewYork-e15e,34,78,Normal
2026-02-14 04:57:26.096641,NewYork-e15e,5,28,Normal
2026-02-14 04:57:27.096641,NewYork-e15e,33,9,Normal
2026-02-14 04:57:28.096641,NewYork-e15e,49,0,Normal
2026-02-14 04:57:29.096641,NewYork-e15e,31,46,Normal
2026-02-14 04:57:30.096641,NewYork-e15e,-16,91,Normal
2026-02-14 04:57:31.096641,NewYork-e15e,-6,93,Normal
2026-02-14 04:57:32.096641,NewYork-e15e,-1,0,Normal
2026-02-14 04:57:33.096641,NewYork-e15e,-4,51,Normal
2026-02-14 04:57:34.096641,NewYork-e15e,-8,47,Normal
2026-02-14 04:57:35.096641,NewYork-e15e,3,66,Normal
2026-02-14 04:57:36.096641,NewYork-e15e,-27,45,Normal
2026-02-14 04:57:37.096641,NewYork-e15e,8,90,Normal
2026-02-14 04:57:38.096641,NewYork-e15e,42,65,Normal
2026-02-14 04:57:39.096641,NewYork-e15e,-29,53,Normal
2026-02-14 04:57:40.096641,NewYork-e15e,12,61,Normal
2026-02-14 04:57:41.096641,NewYork-e15e,40,14,Normal
2026-02-14 04:57:42.096641,NewYork-e15e,0,75,Normal
2026-02-14 04:57:43.096641,NewYork-e15e,9,6,Normal
2026-02-14 04:57:44.096641,NewYork-e15e,-5,34,Normal
2026-02-14 04:57:45.096641,NewYork-e15e,14,26,Normal
2026-02-14 04:57:46.096641,NewYork-e15e,-15,80,Normal
2026-02-14 04:57:47.096641,NewYork-e15e,-24,36,Normal
2026-02-14 04:57:48.096641,NewYork-e15e,4,29,Normal
2026-02-14 04:57:49.096641,NewYork-e15e,47,96,Normal
2026-02-14 04:57:50.096641,NewYork-e15e,-25,97,Normal
2026-02-14 04:57:51.096641,NewYork-e15e,33,20,Normal
2026-02-14 04:57:52.096641,NewYork-e15e,16,86,Normal
2026-02-14 04:57:53.096641,NewYork-e15e,48,40,Normal
2026-02-14 04:57:54.096641,NewYork-e15e,-5,54,Normal
2026-02-14 04:57:55.096641,NewYork-e15e,-19,69,Normal
2026-02-14 04:57:56.096641,NewYork-e15e,-3,69,Normal
2026-02-14 04:57:57.096641,NewYork-e15e,47,44,Normal
2026-02-14 04:57:58.096641,NewYork-e15e,-15,5,Normal
2026-02-14 04:57:59.096641,NewYork-e15e,-28,27,Normal
2026-02-14 04:58:00.096641,NewYork-e15e,27,2,Normal
2026-02-14 04:58:01.096641,NewYork-e15e,29,64,Normal
2026-02-14 04:58:02.096641,NewYork-e15e,24,51,Normal
2026-02-14 04:58:03.096641,NewYork-e15e,-9,76,Normal
2026-02-14 04:58:04.096641,NewYork-e15e,0,96,Normal
2026-02-14 04:58:05.096641,NewYork-e15e,-17,3,Normal
2026-02-14 04:58:06.096641,NewYork-e15e,36,31,Normal
2026-02-14 04:58:07.096641,NewYork-e15e,-24,85,Normal
2026-02-14 04:58:08.096641,NewYork-e15e,8,31,Normal
2026-02-14 04:58:09.096641,NewYork-e15e,-30,23,Normal
2026-02-14 04:58:10.096641,NewYork-e15e,-6,27,Normal
2026-02-14 04:58:11.096641,NewYork-e15e,38,28,Normal
2026-02-14 04:58:12.096641,NewYork-e15e,-4,34,Normal
2026-02-14 04:58:13.096641,NewYork-e15e,19,22,Normal
2026-02-14 04:58:14.096641,NewYork-e15e,20,10,Normal
2026-02-14 04:58:15.096641,NewYork-e15e,24,18,Normal
2026-02-14 04:58:16.096641,NewYork-e15e,8,62,Normal
2026-02-14 04:58:17.096641,NewYork-e15e,21,37,Normal
2026-02-14 04:58:18.096641,NewYork-e15e,44,81,Normal
2026-02-14 04:58:19.096641,NewYork-e15e,45,37,Normal
2026-02-14 04:58:20.096641,NewYork-e15e,30,82,Normal
2026-02-14 04:58:21.096641,NewYork-e15e,-22,38,Normal
2026-02-14 04:58:22.096641,NewYork-e15e,-24,83,Normal
2026-02-14 04:58:23.096641,NewYork-e15e,-7,21,Normal
2026-02-14 04:58:24.096641,NewYork-e15e,-22,46,Normal
2026-02-14 04:58:25.096641,NewYork-e15e,-5,54,Normal
2026-02-14 04:58:26.096641,NewYork-e15e,-18,3,Normal
2026-02-14 04:58:27.096641,NewYork-e15e,23,99,Normal
2026-02-14 04:58:28.096641,NewYork-e15e,16,84,Normal
2026-02-14 04:58:29.096641,NewYork-e15e,39,0,Normal
2026-02-14 04:58:30.096641,NewYork-e15e,37,48,Normal
2026-02-14 04:58:31.096641,NewYork-e15e,26,77,Normal
2026-02-14 04:58:32.096641,NewYork-e15e,8,96,Normal
2026-02-14 04:58:33.096641,NewYork-e15e,18,86,Normal
2026-02-14 04:58:34.096641,NewYork-e15e,13,22,Normal
2026-02-14 04:58:35.096641,NewYork-e15e,11,97,Normal
2026-02-14 04:58:36.096641,NewYork-e15e,2,9,Normal
2026-02-14 04:58:37.096641,NewYork-e15e,29,96,Normal
2026-02-14 04:58:38.096641,NewYork-e15e,31,3,Normal
2026-02-14 04:58:39.096641,NewYork-e15e,27,79,Normal
2026-02-14 04:58:40.096641,NewYork-e15e,14,78,Normal
2026-02-14 04:58:41.096641,NewYork-e15e,35,88,Normal
2026-02-14 04:58:42.096641,NewYork-e15e,30,0,Normal
2026-02-14 04:58:43.096641,NewYork-e15e,-5,45,Normal
2026-02-14 04:58:44.096641,NewYork-e15e,4,76,Normal
2026-02-14 04:58:45.096641,NewYork-e15e,-28,85,Normal
2026-02-14 04:58:46.096641,NewYork-e15e,19,16,Normal
2026-02-14 04:58:47.096641,NewYork-e15e,26,67,Normal
2026-02-14 04:58:48.096641,NewYork-e15e,-19,18,Normal
2026-02-14 04:58:49.096641,NewYork-e15e,-25,60,Normal
2026-02-14 04:58:50.096641,NewYork-e15e,-22,32,Normal
2026-02-14 04:58:51.096641,NewYork-e15e,49,34,Normal
2026-02-14 04:58:52.096641,NewYork-e15e,-25,28,Normal
2026-02-14 04:58:53.096641,NewYork-e15e,-20,4,Normal
2026-02-14 04:58:54.096641,NewYork-e15e,-15,88,Normal
2026-02-14 04:58:55.096641,NewYork-e15e,15,100,Normal
2026-02-14 04:58:56.096641,NewYork-e15e,-25,84,Normal
2026-02-14 04:58:57.096641,NewYork-e15e,-30,96,Normal
2026-02-14 04:58:58.096641,NewYork-e15e,45,95,Normal
2026-02-14 04:58:59.096641,NewYork-e15e,17,10,Normal
2026-02-14 04:59:00.096641,NewYork-e15e,-1,86,Normal
2026-02-14 04:59:01.096641,NewYork-e15e,36,90,Normal
2026-02-14 04:59:02.096641,NewYork-e15e,41,99,Normal
2026-02-14 04:59:03.096641,NewYork-e15e,-9,91,Normal
2026-02-14 04:59:04.096641,NewYork-e15e,34,68,Normal
2026-02-14 04:59:05.096641,NewYork-e15e,-22,94,Normal
2026-02-14 04:59:06.096641,NewYork-e15e,26,67,Normal
2026-02-14 04:59:07.096641,NewYork-e15e,-21,94,Normal
2026-02-14 04:59:08.096641,NewYork-e15e,35,89,Normal
2026-02-14 04:59:09.096641,NewYork-e15e,14,47,Normal
2026-02-14 04:59:10.096641,NewYork-e15e,-1,48,Normal
2026-02-14 04:59:11.096641,NewYork-e15e,-30,40,Normal
2026-02-14 04:59:12.096641,NewYork-e15e,-16,80,Normal
2026-02-14 04:59:13.096641,NewYork-e15e,29,78,Normal
2026-02-14 04:59:14.096641,NewYork-e15e,-9,45,Normal
2026-02-14 04:59:15.096641,NewYork-e15e,22,25,Normal
2026-02-14 04:59:16.096641,NewYork-e15e,42,37,Normal
2026-02-14 04:59:17.096641,NewYork-e15e,32,50,Normal
2026-02-14 04:59:18.096641,NewYork-e15e,-12,58,Normal
2026-02-14 04:59:19.096641,NewYork-e15e,-16,88,Normal
2026-02-14 04:59:20.096641,NewYork-e15e,-16,29,Normal
2026-02-14 04:59:21.096641,NewYork-e15e,18,59,Normal
2026-02-14 04:59:22.096641,NewYork-e15e,20,13,Normal
2026-02-14 04:59:23.096641,NewYork-e15e,-19,93,Normal
2026-02-14 04:59:24.096641,NewYork-e15e,37,71,Normal
2026-02-14 04:59:25.096641,NewYork-e15e,2,76,Normal
2026-02-14 04:59:26.096641,NewYork-e15e,-21,64,Normal
2026-02-14 04:59:27.096641,NewYork-e15e,-12,32,Normal
2026-02-14 04:59:28.096641,NewYork-e15e,-21,69,Normal
2026-02-14 04:59:29.096641,NewYork-e15e,-9,24,Normal
2026-02-14 04:59:30.096641,NewYork-e15e,41,54,Normal
2026-02-14 04:59:31.096641,NewYork-e15e,24,6,Normal
2026-02-14 04:59:32.096641,NewYork-e15e,-28,5,Normal
2026-02-14 04:59:33.096641,NewYork-e15e,30,22,Normal
2026-02-14 04:59:34.096641,NewYork-e15e,26,62,Normal
2026-02-14 04:59:35.096641,NewYork-e15e,48,16,Normal
2026-02-14 04:59:36.096641,NewYork-e15e,-8,93,Normal
2026-02-14 04:59:37.096641,NewYork-e15e,-21,84,Normal
2026-02-14 04:59:38.096641,NewYork-e15e,11,71,Normal
2026-02-14 04:59:39.096641,NewYork-e15e,-27,37,Normal
2026-02-14 04:59:40.096641,NewYork-e15e,20,65,Normal
2026-02-14 04:59:41.096641,NewYork-e15e,16,10,Normal
2026-02-14 04:59:42.096641,NewYork-e15e,-28,27,Normal
2026-02-14 04:59:43.096641,NewYork-e15e,31,25,Normal
2026-02-14 04:59:44.096641,NewYork-e15e,-13,72,Normal
2026-02-14 04:59:45.096641,NewYork-e15e,35,68,Normal
2026-02-14 04:59:46.096641,NewYork-e15e,44,30,Normal
2026-02-14 04:59:47.096641,NewYork-e15e,35,36,Normal
2026-02-14 04:59:48.096641,NewYork-e15e,23,34,Normal
2026-02-14 04:59:49.096641,NewYork-e15e,37,14,Normal
2026-02-14 04:59:50.096641,NewYork-e15e,-18,43,Normal
2026-02-14 04:59:51.096641,NewYork-e15e,-9,28,Normal
2026-02-14 04:59:52.096641,NewYork-e15e,3,24,Normal
2026-02-14 04:59:53.096641,NewYork-e15e,24,66,Normal
2026-02-14 04:59:54.096641,NewYork-e15e,-12,74,Normal
2026-02-14 04:59:55.096641,NewYork-e15e,47,78,Normal
2026-02-14 04:59:56.096641,NewYork-e15e,9,88,Normal
2026-02-14 04:59:57.096641,NewYork-e15e,41,16,Normal
2026-02-14 04:59:58.096641,NewYork-e15e,-30,81,Normal
2026-02-14 04:59:59.096641,NewYork-e15e,-8,4,Normal
2026-02-14 05:00:00.096641,NewYork-e15e,-10,37,Normal
2026-02-14 05:00:01.096641,NewYork-e15e,-6,53,Normal
2026-02-14 05:00:02.096641,NewYork-e15e,45,11,Normal
2026-02-14 05:00:03.096641,NewYork-e15e,39,29,Normal
2026-02-14 05:00:04.096641,NewYork-e15e,8,5,Normal
2026-02-14 05:00:05.096641,NewYork-e15e,49,19,Normal
2026-02-14 05:00:06.096641,NewYork-e15e,5,15,Normal
2026-02-14 05:00:07.096641,NewYork-e15e,-28,37,Normal
2026-02-14 05:00:08.096641,NewYork-e15e,-23,56,Normal
2026-02-14 05:00:09.096641,NewYork-e15e,-3,93,Normal
2026-02-14 05:00:10.096641,NewYork-e15e,23,67,Normal
2026-02-14 05:00:11.096641,NewYork-e15e,27,75,Normal
2026-02-14 05:00:12.096641,NewYork-e15e,6,61,Normal
2026-02-14 05:00:13.096641,NewYork-e15e,-26,15,Normal
2026-02-14 05:00:14.096641,NewYork-e15e,10,29,Normal
2026-02-14 05:00:15.096641,NewYork-e15e,11,82,Normal
2026-02-14 05:00:16.096641,NewYork-e15e,17,84,Normal
2026-02-14 05:00:17.096641,NewYork-e15e,47,10,Normal
2026-02-14 05:00:18.096641,NewYork-e15e,31,85,Normal
2026-02-14 05:00:19.096641,NewYork-e15e,-15,71,Normal
2026-02-14 05:00:20.096641,NewYork-e15e,19,2,Normal
2026-02-14 05:00:21.096641,NewYork-e15e,35,72,Normal
2026-02-14 05:00:22.096641,NewYork-e15e,45,42,Normal
2026-02-14 05:00:23.096641,NewYork-e15e,47,33,Normal
2026-02-14 05:00:24.096641,NewYork-e15e,-5,90,Normal
2026-02-14 05:00:25.096641,NewYork-e15e,15,60,Normal
2026-02-14 05:00:26.096641,NewYork-e15e,2,87,Normal
2026-02-14 05:00:27.096641,NewYork-e15e,50,63,Normal
2026-02-14 05:00:28.096641,NewYork-e15e,50,80,Normal
2026-02-14 05:00:29.096641,NewYork-e15e,42,20,Normal
2026-02-14 05:00:30.096641,NewYork-e15e,-12,17,Normal
2026-02-14 05:00:31.096641,NewYork-e15e,-19,0,Normal
2026-02-14 05:00:32.096641,NewYork-e15e,43,87,Normal
2026-02-14 05:00:33.096641,NewYork-e15e,-4,40,Normal
2026-02-14 05:00:34.096641,NewYork-e15e,-4,93,Normal
2026-02-14 05:00:35.096641,NewYork-e15e,39,12,Normal
2026-02-14 05:00:36.096641,NewYork-e15e,-28,36,Normal
2026-02-14 05:00:37.096641,NewYork-e15e,48,66,Normal
2026-02-14 05:00:38.096641,NewYork-e15e,7,9,Normal
2026-02-14 05:00:39.096641,NewYork-e15e,32,85,Normal
2026-02-14 05:00:40.096641,NewYork-e15e,-30,31,Normal
2026-02-14 05:00:41.096641,NewYork-e15e,4,40,Normal
2026-02-14 05:00:42.096641,NewYork-e15e,11,23,Normal
2026-02-14 05:00:43.096641,NewYork-e15e,-3,84,Normal
2026-02-14 05:00:44.096641,NewYork-e15e,7,97,Normal
2026-02-14 05:00:45.096641,NewYork-e15e,0,100,Normal
2026-02-14 05:00:46.096641,NewYork-e15e,-8,21,Normal
2026-02-14 05:00:47.096641,NewYork-e15e,31,49,Normal
2026-02-14 05:00:48.096641,NewYork-e15e,-13,99,Normal
2026-02-14 05:00:49.096641,NewYork-e15e,-1,89,Normal
2026-02-14 05:00:50.096641,NewYork-e15e,-5,19,Normal
2026-02-14 05:00:51.096641,NewYork-e15e,-22,40,Normal
2026-02-14 05:00:52.096641,NewYork-e15e,-26,60,Normal
2026-02-14 05:00:53.096641,NewYork-e15e,5,80,Normal
2026-02-14 05:00:54.096641,NewYork-e15e,-12,3,Normal
2026-02-14 05:00:55.096641,NewYork-e15e,-28,0,Normal
2026-02-14 05:00:56.096641,NewYork-e15e,-13,40,Normal
2026-02-14 05:00:57.096641,NewYork-e15e,25,32,Normal
2026-02-14 05:00:58.096641,NewYork-e15e,43,11,Normal
2026-02-14 05:00:59.096641,NewYork-e15e,-30,96,Normal
2026-02-14 05:01:00.096641,NewYork-e15e,-22,65,Normal
2026-02-14 05:01:01.096641,NewYork-e15e,27,52,Normal
2026-02-14 05:01:02.096641,NewYork-e15e,-16,55,Normal
2026-02-14 05:01:03.096641,NewYork-e15e,31,50,Normal
2026-02-14 05:01:04.096641,NewYork-e15e,17,27,Normal
2026-02-14 05:01:05.096641,NewYork-e15e,28,68,Normal
2026-02-14 05:01:06.096641,NewYork-e15e,-18,16,Normal
2026-02-14 05:01:07.096641,NewYork-e15e,25,11,Normal
2026-02-14 05:01:08.096641,NewYork-e15e,-20,5,Normal
2026-02-14 05:01:09.096641,NewYork-e15e,-10,51,Normal
2026-02-14 05:01:10.096641,NewYork-e15e,31,25,Normal
2026-02-14 05:01:11.096641,NewYork-e15e,-6,29,Normal
2026-02-14 05:01:12.096641,NewYork-e15e,15,69,Normal
2026-02-14 05:01:13.096641,NewYork-e15e,27,70,Normal
2026-02-14 05:01:14.096641,NewYork-e15e,48,58,Normal
2026-02-14 05:01:15.096641,NewYork-e15e,4,83,Normal
2026-02-14 05:01:16.096641,NewYork-e15e,-10,87,Normal
2026-02-14 05:01:17.096641,NewYork-e15e,-27,99,Normal
2026-02-14 05:01:18.096641,NewYork-e15e,-11,91,Normal
2026-02-14 05:01:19.096641,NewYork-e15e,7,19,Normal
2026-02-14 05:01:20.096641,NewYork-e15e,12,92,Normal
2026-02-14 05:01:21.096641,NewYork-e15e,21,40,Normal
2026-02-14 05:01:22.096641,NewYork-e15e,34,14,Normal
2026-02-14 05:01:23.096641,NewYork-e15e,-28,74,Normal
2026-02-14 05:01:24.096641,NewYork-e15e,19,19,Normal
2026-02-14 05:01:25.096641,NewYork-e15e,47,64,Normal
2026-02-14 05:01:26.096641,NewYork-e15e,6,17,Normal
2026-02-14 05:01:27.096641,NewYork-e15e,50,74,Normal
2026-02-14 05:01:28.096641,NewYork-e15e,-26,73,Normal
2026-02-14 05:01:29.096641,NewYork-e15e,6,100,Normal
2026-02-14 05:01:30.096641,NewYork-e15e,-20,18,Normal
2026-02-14 05:01:31.096641,NewYork-e15e,27,78,Normal
