timestamp,station_id,temp,humid,condition
2026-02-14 04:28:17.011416,Paris-6ed0,25,78,Normal
2026-02-14 04:28:18.011416,Paris-6ed0,-28,46,Normal
2026-02-14 04:28:19.011416,Paris-6ed0,5,86,Normal
2026-02-14 04:28:20.011416,Paris-6ed0,41,73,Normal
2026-02-14 04:28:21.011416,Paris-6ed0,-13,25,Normal
2026-02-14 04:28:22.011416,Paris-6ed0,13,28,Normal
2026-02-14 04:28:23.011416,Paris-6ed0,44,84,Normal
2026-02-14 04:28:24.011416,Paris-6ed0,-3,4,Normal
2026-02-14 04:28:25.011416,Paris-6ed0,29,35,Normal
2026-02-14 04:28:26.011416,Paris-6ed0,10,7,Normal
2026-02-14 04:28:27.011416,Paris-6ed0,-2,95,Normal
2026-02-14 04:28:28.011416,Paris-6ed0,33,26,Normal
2026-02-14 04:28:29.011416,Paris-6ed0,8,8,Normal
2026-02-14 04:28:30.011416,Paris-6ed0,29,76,Normal
2026-02-14 04:28:31.011416,Paris-6ed0,-13,31,Normal
2026-02-14 04:28:32.011416,Paris-6ed0,26,91,Normal
2026-02-14 04:28:33.011416,Paris-6ed0,36,30,Normal
2026-02-14 04:28:34.011416,Paris-6ed0,35,77,Normal
2026-02-14 04:28:35.011416,Paris-6ed0,47,6,Normal
2026-02-14 04:28:36.011416,Paris-6ed0,-28,58,Normal
2026-02-14 04:28:37.011416,Paris-6ed0,-25,77,Normal
2026-02-14 04:28:38.011416,Paris-6ed0,36,77,Normal
2026-02-14 04:28:39.011416,Paris-6ed0,35,2,Normal
2026-02-14 04:28:40.011416,Paris-6ed0,12,99,Normal
2026-02-14 04:28:41.011416,Paris-6ed0,-5,33,Normal
2026-02-14 04:28:42.011416,Paris-6ed0,24,45,Normal
2026-02-14 04:28:43.011416,Paris-6ed0,0,19,Normal
2026-02-14 04:28:44.011416,Paris-6ed0,-24,5,Normal
2026-02-14 04:28:45.011416,Paris-6ed0,2,35,Normal
2026-02-14 04:28:46.011416,Paris-6ed0,19,32,Normal
2026-02-14 04:28:47.011416,Paris-6ed0,-9,12,Normal
2026-02-14 04:28:48.011416,Paris-6ed0,20,93,Normal
2026-02-14 04:28:49.011416,Paris-6ed0,-24,66,Normal
2026-02-14 04:28:50.011416,Paris-6ed0,-20,97,Normal
2026-02-14 04:28:51.011416,Paris-6ed0,-14,70,Normal
2026-02-14 04:28:52.011416,Paris-6ed0,6,10,Normal
2026-02-14 04:28:53.011416,Paris-6ed0,-20,34,Normal
2026-02-14 04:28:54.011416,Paris-6ed0,10,27,Normal
2026-02-14 04:28:55.011416,Paris-6ed0,-18,77,Normal
2026-02-14 04:28:56.011416,Paris-6ed0,-21,15,Normal
2026-02-14 04:28:57.011416,Paris-6ed0,24,20,Normal
2026-02-14 04:28:58.011416,Paris-6ed0,-8,43,Normal
2026-02-14 04:28:59.011416,Paris-6ed0,1,37,Normal
2026-02-14 04:29:00.011416,Paris-6ed0,-30,53,Normal
2026-02-14 04:29:01.011416,Paris-6ed0,-19,24,Normal
2026-02-14 04:29:02.011416,Paris-6ed0,-19,32,Normal
2026-02-14 04:29:03.011416,Paris-6ed0,32,19,Normal
2026-02-14 04:29:04.011416,Paris-6ed0,1,70,Normal
2026-02-14 04:29:05.011416,Paris-6ed0,31,86,Normal
2026-02-14 04:29:06.011416,Paris-6ed0,-15,39,Normal
2026-02-14 04:29:07.011416,Paris-6ed0,40,35,Normal
2026-02-14 04:29:08.011416,Paris-6ed0,13,99,Normal
2026-02-14 04:29:09.011416,Paris-6ed0,42,68,Normal
2026-02-14 04:29:10.011416,Paris-6ed0,-3,75,Normal
2026-02-14 04:29:11.011416,Paris-6ed0,9,75,Normal
2026-02-14 04:29:12.011416,Paris-6ed0,-25,95,Normal
2026-02-14 04:29:13.011416,Paris-6ed0,-15,17,Normal
2026-02-14 04:29:14.011416,Paris-6ed0,-6,22,Normal
2026-02-14 04:29:15.011416,Paris-6ed0,40,46,Normal
2026-02-14 04:29:16.011416,Paris-6ed0,0,56,Normal
2026-02-14 04:29:17.011416,Paris-6ed0,11,49,Normal
2026-02-14 04:29:18.011416,Paris-6ed0,-2,47,Normal
2026-02-14 04:29:19.011416,Paris-6ed0,47,82,Normal
2026-02-14 04:29:20.011416,Paris-6ed0,46,34,Normal
2026-02-14 04:29:21.011416,Paris-6ed0,20,30,Normal
2026-02-14 04:29:22.011416,Paris-6ed0,-3,0,Normal
2026-02-14 04:29:23.011416,Paris-6ed0,10,99,Normal
2026-02-14 04:29:24.011416,Paris-6ed0,22,22,Normal
2026-02-14 04:29:25.011416,Paris-6ed0,-12,65,Normal
2026-02-14 04:29:26.011416,Paris-6ed0,29,62,Normal
2026-02-14 04:29:27.011416,Paris-6ed0,15,49,Normal
2026-02-14 04:29:28.011416,Paris-6ed0,43,74,Normal
2026-02-14 04:29:29.011416,Paris-6ed0,34,12,Normal
2026-02-14 04:29:30.011416,Paris-6ed0,-13,26,Normal
2026-02-14 04:29:31.011416,Paris-6ed0,30,85,Normal
2026-02-14 04:29:32.011416,Paris-6ed0,-4,40,Normal
2026-02-14 04:29:33.011416,Paris-6ed0,27,56,Normal
2026-02-14 04:29:34.011416,Paris-6ed0,4,69,Normal
2026-02-14 04:29:35.011416,Paris-6ed0,-9,59,Normal
2026-02-14 04:29:36.011416,Paris-6ed0,3,89,Normal
2026-02-14 04:29:37.011416,Paris-6ed0,-29,25,Normal
2026-02-14 04:29:38.011416,Paris-6ed0,17,99,Normal
2026-02-14 04:29:39.011416,Paris-6ed0,-24,56,Normal
2026-02-14 04:29:40.011416,Paris-6ed0,35,80,Normal
2026-02-14 04:29:41.011416,Paris-6ed0,39,31,Normal
2026-02-14 04:29:42.011416,Paris-6ed0,11,11,Normal
2026-02-14 04:29:43.011416,Paris-6ed0,-13,64,Normal
2026-02-14 04:29:44.011416,Paris-6ed0,50,97,Normal
2026-02-14 04:29:45.011416,Paris-6ed0,14,63,Normal
2026-02-14 04:29:46.011416,Paris-6ed0,45,71,Normal
2026-02-14 04:29:47.011416,Paris-6ed0,24,97,Normal
2026-02-14 04:29:48.011416,Paris-6ed0,24,41,Normal
2026-02-14 04:29:49.011416,Paris-6ed0,14,28,Normal
2026-02-14 04:29:50.011416,Paris-6ed0,0,79,Normal
2026-02-14 04:29:51.011416,Paris-6ed0,-13,54,Normal
2026-02-14 04:29:52.011416,Paris-6ed0,-15,83,Normal
2026-02-14 04:29:53.011416,Paris-6ed0,-25,81,Normal
2026-02-14 04:29:54.011416,Paris-6ed0,25,69,Normal
2026-02-14 04:29:55.011416,Paris-6ed0,14,29,Normal
2026-02-14 04:29:56.011416,Paris-6ed0,30,79,Normal
2026-02-14 04:29:57.011416,Paris-6ed0,19,70,Normal
2026-02-14 04:29:58.011416,Paris-6ed0,20,91,Normal
2026-02-14 04:29:59.011416,Paris-6ed0,-8,34,Normal
2026-02-14 04:30:00.011416,Paris-6ed0,-4,6,Normal
2026-02-14 04:30:01.011416,Paris-6ed0,36,73,Normal
2026-02-14 04:30:02.011416,Paris-6ed0,5,76,Normal
2026-02-14 04:30:03.011416,Paris-6ed0,23,17,Normal
2026-02-14 04:30:04.011416,Paris-6ed0,1,68,Normal
2026-02-14 04:30:05.011416,Paris-6ed0,41,36,Normal
2026-02-14 04:30:06.011416,Paris-6ed0,-21,57,Normal
2026-02-14 04:30:07.011416,Paris-6ed0,17,7,Normal
2026-02-14 04:30:08.011416,Paris-6ed0,-7,52,Normal
2026-02-14 04:30:09.011416,Paris-6ed0,32,62,Normal
2026-02-14 04:30:10.011416,Paris-6ed0,15,76,Normal
2026-02-14 04:30:11.011416,Paris-6ed0,41,75,Normal
2026-02-14 04:30:12.011416,Paris-6ed0,49,25,Normal
2026-02-14 04:30:13.011416,Paris-6ed0,-8,52,Normal
2026-02-14 04:30:14.011416,Paris-6ed0,12,14,Normal
2026-02-14 04:30:15.011416,Paris-6ed0,43,78,Normal
2026-02-14 04:30:16.011416,Paris-6ed0,-22,1,Normal
2026-02-14 04:30:17.011416,Paris-6ed0,-28,79,Normal
2026-02-14 04:30:18.011416,Paris-6ed0,13,63,Normal
2026-02-14 04:30:19.011416,Paris-6ed0,-20,83,Normal
2026-02-14 04:30:20.011416,Paris-6ed0,-20,98,Normal
2026-02-14 04:30:21.011416,Paris-6ed0,10,87,Normal
2026-02-14 04:30:22.011416,Paris-6ed0,17,69,Normal
2026-02-14 04:30:23.011416,Paris-6ed0,-26,14,Normal
2026-02-14 04:30:24.011416,Paris-6ed0,47,21,Normal
2026-02-14 04:30:25.011416,Paris-6ed0,-5,4,Normal
2026-02-14 04:30:26.011416,Paris-6ed0,-17,12,Normal
2026-02-14 04:30:27.011416,Paris-6ed0,28,94,Normal
2026-02-14 04:30:28.011416,Paris-6ed0,26,64,Normal
2026-02-14 04:30:29.011416,Paris-6ed0,-20,18,Normal
2026-02-14 04:30:30.011416,Paris-6ed0,-8,91,Normal
2026-02-14 04:30:31.011416,Paris-6ed0,43,61,Normal
2026-02-14 04:30:32.011416,Paris-6ed0,37,25,Normal
2026-02-14 04:30:33.011416,Paris-6ed0,28,96,Normal
2026-02-14 04:30:34.011416,Paris-6ed0,29,92,Normal
2026-02-14 04:30:35.011416,Paris-6ed0,4,67,Normal
2026-02-14 04:30:36.011416,Paris-6ed0,42,1,Normal
2026-02-14 04:30:37.011416,Paris-6ed0,-12,45,Normal
2026-02-14 04:30:38.011416,Paris-6ed0,-18,68,Normal
2026-02-14 04:30:39.011416,Paris-6ed0,33,26,Normal
2026-02-14 04:30:40.011416,Paris-6ed0,25,72,Normal
2026-02-14 04:30:41.011416,Paris-6ed0,17,64,Normal
2026-02-14 04:30:42.011416,Paris-6ed0,19,52,Normal
2026-02-14 04:30:43.011416,Paris-6ed0,34,27,Normal
2026-02-14 04:30:44.011416,Paris-6ed0,42,43,Normal
2026-02-14 04:30:45.011416,Paris-6ed0,32,11,Normal
2026-02-14 04:30:46.011416,Paris-6ed0,-30,39,Normal
2026-02-14 04:30:47.011416,Paris-6ed0,28,61,Normal
2026-02-14 04:30:48.011416,Paris-6ed0,33,70,Normal
2026-02-14 04:30:49.011416,Paris-6ed0,45,97,Normal
2026-02-14 04:30:50.011416,Paris-6ed0,34,28,Normal
2026-02-14 04:30:51.011416,Paris-6ed0,8,63,Normal
2026-02-14 04:30:52.011416,Paris-6ed0,-16,16,Normal
2026-02-14 04:30:53.011416,Paris-6ed0,-26,12,Normal
2026-02-14 04:30:54.011416,Paris-6ed0,36,52,Normal
2026-02-14 04:30:55.011416,Paris-6ed0,25,11,Normal
2026-02-14 04:30:56.011416,Paris-6ed0,15,45,Normal
2026-02-14 04:30:57.011416,Paris-6ed0,-11,65,Normal
2026-02-14 04:30:58.011416,Paris-6ed0,-11,100,Normal
2026-02-14 04:30:59.011416,Paris-6ed0,-29,36,Normal
2026-02-14 04:31:00.011416,Paris-6ed0,-18,74,Normal
2026-02-14 04:31:01.011416,Paris-6ed0,35,22,Normal
2026-02-14 04:31:02.011416,Paris-6ed0,-25,0,Normal
2026-02-14 04:31:03.011416,Paris-6ed0,3,94,Normal
2026-02-14 04:31:04.011416,Paris-6ed0,0,11,Normal
2026-02-14 04:31:05.011416,Paris-6ed0,10,82,Normal
2026-02-14 04:31:06.011416,Paris-6ed0,-9,51,Normal
2026-02-14 04:31:07.011416,Paris-6ed0,15,80,Normal
2026-02-14 04:31:08.011416,Paris-6ed0,0,16,Normal
2026-02-14 04:31:09.011416,Paris-6ed0,-21,82,Normal
2026-02-14 04:31:10.011416,Paris-6ed0,-15,81,Normal
2026-02-14 04:31:11.011416,Paris-6ed0,-25,84,Normal
2026-02-14 04:31:12.011416,Paris-6ed0,3,46,Normal
2026-02-14 04:31:13.011416,Paris-6ed0,49,31,Normal
2026-02-14 04:31:14.011416,Paris-6ed0,21,0,Normal
2026-02-14 04:31:15.011416,Paris-6ed0,42,53,Normal
2026-02-14 04:31:16.011416,Paris-6ed0,10,91,Normal
2026-02-14 04:31:17.011416,Paris-6ed0,13,36,Normal
2026-02-14 04:31:18.011416,Paris-6ed0,-2,95,Normal
2026-02-14 04:31:19.011416,Paris-6ed0,37,4,Normal
2026-02-14 04:31:20.011416,Paris-6ed0,-22,31,Normal
2026-02-14 04:31:21.011416,Paris-6ed0,23,1,Normal
2026-02-14 04:31:22.011416,Paris-6ed0,7,37,Normal
2026-02-14 04:31:23.011416,Paris-6ed0,9,73,Normal
2026-02-14 04:31:24.011416,Paris-6ed0,23,51,Normal
2026-02-14 04:31:25.011416,Paris-6ed0,-1,12,Normal
2026-02-14 04:31:26.011416,Paris-6ed0,24,29,Normal
2026-02-14 04:31:27.011416,Paris-6ed0,-2,90,Normal
2026-02-14 04:31:28.011416,Paris-6ed0,15,19,Normal
2026-02-14 04:31:29.011416,Paris-6ed0,40,18,Normal
2026-02-14 04:31:30.011416,Paris-6ed0,7,69,Normal
2026-02-14 04:31:31.011416,Paris-6ed0,11,93,Normal
2026-02-14 04:31:32.011416,Paris-6ed0,38,3,Normal
2026-02-14 04:31:33.011416,Paris-6ed0,50,8,Normal
2026-02-14 04:31:34.011416,Paris-6ed0,27,78,Normal
2026-02-14 04:31:35.011416,Paris-6ed0,-8,28,Normal
2026-02-14 04:31:36.011416,Paris-6ed0,14,74,Normal
2026-02-14 04:31:37.011416,Paris-6ed0,24,78,Normal
2026-02-14 04:31:38.011416,Paris-6ed0,7,43,Normal
2026-02-14 04:31:39.011416,Paris-6ed0,-1,94,Normal
2026-02-14 04:31:40.011416,Paris-6ed0,-30,90,Normal
2026-02-14 04:31:41.011416,Paris-6ed0,30,80,Normal
2026-02-14 04:31:42.011416,Paris-6ed0,38,24,Normal
2026-02-14 04:31:43.011416,Paris-6ed0,-29,100,Normal
2026-02-14 04:31:44.011416,Paris-6ed0,30,18,Normal
2026-02-14 04:31:45.011416,Paris-6ed0,41,57,Normal
2026-02-14 04:31:46.011416,Paris-6ed0,16,37,Normal
2026-02-14 04:31:47.011416,Paris-6ed0,-21,43,Normal
2026-02-14 04:31:48.011416,Paris-6ed0,44,50,Normal
2026-02-14 04:31:49.011416,Paris-6ed0,8,55,Normal
2026-02-14 04:31:50.011416,Paris-6ed0,4,19,Normal
2026-02-14 04:31:51.011416,Paris-6ed0,43,32,Normal
2026-02-14 04:31:52.011416,Paris-6ed0,-5,90,Normal
2026-02-14 04:31:53.011416,Paris-6ed0,6,98,Normal
2026-02-14 04:31:54.011416,Paris-6ed0,23,4,Normal
2026-02-14 04:31:55.011416,Paris-6ed0,28,67,Normal
2026-02-14 04:31:56.011416,Paris-6ed0,15,2,Normal
2026-02-14 04:31:57.011416,Paris-6ed0,-14,7,Normal
2026-02-14 04:31:58.011416,Paris-6ed0,6,50,Normal
2026-02-14 04:31:59.011416,Paris-6ed0,-28,49,Normal
2026-02-14 04:32:00.011416,Paris-6ed0,-29,55,Normal
2026-02-14 04:32:01.011416,Paris-6ed0,-6,82,Normal
2026-02-14 04:32:02.011416,Paris-6ed0,38,53,Normal
2026-02-14 04:32:03.011416,Paris-6ed0,10,68,Normal
2026-02-14 04:32:04.011416,Paris-6ed0,29,95,Normal
2026-02-14 04:32:05.011416,Paris-6ed0,-11,56,Normal
2026-02-14 04:32:06.011416,Paris-6ed0,5,90,Normal
2026-02-14 04:32:07.011416,Paris-6ed0,35,70,Normal
2026-02-14 04:32:08.011416,Paris-6ed0,26,81,Normal
2026-02-14 04:32:09.011416,Paris-6ed0,-27,21,Normal
2026-02-14 04:32:10.011416,Paris-6ed0,-13,25,Normal
2026-02-14 04:32:11.011416,Paris-6ed0,45,10,Normal
2026-02-14 04:32:12.011416,Paris-6ed0,41,59,Normal
2026-02-14 04:32:13.011416,Paris-6ed0,50,94,Normal
2026-02-14 04:32:14.011416,Paris-6ed0,-29,77,Normal
2026-02-14 04:32:15.011416,Paris-6ed0,10,99,Normal
2026-02-14 04:32:16.011416,Paris-6ed0,9,35,Normal
2026-02-14 04:32:17.011416,Paris-6ed0,-9,89,Normal
2026-02-14 04:32:18.011416,Paris-6ed0,39,56,Normal
2026-02-14 04:32:19.011416,Paris-6ed0,-2,57,Normal
2026-02-14 04:32:20.011416,Paris-6ed0,-11,28,Normal
2026-02-14 04:32:21.011416,Paris-6ed0,19,63,Normal
2026-02-14 04:32:22.011416,Paris-6ed0,43,14,Normal
2026-02-14 04:32:23.011416,Paris-6ed0,21,8,Normal
2026-02-14 04:32:24.011416,Paris-6ed0,48,54,Normal
2026-02-14 04:32:25.011416,Paris-6ed0,-29,72,Normal
2026-02-14 04:32:26.011416,Paris-6ed0,15,0,Normal
2026-02-14 04:32:27.011416,Paris-6ed0,23,7,Normal
2026-02-14 04:32:28.011416,Paris-6ed0,35,32,Normal
2026-02-14 04:32:29.011416,Paris-6ed0,-25,30,Normal
2026-02-14 04:32:30.011416,Paris-6ed0,7,9,Normal
2026-02-14 04:32:31.011416,Paris-6ed0,7,70,Normal
2026-02-14 04:32:32.011416,Paris-6ed0,6,94,Normal
2026-02-14 04:32:33.011416,Paris-6ed0,49,47,Normal
2026-02-14 04:32:34.011416,Paris-6ed0,25,26,Normal
2026-02-14 04:32:35.011416,Paris-6ed0,-4,29,Normal
2026-02-14 04:32:36.011416,Paris-6ed0,36,89,Normal
2026-02-14 04:32:37.011416,Paris-6ed0,3,52,Normal
2026-02-14 04:32:38.011416,Paris-6ed0,34,11,Normal
2026-02-14 04:32:39.011416,Paris-6ed0,-25,34,Normal
2026-02-14 04:32:40.011416,Paris-6ed0,-2,13,Normal
2026-02-14 04:32:41.011416,Paris-6ed0,42,11,Normal
2026-02-14 04:32:42.011416,Paris-6ed0,10,61,Normal
2026-02-14 04:32:43.011416,Paris-6ed0,-6,0,Normal
2026-02-14 04:32:44.011416,Paris-6ed0,43,88,Normal
2026-02-14 04:32:45.011416,Paris-6ed0,-13,87,Normal
2026-02-14 04:32:46.011416,Paris-6ed0,31,68,Normal
2026-02-14 04:32:47.011416,Paris-6ed0,3,6,Normal
2026-02-14 04:32:48.011416,Paris-6ed0,27,70,Normal
2026-02-14 04:32:49.011416,Paris-6ed0,-6,99,Normal
2026-02-14 04:32:50.011416,Paris-6ed0,-1,20,Normal
2026-02-14 04:32:51.011416,Paris-6ed0,15,70,Normal
2026-02-14 04:32:52.011416,Paris-6ed0,2,49,Normal
2026-02-14 04:32:53.011416,Paris-6ed0,-16,67,Normal
2026-02-14 04:32:54.011416,Paris-6ed0,-23,74,Normal
2026-02-14 04:32:55.011416,Paris-6ed0,26,46,Normal
2026-02-14 04:32:56.011416,Paris-6ed0,19,50,Normal
2026-02-14 04:32:57.011416,Paris-6ed0,37,67,Normal
2026-02-14 04:32:58.011416,Paris-6ed0,-12,36,Normal
2026-02-14 04:32:59.011416,Paris-6ed0,-9,63,Normal
2026-02-14 04:33:00.011416,Paris-6ed0,9,68,Normal
2026-02-14 04:33:01.011416,Paris-6ed0,-6,82,Normal
2026-02-14 04:33:02.011416,Paris-6ed0,22,90,Normal
2026-02-14 04:33:03.011416,Paris-6ed0,34,86,Normal
2026-02-14 04:33:04.011416,Paris-6ed0,-21,36,Normal
2026-02-14 04:33:05.011416,Paris-6ed0,-14,12,Normal
2026-02-14 04:33:06.011416,Paris-6ed0,8,70,Normal
2026-02-14 04:33:07.011416,Paris-6ed0,-6,56,Normal
2026-02-14 04:33:08.011416,Paris-6ed0,38,83,Normal
2026-02-14 04:33:09.011416,Paris-6ed0,-19,26,Normal
2026-02-14 04:33:10.011416,Paris-6ed0,38,70,Normal
2026-02-14 04:33:11.011416,Paris-6ed0,-17,1,Normal
2026-02-14 04:33:12.011416,Paris-6ed0,7,8,Normal
2026-02-14 04:33:13.011416,Paris-6ed0,15,15,Normal
2026-02-14 04:33:14.011416,Paris-6ed0,-20,16,Normal
2026-02-14 04:33:15.011416,Paris-6ed0,-26,54,Normal
2026-02-14 04:33:16.011416,Paris-6ed0,33,27,Normal
2026-02-14 04:33:17.011416,Paris-6ed0,10,65,Normal
2026-02-14 04:33:18.011416,Paris-6ed0,-28,80,Normal
2026-02-14 04:33:19.011416,Paris-6ed0,8,44,Normal
2026-02-14 04:33:20.011416,Paris-6ed0,-14,63,Normal
2026-02-14 04:33:21.011416,Paris-6ed0,49,27,Normal
2026-02-14 04:33:22.011416,Paris-6ed0,-29,70,Normal
2026-02-14 04:33:23.011416,Paris-6ed0,-7,12,Normal
2026-02-14 04:33:24.011416,Paris-6ed0,39,92,Normal
2026-02-14 04:33:25.011416,Paris-6ed0,7,35,Normal
2026-02-14 04:33:26.011416,Paris-6ed0,3,4,Normal
2026-02-14 04:33:27.011416,Paris-6ed0,-19,43,Normal
2026-02-14 04:33:28.011416,Paris-6ed0,-22,44,Normal
2026-02-14 04:33:29.011416,Paris-6ed0,42,98,Normal
2026-02-14 04:33:30.011416,Paris-6ed0,27,5,Normal
2026-02-14 04:33:31.011416,Paris-6ed0,-9,80,Normal
2026-02-14 04:33:32.011416,Paris-6ed0,-10,92,Normal
2026-02-14 04:33:33.011416,Paris-6ed0,38,74,Normal
2026-02-14 04:33:34.011416,Paris-6ed0,-18,22,Normal
2026-02-14 04:33:35.011416,Paris-6ed0,-6,18,Normal
2026-02-14 04:33:36.011416,Paris-6ed0,-11,54,Normal
2026-02-14 04:33:37.011416,Paris-6ed0,31,64,Normal
2026-02-14 04:33:38.011416,Paris-6ed0,12,62,Normal
2026-02-14 04:33:39.011416,Paris-6ed0,-11,81,Normal
2026-02-14 04:33:40.011416,Paris-6ed0,11,37,Normal
2026-02-14 04:33:41.011416,Paris-6ed0,-27,78,Normal
2026-02-14 04:33:42.011416,Paris-6ed0,2,91,Normal
2026-02-14 04:33:43.011416,Paris-6ed0,7,56,Normal
2026-02-14 04:33:44.011416,Paris-6ed0,39,77,Normal
2026-02-14 04:33:45.011416,Paris-6ed0,-14,87,Normal
2026-02-14 04:33:46.011416,Paris-6ed0,15,53,Normal
2026-02-14 04:33:47.011416,Paris-6ed0,35,1,Normal
2026-02-14 04:33:48.011416,Paris-6ed0,6,94,Normal
2026-02-14 04:33:49.011416,Paris-6ed0,-5,18,Normal
2026-02-14 04:33:50.011416,Paris-6ed0,37,43,Normal
2026-02-14 04:33:51.011416,Paris-6ed0,36,66,Normal
2026-02-14 04:33:52.011416,Paris-6ed0,-6,13,Normal
2026-02-14 04:33:53.011416,Paris-6ed0,44,22,Normal
2026-02-14 04:33:54.011416,Paris-6ed0,44,31,Normal
2026-02-14 04:33:55.011416,Paris-6ed0,-25,73,Normal
2026-02-14 04:33:56.011416,Paris-6ed0,0,90,Normal
2026-02-14 04:33:57.011416,Paris-6ed0,37,50,Normal
2026-02-14 04:33:58.011416,Paris-6ed0,-6,3,Normal
2026-02-14 04:33:59.011416,Paris-6ed0,46,75,Normal
2026-02-14 04:34:00.011416,Paris-6ed0,47,86,Normal
2026-02-14 04:34:01.011416,Paris-6ed0,29,11,Normal
2026-02-14 04:34:02.011416,Paris-6ed0,-11,13,Normal
2026-02-14 04:34:03.011416,Paris-6ed0,2,58,Normal
2026-02-14 04:34:04.011416,Paris-6ed0,17,3,Normal
2026-02-14 04:34:05.011416,Paris-6ed0,-12,17,Normal
2026-02-14 04:34:06.011416,Paris-6ed0,-11,97,Normal
2026-02-14 04:34:07.011416,Paris-6ed0,-1,29,Normal
2026-02-14 04:34:08.011416,Paris-6ed0,-29,88,Normal
2026-02-14 04:34:09.011416,Paris-6ed0,47,36,Normal
2026-02-14 04:34:10.011416,Paris-6ed0,50,33,Normal
2026-02-14 04:34:11.011416,Paris-6ed0,46,64,Normal
2026-02-14 04:34:12.011416,Paris-6ed0,6,28,Normal
2026-02-14 04:34:13.011416,Paris-6ed0,-12,5,Normal
2026-02-14 04:34:14.011416,Paris-6ed0,-3,33,Normal
2026-02-14 04:34:15.011416,Paris-6ed0,13,4,Normal
2026-02-14 04:34:16.011416,Paris-6ed0,40,4,Normal
2026-02-14 04:34:17.011416,Paris-6ed0,9,27,Normal
2026-02-14 04:34:18.011416,Paris-6ed0,-29,96,Normal
2026-02-14 04:34:19.011416,Paris-6ed0,28,99,Normal
2026-02-14 04:34:20.011416,Paris-6ed0,32,47,Normal
2026-02-14 04:34:21.011416,Paris-6ed0,47,46,Normal
2026-02-14 04:34:22.011416,Paris-6ed0,-21,25,Normal
2026-02-14 04:34:23.011416,Paris-6ed0,11,93,Normal
2026-02-14 04:34:24.011416,Paris-6ed0,-9,39,Normal
2026-02-14 04:34:25.011416,Paris-6ed0,12,85,Normal
2026-02-14 04:34:26.011416,Paris-6ed0,-10,13,Normal
2026-02-14 04:34:27.011416,Paris-6ed0,-5,29,Normal
2026-02-14 04:34:28.011416,Paris-6ed0,35,5,Normal
2026-02-14 04:34:29.011416,Paris-6ed0,36,52,Normal
2026-02-14 04:34:30.011416,Paris-6ed0,5,93,Normal
2026-02-14 04:34:31.011416,Paris-6ed0,49,17,Normal
2026-02-14 04:34:32.011416,Paris-6ed0,30,42,Normal
2026-02-14 04:34:33.011416,Paris-6ed0,46,84,Normal
2026-02-14 04:34:34.011416,Paris-6ed0,-28,1,Normal
2026-02-14 04:34:35.011416,Paris-6ed0,33,50,Normal
2026-02-14 04:34:36.011416,Paris-6ed0,4,36,Normal
2026-02-14 04:34:37.011416,Paris-6ed0,-1,30,Normal
2026-02-14 04:34:38.011416,Paris-6ed0,-28,12,Normal
2026-02-14 04:34:39.011416,Paris-6ed0,6,90,Normal
2026-02-14 04:34:40.011416,Paris-6ed0,-2,38,Normal
2026-02-14 04:34:41.011416,Paris-6ed0,23,32,Normal
2026-02-14 04:34:42.011416,Paris-6ed0,-5,100,Normal
2026-02-14 04:34:43.011416,Paris-6ed0,22,75,Normal
2026-02-14 04:34:44.011416,Paris-6ed0,36,49,Normal
2026-02-14 04:34:45.011416,Paris-6ed0,37,62,Normal
2026-02-14 04:34:46.011416,Paris-6ed0,30,77,Normal
2026-02-14 04:34:47.011416,Paris-6ed0,34,45,Normal
2026-02-14 04:34:48.011416,Paris-6ed0,-26,49,Normal
2026-02-14 04:34:49.011416,Paris-6ed0,-20,31,Normal
2026-02-14 04:34:50.011416,Paris-6ed0,50,56,Normal
2026-02-14 04:34:51.011416,Paris-6ed0,-22,70,Normal
2026-02-14 04:34:52.011416,Paris-6ed0,-2,30,Normal
2026-02-14 04:34:53.011416,Paris-6ed0,-3,84,Normal
2026-02-14 04:34:54.011416,Paris-6ed0,50,30,Normal
2026-02-14 04:34:55.011416,Paris-6ed0,0,35,Normal
2026-02-14 04:34:56.011416,Paris-6ed0,44,74,Normal
2026-02-14 04:34:57.011416,Paris-6ed0,3,70,Normal
2026-02-14 04:34:58.011416,Paris-6ed0,-20,33,Normal
2026-02-14 04:34:59.011416,Paris-6ed0,47,76,Normal
2026-02-14 04:35:00.011416,Paris-6ed0,23,37,Normal
2026-02-14 04:35:01.011416,Paris-6ed0,37,2,Normal
2026-02-14 04:35:02.011416,Paris-6ed0,39,82,Normal
2026-02-14 04:35:03.011416,Paris-6ed0,21,46,Normal
2026-02-14 04:35:04.011416,Paris-6ed0,1,92,Normal
2026-02-14 04:35:05.011416,Paris-6ed0,44,26,Normal
2026-02-14 04:35:06.011416,Paris-6ed0,50,85,Normal
2026-02-14 04:35:07.011416,Paris-6ed0,37,0,Normal
2026-02-14 04:35:08.011416,Paris-6ed0,-22,41,Normal
2026-02-14 04:35:09.011416,Paris-6ed0,26,23,Normal
2026-02-14 04:35:10.011416,Paris-6ed0,-23,38,Normal
2026-02-14 04:35:11.011416,Paris-6ed0,20,74,Normal
2026-02-14 04:35:12.011416,Paris-6ed0,24,29,Normal
2026-02-14 04:35:13.011416,Paris-6ed0,-8,76,Normal
2026-02-14 04:35:14.011416,Paris-6ed0,-30,26,Normal
2026-02-14 04:35:15.011416,Paris-6ed0,5,98,Normal
2026-02-14 04:35:16.011416,Paris-6ed0,5,51,Normal
2026-02-14 04:35:17.011416,Paris-6ed0,-26,26,Normal
2026-02-14 04:35:18.011416,Paris-6ed0,29,39,Normal
2026-02-14 04:35:19.011416,Paris-6ed0,-8,74,Normal
2026-02-14 04:35:20.011416,Paris-6ed0,37,28,Normal
2026-02-14 04:35:21.011416,Paris-6ed0,44,22,Normal
2026-02-14 04:35:22.011416,Paris-6ed0,29,90,Normal
2026-02-14 04:35:23.011416,Paris-6ed0,47,37,Normal
2026-02-14 04:35:24.011416,Paris-6ed0,4,63,Normal
2026-02-14 04:35:25.011416,Paris-6ed0,21,15,Normal
2026-02-14 04:35:26.011416,Paris-6ed0,27,84,Normal
2026-02-14 04:35:27.011416,Paris-6ed0,-5,11,Normal
2026-02-14 04:35:28.011416,Paris-6ed0,34,5,Normal
2026-02-14 04:35:29.011416,Paris-6ed0,11,83,Normal
2026-02-14 04:35:30.011416,Paris-6ed0,12,0,Normal
2026-02-14 04:35:31.011416,Paris-6ed0,7,83,Normal
2026-02-14 04:35:32.011416,Paris-6ed0,48,90,Normal
2026-02-14 04:35:33.011416,Paris-6ed0,22,26,Normal
2026-02-14 04:35:34.011416,Paris-6ed0,31,60,Normal
2026-02-14 04:35:35.011416,Paris-6ed0,26,81,Normal
2026-02-14 04:35:36.011416,Paris-6ed0,34,44,Normal
2026-02-14 04:35:37.011416,Paris-6ed0,33,75,Normal
2026-02-14 04:35:38.011416,Paris-6ed0,-3,88,Normal
2026-02-14 04:35:39.011416,Paris-6ed0,40,60,Normal
2026-02-14 04:35:40.011416,Paris-6ed0,26,43,Normal
2026-02-14 04:35:41.011416,Paris-6ed0,22,78,Normal
2026-02-14 04:35:42.011416,Paris-6ed0,39,67,Normal
2026-02-14 04:35:43.011416,Paris-6ed0,-19,63,Normal
2026-02-14 04:35:44.011416,Paris-6ed0,-4,57,Normal
2026-02-14 04:35:45.011416,Paris-6ed0,-28,76,Normal
2026-02-14 04:35:46.011416,Paris-6ed0,-1,76,Normal
2026-02-14 04:35:47.011416,Paris-6ed0,-20,50,Normal
2026-02-14 04:35:48.011416,Paris-6ed0,49,14,Normal
2026-02-14 04:35:49.011416,Paris-6ed0,-16,63,Normal
2026-02-14 04:35:50.011416,Paris-6ed0,3,36,Normal
2026-02-14 04:35:51.011416,Paris-6ed0,26,12,Normal
2026-02-14 04:35:52.011416,Paris-6ed0,45,80,Normal
2026-02-14 04:35:53.011416,Paris-6ed0,42,13,Normal
2026-02-14 04:35:54.011416,Paris-6ed0,-26,15,Normal
2026-02-14 04:35:55.011416,Paris-6ed0,33,72,Normal
2026-02-14 04:35:56.011416,Paris-6ed0,-13,76,Normal
2026-02-14 04:35:57.011416,Paris-6ed0,5,51,Normal
2026-02-14 04:35:58.011416,Paris-6ed0,-25,24,Normal
2026-02-14 04:35:59.011416,Paris-6ed0,49,14,Normal
2026-02-14 04:36:00.011416,Paris-6ed0,46,57,Normal
2026-02-14 04:36:01.011416,Paris-6ed0,9,23,Normal
2026-02-14 04:36:02.011416,Paris-6ed0,48,69,Normal
2026-02-14 04:36:03.011416,Paris-6ed0,-18,25,Normal
2026-02-14 04:36:04.011416,Paris-6ed0,34,78,Normal
2026-02-14 04:36:05.011416,Paris-6ed0,49,39,Normal
2026-02-14 04:36:06.011416,Paris-6ed0,-15,85,Normal
2026-02-14 04:36:07.011416,Paris-6ed0,-24,62,Normal
2026-02-14 04:36:08.011416,Paris-6ed0,-5,95,Normal
2026-02-14 04:36:09.011416,Paris-6ed0,-9,28,Normal
2026-02-14 04:36:10.011416,Paris-6ed0,-9,71,Normal
2026-02-14 04:36:11.011416,Paris-6ed0,0,88,Normal
2026-02-14 04:36:12.011416,Paris-6ed0,43,67,Normal
2026-02-14 04:36:13.011416,Paris-6ed0,-28,67,Normal
2026-02-14 04:36:14.011416,Paris-6ed0,11,67,Normal
2026-02-14 04:36:15.011416,Paris-6ed0,19,3,Normal
2026-02-14 04:36:16.011416,Paris-6ed0,-26,10,Normal
2026-02-14 04:36:17.011416,Paris-6ed0,21,61,Normal
2026-02-14 04:36:18.011416,Paris-6ed0,20,52,Normal
2026-02-14 04:36:19.011416,Paris-6ed0,-22,16,Normal
2026-02-14 04:36:20.011416,Paris-6ed0,2,47,Normal
2026-02-14 04:36:21.011416,Paris-6ed0,30,14,Normal
2026-02-14 04:36:22.011416,Paris-6ed0,43,12,Normal
2026-02-14 04:36:23.011416,Paris-6ed0,8,34,Normal
2026-02-14 04:36:24.011416,Paris-6ed0,2,80,Normal
2026-02-14 04:36:25.011416,Paris-6ed0,-17,7,Normal
2026-02-14 04:36:26.011416,Paris-6ed0,-1,36,Normal
2026-02-14 04:36:27.011416,Paris-6ed0,12,13,Normal
2026-02-14 04:36:28.011416,Paris-6ed0,-24,23,Normal
2026-02-14 04:36:29.011416,Paris-6ed0,10,13,Normal
2026-02-14 04:36:30.011416,Paris-6ed0,-22,10,Normal
2026-02-14 04:36:31.011416,Paris-6ed0,34,63,Normal
2026-02-14 04:36:32.011416,Paris-6ed0,-20,21,Normal
2026-02-14 04:36:33.011416,Paris-6ed0,-10,11,Normal
2026-02-14 04:36:34.011416,Paris-6ed0,-28,36,Normal
2026-02-14 04:36:35.011416,Paris-6ed0,48,67,Normal
2026-02-14 04:36:36.011416,Paris-6ed0,-1,96,Normal
2026-02-14 04:36:37.011416,Paris-6ed0,6,82,Normal
2026-02-14 04:36:38.011416,Paris-6ed0,-21,39,Normal
2026-02-14 04:36:39.011416,Paris-6ed0,-29,43,Normal
2026-02-14 04:36:40.011416,Paris-6ed0,8,42,Normal
2026-02-14 04:36:41.011416,Paris-6ed0,-3,84,Normal
2026-02-14 04:36:42.011416,Paris-6ed0,43,9,Normal
2026-02-14 04:36:43.011416,Paris-6ed0,33,80,Normal
2026-02-14 04:36:44.011416,Paris-6ed0,15,17,Normal
2026-02-14 04:36:45.011416,Paris-6ed0,11,13,Normal
2026-02-14 04:36:46.011416,Paris-6ed0,12,84,Normal
2026-02-14 04:36:47.011416,Paris-6ed0,-11,9,Normal
2026-02-14 04:36:48.011416,Paris-6ed0,21,78,Normal
2026-02-14 04:36:49.011416,Paris-6ed0,5,89,Normal
2026-02-14 04:36:50.011416,Paris-6ed0,10,54,Normal
2026-02-14 04:36:51.011416,Paris-6ed0,44,33,Normal
2026-02-14 04:36:52.011416,Paris-6ed0,25,84,Normal
2026-02-14 04:36:53.011416,Paris-6ed0,16,56,Normal
2026-02-14 04:36:54.011416,Paris-6ed0,0,75,Normal
2026-02-14 04:36:55.011416,Paris-6ed0,37,12,Normal
2026-02-14 04:36:56.011416,Paris-6ed0,15,40,Normal
2026-02-14 04:36:57.011416,Paris-6ed0,35,46,Normal
2026-02-14 04:36:58.011416,Paris-6ed0,21,28,Normal
2026-02-14 04:36:59.011416,Paris-6ed0,1,78,Normal
2026-02-14 04:37:00.011416,Paris-6ed0,46,42,Normal
2026-02-14 04:37:01.011416,Paris-6ed0,-9,1,Normal
2026-02-14 04:37:02.011416,Paris-6ed0,-8,84,Normal
2026-02-14 04:37:03.011416,Paris-6ed0,9,25,Normal
2026-02-14 04:37:04.011416,Paris-6ed0,-23,97,Normal
2026-02-14 04:37:05.011416,Paris-6ed0,20,71,Normal
2026-02-14 04:37:06.011416,Paris-6ed0,13,51,Normal
2026-02-14 04:37:07.011416,Paris-6ed0,19,65,Normal
2026-02-14 04:37:08.011416,Paris-6ed0,42,9,Normal
2026-02-14 04:37:09.011416,Paris-6ed0,-8,78,Normal
2026-02-14 04:37:10.011416,Paris-6ed0,-30,47,Normal
2026-02-14 04:37:11.011416,Paris-6ed0,19,79,Normal
2026-02-14 04:37:12.011416,Paris-6ed0,21,4,Normal
2026-02-14 04:37:13.011416,Paris-6ed0,47,27,Normal
2026-02-14 04:37:14.011416,Paris-6ed0,25,48,Normal
2026-02-14 04:37:15.011416,Paris-6ed0,13,20,Normal
2026-02-14 04:37:16.011416,Paris-6ed0,21,90,Normal
2026-02-14 04:37:17.011416,Paris-6ed0,19,79,Normal
2026-02-14 04:37:18.011416,Paris-6ed0,18,9,Normal
2026-02-14 04:37:19.011416,Paris-6ed0,-6,20,Normal
2026-02-14 04:37:20.011416,Paris-6ed0,19,89,Normal
2026-02-14 04:37:21.011416,Paris-6ed0,-22,91,Normal
2026-02-14 04:37:22.011416,Paris-6ed0,43,90,Normal
2026-02-14 04:37:23.011416,Paris-6ed0,15,98,Normal
2026-02-14 04:37:24.011416,Paris-6ed0,-4,50,Normal
2026-02-14 04:37:25.011416,Paris-6ed0,-23,83,Normal
2026-02-14 04:37:26.011416,Paris-6ed0,8,25,Normal
2026-02-14 04:37:27.011416,Paris-6ed0,-18,12,Normal
2026-02-14 04:37:28.011416,Paris-6ed0,-21,20,Normal
2026-02-14 04:37:29.011416,Paris-6ed0,-9,34,Normal
2026-02-14 04:37:30.011416,Paris-6ed0,49,20,Normal
2026-02-14 04:37:31.011416,Paris-6ed0,40,59,Normal
2026-02-14 04:37:32.011416,Paris-6ed0,36,57,Normal
2026-02-14 04:37:33.011416,Paris-6ed0,37,31,Normal
2026-02-14 04:37:34.011416,Paris-6ed0,-30,24,Normal
2026-02-14 04:37:35.011416,Paris-6ed0,-18,68,Normal
2026-02-14 04:37:36.011416,Paris-6ed0,-18,60,Normal
2026-02-14 04:37:37.011416,Paris-6ed0,45,42,Normal
2026-02-14 04:37:38.011416,Paris-6ed0,30,59,Normal
2026-02-14 04:37:39.011416,Paris-6ed0,-7,72,Normal
2026-02-14 04:37:40.011416,Paris-6ed0,-10,69,Normal
2026-02-14 04:37:41.011416,Paris-6ed0,50,5,Normal
2026-02-14 04:37:42.011416,Paris-6ed0,2,34,Normal
2026-02-14 04:37:43.011416,Paris-6ed0,49,94,Normal
2026-02-14 04:37:44.011416,Paris-6ed0,46,75,Normal
2026-02-14 04:37:45.011416,Paris-6ed0,39,32,Normal
2026-02-14 04:37:46.011416,Paris-6ed0,47,32,Normal
2026-02-14 04:37:47.011416,Paris-6ed0,-23,72,Normal
2026-02-14 04:37:48.011416,Paris-6ed0,5,42,Normal
2026-02-14 04:37:49.011416,Paris-6ed0,-20,31,Normal
2026-02-14 04:37:50.011416,Paris-6ed0,-2,10,Normal
2026-02-14 04:37:51.011416,Paris-6ed0,27,82,Normal
2026-02-14 04:37:52.011416,Paris-6ed0,-26,24,Normal
2026-02-14 04:37:53.011416,Paris-6ed0,15,14,Normal
2026-02-14 04:37:54.011416,Paris-6ed0,18,87,Normal
2026-02-14 04:37:55.011416,Paris-6ed0,-11,34,Normal
2026-02-14 04:37:56.011416,Paris-6ed0,1,8,Normal
2026-02-14 04:37:57.011416,Paris-6ed0,32,15,Normal
2026-02-14 04:37:58.011416,Paris-6ed0,18,58,Normal
2026-02-14 04:37:59.011416,Paris-6ed0,11,56,Normal
2026-02-14 04:38:00.011416,Paris-6ed0,42,20,Normal
2026-02-14 04:38:01.011416,Paris-6ed0,-15,14,Normal
2026-02-14 04:38:02.011416,Paris-6ed0,8,20,Normal
2026-02-14 04:38:03.011416,Paris-6ed0,-10,13,Normal
2026-02-14 04:38:04.011416,Paris-6ed0,-28,40,Normal
2026-02-14 04:38:05.011416,Paris-6ed0,40,57,Normal
2026-02-14 04:38:06.011416,Paris-6ed0,18,97,Normal
2026-02-14 04:38:07.011416,Paris-6ed0,32,72,Normal
2026-02-14 04:38:08.011416,Paris-6ed0,5,3,Normal
2026-02-14 04:38:09.011416,Paris-6ed0,-19,59,Normal
2026-02-14 04:38:10.011416,Paris-6ed0,31,99,Normal
2026-02-14 04:38:11.011416,Paris-6ed0,16,30,Normal
2026-02-14 04:38:12.011416,Paris-6ed0,-23,10,Normal
2026-02-14 04:38:13.011416,Paris-6ed0,40,73,Normal
2026-02-14 04:38:14.011416,Paris-6ed0,-11,55,Normal
2026-02-14 04:38:15.011416,Paris-6ed0,-23,47,Normal
2026-02-14 04:38:16.011416,Paris-6ed0,-17,40,Normal
2026-02-14 04:38:17.011416,Paris-6ed0,-20,41,Normal
2026-02-14 04:38:18.011416,Paris-6ed0,25,64,Normal
2026-02-14 04:38:19.011416,Paris-6ed0,37,58,Normal
2026-02-14 04:38:20.011416,Paris-6ed0,26,89,Normal
2026-02-14 04:38:21.011416,Paris-6ed0,16,22,Normal
2026-02-14 04:38:22.011416,Paris-6ed0,3,85,Normal
2026-02-14 04:38:23.011416,Paris-6ed0,18,43,Normal
2026-02-14 04:38:24.011416,Paris-6ed0,0,10,Normal
2026-02-14 04:38:25.011416,Paris-6ed0,11,54,Normal
2026-02-14 04:38:26.011416,Paris-6ed0,-10,3,Normal
2026-02-14 04:38:27.011416,Paris-6ed0,29,78,Normal
2026-02-14 04:38:28.011416,Paris-6ed0,32,43,Normal
2026-02-14 04:38:29.011416,Paris-6ed0,15,75,Normal
2026-02-14 04:38:30.011416,Paris-6ed0,6,5,Normal
2026-02-14 04:38:31.011416,Paris-6ed0,-21,88,Normal
2026-02-14 04:38:32.011416,Paris-6ed0,32,33,Normal
2026-02-14 04:38:33.011416,Paris-6ed0,17,41,Normal
2026-02-14 04:38:34.011416,Paris-6ed0,33,68,Normal
2026-02-14 04:38:35.011416,Paris-6ed0,36,15,Normal
2026-02-14 04:38:36.011416,Paris-6ed0,27,28,Normal
2026-02-14 04:38:37.011416,Paris-6ed0,-11,63,Normal
2026-02-14 04:38:38.011416,Paris-6ed0,47,99,Normal
2026-02-14 04:38:39.011416,Paris-6ed0,-16,36,Normal
2026-02-14 04:38:40.011416,Paris-6ed0,-23,19,Normal
2026-02-14 04:38:41.011416,Paris-6ed0,15,4,Normal
2026-02-14 04:38:42.011416,Paris-6ed0,-27,74,Normal
2026-02-14 04:38:43.011416,Paris-6ed0,-28,62,Normal
2026-02-14 04:38:44.011416,Paris-6ed0,42,44,Normal
2026-02-14 04:38:45.011416,Paris-6ed0,27,48,Normal
2026-02-14 04:38:46.011416,Paris-6ed0,24,1,Normal
2026-02-14 04:38:47.011416,Paris-6ed0,41,68,Normal
2026-02-14 04:38:48.011416,Paris-6ed0,42,27,Normal
2026-02-14 04:38:49.011416,Paris-6ed0,30,62,Normal
2026-02-14 04:38:50.011416,Paris-6ed0,24,95,Normal
2026-02-14 04:38:51.011416,Paris-6ed0,26,52,Normal
2026-02-14 04:38:52.011416,Paris-6ed0,-13,55,Normal
2026-02-14 04:38:53.011416,Paris-6ed0,25,87,Normal
2026-02-14 04:38:54.011416,Paris-6ed0,-24,33,Normal
2026-02-14 04:38:55.011416,Paris-6ed0,38,13,Normal
2026-02-14 04:38:56.011416,Paris-6ed0,21,80,Normal
2026-02-14 04:38:57.011416,Paris-6ed0,48,37,Normal
2026-02-14 04:38:58.011416,Paris-6ed0,15,7,Normal
2026-02-14 04:38:59.011416,Paris-6ed0,-2,89,Normal
2026-02-14 04:39:00.011416,Paris-6ed0,-19,27,Normal
2026-02-14 04:39:01.011416,Paris-6ed0,-12,81,Normal
2026-02-14 04:39:02.011416,Paris-6ed0,-25,75,Normal
2026-02-14 04:39:03.011416,Paris-6ed0,18,92,Normal
2026-02-14 04:39:04.011416,Paris-6ed0,-25,60,Normal
2026-02-14 04:39:05.011416,Paris-6ed0,19,68,Normal
2026-02-14 04:39:06.011416,Paris-6ed0,-21,75,Normal
2026-02-14 04:39:07.011416,Paris-6ed0,-23,98,Normal
2026-02-14 04:39:08.011416,Paris-6ed0,-29,26,Normal
2026-02-14 04:39:09.011416,Paris-6ed0,18,92,Normal
2026-02-14 04:39:10.011416,Paris-6ed0,28,68,Normal
2026-02-14 04:39:11.011416,Paris-6ed0,33,52,Normal
2026-02-14 04:39:12.011416,Paris-6ed0,-4,10,Normal
2026-02-14 04:39:13.011416,Paris-6ed0,39,85,Normal
2026-02-14 04:39:14.011416,Paris-6ed0,-15,97,Normal
2026-02-14 04:39:15.011416,Paris-6ed0,31,2,Normal
2026-02-14 04:39:16.011416,Paris-6ed0,21,62,Normal
2026-02-14 04:39:17.011416,Paris-6ed0,-27,33,Normal
2026-02-14 04:39:18.011416,Paris-6ed0,-26,60,Normal
2026-02-14 04:39:19.011416,Paris-6ed0,-15,57,Normal
2026-02-14 04:39:20.011416,Paris-6ed0,44,63,Normal
2026-02-14 04:39:21.011416,Paris-6ed0,-29,96,Normal
2026-02-14 04:39:22.011416,Paris-6ed0,46,68,Normal
2026-02-14 04:39:23.011416,Paris-6ed0,17,2,Normal
2026-02-14 04:39:24.011416,Paris-6ed0,45,62,Normal
2026-02-14 04:39:25.011416,Paris-6ed0,13,67,Normal
2026-02-14 04:39:26.011416,Paris-6ed0,24,24,Normal
2026-02-14 04:39:27.011416,Paris-6ed0,34,9,Normal
2026-02-14 04:39:28.011416,Paris-6ed0,20,2,Normal
2026-02-14 04:39:29.011416,Paris-6ed0,-13,96,Normal
2026-02-14 04:39:30.011416,Paris-6ed0,35,6,Normal
2026-02-14 04:39:31.011416,Paris-6ed0,-27,8,Normal
2026-02-14 04:39:32.011416,Paris-6ed0,10,13,Normal
2026-02-14 04:39:33.011416,Paris-6ed0,-18,15,Normal
2026-02-14 04:39:34.011416,Paris-6ed0,47,0,Normal
2026-02-14 04:39:35.011416,Paris-6ed0,-18,76,Normal
2026-02-14 04:39:36.011416,Paris-6ed0,24,71,Normal
2026-02-14 04:39:37.011416,Paris-6ed0,-2,47,Normal
2026-02-14 04:39:38.011416,Paris-6ed0,18,49,Normal
2026-02-14 04:39:39.011416,Paris-6ed0,23,85,Normal
2026-02-14 04:39:40.011416,Paris-6ed0,-19,12,Normal
2026-02-14 04:39:41.011416,Paris-6ed0,16,44,Normal
2026-02-14 04:39:42.011416,Paris-6ed0,41,31,Normal
2026-02-14 04:39:43.011416,Paris-6ed0,50,95,Normal
2026-02-14 04:39:44.011416,Paris-6ed0,14,14,Normal
2026-02-14 04:39:45.011416,Paris-6ed0,-21,29,Normal
2026-02-14 04:39:46.011416,Paris-6ed0,29,84,Normal
2026-02-14 04:39:47.011416,Paris-6ed0,-1,96,Normal
2026-02-14 04:39:48.011416,Paris-6ed0,-21,48,Normal
2026-02-14 04:39:49.011416,Paris-6ed0,18,87,Normal
2026-02-14 04:39:50.011416,Paris-6ed0,9,34,Normal
2026-02-14 04:39:51.011416,Paris-6ed0,12,22,Normal
2026-02-14 04:39:52.011416,Paris-6ed0,-7,90,Normal
2026-02-14 04:39:53.011416,Paris-6ed0,41,19,Normal
2026-02-14 04:39:54.011416,Paris-6ed0,-24,51,Normal
2026-02-14 04:39:55.011416,Paris-6ed0,28,65,Normal
2026-02-14 04:39:56.011416,Paris-6ed0,-25,7,Normal
2026-02-14 04:39:57.011416,Paris-6ed0,24,31,Normal
2026-02-14 04:39:58.011416,Paris-6ed0,20,17,Normal
2026-02-14 04:39:59.011416,Paris-6ed0,-12,58,Normal
2026-02-14 04:40:00.011416,Paris-6ed0,48,34,Normal
2026-02-14 04:40:01.011416,Paris-6ed0,-28,64,Normal
2026-02-14 04:40:02.011416,Paris-6ed0,43,26,Normal
2026-02-14 04:40:03.011416,Paris-6ed0,33,75,Normal
2026-02-14 04:40:04.011416,Paris-6ed0,36,96,Normal
2026-02-14 04:40:05.011416,Paris-6ed0,9,42,Normal
2026-02-14 04:40:06.011416,Paris-6ed0,-9,14,Normal
2026-02-14 04:40:07.011416,Paris-6ed0,12,14,Normal
2026-02-14 04:40:08.011416,Paris-6ed0,31,26,Normal
2026-02-14 04:40:09.011416,Paris-6ed0,-27,94,Normal
2026-02-14 04:40:10.011416,Paris-6ed0,5,77,Normal
2026-02-14 04:40:11.011416,Paris-6ed0,-18,63,Normal
2026-02-14 04:40:12.011416,Paris-6ed0,-28,1,Normal
2026-02-14 04:40:13.011416,Paris-6ed0,-9,27,Normal
2026-02-14 04:40:14.011416,Paris-6ed0,33,3,Normal
2026-02-14 04:40:15.011416,Paris-6ed0,21,54,Normal
2026-02-14 04:40:16.011416,Paris-6ed0,22,100,Normal
2026-02-14 04:40:17.011416,Paris-6ed0,0,86,Normal
2026-02-14 04:40:18.011416,Paris-6ed0,13,19,Normal
2026-02-14 04:40:19.011416,Paris-6ed0,50,28,Normal
2026-02-14 04:40:20.011416,Paris-6ed0,-7,25,Normal
2026-02-14 04:40:21.011416,Paris-6ed0,-20,61,Normal
2026-02-14 04:40:22.011416,Paris-6ed0,-13,10,Normal
2026-02-14 04:40:23.011416,Paris-6ed0,9,5,Normal
2026-02-14 04:40:24.011416,Paris-6ed0,-14,93,Normal
2026-02-14 04:40:25.011416,Paris-6ed0,9,95,Normal
2026-02-14 04:40:26.011416,Paris-6ed0,29,55,Normal
2026-02-14 04:40:27.011416,Paris-6ed0,20,16,Normal
2026-02-14 04:40:28.011416,Paris-6ed0,-12,38,Normal
2026-02-14 04:40:29.011416,Paris-6ed0,-14,91,Normal
2026-02-14 04:40:30.011416,Paris-6ed0,-7,21,Normal
2026-02-14 04:40:31.011416,Paris-6ed0,-1,53,Normal
2026-02-14 04:40:32.011416,Paris-6ed0,36,52,Normal
2026-02-14 04:40:33.011416,Paris-6ed0,10,41,Normal
2026-02-14 04:40:34.011416,Paris-6ed0,2,60,Normal
2026-02-14 04:40:35.011416,Paris-6ed0,14,15,Normal
2026-02-14 04:40:36.011416,Paris-6ed0,10,78,Normal
2026-02-14 04:40:37.011416,Paris-6ed0,11,42,Normal
2026-02-14 04:40:38.011416,Paris-6ed0,47,29,Normal
2026-02-14 04:40:39.011416,Paris-6ed0,-25,39,Normal
2026-02-14 04:40:40.011416,Paris-6ed0,-14,90,Normal
2026-02-14 04:40:41.011416,Paris-6ed0,5,21,Normal
2026-02-14 04:40:42.011416,Paris-6ed0,39,78,Normal
2026-02-14 04:40:43.011416,Paris-6ed0,24,65,Normal
2026-02-14 04:40:44.011416,Paris-6ed0,29,68,Normal
2026-02-14 04:40:45.011416,Paris-6ed0,46,53,Normal
2026-02-14 04:40:46.011416,Paris-6ed0,15,85,Normal
2026-02-14 04:40:47.011416,Paris-6ed0,-29,55,Normal
2026-02-14 04:40:48.011416,Paris-6ed0,0,12,Normal
2026-02-14 04:40:49.011416,Paris-6ed0,42,46,Normal
2026-02-14 04:40:50.011416,Paris-6ed0,14,92,Normal
2026-02-14 04:40:51.011416,Paris-6ed0,4,4,Normal
2026-02-14 04:40:52.011416,Paris-6ed0,-19,66,Normal
2026-02-14 04:40:53.011416,Paris-6ed0,-4,4,Normal
2026-02-14 04:40:54.011416,Paris-6ed0,4,80,Normal
2026-02-14 04:40:55.011416,Paris-6ed0,-5,99,Normal
2026-02-14 04:40:56.011416,Paris-6ed0,20,96,Normal
2026-02-14 04:40:57.011416,Paris-6ed0,33,0,Normal
2026-02-14 04:40:58.011416,Paris-6ed0,-12,16,Normal
2026-02-14 04:40:59.011416,Paris-6ed0,-9,55,Normal
2026-02-14 04:41:00.011416,Paris-6ed0,29,18,Normal
2026-02-14 04:41:01.011416,Paris-6ed0,-7,49,Normal
2026-02-14 04:41:02.011416,Paris-6ed0,27,97,Normal
2026-02-14 04:41:03.011416,Paris-6ed0,35,48,Normal
2026-02-14 04:41:04.011416,Paris-6ed0,-18,62,Normal
2026-02-14 04:41:05.011416,Paris-6ed0,4,8,Normal
2026-02-14 04:41:06.011416,Paris-6ed0,31,5,Normal
2026-02-14 04:41:07.011416,Paris-6ed0,45,29,Normal
2026-02-14 04:41:08.011416,Paris-6ed0,-30,61,Normal
2026-02-14 04:41:09.011416,Paris-6ed0,39,96,Normal
2026-02-14 04:41:10.011416,Paris-6ed0,-13,66,Normal
2026-02-14 04:41:11.011416,Paris-6ed0,-17,86,Normal
2026-02-14 04:41:12.011416,Paris-6ed0,47,43,Normal
2026-02-14 04:41:13.011416,Paris-6ed0,1,24,Normal
2026-02-14 04:41:14.011416,Paris-6ed0,23,4,Normal
2026-02-14 04:41:15.011416,Paris-6ed0,-3,64,Normal
2026-02-14 04:41:16.011416,Paris-6ed0,4,74,Normal
2026-02-14 04:41:17.011416,Paris-6ed0,-27,25,Normal
2026-02-14 04:41:18.011416,Paris-6ed0,38,56,Normal
2026-02-14 04:41:19.011416,Paris-6ed0,11,35,Normal
2026-02-14 04:41:20.011416,Paris-6ed0,33,63,Normal
2026-02-14 04:41:21.011416,Paris-6ed0,-21,15,Normal
2026-02-14 04:41:22.011416,Paris-6ed0,-30,68,Normal
2026-02-14 04:41:23.011416,Paris-6ed0,20,11,Normal
2026-02-14 04:41:24.011416,Paris-6ed0,27,21,Normal
2026-02-14 04:41:25.011416,Paris-6ed0,-27,69,Normal
2026-02-14 04:41:26.011416,Paris-6ed0,43,83,Normal
2026-02-14 04:41:27.011416,Paris-6ed0,-27,10,Normal
2026-02-14 04:41:28.011416,Paris-6ed0,41,14,Normal
2026-02-14 04:41:29.011416,Paris-6ed0,8,7,Normal
2026-02-14 04:41:30.011416,Paris-6ed0,36,48,Normal
2026-02-14 04:41:31.011416,Paris-6ed0,48,66,Normal
2026-02-14 04:41:32.011416,Paris-6ed0,8,33,Normal
2026-02-14 04:41:33.011416,Paris-6ed0,4,97,Normal
2026-02-14 04:41:34.011416,Paris-6ed0,-11,64,Normal
2026-02-14 04:41:35.011416,Paris-6ed0,45,87,Normal
2026-02-14 04:41:36.011416,Paris-6ed0,-7,19,Normal
2026-02-14 04:41:37.011416,Paris-6ed0,-28,64,Normal
2026-02-14 04:41:38.011416,Paris-6ed0,-27,97,Normal
2026-02-14 04:41:39.011416,Paris-6ed0,32,29,Normal
2026-02-14 04:41:40.011416,Paris-6ed0,39,32,Normal
2026-02-14 04:41:41.011416,Paris-6ed0,1,35,Normal
2026-02-14 04:41:42.011416,Paris-6ed0,39,27,Normal
2026-02-14 04:41:43.011416,Paris-6ed0,17,50,Normal
2026-02-14 04:41:44.011416,Paris-6ed0,-9,67,Normal
2026-02-14 04:41:45.011416,Paris-6ed0,20,59,Normal
2026-02-14 04:41:46.011416,Paris-6ed0,-9,59,Normal
2026-02-14 04:41:47.011416,Paris-6ed0,27,40,Normal
2026-02-14 04:41:48.011416,Paris-6ed0,0,44,Normal
2026-02-14 04:41:49.011416,Paris-6ed0,14,45,Normal
2026-02-14 04:41:50.011416,Paris-6ed0,47,56,Normal
2026-02-14 04:41:51.011416,Paris-6ed0,-3,85,Normal
2026-02-14 04:41:52.011416,Paris-6ed0,36,84,Normal
2026-02-14 04:41:53.011416,Paris-6ed0,25,52,Normal
2026-02-14 04:41:54.011416,Paris-6ed0,-21,96,Normal
2026-02-14 04:41:55.011416,Paris-6ed0,33,36,Normal
2026-02-14 04:41:56.011416,Paris-6ed0,-16,97,Normal
2026-02-14 04:41:57.011416,Paris-6ed0,-28,76,Normal
2026-02-14 04:41:58.011416,Paris-6ed0,-20,98,Normal
2026-02-14 04:41:59.011416,Paris-6ed0,1,30,Normal
2026-02-14 04:42:00.011416,Paris-6ed0,14,36,Normal
2026-02-14 04:42:01.011416,Paris-6ed0,26,93,Normal
2026-02-14 04:42:02.011416,Paris-6ed0,-26,85,Normal
2026-02-14 04:42:03.011416,Paris-6ed0,20,15,Normal
2026-02-14 04:42:04.011416,Paris-6ed0,-23,40,Normal
2026-02-14 04:42:05.011416,Paris-6ed0,32,6,Normal
2026-02-14 04:42:06.011416,Paris-6ed0,-22,45,Normal
2026-02-14 04:42:07.011416,Paris-6ed0,35,71,Normal
2026-02-14 04:42:08.011416,Paris-6ed0,23,67,Normal
2026-02-14 04:42:09.011416,Paris-6ed0,-18,17,Normal
2026-02-14 04:42:10.011416,Paris-6ed0,-11,2,Normal
2026-02-14 04:42:11.011416,Paris-6ed0,6,99,Normal
2026-02-14 04:42:12.011416,Paris-6ed0,48,24,Normal
2026-02-14 04:42:13.011416,Paris-6ed0,17,20,Normal
2026-02-14 04:42:14.011416,Paris-6ed0,8,51,Normal
2026-02-14 04:42:15.011416,Paris-6ed0,-23,10,Normal
2026-02-14 04:42:16.011416,Paris-6ed0,35,34,Normal
2026-02-14 04:42:17.011416,Paris-6ed0,17,35,Normal
2026-02-14 04:42:18.011416,Paris-6ed0,25,96,Normal
2026-02-14 04:42:19.011416,Paris-6ed0,-3,36,Normal
2026-02-14 04:42:20.011416,Paris-6ed0,24,69,Normal
2026-02-14 04:42:21.011416,Paris-6ed0,-29,55,Normal
2026-02-14 04:42:22.011416,Paris-6ed0,26,96,Normal
2026-02-14 04:42:23.011416,Paris-6ed0,28,17,Normal
2026-02-14 04:42:24.011416,Paris-6ed0,20,17,Normal
2026-02-14 04:42:25.011416,Paris-6ed0,49,24,Normal
2026-02-14 04:42:26.011416,Paris-6ed0,7,0,Normal
2026-02-14 04:42:27.011416,Paris-6ed0,-15,58,Normal
2026-02-14 04:42:28.011416,Paris-6ed0,27,63,Normal
2026-02-14 04:42:29.011416,Paris-6ed0,14,17,Normal
2026-02-14 04:42:30.011416,Paris-6ed0,-6,36,Normal
2026-02-14 04:42:31.011416,Paris-6ed0,-2,97,Normal
2026-02-14 04:42:32.011416,Paris-6ed0,26,21,Normal
2026-02-14 04:42:33.011416,Paris-6ed0,-5,60,Normal
2026-02-14 04:42:34.011416,Paris-6ed0,40,51,Normal
2026-02-14 04:42:35.011416,Paris-6ed0,46,13,Normal
2026-02-14 04:42:36.011416,Paris-6ed0,-21,82,Normal
2026-02-14 04:42:37.011416,Paris-6ed0,43,51,Normal
2026-02-14 04:42:38.011416,Paris-6ed0,42,32,Normal
2026-02-14 04:42:39.011416,Paris-6ed0,40,33,Normal
2026-02-14 04:42:40.011416,Paris-6ed0,26,19,Normal
2026-02-14 04:42:41.011416,Paris-6ed0,14,40,Normal
2026-02-14 04:42:42.011416,Paris-6ed0,43,57,Normal
2026-02-14 04:42:43.011416,Paris-6ed0,3,90,Normal
2026-02-14 04:42:44.011416,Paris-6ed0,46,67,Normal
2026-02-14 04:42:45.011416,Paris-6ed0,7,75,Normal
2026-02-14 04:42:46.011416,Paris-6ed0,11,74,Normal
2026-02-14 04:42:47.011416,Paris-6ed0,32,88,Normal
2026-02-14 04:42:48.011416,Paris-6ed0,6,12,Normal
2026-02-14 04:42:49.011416,Paris-6ed0,-13,89,Normal
2026-02-14 04:42:50.011416,Paris-6ed0,11,88,Normal
2026-02-14 04:42:51.011416,Paris-6ed0,45,75,Normal
2026-02-14 04:42:52.011416,Paris-6ed0,28,91,Normal
2026-02-14 04:42:53.011416,Paris-6ed0,-17,60,Normal
2026-02-14 04:42:54.011416,Paris-6ed0,-4,0,Normal
2026-02-14 04:42:55.011416,Paris-6ed0,-3,59,Normal
2026-02-14 04:42:56.011416,Paris-6ed0,47,79,Normal
2026-02-14 04:42:57.011416,Paris-6ed0,14,72,Normal
2026-02-14 04:42:58.011416,Paris-6ed0,-29,78,Normal
2026-02-14 04:42:59.011416,Paris-6ed0,15,94,Normal
2026-02-14 04:43:00.011416,Paris-6ed0,23,12,Normal
2026-02-14 04:43:01.011416,Paris-6ed0,-5,8,Normal
2026-02-14 04:43:02.011416,Paris-6ed0,30,19,Normal
2026-02-14 04:43:03.011416,Paris-6ed0,3,26,Normal
2026-02-14 04:43:04.011416,Paris-6ed0,-10,26,Normal
2026-02-14 04:43:05.011416,Paris-6ed0,15,25,Normal
2026-02-14 04:43:06.011416,Paris-6ed0,16,49,Normal
2026-02-14 04:43:07.011416,Paris-6ed0,43,38,Normal
2026-02-14 04:43:08.011416,Paris-6ed0,13,62,Normal
2026-02-14 04:43:09.011416,Paris-6ed0,-26,8,Normal
2026-02-14 04:43:10.011416,Paris-6ed0,-5,74,Normal
2026-02-14 04:43:11.011416,Paris-6ed0,-10,89,Normal
2026-02-14 04:43:12.011416,Paris-6ed0,15,55,Normal
2026-02-14 04:43:13.011416,Paris-6ed0,19,69,Normal
2026-02-14 04:43:14.011416,Paris-6ed0,-12,4,Normal
2026-02-14 04:43:15.011416,Paris-6ed0,31,2,Normal
2026-02-14 04:43:16.011416,Paris-6ed0,15,18,Normal
2026-02-14 04:43:17.011416,Paris-6ed0,5,48,Normal
2026-02-14 04:43:18.011416,Paris-6ed0,-4,41,Normal
2026-02-14 04:43:19.011416,Paris-6ed0,-10,79,Normal
2026-02-14 04:43:20.011416,Paris-6ed0,48,34,Normal
2026-02-14 04:43:21.011416,Paris-6ed0,44,86,Normal
2026-02-14 04:43:22.011416,Paris-6ed0,37,38,Normal
2026-02-14 04:43:23.011416,Paris-6ed0,30,43,Normal
2026-02-14 04:43:24.011416,Paris-6ed0,0,44,Normal
2026-02-14 04:43:25.011416,Paris-6ed0,34,69,Normal
2026-02-14 04:43:26.011416,Paris-6ed0,-30,11,Normal
2026-02-14 04:43:27.011416,Paris-6ed0,10,74,Normal
2026-02-14 04:43:28.011416,Paris-6ed0,5,18,Normal
2026-02-14 04:43:29.011416,Paris-6ed0,22,68,Normal
2026-02-14 04:43:30.011416,Paris-6ed0,-22,91,Normal
2026-02-14 04:43:31.011416,Paris-6ed0,26,84,Normal
2026-02-14 04:43:32.011416,Paris-6ed0,3,9,Normal
2026-02-14 04:43:33.011416,Paris-6ed0,48,75,Normal
2026-02-14 04:43:34.011416,Paris-6ed0,-9,57,Normal
2026-02-14 04:43:35.011416,Paris-6ed0,32,45,Normal
2026-02-14 04:43:36.011416,Paris-6ed0,11,90,Normal
2026-02-14 04:43:37.011416,Paris-6ed0,28,40,Normal
2026-02-14 04:43:38.011416,Paris-6ed0,10,9,Normal
2026-02-14 04:43:39.011416,Paris-6ed0,46,63,Normal
2026-02-14 04:43:40.011416,Paris-6ed0,6,73,Normal
2026-02-14 04:43:41.011416,Paris-6ed0,-23,0,Normal
2026-02-14 04:43:42.011416,Paris-6ed0,-24,88,Normal
2026-02-14 04:43:43.011416,Paris-6ed0,45,32,Normal
2026-02-14 04:43:44.011416,Paris-6ed0,3,4,Normal
2026-02-14 04:43:45.011416,Paris-6ed0,-9,33,Normal
2026-02-14 04:43:46.011416,Paris-6ed0,17,22,Normal
2026-02-14 04:43:47.011416,Paris-6ed0,48,78,Normal
2026-02-14 04:43:48.011416,Paris-6ed0,37,24,Normal
2026-02-14 04:43:49.011416,Paris-6ed0,20,39,Normal
2026-02-14 04:43:50.011416,Paris-6ed0,-11,86,Normal
2026-02-14 04:43:51.011416,Paris-6ed0,18,13,Normal
2026-02-14 04:43:52.011416,Paris-6ed0,-21,37,Normal
2026-02-14 04:43:53.011416,Paris-6ed0,12,38,Normal
2026-02-14 04:43:54.011416,Paris-6ed0,-10,50,Normal
2026-02-14 04:43:55.011416,Paris-6ed0,21,74,Normal
2026-02-14 04:43:56.011416,Paris-6ed0,-17,70,Normal
2026-02-14 04:43:57.011416,Paris-6ed0,22,31,Normal
2026-02-14 04:43:58.011416,Paris-6ed0,14,96,Normal
2026-02-14 04:43:59.011416,Paris-6ed0,12,49,Normal
2026-02-14 04:44:00.011416,Paris-6ed0,49,39,Normal
2026-02-14 04:44:01.011416,Paris-6ed0,40,95,Normal
2026-02-14 04:44:02.011416,Paris-6ed0,15,22,Normal
2026-02-14 04:44:03.011416,Paris-6ed0,11,74,Normal
2026-02-14 04:44:04.011416,Paris-6ed0,1,79,Normal
2026-02-14 04:44:05.011416,Paris-6ed0,11,10,Normal
2026-02-14 04:44:06.011416,Paris-6ed0,26,77,Normal
2026-02-14 04:44:07.011416,Paris-6ed0,39,84,Normal
2026-02-14 04:44:08.011416,Paris-6ed0,11,76,Normal
2026-02-14 04:44:09.011416,Paris-6ed0,-30,22,Normal
2026-02-14 04:44:10.011416,Paris-6ed0,7,72,Normal
2026-02-14 04:44:11.011416,Paris-6ed0,11,74,Normal
2026-02-14 04:44:12.011416,Paris-6ed0,-6,58,Normal
2026-02-14 04:44:13.011416,Paris-6ed0,-17,32,Normal
2026-02-14 04:44:14.011416,Paris-6ed0,-23,75,Normal
2026-02-14 04:44:15.011416,Paris-6ed0,-5,89,Normal
2026-02-14 04:44:16.011416,Paris-6ed0,-22,11,Normal
2026-02-14 04:44:17.011416,Paris-6ed0,39,21,Normal
2026-02-14 04:44:18.011416,Paris-6ed0,30,84,Normal
2026-02-14 04:44:19.011416,Paris-6ed0,0,85,Normal
2026-02-14 04:44:20.011416,Paris-6ed0,32,76,Normal
2026-02-14 04:44:21.011416,Paris-6ed0,-15,66,Normal
2026-02-14 04:44:22.011416,Paris-6ed0,13,36,Normal
2026-02-14 04:44:23.011416,Paris-6ed0,-2,37,Normal
2026-02-14 04:44:24.011416,Paris-6ed0,-17,49,Normal
2026-02-14 04:44:25.011416,Paris-6ed0,44,100,Normal
2026-02-14 04:44:26.011416,Paris-6ed0,-3,35,Normal
2026-02-14 04:44:27.011416,Paris-6ed0,47,11,Normal
2026-02-14 04:44:28.011416,Paris-6ed0,-12,75,Normal
2026-02-14 04:44:29.011416,Paris-6ed0,-15,45,Normal
2026-02-14 04:44:30.011416,Paris-6ed0,20,89,Normal
2026-02-14 04:44:31.011416,Paris-6ed0,9,56,Normal
2026-02-14 04:44:32.011416,Paris-6ed0,-22,46,Normal
2026-02-14 04:44:33.011416,Paris-6ed0,2,31,Normal
2026-02-14 04:44:34.011416,Paris-6ed0,9,89,Normal
2026-02-14 04:44:35.011416,Paris-6ed0,2,76,Normal
2026-02-14 04:44:36.011416,Paris-6ed0,46,20,Normal
2026-02-14 04:44:37.011416,Paris-6ed0,22,19,Normal
2026-02-14 04:44:38.011416,Paris-6ed0,-1,19,Normal
2026-02-14 04:44:39.011416,Paris-6ed0,-30,6,Normal
2026-02-14 04:44:40.011416,Paris-6ed0,-17,98,Normal
2026-02-14 04:44:41.011416,Paris-6ed0,17,20,Normal
2026-02-14 04:44:42.011416,Paris-6ed0,-16,73,Normal
2026-02-14 04:44:43.011416,Paris-6ed0,-27,5,Normal
2026-02-14 04:44:44.011416,Paris-6ed0,48,88,Normal
2026-02-14 04:44:45.011416,Paris-6ed0,16,8,Normal
2026-02-14 04:44:46.011416,Paris-6ed0,31,35,Normal
2026-02-14 04:44:47.011416,Paris-6ed0,-1,23,Normal
2026-02-14 04:44:48.011416,Paris-6ed0,3,62,Normal
2026-02-14 04:44:49.011416,Paris-6ed0,44,48,Normal
2026-02-14 04:44:50.011416,Paris-6ed0,4,74,Normal
2026-02-14 04:44:51.011416,Paris-6ed0,-14,64,Normal
2026-02-14 04:44:52.011416,Paris-6ed0,41,14,Normal
2026-02-14 04:44:53.011416,Paris-6ed0,-13,36,Normal
2026-02-14 04:44:54.011416,Paris-6ed0,-1,16,Normal
2026-02-14 04:44:55.011416,Paris-6ed0,20,37,Normal
2026-02-14 04:44:56.011416,Paris-6ed0,25,50,Normal
2026-02-14 04:44:57.011416,Paris-6ed0,-1,78,Normal
2026-02-14 04:44:58.011416,Paris-6ed0,14,26,Normal
2026-02-14 04:44:59.011416,Paris-6ed0,23,71,Normal
2026-02-14 04:45:00.011416,Paris-6ed0,12,42,Normal
2026-02-14 04:45:01.011416,Paris-6ed0,8,50,Normal
2026-02-14 04:45:02.011416,Paris-6ed0,-5,98,Normal
2026-02-14 04:45:03.011416,Paris-6ed0,-13,0,Normal
2026-02-14 04:45:04.011416,Paris-6ed0,6,39,Normal
2026-02-14 04:45:05.011416,Paris-6ed0,50,40,Normal
2026-02-14 04:45:06.011416,Paris-6ed0,2,0,Normal
2026-02-14 04:45:07.011416,Paris-6ed0,-8,88,Normal
2026-02-14 04:45:08.011416,Paris-6ed0,15,36,Normal
2026-02-14 04:45:09.011416,Paris-6ed0,-3,47,Normal
2026-02-14 04:45:10.011416,Paris-6ed0,-21,17,Normal
2026-02-14 04:45:11.011416,Paris-6ed0,23,30,Normal
2026-02-14 04:45:12.011416,Paris-6ed0,11,79,Normal
2026-02-14 04:45:13.011416,Paris-6ed0,6,34,Normal
2026-02-14 04:45:14.011416,Paris-6ed0,43,23,Normal
2026-02-14 04:45:15.011416,Paris-6ed0,33,27,Normal
2026-02-14 04:45:16.011416,Paris-6ed0,32,96,Normal
2026-02-14 04:45:17.011416,Paris-6ed0,9,71,Normal
2026-02-14 04:45:18.011416,Paris-6ed0,43,23,Normal
2026-02-14 04:45:19.011416,Paris-6ed0,-2,83,Normal
2026-02-14 04:45:20.011416,Paris-6ed0,21,66,Normal
2026-02-14 04:45:21.011416,Paris-6ed0,-10,34,Normal
2026-02-14 04:45:22.011416,Paris-6ed0,25,84,Normal
2026-02-14 04:45:23.011416,Paris-6ed0,-17,9,Normal
2026-02-14 04:45:24.011416,Paris-6ed0,19,32,Normal
2026-02-14 04:45:25.011416,Paris-6ed0,30,1,Normal
2026-02-14 04:45:26.011416,Paris-6ed0,-15,56,Normal
2026-02-14 04:45:27.011416,Paris-6ed0,-28,46,Normal
2026-02-14 04:45:28.011416,Paris-6ed0,40,78,Normal
2026-02-14 04:45:29.011416,Paris-6ed0,-8,34,Normal
2026-02-14 04:45:30.011416,Paris-6ed0,-10,85,Normal
2026-02-14 04:45:31.011416,Paris-6ed0,43,22,Normal
2026-02-14 04:45:32.011416,Paris-6ed0,32,31,Normal
2026-02-14 04:45:33.011416,Paris-6ed0,13,63,Normal
2026-02-14 04:45:34.011416,Paris-6ed0,26,6,Normal
2026-02-14 04:45:35.011416,Paris-6ed0,14,4,Normal
2026-02-14 04:45:36.011416,Paris-6ed0,15,14,Normal
2026-02-14 04:45:37.011416,Paris-6ed0,15,73,Normal
2026-02-14 04:45:38.011416,Paris-6ed0,15,33,Normal
2026-02-14 04:45:39.011416,Paris-6ed0,-13,9,Normal
2026-02-14 04:45:40.011416,Paris-6ed0,-2,97,Normal
2026-02-14 04:45:41.011416,Paris-6ed0,3,60,Normal
2026-02-14 04:45:42.011416,Paris-6ed0,42,75,Normal
2026-02-14 04:45:43.011416,Paris-6ed0,31,79,Normal
2026-02-14 04:45:44.011416,Paris-6ed0,-16,48,Normal
2026-02-14 04:45:45.011416,Paris-6ed0,-14,74,Normal
2026-02-14 04:45:46.011416,Paris-6ed0,-20,39,Normal
2026-02-14 04:45:47.011416,Paris-6ed0,5,96,Normal
2026-02-14 04:45:48.011416,Paris-6ed0,24,13,Normal
2026-02-14 04:45:49.011416,Paris-6ed0,3,15,Normal
2026-02-14 04:45:50.011416,Paris-6ed0,4,100,Normal
2026-02-14 04:45:51.011416,Paris-6ed0,-9,50,Normal
2026-02-14 04:45:52.011416,Paris-6ed0,25,78,Normal
2026-02-14 04:45:53.011416,Paris-6ed0,45,13,Normal
2026-02-14 04:45:54.011416,Paris-6ed0,-17,70,Normal
2026-02-14 04:45:55.011416,Paris-6ed0,6,39,Normal
2026-02-14 04:45:56.011416,Paris-6ed0,-26,78,Normal
2026-02-14 04:45:57.011416,Paris-6ed0,41,98,Normal
2026-02-14 04:45:58.011416,Paris-6ed0,14,47,Normal
2026-02-14 04:45:59.011416,Paris-6ed0,15,69,Normal
2026-02-14 04:46:00.011416,Paris-6ed0,-22,27,Normal
2026-02-14 04:46:01.011416,Paris-6ed0,19,84,Normal
2026-02-14 04:46:02.011416,Paris-6ed0,-25,90,Normal
2026-02-14 04:46:03.011416,Paris-6ed0,-8,65,Normal
2026-02-14 04:46:04.011416,Paris-6ed0,24,85,Normal
2026-02-14 04:46:05.011416,Paris-6ed0,14,13,Normal
2026-02-14 04:46:06.011416,Paris-6ed0,45,81,Normal
2026-02-14 04:46:07.011416,Paris-6ed0,11,37,Normal
2026-02-14 04:46:08.011416,Paris-6ed0,48,74,Normal
2026-02-14 04:46:09.011416,Paris-6ed0,41,47,Normal
2026-02-14 04:46:10.011416,Paris-6ed0,50,92,Normal
2026-02-14 04:46:11.011416,Paris-6ed0,3,44,Normal
2026-02-14 04:46:12.011416,Paris-6ed0,-21,35,Normal
2026-02-14 04:46:13.011416,Paris-6ed0,3,29,Normal
2026-02-14 04:46:14.011416,Paris-6ed0,-6,51,Normal
2026-02-14 04:46:15.011416,Paris-6ed0,12,54,Normal
2026-02-14 04:46:16.011416,Paris-6ed0,44,91,Normal
2026-02-14 04:46:17.011416,Paris-6ed0,18,43,Normal
2026-02-14 04:46:18.011416,Paris-6ed0,35,53,Normal
2026-02-14 04:46:19.011416,Paris-6ed0,-18,75,Normal
2026-02-14 04:46:20.011416,Paris-6ed0,-26,78,Normal
2026-02-14 04:46:21.011416,Paris-6ed0,49,88,Normal
2026-02-14 04:46:22.011416,Paris-6ed0,6,94,Normal
2026-02-14 04:46:23.011416,Paris-6ed0,-26,48,Normal
2026-02-14 04:46:24.011416,Paris-6ed0,25,20,Normal
2026-02-14 04:46:25.011416,Paris-6ed0,30,74,Normal
2026-02-14 04:46:26.011416,Paris-6ed0,27,64,Normal
2026-02-14 04:46:27.011416,Paris-6ed0,-29,64,Normal
2026-02-14 04:46:28.011416,Paris-6ed0,43,87,Normal
2026-02-14 04:46:29.011416,Paris-6ed0,37,35,Normal
2026-02-14 04:46:30.011416,Paris-6ed0,50,84,Normal
2026-02-14 04:46:31.011416,Paris-6ed0,1,2,Normal
2026-02-14 04:46:32.011416,Paris-6ed0,-28,38,Normal
2026-02-14 04:46:33.011416,Paris-6ed0,27,3,Normal
2026-02-14 04:46:34.011416,Paris-6ed0,2,52,Normal
2026-02-14 04:46:35.011416,Paris-6ed0,43,87,Normal
2026-02-14 04:46:36.011416,Paris-6ed0,-27,9,Normal
2026-02-14 04:46:37.011416,Paris-6ed0,50,16,Normal
2026-02-14 04:46:38.011416,Paris-6ed0,31,91,Normal
2026-02-14 04:46:39.011416,Paris-6ed0,41,47,Normal
2026-02-14 04:46:40.011416,Paris-6ed0,47,92,Normal
2026-02-14 04:46:41.011416,Paris-6ed0,15,20,Normal
2026-02-14 04:46:42.011416,Paris-6ed0,-9,88,Normal
2026-02-14 04:46:43.011416,Paris-6ed0,34,46,Normal
2026-02-14 04:46:44.011416,Paris-6ed0,5,49,Normal
2026-02-14 04:46:45.011416,Paris-6ed0,19,5,Normal
2026-02-14 04:46:46.011416,Paris-6ed0,-25,28,Normal
2026-02-14 04:46:47.011416,Paris-6ed0,28,7,Normal
2026-02-14 04:46:48.011416,Paris-6ed0,19,73,Normal
2026-02-14 04:46:49.011416,Paris-6ed0,37,46,Normal
2026-02-14 04:46:50.011416,Paris-6ed0,50,14,Normal
2026-02-14 04:46:51.011416,Paris-6ed0,40,43,Normal
2026-02-14 04:46:52.011416,Paris-6ed0,-30,14,Normal
2026-02-14 04:46:53.011416,Paris-6ed0,-4,29,Normal
2026-02-14 04:46:54.011416,Paris-6ed0,-20,92,Normal
2026-02-14 04:46:55.011416,Paris-6ed0,-16,87,Normal
2026-02-14 04:46:56.011416,Paris-6ed0,6,9,Normal
2026-02-14 04:46:57.011416,Paris-6ed0,10,26,Normal
2026-02-14 04:46:58.011416,Paris-6ed0,-15,24,Normal
2026-02-14 04:46:59.011416,Paris-6ed0,3,33,Normal
2026-02-14 04:47:00.011416,Paris-6ed0,-29,33,Normal
2026-02-14 04:47:01.011416,Paris-6ed0,-15,96,Normal
2026-02-14 04:47:02.011416,Paris-6ed0,-26,81,Normal
2026-02-14 04:47:03.011416,Paris-6ed0,7,23,Normal
2026-02-14 04:47:04.011416,Paris-6ed0,16,52,Normal
2026-02-14 04:47:05.011416,Paris-6ed0,10,87,Normal
2026-02-14 04:47:06.011416,Paris-6ed0,-5,57,Normal
2026-02-14 04:47:07.011416,Paris-6ed0,9,92,Normal
2026-02-14 04:47:08.011416,Paris-6ed0,-2,89,Normal
2026-02-14 04:47:09.011416,Paris-6ed0,-17,26,Normal
2026-02-14 04:47:10.011416,Paris-6ed0,41,37,Normal
2026-02-14 04:47:11.011416,Paris-6ed0,34,41,Normal
2026-02-14 04:47:12.011416,Paris-6ed0,18,9,Normal
2026-02-14 04:47:13.011416,Paris-6ed0,37,81,Normal
2026-02-14 04:47:14.011416,Paris-6ed0,45,99,Normal
2026-02-14 04:47:15.011416,Paris-6ed0,12,36,Normal
2026-02-14 04:47:16.011416,Paris-6ed0,27,13,Normal
2026-02-14 04:47:17.011416,Paris-6ed0,31,49,Normal
2026-02-14 04:47:18.011416,Paris-6ed0,16,46,Normal
2026-02-14 04:47:19.011416,Paris-6ed0,39,72,Normal
2026-02-14 04:47:20.011416,Paris-6ed0,45,26,Normal
2026-02-14 04:47:21.011416,Paris-6ed0,24,13,Normal
2026-02-14 04:47:22.011416,Paris-6ed0,18,0,Normal
2026-02-14 04:47:23.011416,Paris-6ed0,46,10,Normal
2026-02-14 04:47:24.011416,Paris-6ed0,41,98,Normal
2026-02-14 04:47:25.011416,Paris-6ed0,49,49,Normal
2026-02-14 04:47:26.011416,Paris-6ed0,-17,74,Normal
2026-02-14 04:47:27.011416,Paris-6ed0,43,100,Normal
2026-02-14 04:47:28.011416,Paris-6ed0,36,36,Normal
2026-02-14 04:47:29.011416,Paris-6ed0,-12,34,Normal
2026-02-14 04:47:30.011416,Paris-6ed0,-6,13,Normal
2026-02-14 04:47:31.011416,Paris-6ed0,-9,29,Normal
2026-02-14 04:47:32.011416,Paris-6ed0,1,99,Normal
2026-02-14 04:47:33.011416,Paris-6ed0,14,50,Normal
2026-02-14 04:47:34.011416,Paris-6ed0,25,34,Normal
2026-02-14 04:47:35.011416,Paris-6ed0,42,5,Normal
2026-02-14 04:47:36.011416,Paris-6ed0,46,43,Normal
2026-02-14 04:47:37.011416,Paris-6ed0,-7,4,Normal
2026-02-14 04:47:38.011416,Paris-6ed0,-19,9,Normal
2026-02-14 04:47:39.011416,Paris-6ed0,39,28,Normal
2026-02-14 04:47:40.011416,Paris-6ed0,-12,18,Normal
2026-02-14 04:47:41.011416,Paris-6ed0,-13,23,Normal
2026-02-14 04:47:42.011416,Paris-6ed0,29,46,Normal
2026-02-14 04:47:43.011416,Paris-6ed0,15,2,Normal
2026-02-14 04:47:44.011416,Paris-6ed0,23,98,Normal
2026-02-14 04:47:45.011416,Paris-6ed0,-29,3,Normal
2026-02-14 04:47:46.011416,Paris-6ed0,-22,13,Normal
2026-02-14 04:47:47.011416,Paris-6ed0,7,9,Normal
2026-02-14 04:47:48.011416,Paris-6ed0,15,63,Normal
2026-02-14 04:47:49.011416,Paris-6ed0,-22,10,Normal
2026-02-14 04:47:50.011416,Paris-6ed0,16,84,Normal
2026-02-14 04:47:51.011416,Paris-6ed0,11,43,Normal
2026-02-14 04:47:52.011416,Paris-6ed0,2,29,Normal
2026-02-14 04:47:53.011416,Paris-6ed0,-1,42,Normal
2026-02-14 04:47:54.011416,Paris-6ed0,12,40,Normal
2026-02-14 04:47:55.011416,Paris-6ed0,44,32,Normal
2026-02-14 04:47:56.011416,Paris-6ed0,-30,92,Normal
2026-02-14 04:47:57.011416,Paris-6ed0,31,72,Normal
2026-02-14 04:47:58.011416,Paris-6ed0,-14,20,Normal
2026-02-14 04:47:59.011416,Paris-6ed0,-8,19,Normal
2026-02-14 04:48:00.011416,Paris-6ed0,-8,39,Normal
2026-02-14 04:48:01.011416,Paris-6ed0,-6,13,Normal
2026-02-14 04:48:02.011416,Paris-6ed0,34,19,Normal
2026-02-14 04:48:03.011416,Paris-6ed0,36,46,Normal
2026-02-14 04:48:04.011416,Paris-6ed0,38,20,Normal
2026-02-14 04:48:05.011416,Paris-6ed0,47,74,Normal
2026-02-14 04:48:06.011416,Paris-6ed0,24,24,Normal
2026-02-14 04:48:07.011416,Paris-6ed0,20,78,Normal
2026-02-14 04:48:08.011416,Paris-6ed0,10,15,Normal
2026-02-14 04:48:09.011416,Paris-6ed0,0,79,Normal
2026-02-14 04:48:10.011416,Paris-6ed0,-22,29,Normal
2026-02-14 04:48:11.011416,Paris-6ed0,19,83,Normal
2026-02-14 04:48:12.011416,Paris-6ed0,-21,25,Normal
2026-02-14 04:48:13.011416,Paris-6ed0,-5,19,Normal
2026-02-14 04:48:14.011416,Paris-6ed0,25,78,Normal
2026-02-14 04:48:15.011416,Paris-6ed0,1,56,Normal
2026-02-14 04:48:16.011416,Paris-6ed0,10,76,Normal
2026-02-14 04:48:17.011416,Paris-6ed0,-12,40,Normal
2026-02-14 04:48:18.011416,Paris-6ed0,31,37,Normal
2026-02-14 04:48:19.011416,Paris-6ed0,4,41,Normal
2026-02-14 04:48:20.011416,Paris-6ed0,0,16,Normal
2026-02-14 04:48:21.011416,Paris-6ed0,-13,71,Normal
2026-02-14 04:48:22.011416,Paris-6ed0,-14,55,Normal
2026-02-14 04:48:23.011416,Paris-6ed0,13,34,Normal
2026-02-14 04:48:24.011416,Paris-6ed0,47,4,Normal
2026-02-14 04:48:25.011416,Paris-6ed0,-4,77,Normal
2026-02-14 04:48:26.011416,Paris-6ed0,47,79,Normal
2026-02-14 04:48:27.011416,Paris-6ed0,19,79,Normal
2026-02-14 04:48:28.011416,Paris-6ed0,50,47,Normal
2026-02-14 04:48:29.011416,Paris-6ed0,20,22,Normal
2026-02-14 04:48:30.011416,Paris-6ed0,-6,95,Normal
2026-02-14 04:48:31.011416,Paris-6ed0,-26,96,Normal
2026-02-14 04:48:32.011416,Paris-6ed0,43,68,Normal
2026-02-14 04:48:33.011416,Paris-6ed0,14,67,Normal
2026-02-14 04:48:34.011416,Paris-6ed0,49,25,Normal
2026-02-14 04:48:35.011416,Paris-6ed0,-16,92,Normal
2026-02-14 04:48:36.011416,Paris-6ed0,36,56,Normal
2026-02-14 04:48:37.011416,Paris-6ed0,50,53,Normal
2026-02-14 04:48:38.011416,Paris-6ed0,-19,68,Normal
2026-02-14 04:48:39.011416,Paris-6ed0,13,5,Normal
2026-02-14 04:48:40.011416,Paris-6ed0,37,25,Normal
2026-02-14 04:48:41.011416,Paris-6ed0,20,26,Normal
2026-02-14 04:48:42.011416,Paris-6ed0,-29,87,Normal
2026-02-14 04:48:43.011416,Paris-6ed0,42,29,Normal
2026-02-14 04:48:44.011416,Paris-6ed0,46,7,Normal
2026-02-14 04:48:45.011416,Paris-6ed0,-29,68,Normal
2026-02-14 04:48:46.011416,Paris-6ed0,-25,87,Normal
2026-02-14 04:48:47.011416,Paris-6ed0,13,81,Normal
2026-02-14 04:48:48.011416,Paris-6ed0,9,12,Normal
2026-02-14 04:48:49.011416,Paris-6ed0,-24,44,Normal
2026-02-14 04:48:50.011416,Paris-6ed0,-8,7,Normal
2026-02-14 04:48:51.011416,Paris-6ed0,16,87,Normal
2026-02-14 04:48:52.011416,Paris-6ed0,44,80,Normal
2026-02-14 04:48:53.011416,Paris-6ed0,36,47,Normal
2026-02-14 04:48:54.011416,Paris-6ed0,-27,51,Normal
2026-02-14 04:48:55.011416,Paris-6ed0,46,48,Normal
2026-02-14 04:48:56.011416,Paris-6ed0,24,77,Normal
2026-02-14 04:48:57.011416,Paris-6ed0,-19,79,Normal
2026-02-14 04:48:58.011416,Paris-6ed0,-5,72,Normal
2026-02-14 04:48:59.011416,Paris-6ed0,22,32,Normal
2026-02-14 04:49:00.011416,Paris-6ed0,-2,57,Normal
2026-02-14 04:49:01.011416,Paris-6ed0,41,33,Normal
2026-02-14 04:49:02.011416,Paris-6ed0,10,22,Normal
2026-02-14 04:49:03.011416,Paris-6ed0,10,36,Normal
2026-02-14 04:49:04.011416,Paris-6ed0,7,29,Normal
2026-02-14 04:49:05.011416,Paris-6ed0,13,72,Normal
2026-02-14 04:49:06.011416,Paris-6ed0,-12,97,Normal
2026-02-14 04:49:07.011416,Paris-6ed0,37,72,Normal
2026-02-14 04:49:08.011416,Paris-6ed0,39,75,Normal
2026-02-14 04:49:09.011416,Paris-6ed0,-24,48,Normal
2026-02-14 04:49:10.011416,Paris-6ed0,16,1,Normal
2026-02-14 04:49:11.011416,Paris-6ed0,41,93,Normal
2026-02-14 04:49:12.011416,Paris-6ed0,5,66,Normal
2026-02-14 04:49:13.011416,Paris-6ed0,-22,23,Normal
2026-02-14 04:49:14.011416,Paris-6ed0,0,61,Normal
2026-02-14 04:49:15.011416,Paris-6ed0,15,89,Normal
2026-02-14 04:49:16.011416,Paris-6ed0,14,94,Normal
2026-02-14 04:49:17.011416,Paris-6ed0,-22,87,Normal
2026-02-14 04:49:18.011416,Paris-6ed0,50,70,Normal
2026-02-14 04:49:19.011416,Paris-6ed0,16,31,Normal
2026-02-14 04:49:20.011416,Paris-6ed0,15,78,Normal
2026-02-14 04:49:21.011416,Paris-6ed0,43,34,Normal
2026-02-14 04:49:22.011416,Paris-6ed0,-3,74,Normal
2026-02-14 04:49:23.011416,Paris-6ed0,10,35,Normal
2026-02-14 04:49:24.011416,Paris-6ed0,15,58,Normal
2026-02-14 04:49:25.011416,Paris-6ed0,-2,34,Normal
2026-02-14 04:49:26.011416,Paris-6ed0,35,55,Normal
2026-02-14 04:49:27.011416,Paris-6ed0,40,64,Normal
2026-02-14 04:49:28.011416,Paris-6ed0,-7,31,Normal
2026-02-14 04:49:29.011416,Paris-6ed0,-28,21,Normal
2026-02-14 04:49:30.011416,Paris-6ed0,4,13,Normal
2026-02-14 04:49:31.011416,Paris-6ed0,7,12,Normal
2026-02-14 04:49:32.011416,Paris-6ed0,-7,43,Normal
2026-02-14 04:49:33.011416,Paris-6ed0,-17,54,Normal
2026-02-14 04:49:34.011416,Paris-6ed0,47,48,Normal
2026-02-14 04:49:35.011416,Paris-6ed0,4,59,Normal
2026-02-14 04:49:36.011416,Paris-6ed0,13,55,Normal
2026-02-14 04:49:37.011416,Paris-6ed0,-6,58,Normal
2026-02-14 04:49:38.011416,Paris-6ed0,-21,58,Normal
2026-02-14 04:49:39.011416,Paris-6ed0,20,45,Normal
2026-02-14 04:49:40.011416,Paris-6ed0,-3,43,Normal
2026-02-14 04:49:41.011416,Paris-6ed0,5,43,Normal
2026-02-14 04:49:42.011416,Paris-6ed0,8,53,Normal
2026-02-14 04:49:43.011416,Paris-6ed0,40,54,Normal
2026-02-14 04:49:44.011416,Paris-6ed0,4,58,Normal
2026-02-14 04:49:45.011416,Paris-6ed0,-11,58,Normal
2026-02-14 04:49:46.011416,Paris-6ed0,30,20,Normal
2026-02-14 04:49:47.011416,Paris-6ed0,48,35,Normal
2026-02-14 04:49:48.011416,Paris-6ed0,-14,41,Normal
2026-02-14 04:49:49.011416,Paris-6ed0,18,58,Normal
2026-02-14 04:49:50.011416,Paris-6ed0,14,94,Normal
2026-02-14 04:49:51.011416,Paris-6ed0,5,58,Normal
2026-02-14 04:49:52.011416,Paris-6ed0,14,61,Normal
2026-02-14 04:49:53.011416,Paris-6ed0,7,62,Normal
2026-02-14 04:49:54.011416,Paris-6ed0,-21,31,Normal
2026-02-14 04:49:55.011416,Paris-6ed0,-8,79,Normal
2026-02-14 04:49:56.011416,Paris-6ed0,18,39,Normal
2026-02-14 04:49:57.011416,Paris-6ed0,-26,21,Normal
2026-02-14 04:49:58.011416,Paris-6ed0,-20,59,Normal
2026-02-14 04:49:59.011416,Paris-6ed0,-9,60,Normal
2026-02-14 04:50:00.011416,Paris-6ed0,7,97,Normal
2026-02-14 04:50:01.011416,Paris-6ed0,24,22,Normal
2026-02-14 04:50:02.011416,Paris-6ed0,22,19,Normal
2026-02-14 04:50:03.011416,Paris-6ed0,24,73,Normal
2026-02-14 04:50:04.011416,Paris-6ed0,-23,48,Normal
2026-02-14 04:50:05.011416,Paris-6ed0,39,27,Normal
2026-02-14 04:50:06.011416,Paris-6ed0,-15,59,Normal
2026-02-14 04:50:07.011416,Paris-6ed0,20,50,Normal
2026-02-14 04:50:08.011416,Paris-6ed0,-24,68,Normal
2026-02-14 04:50:09.011416,Paris-6ed0,2,90,Normal
2026-02-14 04:50:10.011416,Paris-6ed0,-5,93,Normal
2026-02-14 04:50:11.011416,Paris-6ed0,-11,15,Normal
2026-02-14 04:50:12.011416,Paris-6ed0,-8,85,Normal
2026-02-14 04:50:13.011416,Paris-6ed0,32,81,Normal
2026-02-14 04:50:14.011416,Paris-6ed0,14,87,Normal
2026-02-14 04:50:15.011416,Paris-6ed0,43,48,Normal
2026-02-14 04:50:16.011416,Paris-6ed0,22,95,Normal
2026-02-14 04:50:17.011416,Paris-6ed0,-13,33,Normal
2026-02-14 04:50:18.011416,Paris-6ed0,31,31,Normal
2026-02-14 04:50:19.011416,Paris-6ed0,-7,14,Normal
2026-02-14 04:50:20.011416,Paris-6ed0,-1,24,Normal
2026-02-14 04:50:21.011416,Paris-6ed0,21,1,Normal
2026-02-14 04:50:22.011416,Paris-6ed0,-19,82,Normal
2026-02-14 04:50:23.011416,Paris-6ed0,7,55,Normal
2026-02-14 04:50:24.011416,Paris-6ed0,-6,0,Normal
2026-02-14 04:50:25.011416,Paris-6ed0,26,69,Normal
2026-02-14 04:50:26.011416,Paris-6ed0,43,80,Normal
2026-02-14 04:50:27.011416,Paris-6ed0,43,87,Normal
2026-02-14 04:50:28.011416,Paris-6ed0,5,71,Normal
2026-02-14 04:50:29.011416,Paris-6ed0,38,77,Normal
2026-02-14 04:50:30.011416,Paris-6ed0,18,8,Normal
2026-02-14 04:50:31.011416,Paris-6ed0,24,61,Normal
2026-02-14 04:50:32.011416,Paris-6ed0,2,10,Normal
2026-02-14 04:50:33.011416,Paris-6ed0,-12,78,Normal
2026-02-14 04:50:34.011416,Paris-6ed0,41,61,Normal
2026-02-14 04:50:35.011416,Paris-6ed0,-5,27,Normal
2026-02-14 04:50:36.011416,Paris-6ed0,-21,85,Normal
2026-02-14 04:50:37.011416,Paris-6ed0,-2,50,Normal
2026-02-14 04:50:38.011416,Paris-6ed0,50,16,Normal
2026-02-14 04:50:39.011416,Paris-6ed0,12,100,Normal
2026-02-14 04:50:40.011416,Paris-6ed0,0,54,Normal
2026-02-14 04:50:41.011416,Paris-6ed0,-28,44,Normal
2026-02-14 04:50:42.011416,Paris-6ed0,46,35,Normal
2026-02-14 04:50:43.011416,Paris-6ed0,10,1,Normal
2026-02-14 04:50:44.011416,Paris-6ed0,1,21,Normal
2026-02-14 04:50:45.011416,Paris-6ed0,12,69,Normal
2026-02-14 04:50:46.011416,Paris-6ed0,2,34,Normal
2026-02-14 04:50:47.011416,Paris-6ed0,-28,48,Normal
2026-02-14 04:50:48.011416,Paris-6ed0,19,20,Normal
2026-02-14 04:50:49.011416,Paris-6ed0,48,61,Normal
2026-02-14 04:50:50.011416,Paris-6ed0,29,31,Normal
2026-02-14 04:50:51.011416,Paris-6ed0,39,46,Normal
2026-02-14 04:50:52.011416,Paris-6ed0,45,51,Normal
2026-02-14 04:50:53.011416,Paris-6ed0,20,49,Normal
2026-02-14 04:50:54.011416,Paris-6ed0,-19,44,Normal
2026-02-14 04:50:55.011416,Paris-6ed0,0,29,Normal
2026-02-14 04:50:56.011416,Paris-6ed0,0,96,Normal
2026-02-14 04:50:57.011416,Paris-6ed0,36,44,Normal
2026-02-14 04:50:58.011416,Paris-6ed0,41,41,Normal
2026-02-14 04:50:59.011416,Paris-6ed0,-13,85,Normal
2026-02-14 04:51:00.011416,Paris-6ed0,44,59,Normal
2026-02-14 04:51:01.011416,Paris-6ed0,26,31,Normal
2026-02-14 04:51:02.011416,Paris-6ed0,-5,44,Normal
2026-02-14 04:51:03.011416,Paris-6ed0,26,45,Normal
2026-02-14 04:51:04.011416,Paris-6ed0,-9,4,Normal
2026-02-14 04:51:05.011416,Paris-6ed0,42,20,Normal
2026-02-14 04:51:06.011416,Paris-6ed0,50,32,Normal
2026-02-14 04:51:07.011416,Paris-6ed0,-1,52,Normal
2026-02-14 04:51:08.011416,Paris-6ed0,-28,3,Normal
2026-02-14 04:51:09.011416,Paris-6ed0,31,10,Normal
2026-02-14 04:51:10.011416,Paris-6ed0,38,36,Normal
2026-02-14 04:51:11.011416,Paris-6ed0,38,81,Normal
2026-02-14 04:51:12.011416,Paris-6ed0,17,81,Normal
2026-02-14 04:51:13.011416,Paris-6ed0,40,16,Normal
2026-02-14 04:51:14.011416,Paris-6ed0,-26,100,Normal
2026-02-14 04:51:15.011416,Paris-6ed0,17,75,Normal
2026-02-14 04:51:16.011416,Paris-6ed0,-27,48,Normal
2026-02-14 04:51:17.011416,Paris-6ed0,-10,79,Normal
2026-02-14 04:51:18.011416,Paris-6ed0,16,29,Normal
2026-02-14 04:51:19.011416,Paris-6ed0,41,44,Normal
2026-02-14 04:51:20.011416,Paris-6ed0,49,68,Normal
2026-02-14 04:51:21.011416,Paris-6ed0,-3,89,Normal
2026-02-14 04:51:22.011416,Paris-6ed0,20,85,Normal
2026-02-14 04:51:23.011416,Paris-6ed0,34,78,Normal
2026-02-14 04:51:24.011416,Paris-6ed0,-7,33,Normal
2026-02-14 04:51:25.011416,Paris-6ed0,29,28,Normal
2026-02-14 04:51:26.011416,Paris-6ed0,17,41,Normal
2026-02-14 04:51:27.011416,Paris-6ed0,12,84,Normal
2026-02-14 04:51:28.011416,Paris-6ed0,1,26,Normal
2026-02-14 04:51:29.011416,Paris-6ed0,25,63,Normal
2026-02-14 04:51:30.011416,Paris-6ed0,-27,90,Normal
2026-02-14 04:51:31.011416,Paris-6ed0,-20,0,Normal
2026-02-14 04:51:32.011416,Paris-6ed0,46,21,Normal
2026-02-14 04:51:33.011416,Paris-6ed0,-23,47,Normal
2026-02-14 04:51:34.011416,Paris-6ed0,-1,34,Normal
2026-02-14 04:51:35.011416,Paris-6ed0,-9,59,Normal
2026-02-14 04:51:36.011416,Paris-6ed0,36,92,Normal
2026-02-14 04:51:37.011416,Paris-6ed0,-11,79,Normal
2026-02-14 04:51:38.011416,Paris-6ed0,2,13,Normal
2026-02-14 04:51:39.011416,Paris-6ed0,-14,99,Normal
2026-02-14 04:51:40.011416,Paris-6ed0,-22,29,Normal
2026-02-14 04:51:41.011416,Paris-6ed0,42,59,Normal
2026-02-14 04:51:42.011416,Paris-6ed0,-4,74,Normal
2026-02-14 04:51:43.011416,Paris-6ed0,-20,80,Normal
2026-02-14 04:51:44.011416,Paris-6ed0,13,70,Normal
2026-02-14 04:51:45.011416,Paris-6ed0,32,76,Normal
2026-02-14 04:51:46.011416,Paris-6ed0,17,52,Normal
2026-02-14 04:51:47.011416,Paris-6ed0,-27,83,Normal
2026-02-14 04:51:48.011416,Paris-6ed0,-10,59,Normal
2026-02-14 04:51:49.011416,Paris-6ed0,43,82,Normal
2026-02-14 04:51:50.011416,Paris-6ed0,-7,73,Normal
2026-02-14 04:51:51.011416,Paris-6ed0,41,42,Normal
2026-02-14 04:51:52.011416,Paris-6ed0,3,19,Normal
2026-02-14 04:51:53.011416,Paris-6ed0,-5,18,Normal
2026-02-14 04:51:54.011416,Paris-6ed0,-4,99,Normal
2026-02-14 04:51:55.011416,Paris-6ed0,14,52,Normal
2026-02-14 04:51:56.011416,Paris-6ed0,13,85,Normal
2026-02-14 04:51:57.011416,Paris-6ed0,47,100,Normal
2026-02-14 04:51:58.011416,Paris-6ed0,40,16,Normal
2026-02-14 04:51:59.011416,Paris-6ed0,40,37,Normal
2026-02-14 04:52:00.011416,Paris-6ed0,40,18,Normal
2026-02-14 04:52:01.011416,Paris-6ed0,8,63,Normal
2026-02-14 04:52:02.011416,Paris-6ed0,30,94,Normal
2026-02-14 04:52:03.011416,Paris-6ed0,46,1,Normal
2026-02-14 04:52:04.011416,Paris-6ed0,43,37,Normal
2026-02-14 04:52:05.011416,Paris-6ed0,14,9,Normal
2026-02-14 04:52:06.011416,Paris-6ed0,29,90,Normal
2026-02-14 04:52:07.011416,Paris-6ed0,-29,2,Normal
2026-02-14 04:52:08.011416,Paris-6ed0,34,34,Normal
2026-02-14 04:52:09.011416,Paris-6ed0,46,5,Normal
2026-02-14 04:52:10.011416,Paris-6ed0,-24,61,Normal
2026-02-14 04:52:11.011416,Paris-6ed0,36,11,Normal
2026-02-14 04:52:12.011416,Paris-6ed0,25,97,Normal
2026-02-14 04:52:13.011416,Paris-6ed0,12,43,Normal
2026-02-14 04:52:14.011416,Paris-6ed0,14,80,Normal
2026-02-14 04:52:15.011416,Paris-6ed0,47,12,Normal
2026-02-14 04:52:16.011416,Paris-6ed0,36,53,Normal
2026-02-14 04:52:17.011416,Paris-6ed0,-10,41,Normal
2026-02-14 04:52:18.011416,Paris-6ed0,7,38,Normal
2026-02-14 04:52:19.011416,Paris-6ed0,38,25,Normal
2026-02-14 04:52:20.011416,Paris-6ed0,-15,56,Normal
2026-02-14 04:52:21.011416,Paris-6ed0,21,11,Normal
2026-02-14 04:52:22.011416,Paris-6ed0,42,73,Normal
2026-02-14 04:52:23.011416,Paris-6ed0,33,15,Normal
2026-02-14 04:52:24.011416,Paris-6ed0,-8,49,Normal
2026-02-14 04:52:25.011416,Paris-6ed0,46,93,Normal
2026-02-14 04:52:26.011416,Paris-6ed0,34,18,Normal
2026-02-14 04:52:27.011416,Paris-6ed0,32,70,Normal
2026-02-14 04:52:28.011416,Paris-6ed0,30,0,Normal
2026-02-14 04:52:29.011416,Paris-6ed0,-23,84,Normal
2026-02-14 04:52:30.011416,Paris-6ed0,29,29,Normal
2026-02-14 04:52:31.011416,Paris-6ed0,24,60,Normal
2026-02-14 04:52:32.011416,Paris-6ed0,-5,38,Normal
2026-02-14 04:52:33.011416,Paris-6ed0,-19,0,Normal
2026-02-14 04:52:34.011416,Paris-6ed0,-7,13,Normal
2026-02-14 04:52:35.011416,Paris-6ed0,22,23,Normal
2026-02-14 04:52:36.011416,Paris-6ed0,23,72,Normal
2026-02-14 04:52:37.011416,Paris-6ed0,40,97,Normal
2026-02-14 04:52:38.011416,Paris-6ed0,23,44,Normal
2026-02-14 04:52:39.011416,Paris-6ed0,3,26,Normal
2026-02-14 04:52:40.011416,Paris-6ed0,-29,20,Normal
2026-02-14 04:52:41.011416,Paris-6ed0,33,57,Normal
2026-02-14 04:52:42.011416,Paris-6ed0,4,73,Normal
2026-02-14 04:52:43.011416,Paris-6ed0,13,93,Normal
2026-02-14 04:52:44.011416,Paris-6ed0,-20,32,Normal
2026-02-14 04:52:45.011416,Paris-6ed0,16,50,Normal
2026-02-14 04:52:46.011416,Paris-6ed0,3,5,Normal
2026-02-14 04:52:47.011416,Paris-6ed0,20,72,Normal
2026-02-14 04:52:48.011416,Paris-6ed0,38,12,Normal
2026-02-14 04:52:49.011416,Paris-6ed0,47,69,Normal
2026-02-14 04:52:50.011416,Paris-6ed0,39,43,Normal
2026-02-14 04:52:51.011416,Paris-6ed0,-8,21,Normal
2026-02-14 04:52:52.011416,Paris-6ed0,-5,38,Normal
2026-02-14 04:52:53.011416,Paris-6ed0,40,40,Normal
2026-02-14 04:52:54.011416,Paris-6ed0,-11,25,Normal
2026-02-14 04:52:55.011416,Paris-6ed0,-5,45,Normal
2026-02-14 04:52:56.011416,Paris-6ed0,33,99,Normal
2026-02-14 04:52:57.011416,Paris-6ed0,-26,41,Normal
2026-02-14 04:52:58.011416,Paris-6ed0,-16,76,Normal
2026-02-14 04:52:59.011416,Paris-6ed0,3,43,Normal
2026-02-14 04:53:00.011416,Paris-6ed0,28,9,Normal
2026-02-14 04:53:01.011416,Paris-6ed0,24,39,Normal
2026-02-14 04:53:02.011416,Paris-6ed0,27,19,Normal
2026-02-14 04:53:03.011416,Paris-6ed0,21,11,Normal
2026-02-14 04:53:04.011416,Paris-6ed0,-25,22,Normal
2026-02-14 04:53:05.011416,Paris-6ed0,34,28,Normal
2026-02-14 04:53:06.011416,Paris-6ed0,-22,31,Normal
2026-02-14 04:53:07.011416,Paris-6ed0,-22,6,Normal
2026-02-14 04:53:08.011416,Paris-6ed0,-14,3,Normal
2026-02-14 04:53:09.011416,Paris-6ed0,40,63,Normal
2026-02-14 04:53:10.011416,Paris-6ed0,-20,5,Normal
2026-02-14 04:53:11.011416,Paris-6ed0,26,94,Normal
2026-02-14 04:53:12.011416,Paris-6ed0,28,32,Normal
2026-02-14 04:53:13.011416,Paris-6ed0,43,14,Normal
2026-02-14 04:53:14.011416,Paris-6ed0,3,32,Normal
2026-02-14 04:53:15.011416,Paris-6ed0,48,73,Normal
2026-02-14 04:53:16.011416,Paris-6ed0,30,35,Normal
2026-02-14 04:53:17.011416,Paris-6ed0,14,39,Normal
2026-02-14 04:53:18.011416,Paris-6ed0,40,72,Normal
2026-02-14 04:53:19.011416,Paris-6ed0,-24,6,Normal
2026-02-14 04:53:20.011416,Paris-6ed0,3,92,Normal
2026-02-14 04:53:21.011416,Paris-6ed0,34,95,Normal
2026-02-14 04:53:22.011416,Paris-6ed0,-13,65,Normal
2026-02-14 04:53:23.011416,Paris-6ed0,32,24,Normal
2026-02-14 04:53:24.011416,Paris-6ed0,23,46,Normal
2026-02-14 04:53:25.011416,Paris-6ed0,-26,98,Normal
2026-02-14 04:53:26.011416,Paris-6ed0,-10,48,Normal
2026-02-14 04:53:27.011416,Paris-6ed0,14,33,Normal
2026-02-14 04:53:28.011416,Paris-6ed0,38,54,Normal
2026-02-14 04:53:29.011416,Paris-6ed0,-14,35,Normal
2026-02-14 04:53:30.011416,Paris-6ed0,27,68,Normal
2026-02-14 04:53:31.011416,Paris-6ed0,44,27,Normal
2026-02-14 04:53:32.011416,Paris-6ed0,35,62,Normal
2026-02-14 04:53:33.011416,Paris-6ed0,19,75,Normal
2026-02-14 04:53:34.011416,Paris-6ed0,46,31,Normal
2026-02-14 04:53:35.011416,Paris-6ed0,-19,58,Normal
2026-02-14 04:53:36.011416,Paris-6ed0,24,74,Normal
2026-02-14 04:53:37.011416,Paris-6ed0,-28,47,Normal
2026-02-14 04:53:38.011416,Paris-6ed0,-14,33,Normal
2026-02-14 04:53:39.011416,Paris-6ed0,-27,53,Normal
2026-02-14 04:53:40.011416,Paris-6ed0,-23,38,Normal
2026-02-14 04:53:41.011416,Paris-6ed0,-6,100,Normal
2026-02-14 04:53:42.011416,Paris-6ed0,32,32,Normal
2026-02-14 04:53:43.011416,Paris-6ed0,-29,29,Normal
2026-02-14 04:53:44.011416,Paris-6ed0,22,81,Normal
2026-02-14 04:53:45.011416,Paris-6ed0,50,23,Normal
2026-02-14 04:53:46.011416,Paris-6ed0,-2,53,Normal
2026-02-14 04:53:47.011416,Paris-6ed0,-1,4,Normal
2026-02-14 04:53:48.011416,Paris-6ed0,1,89,Normal
2026-02-14 04:53:49.011416,Paris-6ed0,6,86,Normal
2026-02-14 04:53:50.011416,Paris-6ed0,-27,35,Normal
2026-02-14 04:53:51.011416,Paris-6ed0,2,12,Normal
2026-02-14 04:53:52.011416,Paris-6ed0,-30,64,Normal
2026-02-14 04:53:53.011416,Paris-6ed0,41,37,Normal
2026-02-14 04:53:54.011416,Paris-6ed0,10,21,Normal
2026-02-14 04:53:55.011416,Paris-6ed0,3,23,Normal
2026-02-14 04:53:56.011416,Paris-6ed0,30,30,Normal
2026-02-14 04:53:57.011416,Paris-6ed0,16,74,Normal
2026-02-14 04:53:58.011416,Paris-6ed0,2,65,Normal
2026-02-14 04:53:59.011416,Paris-6ed0,16,38,Normal
2026-02-14 04:54:00.011416,Paris-6ed0,-3,84,Normal
2026-02-14 04:54:01.011416,Paris-6ed0,-23,41,Normal
2026-02-14 04:54:02.011416,Paris-6ed0,-14,36,Normal
2026-02-14 04:54:03.011416,Paris-6ed0,-16,47,Normal
2026-02-14 04:54:04.011416,Paris-6ed0,8,29,Normal
2026-02-14 04:54:05.011416,Paris-6ed0,10,65,Normal
2026-02-14 04:54:06.011416,Paris-6ed0,-28,6,Normal
2026-02-14 04:54:07.011416,Paris-6ed0,21,7,Normal
2026-02-14 04:54:08.011416,Paris-6ed0,0,91,Normal
2026-02-14 04:54:09.011416,Paris-6ed0,9,93,Normal
2026-02-14 04:54:10.011416,Paris-6ed0,4,23,Normal
2026-02-14 04:54:11.011416,Paris-6ed0,35,49,Normal
2026-02-14 04:54:12.011416,Paris-6ed0,-11,29,Normal
2026-02-14 04:54:13.011416,Paris-6ed0,5,16,Normal
2026-02-14 04:54:14.011416,Paris-6ed0,-22,90,Normal
2026-02-14 04:54:15.011416,Paris-6ed0,27,60,Normal
2026-02-14 04:54:16.011416,Paris-6ed0,-18,48,Normal
2026-02-14 04:54:17.011416,Paris-6ed0,14,44,Normal
2026-02-14 04:54:18.011416,Paris-6ed0,29,21,Normal
2026-02-14 04:54:19.011416,Paris-6ed0,10,51,Normal
2026-02-14 04:54:20.011416,Paris-6ed0,37,76,Normal
2026-02-14 04:54:21.011416,Paris-6ed0,28,52,Normal
2026-02-14 04:54:22.011416,Paris-6ed0,-26,38,Normal
2026-02-14 04:54:23.011416,Paris-6ed0,27,74,Normal
2026-02-14 04:54:24.011416,Paris-6ed0,32,56,Normal
2026-02-14 04:54:25.011416,Paris-6ed0,-6,77,Normal
2026-02-14 04:54:26.011416,Paris-6ed0,-13,64,Normal
2026-02-14 04:54:27.011416,Paris-6ed0,-22,59,Normal
2026-02-14 04:54:28.011416,Paris-6ed0,-17,6,Normal
2026-02-14 04:54:29.011416,Paris-6ed0,37,29,Normal
2026-02-14 04:54:30.011416,Paris-6ed0,41,41,Normal
2026-02-14 04:54:31.011416,Paris-6ed0,43,44,Normal
2026-02-14 04:54:32.011416,Paris-6ed0,0,28,Normal
2026-02-14 04:54:33.011416,Paris-6ed0,49,41,Normal
2026-02-14 04:54:34.011416,Paris-6ed0,42,56,Normal
2026-02-14 04:54:35.011416,Paris-6ed0,32,8,Normal
2026-02-14 04:54:36.011416,Paris-6ed0,29,41,Normal
2026-02-14 04:54:37.011416,Paris-6ed0,35,25,Normal
2026-02-14 04:54:38.011416,Paris-6ed0,16,50,Normal
2026-02-14 04:54:39.011416,Paris-6ed0,-26,52,Normal
2026-02-14 04:54:40.011416,Paris-6ed0,33,64,Normal
2026-02-14 04:54:41.011416,Paris-6ed0,46,42,Normal
2026-02-14 04:54:42.011416,Paris-6ed0,46,84,Normal
2026-02-14 04:54:43.011416,Paris-6ed0,-3,6,Normal
2026-02-14 04:54:44.011416,Paris-6ed0,-26,10,Normal
2026-02-14 04:54:45.011416,Paris-6ed0,-5,0,Normal
2026-02-14 04:54:46.011416,Paris-6ed0,19,53,Normal
2026-02-14 04:54:47.011416,Paris-6ed0,7,84,Normal
2026-02-14 04:54:48.011416,Paris-6ed0,30,48,Normal
2026-02-14 04:54:49.011416,Paris-6ed0,40,89,Normal
2026-02-14 04:54:50.011416,Paris-6ed0,39,36,Normal
2026-02-14 04:54:51.011416,Paris-6ed0,35,29,Normal
2026-02-14 04:54:52.011416,Paris-6ed0,33,88,Normal
2026-02-14 04:54:53.011416,Paris-6ed0,-1,80,Normal
2026-02-14 04:54:54.011416,Paris-6ed0,-27,2,Normal
2026-02-14 04:54:55.011416,Paris-6ed0,9,53,Normal
2026-02-14 04:54:56.011416,Paris-6ed0,33,4,Normal
2026-02-14 04:54:57.011416,Paris-6ed0,-9,37,Normal
2026-02-14 04:54:58.011416,Paris-6ed0,5,18,Normal
2026-02-14 04:54:59.011416,Paris-6ed0,-18,2,Normal
2026-02-14 04:55:00.011416,Paris-6ed0,-24,70,Normal
2026-02-14 04:55:01.011416,Paris-6ed0,-7,26,Normal
2026-02-14 04:55:02.011416,Paris-6ed0,15,14,Normal
2026-02-14 04:55:03.011416,Paris-6ed0,4,6,Normal
2026-02-14 04:55:04.011416,Paris-6ed0,-15,46,Normal
2026-02-14 04:55:05.011416,Paris-6ed0,29,22,Normal
2026-02-14 04:55:06.011416,Paris-6ed0,32,16,Normal
2026-02-14 04:55:07.011416,Paris-6ed0,33,64,Normal
2026-02-14 04:55:08.011416,Paris-6ed0,48,60,Normal
2026-02-14 04:55:09.011416,Paris-6ed0,-25,11,Normal
2026-02-14 04:55:10.011416,Paris-6ed0,17,55,Normal
2026-02-14 04:55:11.011416,Paris-6ed0,45,64,Normal
2026-02-14 04:55:12.011416,Paris-6ed0,-8,53,Normal
2026-02-14 04:55:13.011416,Paris-6ed0,-14,68,Normal
2026-02-14 04:55:14.011416,Paris-6ed0,11,55,Normal
2026-02-14 04:55:15.011416,Paris-6ed0,-18,17,Normal
2026-02-14 04:55:16.011416,Paris-6ed0,9,72,Normal
2026-02-14 04:55:17.011416,Paris-6ed0,13,15,Normal
2026-02-14 04:55:18.011416,Paris-6ed0,48,71,Normal
2026-02-14 04:55:19.011416,Paris-6ed0,-20,13,Normal
2026-02-14 04:55:20.011416,Paris-6ed0,25,41,Normal
2026-02-14 04:55:21.011416,Paris-6ed0,-5,39,Normal
2026-02-14 04:55:22.011416,Paris-6ed0,41,4,Normal
2026-02-14 04:55:23.011416,Paris-6ed0,11,83,Normal
2026-02-14 04:55:24.011416,Paris-6ed0,12,52,Normal
2026-02-14 04:55:25.011416,Paris-6ed0,-28,37,Normal
2026-02-14 04:55:26.011416,Paris-6ed0,31,24,Normal
2026-02-14 04:55:27.011416,Paris-6ed0,-21,52,Normal
2026-02-14 04:55:28.011416,Paris-6ed0,6,96,Normal
2026-02-14 04:55:29.011416,Paris-6ed0,36,53,Normal
2026-02-14 04:55:30.011416,Paris-6ed0,8,59,Normal
2026-02-14 04:55:31.011416,Paris-6ed0,-20,18,Normal
2026-02-14 04:55:32.011416,Paris-6ed0,31,80,Normal
2026-02-14 04:55:33.011416,Paris-6ed0,13,67,Normal
2026-02-14 04:55:34.011416,Paris-6ed0,-20,38,Normal
2026-02-14 04:55:35.011416,Paris-6ed0,19,8,Normal
2026-02-14 04:55:36.011416,Paris-6ed0,-21,4,Normal
2026-02-14 04:55:37.011416,Paris-6ed0,10,24,Normal
2026-02-14 04:55:38.011416,Paris-6ed0,34,18,Normal
2026-02-14 04:55:39.011416,Paris-6ed0,19,8,Normal
2026-02-14 04:55:40.011416,Paris-6ed0,7,31,Normal
2026-02-14 04:55:41.011416,Paris-6ed0,-20,41,Normal
2026-02-14 04:55:42.011416,Paris-6ed0,21,18,Normal
2026-02-14 04:55:43.011416,Paris-6ed0,-27,82,Normal
2026-02-14 04:55:44.011416,Paris-6ed0,-26,77,Normal
2026-02-14 04:55:45.011416,Paris-6ed0,22,59,Normal
2026-02-14 04:55:46.011416,Paris-6ed0,23,75,Normal
2026-02-14 04:55:47.011416,Paris-6ed0,-2,53,Normal
2026-02-14 04:55:48.011416,Paris-6ed0,-21,8,Normal
2026-02-14 04:55:49.011416,Paris-6ed0,-6,56,Normal
2026-02-14 04:55:50.011416,Paris-6ed0,21,0,Normal
2026-02-14 04:55:51.011416,Paris-6ed0,-7,90,Normal
2026-02-14 04:55:52.011416,Paris-6ed0,-8,19,Normal
2026-02-14 04:55:53.011416,Paris-6ed0,-18,66,Normal
2026-02-14 04:55:54.011416,Paris-6ed0,14,91,Normal
2026-02-14 04:55:55.011416,Paris-6ed0,40,17,Normal
2026-02-14 04:55:56.011416,Paris-6ed0,4,10,Normal
2026-02-14 04:55:57.011416,Paris-6ed0,36,32,Normal
2026-02-14 04:55:58.011416,Paris-6ed0,20,91,Normal
2026-02-14 04:55:59.011416,Paris-6ed0,-3,84,Normal
2026-02-14 04:56:00.011416,Paris-6ed0,-12,31,Normal
2026-02-14 04:56:01.011416,Paris-6ed0,47,77,Normal
2026-02-14 04:56:02.011416,Paris-6ed0,-28,79,Normal
2026-02-14 04:56:03.011416,Paris-6ed0,-30,24,Normal
2026-02-14 04:56:04.011416,Paris-6ed0,-27,98,Normal
2026-02-14 04:56:05.011416,Paris-6ed0,36,93,Normal
2026-02-14 04:56:06.011416,Paris-6ed0,5,98,Normal
2026-02-14 04:56:07.011416,Paris-6ed0,-11,59,Normal
2026-02-14 04:56:08.011416,Paris-6ed0,19,16,Normal
2026-02-14 04:56:09.011416,Paris-6ed0,43,65,Normal
2026-02-14 04:56:10.011416,Paris-6ed0,-21,55,Normal
2026-02-14 04:56:11.011416,Paris-6ed0,2,38,Normal
2026-02-14 04:56:12.011416,Paris-6ed0,32,6,Normal
2026-02-14 04:56:13.011416,Paris-6ed0,-6,38,Normal
2026-02-14 04:56:14.011416,Paris-6ed0,30,63,Normal
2026-02-14 04:56:15.011416,Paris-6ed0,-5,59,Normal
2026-02-14 04:56:16.011416,Paris-6ed0,46,67,Normal
2026-02-14 04:56:17.011416,Paris-6ed0,26,60,Normal
2026-02-14 04:56:18.011416,Paris-6ed0,-1,18,Normal
2026-02-14 04:56:19.011416,Paris-6ed0,-30,44,Normal
2026-02-14 04:56:20.011416,Paris-6ed0,-10,16,Normal
2026-02-14 04:56:21.011416,Paris-6ed0,-8,7,Normal
2026-02-14 04:56:22.011416,Paris-6ed0,8,17,Normal
2026-02-14 04:56:23.011416,Paris-6ed0,10,49,Normal
2026-02-14 04:56:24.011416,Paris-6ed0,4,90,Normal
2026-02-14 04:56:25.011416,Paris-6ed0,-17,45,Normal
2026-02-14 04:56:26.011416,Paris-6ed0,3,8,Normal
2026-02-14 04:56:27.011416,Paris-6ed0,15,60,Normal
2026-02-14 04:56:28.011416,Paris-6ed0,-27,55,Normal
2026-02-14 04:56:29.011416,Paris-6ed0,-18,59,Normal
2026-02-14 04:56:30.011416,Paris-6ed0,-16,25,Normal
2026-02-14 04:56:31.011416,Paris-6ed0,-23,4,Normal
2026-02-14 04:56:32.011416,Paris-6ed0,-17,31,Normal
2026-02-14 04:56:33.011416,Paris-6ed0,30,49,Normal
2026-02-14 04:56:34.011416,Paris-6ed0,41,100,Normal
2026-02-14 04:56:35.011416,Paris-6ed0,9,37,Normal
2026-02-14 04:56:36.011416,Paris-6ed0,-8,83,Normal
2026-02-14 04:56:37.011416,Paris-6ed0,19,64,Normal
2026-02-14 04:56:38.011416,Paris-6ed0,20,65,Normal
2026-02-14 04:56:39.011416,Paris-6ed0,26,6,Normal
2026-02-14 04:56:40.011416,Paris-6ed0,15,36,Normal
2026-02-14 04:56:41.011416,Paris-6ed0,29,40,Normal
2026-02-14 04:56:42.011416,Paris-6ed0,9,0,Normal
2026-02-14 04:56:43.011416,Paris-6ed0,-27,9,Normal
2026-02-14 04:56:44.011416,Paris-6ed0,4,23,Normal
2026-02-14 04:56:45.011416,Paris-6ed0,46,98,Normal
2026-02-14 04:56:46.011416,Paris-6ed0,32,6,Normal
2026-02-14 04:56:47.011416,Paris-6ed0,27,41,Normal
2026-02-14 04:56:48.011416,Paris-6ed0,35,67,Normal
2026-02-14 04:56:49.011416,Paris-6ed0,39,14,Normal
2026-02-14 04:56:50.011416,Paris-6ed0,-3,93,Normal
2026-02-14 04:56:51.011416,Paris-6ed0,20,23,Normal
2026-02-14 04:56:52.011416,Paris-6ed0,28,48,Normal
2026-02-14 04:56:53.011416,Paris-6ed0,-4,88,Normal
2026-02-14 04:56:54.011416,Paris-6ed0,13,91,Normal
2026-02-14 04:56:55.011416,Paris-6ed0,36,87,Normal
2026-02-14 04:56:56.011416,Paris-6ed0,38,19,Normal
2026-02-14 04:56:57.011416,Paris-6ed0,22,99,Normal
2026-02-14 04:56:58.011416,Paris-6ed0,24,4,Normal
2026-02-14 04:56:59.011416,Paris-6ed0,35,96,Normal
2026-02-14 04:57:00.011416,Paris-6ed0,25,57,Normal
2026-02-14 04:57:01.011416,Paris-6ed0,-2,99,Normal
2026-02-14 04:57:02.011416,Paris-6ed0,-6,74,Normal
2026-02-14 04:57:03.011416,Paris-6ed0,23,49,Normal
2026-02-14 04:57:04.011416,Paris-6ed0,3,62,Normal
2026-02-14 04:57:05.011416,Paris-6ed0,-26,37,Normal
2026-02-14 04:57:06.011416,Paris-6ed0,19,1,Normal
2026-02-14 04:57:07.011416,Paris-6ed0,8,42,Normal
2026-02-14 04:57:08.011416,Paris-6ed0,29,53,Normal
2026-02-14 04:57:09.011416,Paris-6ed0,40,2,Normal
2026-02-14 04:57:10.011416,Paris-6ed0,9,89,Normal
2026-02-14 04:57:11.011416,Paris-6ed0,11,72,Normal
2026-02-14 04:57:12.011416,Paris-6ed0,8,45,Normal
2026-02-14 04:57:13.011416,Paris-6ed0,0,67,Normal
2026-02-14 04:57:14.011416,Paris-6ed0,-5,95,Normal
2026-02-14 04:57:15.011416,Paris-6ed0,-11,43,Normal
2026-02-14 04:57:16.011416,Paris-6ed0,-1,84,Normal
2026-02-14 04:57:17.011416,Paris-6ed0,6,12,Normal
2026-02-14 04:57:18.011416,Paris-6ed0,42,17,Normal
2026-02-14 04:57:19.011416,Paris-6ed0,-26,70,Normal
2026-02-14 04:57:20.011416,Paris-6ed0,-20,62,Normal
2026-02-14 04:57:21.011416,Paris-6ed0,50,24,Normal
2026-02-14 04:57:22.011416,Paris-6ed0,-24,31,Normal
2026-02-14 04:57:23.011416,Paris-6ed0,-4,85,Normal
2026-02-14 04:57:24.011416,Paris-6ed0,50,20,Normal
2026-02-14 04:57:25.011416,Paris-6ed0,-25,93,Normal
2026-02-14 04:57:26.011416,Paris-6ed0,33,49,Normal
2026-02-14 04:57:27.011416,Paris-6ed0,-15,96,Normal
2026-02-14 04:57:28.011416,Paris-6ed0,-16,9,Normal
2026-02-14 04:57:29.011416,Paris-6ed0,38,36,Normal
2026-02-14 04:57:30.011416,Paris-6ed0,-25,84,Normal
2026-02-14 04:57:31.011416,Paris-6ed0,-21,96,Normal
2026-02-14 04:57:32.011416,Paris-6ed0,31,33,Normal
2026-02-14 04:57:33.011416,Paris-6ed0,49,56,Normal
2026-02-14 04:57:34.011416,Paris-6ed0,18,40,Normal
2026-02-14 04:57:35.011416,Paris-6ed0,4,62,Normal
2026-02-14 04:57:36.011416,Paris-6ed0,14,17,Normal
2026-02-14 04:57:37.011416,Paris-6ed0,25,10,Normal
2026-02-14 04:57:38.011416,Paris-6ed0,34,24,Normal
2026-02-14 04:57:39.011416,Paris-6ed0,17,73,Normal
2026-02-14 04:57:40.011416,Paris-6ed0,11,4,Normal
2026-02-14 04:57:41.011416,Paris-6ed0,-25,46,Normal
2026-02-14 04:57:42.011416,Paris-6ed0,-13,11,Normal
2026-02-14 04:57:43.011416,Paris-6ed0,-9,24,Normal
2026-02-14 04:57:44.011416,Paris-6ed0,0,13,Normal
2026-02-14 04:57:45.011416,Paris-6ed0,22,72,Normal
2026-02-14 04:57:46.011416,Paris-6ed0,18,26,Normal
2026-02-14 04:57:47.011416,Paris-6ed0,-28,80,Normal
2026-02-14 04:57:48.011416,Paris-6ed0,-12,81,Normal
2026-02-14 04:57:49.011416,Paris-6ed0,-5,0,Normal
2026-02-14 04:57:50.011416,Paris-6ed0,-29,88,Normal
2026-02-14 04:57:51.011416,Paris-6ed0,17,27,Normal
2026-02-14 04:57:52.011416,Paris-6ed0,-10,50,Normal
2026-02-14 04:57:53.011416,Paris-6ed0,34,72,Normal
2026-02-14 04:57:54.011416,Paris-6ed0,31,98,Normal
2026-02-14 04:57:55.011416,Paris-6ed0,34,59,Normal
2026-02-14 04:57:56.011416,Paris-6ed0,45,59,Normal
2026-02-14 04:57:57.011416,Paris-6ed0,-13,57,Normal
2026-02-14 04:57:58.011416,Paris-6ed0,-29,89,Normal
2026-02-14 04:57:59.011416,Paris-6ed0,14,53,Normal
2026-02-14 04:58:00.011416,Paris-6ed0,-15,71,Normal
2026-02-14 04:58:01.011416,Paris-6ed0,-18,21,Normal
2026-02-14 04:58:02.011416,Paris-6ed0,18,68,Normal
2026-02-14 04:58:03.011416,Paris-6ed0,-5,98,Normal
2026-02-14 04:58:04.011416,Paris-6ed0,-6,23,Normal
2026-02-14 04:58:05.011416,Paris-6ed0,27,72,Normal
2026-02-14 04:58:06.011416,Paris-6ed0,-8,97,Normal
2026-02-14 04:58:07.011416,Paris-6ed0,46,15,Normal
2026-02-14 04:58:08.011416,Paris-6ed0,14,48,Normal
2026-02-14 04:58:09.011416,Paris-6ed0,28,0,Normal
2026-02-14 04:58:10.011416,Paris-6ed0,-27,28,Normal
2026-02-14 04:58:11.011416,Paris-6ed0,-5,23,Normal
2026-02-14 04:58:12.011416,Paris-6ed0,27,43,Normal
2026-02-14 04:58:13.011416,Paris-6ed0,-5,10,Normal
2026-02-14 04:58:14.011416,Paris-6ed0,17,49,Normal
2026-02-14 04:58:15.011416,Paris-6ed0,-17,62,Normal
2026-02-14 04:58:16.011416,Paris-6ed0,44,46,Normal
2026-02-14 04:58:17.011416,Paris-6ed0,31,29,Normal
2026-02-14 04:58:18.011416,Paris-6ed0,36,93,Normal
2026-02-14 04:58:19.011416,Paris-6ed0,33,13,Normal
2026-02-14 04:58:20.011416,Paris-6ed0,-25,38,Normal
2026-02-14 04:58:21.011416,Paris-6ed0,37,28,Normal
2026-02-14 04:58:22.011416,Paris-6ed0,-1,43,Normal
2026-02-14 04:58:23.011416,Paris-6ed0,27,1,Normal
2026-02-14 04:58:24.011416,Paris-6ed0,-28,21,Normal
2026-02-14 04:58:25.011416,Paris-6ed0,-22,30,Normal
2026-02-14 04:58:26.011416,Paris-6ed0,22,72,Normal
2026-02-14 04:58:27.011416,Paris-6ed0,8,97,Normal
2026-02-14 04:58:28.011416,Paris-6ed0,37,21,Normal
2026-02-14 04:58:29.011416,Paris-6ed0,7,8,Normal
2026-02-14 04:58:30.011416,Paris-6ed0,-28,77,Normal
2026-02-14 04:58:31.011416,Paris-6ed0,-17,23,Normal
2026-02-14 04:58:32.011416,Paris-6ed0,23,95,Normal
2026-02-14 04:58:33.011416,Paris-6ed0,19,32,Normal
2026-02-14 04:58:34.011416,Paris-6ed0,25,38,Normal
2026-02-14 04:58:35.011416,Paris-6ed0,-1,74,Normal
2026-02-14 04:58:36.011416,Paris-6ed0,35,67,Normal
2026-02-14 04:58:37.011416,Paris-6ed0,29,77,Normal
2026-02-14 04:58:38.011416,Paris-6ed0,47,98,Normal
2026-02-14 04:58:39.011416,Paris-6ed0,4,23,Normal
2026-02-14 04:58:40.011416,Paris-6ed0,10,88,Normal
2026-02-14 04:58:41.011416,Paris-6ed0,-10,19,Normal
2026-02-14 04:58:42.011416,Paris-6ed0,17,9,Normal
2026-02-14 04:58:43.011416,Paris-6ed0,-1,93,Normal
2026-02-14 04:58:44.011416,Paris-6ed0,24,100,Normal
2026-02-14 04:58:45.011416,Paris-6ed0,31,5,Normal
2026-02-14 04:58:46.011416,Paris-6ed0,44,44,Normal
2026-02-14 04:58:47.011416,Paris-6ed0,9,33,Normal
2026-02-14 04:58:48.011416,Paris-6ed0,21,20,Normal
2026-02-14 04:58:49.011416,Paris-6ed0,8,17,Normal
2026-02-14 04:58:50.011416,Paris-6ed0,38,98,Normal
2026-02-14 04:58:51.011416,Paris-6ed0,-1,57,Normal
2026-02-14 04:58:52.011416,Paris-6ed0,12,98,Normal
2026-02-14 04:58:53.011416,Paris-6ed0,17,88,Normal
2026-02-14 04:58:54.011416,Paris-6ed0,-26,3,Normal
2026-02-14 04:58:55.011416,Paris-6ed0,23,88,Normal
2026-02-14 04:58:56.011416,Paris-6ed0,13,79,Normal
2026-02-14 04:58:57.011416,Paris-6ed0,-12,7,Normal
2026-02-14 04:58:58.011416,Paris-6ed0,-2,57,Normal
2026-02-14 04:58:59.011416,Paris-6ed0,-13,24,Normal
2026-02-14 04:59:00.011416,Paris-6ed0,0,8,Normal
2026-02-14 04:59:01.011416,Paris-6ed0,8,84,Normal
2026-02-14 04:59:02.011416,Paris-6ed0,30,76,Normal
2026-02-14 04:59:03.011416,Paris-6ed0,-29,94,Normal
2026-02-14 04:59:04.011416,Paris-6ed0,50,62,Normal
2026-02-14 04:59:05.011416,Paris-6ed0,1,70,Normal
2026-02-14 04:59:06.011416,Paris-6ed0,8,33,Normal
2026-02-14 04:59:07.011416,Paris-6ed0,-29,0,Normal
2026-02-14 04:59:08.011416,Paris-6ed0,-28,92,Normal
2026-02-14 04:59:09.011416,Paris-6ed0,-23,31,Normal
2026-02-14 04:59:10.011416,Paris-6ed0,47,95,Normal
2026-02-14 04:59:11.011416,Paris-6ed0,27,81,Normal
2026-02-14 04:59:12.011416,Paris-6ed0,10,69,Normal
2026-02-14 04:59:13.011416,Paris-6ed0,-1,71,Normal
2026-02-14 04:59:14.011416,Paris-6ed0,26,77,Normal
2026-02-14 04:59:15.011416,Paris-6ed0,33,77,Normal
2026-02-14 04:59:16.011416,Paris-6ed0,9,17,Normal
2026-02-14 04:59:17.011416,Paris-6ed0,6,43,Normal
2026-02-14 04:59:18.011416,Paris-6ed0,-9,28,Normal
2026-02-14 04:59:19.011416,Paris-6ed0,20,77,Normal
2026-02-14 04:59:20.011416,Paris-6ed0,27,43,Normal
2026-02-14 04:59:21.011416,Paris-6ed0,6,93,Normal
2026-02-14 04:59:22.011416,Paris-6ed0,13,41,Normal
2026-02-14 04:59:23.011416,Paris-6ed0,21,57,Normal
2026-02-14 04:59:24.011416,Paris-6ed0,-21,88,Normal
2026-02-14 04:59:25.011416,Paris-6ed0,0,37,Normal
2026-02-14 04:59:26.011416,Paris-6ed0,31,44,Normal
2026-02-14 04:59:27.011416,Paris-6ed0,-8,94,Normal
2026-02-14 04:59:28.011416,Paris-6ed0,15,44,Normal
2026-02-14 04:59:29.011416,Paris-6ed0,-9,83,Normal
2026-02-14 04:59:30.011416,Paris-6ed0,-11,77,Normal
2026-02-14 04:59:31.011416,Paris-6ed0,26,53,Normal
2026-02-14 04:59:32.011416,Paris-6ed0,-27,30,Normal
2026-02-14 04:59:33.011416,Paris-6ed0,-28,52,Normal
2026-02-14 04:59:34.011416,Paris-6ed0,32,52,Normal
2026-02-14 04:59:35.011416,Paris-6ed0,-12,40,Normal
2026-02-14 04:59:36.011416,Paris-6ed0,24,33,Normal
2026-02-14 04:59:37.011416,Paris-6ed0,-13,13,Normal
2026-02-14 04:59:38.011416,Paris-6ed0,-12,65,Normal
2026-02-14 04:59:39.011416,Paris-6ed0,45,26,Normal
2026-02-14 04:59:40.011416,Paris-6ed0,33,8,Normal
2026-02-14 04:59:41.011416,Paris-6ed0,40,59,Normal
2026-02-14 04:59:42.011416,Paris-6ed0,-29,44,Normal
2026-02-14 04:59:43.011416,Paris-6ed0,44,61,Normal
2026-02-14 04:59:44.011416,Paris-6ed0,-15,5,Normal
2026-02-14 04:59:45.011416,Paris-6ed0,34,24,Normal
2026-02-14 04:59:46.011416,Paris-6ed0,33,28,Normal
2026-02-14 04:59:47.011416,Paris-6ed0,-24,89,Normal
2026-02-14 04:59:48.011416,Paris-6ed0,-10,54,Normal
2026-02-14 04:59:49.011416,Paris-6ed0,20,100,Normal
2026-02-14 04:59:50.011416,Paris-6ed0,0,58,Normal
2026-02-14 04:59:51.011416,Paris-6ed0,16,49,Normal
2026-02-14 04:59:52.011416,Paris-6ed0,17,44,Normal
2026-02-14 04:59:53.011416,Paris-6ed0,5,83,Normal
2026-02-14 04:59:54.011416,Paris-6ed0,45,61,Normal
2026-02-14 04:59:55.011416,Paris-6ed0,2,0,Normal
2026-02-14 04:59:56.011416,Paris-6ed0,17,44,Normal
2026-02-14 04:59:57.011416,Paris-6ed0,23,73,Normal
2026-02-14 04:59:58.011416,Paris-6ed0,-10,12,Normal
2026-02-14 04:59:59.011416,Paris-6ed0,26,62,Normal
2026-02-14 05:00:00.011416,Paris-6ed0,-15,82,Normal
2026-02-14 05:00:01.011416,Paris-6ed0,38,38,Normal
2026-02-14 05:00:02.011416,Paris-6ed0,48,25,Normal
2026-02-14 05:00:03.011416,Paris-6ed0,1,35,Normal
2026-02-14 05:00:04.011416,Paris-6ed0,-21,53,Normal
2026-02-14 05:00:05.011416,Paris-6ed0,16,31,Normal
2026-02-14 05:00:06.011416,Paris-6ed0,-20,71,Normal
2026-02-14 05:00:07.011416,Paris-6ed0,42,76,Normal
2026-02-14 05:00:08.011416,Paris-6ed0,49,12,Normal
2026-02-14 05:00:09.011416,Paris-6ed0,42,11,Normal
2026-02-14 05:00:10.011416,Paris-6ed0,24,33,Normal
2026-02-14 05:00:11.011416,Paris-6ed0,-15,77,Normal
2026-02-14 05:00:12.011416,Paris-6ed0,39,50,Normal
2026-02-14 05:00:13.011416,Paris-6ed0,-27,73,Normal
2026-02-14 05:00:14.011416,Paris-6ed0,3,2,Normal
2026-02-14 05:00:15.011416,Paris-6ed0,-16,64,Normal
2026-02-14 05:00:16.011416,Paris-6ed0,41,67,Normal
2026-02-14 05:00:17.011416,Paris-6ed0,47,60,Normal
2026-02-14 05:00:18.011416,Paris-6ed0,-22,95,Normal
2026-02-14 05:00:19.011416,Paris-6ed0,-1,92,Normal
2026-02-14 05:00:20.011416,Paris-6ed0,13,74,Normal
2026-02-14 05:00:21.011416,Paris-6ed0,-7,14,Normal
2026-02-14 05:00:22.011416,Paris-6ed0,25,54,Normal
2026-02-14 05:00:23.011416,Paris-6ed0,13,80,Normal
2026-02-14 05:00:24.011416,Paris-6ed0,-2,84,Normal
2026-02-14 05:00:25.011416,Paris-6ed0,12,25,Normal
2026-02-14 05:00:26.011416,Paris-6ed0,36,1,Normal
2026-02-14 05:00:27.011416,Paris-6ed0,20,71,Normal
2026-02-14 05:00:28.011416,Paris-6ed0,-24,74,Normal
2026-02-14 05:00:29.011416,Paris-6ed0,18,51,Normal
2026-02-14 05:00:30.011416,Paris-6ed0,34,63,Normal
2026-02-14 05:00:31.011416,Paris-6ed0,-21,58,Normal
2026-02-14 05:00:32.011416,Paris-6ed0,35,24,Normal
2026-02-14 05:00:33.011416,Paris-6ed0,30,7,Normal
2026-02-14 05:00:34.011416,Paris-6ed0,-29,64,Normal
2026-02-14 05:00:35.011416,Paris-6ed0,38,93,Normal
2026-02-14 05:00:36.011416,Paris-6ed0,26,14,Normal
2026-02-14 05:00:37.011416,Paris-6ed0,-12,46,Normal
2026-02-14 05:00:38.011416,Paris-6ed0,46,18,Normal
2026-02-14 05:00:39.011416,Paris-6ed0,40,68,Normal
2026-02-14 05:00:40.011416,Paris-6ed0,12,45,Normal
2026-02-14 05:00:41.011416,Paris-6ed0,11,65,Normal
2026-02-14 05:00:42.011416,Paris-6ed0,48,90,Normal
2026-02-14 05:00:43.011416,Paris-6ed0,21,94,Normal
2026-02-14 05:00:44.011416,Paris-6ed0,20,48,Normal
2026-02-14 05:00:45.011416,Paris-6ed0,27,14,Normal
2026-02-14 05:00:46.011416,Paris-6ed0,10,40,Normal
2026-02-14 05:00:47.011416,Paris-6ed0,19,77,Normal
2026-02-14 05:00:48.011416,Paris-6ed0,33,96,Normal
2026-02-14 05:00:49.011416,Paris-6ed0,25,97,Normal
2026-02-14 05:00:50.011416,Paris-6ed0,-10,70,Normal
2026-02-14 05:00:51.011416,Paris-6ed0,20,49,Normal
2026-02-14 05:00:52.011416,Paris-6ed0,-10,94,Normal
2026-02-14 05:00:53.011416,Paris-6ed0,4,24,Normal
2026-02-14 05:00:54.011416,Paris-6ed0,38,29,Normal
2026-02-14 05:00:55.011416,Paris-6ed0,47,71,Normal
2026-02-14 05:00:56.011416,Paris-6ed0,-27,84,Normal
2026-02-14 05:00:57.011416,Paris-6ed0,-18,43,Normal
2026-02-14 05:00:58.011416,Paris-6ed0,-28,4,Normal
2026-02-14 05:00:59.011416,Paris-6ed0,36,91,Normal
2026-02-14 05:01:00.011416,Paris-6ed0,27,86,Normal
2026-02-14 05:01:01.011416,Paris-6ed0,15,52,Normal
2026-02-14 05:01:02.011416,Paris-6ed0,33,80,Normal
2026-02-14 05:01:03.011416,Paris-6ed0,-7,65,Normal
2026-02-14 05:01:04.011416,Paris-6ed0,-6,73,Normal
2026-02-14 05:01:05.011416,Paris-6ed0,50,15,Normal
2026-02-14 05:01:06.011416,Paris-6ed0,28,95,Normal
2026-02-14 05:01:07.011416,Paris-6ed0,-15,37,Normal
2026-02-14 05:01:08.011416,Paris-6ed0,7,55,Normal
2026-02-14 05:01:09.011416,Paris-6ed0,-6,92,Normal
2026-02-14 05:01:10.011416,Paris-6ed0,27,60,Normal
2026-02-14 05:01:11.011416,Paris-6ed0,8,58,Normal
2026-02-14 05:01:12.011416,Paris-6ed0,-9,81,Normal
2026-02-14 05:01:13.011416,Paris-6ed0,-7,1,Normal
2026-02-14 05:01:14.011416,Paris-6ed0,-16,95,Normal
2026-02-14 05:01:15.011416,Paris-6ed0,42,87,Normal
2026-02-14 05:01:16.011416,Paris-6ed0,27,14,Normal
2026-02-14 05:01:17.011416,Paris-6ed0,-4,72,Normal
2026-02-14 05:01:18.011416,Paris-6ed0,3,89,Normal
2026-02-14 05:01:19.011416,Paris-6ed0,-8,9,Normal
2026-02-14 05:01:20.011416,Paris-6ed0,-11,73,Normal
2026-02-14 05:01:21.011416,Paris-6ed0,44,5,Normal
2026-02-14 05:01:22.011416,Paris-6ed0,22,54,Normal
2026-02-14 05:01:23.011416,Paris-6ed0,-12,31,Normal
2026-02-14 05:01:24.011416,Paris-6ed0,-28,8,Normal
2026-02-14 05:01:25.011416,Paris-6ed0,0,70,Normal
2026-02-14 05:01:26.011416,Paris-6ed0,-24,3,Normal
2026-02-14 05:01:27.011416,Paris-6ed0,-22,79,Normal
2026-02-14 05:01:28.011416,Paris-6ed0,46,36,Normal
2026-02-14 05:01:29.011416,Paris-6ed0,23,93,Normal
2026-02-14 05:01:30.011416,Paris-6ed0,-18,9,Normal
2026-02-14 05:01:31.011416,Paris-6ed0,33,100,Normal
2026-02-14 05:01:32.011416,Paris-6ed0,-13,0,Normal
2026-02-14 05:01:33.011416,Paris-6ed0,36,32,Normal
2026-02-14 05:01:34.011416,Paris-6ed0,-5,92,Normal
2026-02-14 05:01:35.011416,Paris-6ed0,-28,52,Normal
2026-02-14 05:01:36.011416,Paris-6ed0,-2,39,Normal
