timestamp,station_id,temp,humid,condition
2026-02-13 22:54:49.010155,Toronto-9425,37,80,Normal
2026-02-13 22:54:50.010155,Toronto-9425,25,76,Normal
2026-02-13 22:54:51.010155,Toronto-9425,-30,4,Normal
2026-02-13 22:54:52.010155,Toronto-9425,-13,43,Normal
2026-02-13 22:54:53.010155,Toronto-9425,32,63,Normal
2026-02-13 22:54:54.010155,Toronto-9425,12,87,Normal
2026-02-13 22:54:55.010155,Toronto-9425,24,83,Normal
2026-02-13 22:54:56.010155,Toronto-9425,-11,100,Normal
2026-02-13 22:54:57.010155,Toronto-9425,48,16,Normal
2026-02-13 22:54:58.010155,Toronto-9425,10,15,Normal
2026-02-13 22:54:59.010155,Toronto-9425,48,52,Normal
2026-02-13 22:55:00.010155,Toronto-9425,12,66,Normal
2026-02-13 22:55:01.010155,Toronto-9425,12,66,Normal
2026-02-13 22:55:02.010155,Toronto-9425,-18,80,Normal
2026-02-13 22:55:03.010155,Toronto-9425,12,5,Normal
2026-02-13 22:55:04.010155,Toronto-9425,40,14,Normal
2026-02-13 22:55:05.010155,Toronto-9425,22,68,Normal
2026-02-13 22:55:06.010155,Toronto-9425,2,4,Normal
2026-02-13 22:55:07.010155,Toronto-9425,-4,41,Normal
2026-02-13 22:55:08.010155,Toronto-9425,6,10,Normal
2026-02-13 22:55:09.010155,Toronto-9425,-19,10,Normal
2026-02-13 22:55:10.010155,Toronto-9425,-14,48,Normal
2026-02-13 22:55:11.010155,Toronto-9425,36,66,Normal
2026-02-13 22:55:12.010155,Toronto-9425,15,29,Normal
2026-02-13 22:55:13.010155,Toronto-9425,-20,91,Normal
2026-02-13 22:55:14.010155,Toronto-9425,20,91,Normal
2026-02-13 22:55:15.010155,Toronto-9425,35,10,Normal
2026-02-13 22:55:16.010155,Toronto-9425,38,76,Normal
2026-02-13 22:55:17.010155,Toronto-9425,-18,74,Normal
2026-02-13 22:55:18.010155,Toronto-9425,-21,46,Normal
2026-02-13 22:55:19.010155,Toronto-9425,4,78,Normal
2026-02-13 22:55:20.010155,Toronto-9425,18,22,Normal
2026-02-13 22:55:21.010155,Toronto-9425,-25,87,Normal
2026-02-13 22:55:22.010155,Toronto-9425,29,8,Normal
2026-02-13 22:55:23.010155,Toronto-9425,-4,1,Normal
2026-02-13 22:55:24.010155,Toronto-9425,3,81,Normal
2026-02-13 22:55:25.010155,Toronto-9425,5,4,Normal
2026-02-13 22:55:26.010155,Toronto-9425,26,17,Normal
2026-02-13 22:55:27.010155,Toronto-9425,32,86,Normal
2026-02-13 22:55:28.010155,Toronto-9425,32,17,Normal
2026-02-13 22:55:29.010155,Toronto-9425,25,70,Normal
2026-02-13 22:55:30.010155,Toronto-9425,-24,75,Normal
2026-02-13 22:55:31.010155,Toronto-9425,-20,51,Normal
2026-02-13 22:55:32.010155,Toronto-9425,4,76,Normal
2026-02-13 22:55:33.010155,Toronto-9425,48,66,Normal
2026-02-13 22:55:34.010155,Toronto-9425,-25,75,Normal
2026-02-13 22:55:35.010155,Toronto-9425,24,66,Normal
2026-02-13 22:55:36.010155,Toronto-9425,28,66,Normal
2026-02-13 22:55:37.010155,Toronto-9425,47,64,Normal
2026-02-13 22:55:38.010155,Toronto-9425,19,27,Normal
2026-02-13 22:55:39.010155,Toronto-9425,42,69,Normal
2026-02-13 22:55:40.010155,Toronto-9425,3,38,Normal
2026-02-13 22:55:41.010155,Toronto-9425,39,100,Normal
2026-02-13 22:55:42.010155,Toronto-9425,6,55,Normal
2026-02-13 22:55:43.010155,Toronto-9425,25,70,Normal
2026-02-13 22:55:44.010155,Toronto-9425,-4,23,Normal
2026-02-13 22:55:45.010155,Toronto-9425,-30,90,Normal
2026-02-13 22:55:46.010155,Toronto-9425,-8,75,Normal
2026-02-13 22:55:47.010155,Toronto-9425,-22,72,Normal
2026-02-13 22:55:48.010155,Toronto-9425,-11,15,Normal
2026-02-13 22:55:49.010155,Toronto-9425,-30,61,Normal
2026-02-13 22:55:50.010155,Toronto-9425,-6,18,Normal
2026-02-13 22:55:51.010155,Toronto-9425,11,14,Normal
2026-02-13 22:55:52.010155,Toronto-9425,-5,74,Normal
2026-02-13 22:55:53.010155,Toronto-9425,-14,4,Normal
2026-02-13 22:55:54.010155,Toronto-9425,28,39,Normal
2026-02-13 22:55:55.010155,Toronto-9425,30,4,Normal
2026-02-13 22:55:56.010155,Toronto-9425,4,91,Normal
2026-02-13 22:55:57.010155,Toronto-9425,-6,32,Normal
2026-02-13 22:55:58.010155,Toronto-9425,47,96,Normal
2026-02-13 22:55:59.010155,Toronto-9425,9,4,Normal
2026-02-13 22:56:00.010155,Toronto-9425,-20,83,Normal
2026-02-13 22:56:01.010155,Toronto-9425,36,71,Normal
2026-02-13 22:56:02.010155,Toronto-9425,4,33,Normal
2026-02-13 22:56:03.010155,Toronto-9425,-23,16,Normal
2026-02-13 22:56:04.010155,Toronto-9425,43,51,Normal
2026-02-13 22:56:05.010155,Toronto-9425,-14,40,Normal
2026-02-13 22:56:06.010155,Toronto-9425,38,77,Normal
2026-02-13 22:56:07.010155,Toronto-9425,9,85,Normal
2026-02-13 22:56:08.010155,Toronto-9425,-10,56,Normal
2026-02-13 22:56:09.010155,Toronto-9425,-30,22,Normal
2026-02-13 22:56:10.010155,Toronto-9425,11,84,Normal
2026-02-13 22:56:11.010155,Toronto-9425,-6,97,Normal
2026-02-13 22:56:12.010155,Toronto-9425,43,3,Normal
2026-02-13 22:56:13.010155,Toronto-9425,0,17,Normal
2026-02-13 22:56:14.010155,Toronto-9425,-27,37,Normal
2026-02-13 22:56:15.010155,Toronto-9425,14,68,Normal
2026-02-13 22:56:16.010155,Toronto-9425,24,66,Normal
2026-02-13 22:56:17.010155,Toronto-9425,-22,39,Normal
2026-02-13 22:56:18.010155,Toronto-9425,33,91,Normal
2026-02-13 22:56:19.010155,Toronto-9425,-5,53,Normal
2026-02-13 22:56:20.010155,Toronto-9425,30,83,Normal
2026-02-13 22:56:21.010155,Toronto-9425,9,95,Normal
2026-02-13 22:56:22.010155,Toronto-9425,47,26,Normal
2026-02-13 22:56:23.010155,Toronto-9425,-6,53,Normal
2026-02-13 22:56:24.010155,Toronto-9425,12,69,Normal
2026-02-13 22:56:25.010155,Toronto-9425,50,14,Normal
2026-02-13 22:56:26.010155,Toronto-9425,12,85,Normal
2026-02-13 22:56:27.010155,Toronto-9425,28,65,Normal
2026-02-13 22:56:28.010155,Toronto-9425,10,82,Normal
2026-02-13 22:56:29.010155,Toronto-9425,9,12,Normal
2026-02-13 22:56:30.010155,Toronto-9425,4,72,Normal
2026-02-13 22:56:31.010155,Toronto-9425,2,68,Normal
2026-02-13 22:56:32.010155,Toronto-9425,-17,82,Normal
2026-02-13 22:56:33.010155,Toronto-9425,20,0,Normal
2026-02-13 22:56:34.010155,Toronto-9425,-20,88,Normal
2026-02-13 22:56:35.010155,Toronto-9425,32,74,Normal
2026-02-13 22:56:36.010155,Toronto-9425,3,49,Normal
2026-02-13 22:56:37.010155,Toronto-9425,40,6,Normal
2026-02-13 22:56:38.010155,Toronto-9425,11,83,Normal
2026-02-13 22:56:39.010155,Toronto-9425,38,42,Normal
2026-02-13 22:56:40.010155,Toronto-9425,7,3,Normal
2026-02-13 22:56:41.010155,Toronto-9425,-26,87,Normal
2026-02-13 22:56:42.010155,Toronto-9425,26,28,Normal
2026-02-13 22:56:43.010155,Toronto-9425,-30,58,Normal
2026-02-13 22:56:44.010155,Toronto-9425,-11,48,Normal
2026-02-13 22:56:45.010155,Toronto-9425,39,30,Normal
2026-02-13 22:56:46.010155,Toronto-9425,-13,97,Normal
2026-02-13 22:56:47.010155,Toronto-9425,27,16,Normal
2026-02-13 22:56:48.010155,Toronto-9425,41,67,Normal
2026-02-13 22:56:49.010155,Toronto-9425,19,85,Normal
2026-02-13 22:56:50.010155,Toronto-9425,25,98,Normal
2026-02-13 22:56:51.010155,Toronto-9425,-27,43,Normal
2026-02-13 22:56:52.010155,Toronto-9425,16,74,Normal
2026-02-13 22:56:53.010155,Toronto-9425,-21,75,Normal
2026-02-13 22:56:54.010155,Toronto-9425,-2,28,Normal
2026-02-13 22:56:55.010155,Toronto-9425,-26,20,Normal
2026-02-13 22:56:56.010155,Toronto-9425,-9,19,Normal
2026-02-13 22:56:57.010155,Toronto-9425,-16,11,Normal
2026-02-13 22:56:58.010155,Toronto-9425,41,100,Normal
2026-02-13 22:56:59.010155,Toronto-9425,4,7,Normal
2026-02-13 22:57:00.010155,Toronto-9425,24,3,Normal
2026-02-13 22:57:01.010155,Toronto-9425,-4,53,Normal
2026-02-13 22:57:02.010155,Toronto-9425,44,94,Normal
2026-02-13 22:57:03.010155,Toronto-9425,-18,82,Normal
2026-02-13 22:57:04.010155,Toronto-9425,23,58,Normal
2026-02-13 22:57:05.010155,Toronto-9425,14,32,Normal
2026-02-13 22:57:06.010155,Toronto-9425,-22,86,Normal
2026-02-13 22:57:07.010155,Toronto-9425,29,92,Normal
2026-02-13 22:57:08.010155,Toronto-9425,49,81,Normal
2026-02-13 22:57:09.010155,Toronto-9425,14,66,Normal
2026-02-13 22:57:10.010155,Toronto-9425,-26,64,Normal
2026-02-13 22:57:11.010155,Toronto-9425,10,15,Normal
2026-02-13 22:57:12.010155,Toronto-9425,10,64,Normal
2026-02-13 22:57:13.010155,Toronto-9425,46,61,Normal
2026-02-13 22:57:14.010155,Toronto-9425,48,20,Normal
2026-02-13 22:57:15.010155,Toronto-9425,42,45,Normal
2026-02-13 22:57:16.010155,Toronto-9425,-16,66,Normal
2026-02-13 22:57:17.010155,Toronto-9425,-4,55,Normal
2026-02-13 22:57:18.010155,Toronto-9425,-22,93,Normal
2026-02-13 22:57:19.010155,Toronto-9425,27,68,Normal
2026-02-13 22:57:20.010155,Toronto-9425,-12,50,Normal
2026-02-13 22:57:21.010155,Toronto-9425,-8,13,Normal
2026-02-13 22:57:22.010155,Toronto-9425,9,20,Normal
2026-02-13 22:57:23.010155,Toronto-9425,44,11,Normal
2026-02-13 22:57:24.010155,Toronto-9425,-8,77,Normal
2026-02-13 22:57:25.010155,Toronto-9425,-15,72,Normal
2026-02-13 22:57:26.010155,Toronto-9425,-1,66,Normal
2026-02-13 22:57:27.010155,Toronto-9425,-26,92,Normal
2026-02-13 22:57:28.010155,Toronto-9425,23,90,Normal
2026-02-13 22:57:29.010155,Toronto-9425,-1,3,Normal
2026-02-13 22:57:30.010155,Toronto-9425,2,52,Normal
2026-02-13 22:57:31.010155,Toronto-9425,-18,48,Normal
2026-02-13 22:57:32.010155,Toronto-9425,49,39,Normal
2026-02-13 22:57:33.010155,Toronto-9425,-1,85,Normal
2026-02-13 22:57:34.010155,Toronto-9425,34,74,Normal
2026-02-13 22:57:35.010155,Toronto-9425,-13,68,Normal
2026-02-13 22:57:36.010155,Toronto-9425,4,79,Normal
2026-02-13 22:57:37.010155,Toronto-9425,48,67,Normal
2026-02-13 22:57:38.010155,Toronto-9425,45,4,Normal
2026-02-13 22:57:39.010155,Toronto-9425,9,11,Normal
2026-02-13 22:57:40.010155,Toronto-9425,13,93,Normal
2026-02-13 22:57:41.010155,Toronto-9425,48,4,Normal
2026-02-13 22:57:42.010155,Toronto-9425,3,53,Normal
2026-02-13 22:57:43.010155,Toronto-9425,6,7,Normal
2026-02-13 22:57:44.010155,Toronto-9425,13,61,Normal
2026-02-13 22:57:45.010155,Toronto-9425,45,74,Normal
2026-02-13 22:57:46.010155,Toronto-9425,29,100,Normal
2026-02-13 22:57:47.010155,Toronto-9425,-4,65,Normal
2026-02-13 22:57:48.010155,Toronto-9425,28,1,Normal
2026-02-13 22:57:49.010155,Toronto-9425,-29,90,Normal
2026-02-13 22:57:50.010155,Toronto-9425,49,30,Normal
2026-02-13 22:57:51.010155,Toronto-9425,26,71,Normal
2026-02-13 22:57:52.010155,Toronto-9425,-1,78,Normal
2026-02-13 22:57:53.010155,Toronto-9425,20,22,Normal
2026-02-13 22:57:54.010155,Toronto-9425,-26,37,Normal
2026-02-13 22:57:55.010155,Toronto-9425,-11,41,Normal
2026-02-13 22:57:56.010155,Toronto-9425,44,52,Normal
2026-02-13 22:57:57.010155,Toronto-9425,39,79,Normal
2026-02-13 22:57:58.010155,Toronto-9425,23,86,Normal
2026-02-13 22:57:59.010155,Toronto-9425,29,40,Normal
2026-02-13 22:58:00.010155,Toronto-9425,24,38,Normal
2026-02-13 22:58:01.010155,Toronto-9425,-24,31,Normal
2026-02-13 22:58:02.010155,Toronto-9425,-24,28,Normal
2026-02-13 22:58:03.010155,Toronto-9425,28,58,Normal
2026-02-13 22:58:04.010155,Toronto-9425,48,69,Normal
2026-02-13 22:58:05.010155,Toronto-9425,22,9,Normal
2026-02-13 22:58:06.010155,Toronto-9425,38,17,Normal
2026-02-13 22:58:07.010155,Toronto-9425,-2,47,Normal
2026-02-13 22:58:08.010155,Toronto-9425,-12,98,Normal
2026-02-13 22:58:09.010155,Toronto-9425,10,25,Normal
2026-02-13 22:58:10.010155,Toronto-9425,3,85,Normal
2026-02-13 22:58:11.010155,Toronto-9425,-13,35,Normal
2026-02-13 22:58:12.010155,Toronto-9425,12,14,Normal
2026-02-13 22:58:13.010155,Toronto-9425,13,60,Normal
2026-02-13 22:58:14.010155,Toronto-9425,15,11,Normal
2026-02-13 22:58:15.010155,Toronto-9425,-22,81,Normal
2026-02-13 22:58:16.010155,Toronto-9425,27,9,Normal
2026-02-13 22:58:17.010155,Toronto-9425,44,11,Normal
2026-02-13 22:58:18.010155,Toronto-9425,11,75,Normal
2026-02-13 22:58:19.010155,Toronto-9425,20,9,Normal
2026-02-13 22:58:20.010155,Toronto-9425,-16,1,Normal
2026-02-13 22:58:21.010155,Toronto-9425,37,53,Normal
2026-02-13 22:58:22.010155,Toronto-9425,-1,20,Normal
2026-02-13 22:58:23.010155,Toronto-9425,40,24,Normal
2026-02-13 22:58:24.010155,Toronto-9425,-22,10,Normal
2026-02-13 22:58:25.010155,Toronto-9425,-23,60,Normal
2026-02-13 22:58:26.010155,Toronto-9425,37,92,Normal
2026-02-13 22:58:27.010155,Toronto-9425,-3,71,Normal
2026-02-13 22:58:28.010155,Toronto-9425,-10,36,Normal
2026-02-13 22:58:29.010155,Toronto-9425,50,64,Normal
2026-02-13 22:58:30.010155,Toronto-9425,18,70,Normal
2026-02-13 22:58:31.010155,Toronto-9425,-21,21,Normal
2026-02-13 22:58:32.010155,Toronto-9425,29,48,Normal
2026-02-13 22:58:33.010155,Toronto-9425,-12,78,Normal
2026-02-13 22:58:34.010155,Toronto-9425,10,97,Normal
2026-02-13 22:58:35.010155,Toronto-9425,-7,39,Normal
2026-02-13 22:58:36.010155,Toronto-9425,25,96,Normal
2026-02-13 22:58:37.010155,Toronto-9425,-12,37,Normal
2026-02-13 22:58:38.010155,Toronto-9425,48,8,Normal
2026-02-13 22:58:39.010155,Toronto-9425,24,78,Normal
2026-02-13 22:58:40.010155,Toronto-9425,14,12,Normal
2026-02-13 22:58:41.010155,Toronto-9425,1,86,Normal
2026-02-13 22:58:42.010155,Toronto-9425,-25,81,Normal
2026-02-13 22:58:43.010155,Toronto-9425,18,0,Normal
2026-02-13 22:58:44.010155,Toronto-9425,0,44,Normal
2026-02-13 22:58:45.010155,Toronto-9425,30,14,Normal
2026-02-13 22:58:46.010155,Toronto-9425,-18,62,Normal
2026-02-13 22:58:47.010155,Toronto-9425,-25,29,Normal
2026-02-13 22:58:48.010155,Toronto-9425,18,0,Normal
2026-02-13 22:58:49.010155,Toronto-9425,35,96,Normal
2026-02-13 22:58:50.010155,Toronto-9425,3,73,Normal
2026-02-13 22:58:51.010155,Toronto-9425,34,47,Normal
2026-02-13 22:58:52.010155,Toronto-9425,18,22,Normal
2026-02-13 22:58:53.010155,Toronto-9425,33,86,Normal
2026-02-13 22:58:54.010155,Toronto-9425,33,79,Normal
2026-02-13 22:58:55.010155,Toronto-9425,40,60,Normal
2026-02-13 22:58:56.010155,Toronto-9425,17,92,Normal
2026-02-13 22:58:57.010155,Toronto-9425,-5,89,Normal
2026-02-13 22:58:58.010155,Toronto-9425,-27,70,Normal
2026-02-13 22:58:59.010155,Toronto-9425,-4,5,Normal
2026-02-13 22:59:00.010155,Toronto-9425,24,63,Normal
2026-02-13 22:59:01.010155,Toronto-9425,-18,53,Normal
2026-02-13 22:59:02.010155,Toronto-9425,12,19,Normal
2026-02-13 22:59:03.010155,Toronto-9425,36,77,Normal
2026-02-13 22:59:04.010155,Toronto-9425,36,29,Normal
2026-02-13 22:59:05.010155,Toronto-9425,-29,93,Normal
2026-02-13 22:59:06.010155,Toronto-9425,38,33,Normal
2026-02-13 22:59:07.010155,Toronto-9425,44,33,Normal
2026-02-13 22:59:08.010155,Toronto-9425,50,42,Normal
2026-02-13 22:59:09.010155,Toronto-9425,24,81,Normal
2026-02-13 22:59:10.010155,Toronto-9425,1,49,Normal
2026-02-13 22:59:11.010155,Toronto-9425,-7,56,Normal
2026-02-13 22:59:12.010155,Toronto-9425,4,20,Normal
2026-02-13 22:59:13.010155,Toronto-9425,18,31,Normal
2026-02-13 22:59:14.010155,Toronto-9425,-23,67,Normal
2026-02-13 22:59:15.010155,Toronto-9425,43,47,Normal
2026-02-13 22:59:16.010155,Toronto-9425,-28,41,Normal
2026-02-13 22:59:17.010155,Toronto-9425,32,39,Normal
2026-02-13 22:59:18.010155,Toronto-9425,35,82,Normal
2026-02-13 22:59:19.010155,Toronto-9425,43,68,Normal
2026-02-13 22:59:20.010155,Toronto-9425,-19,70,Normal
2026-02-13 22:59:21.010155,Toronto-9425,48,33,Normal
2026-02-13 22:59:22.010155,Toronto-9425,22,76,Normal
2026-02-13 22:59:23.010155,Toronto-9425,43,10,Normal
2026-02-13 22:59:24.010155,Toronto-9425,33,72,Normal
2026-02-13 22:59:25.010155,Toronto-9425,30,94,Normal
2026-02-13 22:59:26.010155,Toronto-9425,8,65,Normal
2026-02-13 22:59:27.010155,Toronto-9425,31,90,Normal
2026-02-13 22:59:28.010155,Toronto-9425,41,70,Normal
2026-02-13 22:59:29.010155,Toronto-9425,10,61,Normal
2026-02-13 22:59:30.010155,Toronto-9425,-7,19,Normal
2026-02-13 22:59:31.010155,Toronto-9425,-20,80,Normal
2026-02-13 22:59:32.010155,Toronto-9425,18,100,Normal
2026-02-13 22:59:33.010155,Toronto-9425,43,64,Normal
2026-02-13 22:59:34.010155,Toronto-9425,-1,50,Normal
2026-02-13 22:59:35.010155,Toronto-9425,-25,27,Normal
2026-02-13 22:59:36.010155,Toronto-9425,-28,99,Normal
2026-02-13 22:59:37.010155,Toronto-9425,42,55,Normal
2026-02-13 22:59:38.010155,Toronto-9425,-8,75,Normal
2026-02-13 22:59:39.010155,Toronto-9425,-7,74,Normal
2026-02-13 22:59:40.010155,Toronto-9425,-15,58,Normal
2026-02-13 22:59:41.010155,Toronto-9425,-8,72,Normal
2026-02-13 22:59:42.010155,Toronto-9425,42,73,Normal
2026-02-13 22:59:43.010155,Toronto-9425,19,63,Normal
2026-02-13 22:59:44.010155,Toronto-9425,-18,30,Normal
2026-02-13 22:59:45.010155,Toronto-9425,11,23,Normal
2026-02-13 22:59:46.010155,Toronto-9425,22,14,Normal
2026-02-13 22:59:47.010155,Toronto-9425,24,67,Normal
2026-02-13 22:59:48.010155,Toronto-9425,-19,47,Normal
2026-02-13 22:59:49.010155,Toronto-9425,21,23,Normal
2026-02-13 22:59:50.010155,Toronto-9425,44,48,Normal
2026-02-13 22:59:51.010155,Toronto-9425,21,51,Normal
2026-02-13 22:59:52.010155,Toronto-9425,-11,58,Normal
2026-02-13 22:59:53.010155,Toronto-9425,-2,89,Normal
2026-02-13 22:59:54.010155,Toronto-9425,50,13,Normal
2026-02-13 22:59:55.010155,Toronto-9425,29,4,Normal
2026-02-13 22:59:56.010155,Toronto-9425,24,76,Normal
2026-02-13 22:59:57.010155,Toronto-9425,-27,68,Normal
2026-02-13 22:59:58.010155,Toronto-9425,-11,79,Normal
2026-02-13 22:59:59.010155,Toronto-9425,-17,86,Normal
2026-02-13 23:00:00.010155,Toronto-9425,33,76,Normal
2026-02-13 23:00:01.010155,Toronto-9425,50,67,Normal
2026-02-13 23:00:02.010155,Toronto-9425,38,35,Normal
2026-02-13 23:00:03.010155,Toronto-9425,40,85,Normal
2026-02-13 23:00:04.010155,Toronto-9425,37,25,Normal
2026-02-13 23:00:05.010155,Toronto-9425,43,81,Normal
2026-02-13 23:00:06.010155,Toronto-9425,-19,68,Normal
2026-02-13 23:00:07.010155,Toronto-9425,-20,61,Normal
2026-02-13 23:00:08.010155,Toronto-9425,-17,8,Normal
2026-02-13 23:00:09.010155,Toronto-9425,48,34,Normal
2026-02-13 23:00:10.010155,Toronto-9425,44,44,Normal
2026-02-13 23:00:11.010155,Toronto-9425,-26,100,Normal
2026-02-13 23:00:12.010155,Toronto-9425,11,38,Normal
2026-02-13 23:00:13.010155,Toronto-9425,-1,60,Normal
2026-02-13 23:00:14.010155,Toronto-9425,-19,97,Normal
2026-02-13 23:00:15.010155,Toronto-9425,39,47,Normal
2026-02-13 23:00:16.010155,Toronto-9425,-24,2,Normal
2026-02-13 23:00:17.010155,Toronto-9425,-15,24,Normal
2026-02-13 23:00:18.010155,Toronto-9425,-28,25,Normal
2026-02-13 23:00:19.010155,Toronto-9425,19,27,Normal
2026-02-13 23:00:20.010155,Toronto-9425,-21,62,Normal
2026-02-13 23:00:21.010155,Toronto-9425,21,29,Normal
2026-02-13 23:00:22.010155,Toronto-9425,28,2,Normal
2026-02-13 23:00:23.010155,Toronto-9425,-19,1,Normal
2026-02-13 23:00:24.010155,Toronto-9425,46,69,Normal
2026-02-13 23:00:25.010155,Toronto-9425,34,72,Normal
2026-02-13 23:00:26.010155,Toronto-9425,16,63,Normal
2026-02-13 23:00:27.010155,Toronto-9425,19,39,Normal
2026-02-13 23:00:28.010155,Toronto-9425,28,75,Normal
2026-02-13 23:00:29.010155,Toronto-9425,-24,98,Normal
2026-02-13 23:00:30.010155,Toronto-9425,30,36,Normal
2026-02-13 23:00:31.010155,Toronto-9425,-11,99,Normal
2026-02-13 23:00:32.010155,Toronto-9425,-1,55,Normal
2026-02-13 23:00:33.010155,Toronto-9425,-29,43,Normal
2026-02-13 23:00:34.010155,Toronto-9425,33,10,Normal
2026-02-13 23:00:35.010155,Toronto-9425,9,90,Normal
2026-02-13 23:00:36.010155,Toronto-9425,16,69,Normal
2026-02-13 23:00:37.010155,Toronto-9425,16,76,Normal
2026-02-13 23:00:38.010155,Toronto-9425,33,8,Normal
2026-02-13 23:00:39.010155,Toronto-9425,39,31,Normal
2026-02-13 23:00:40.010155,Toronto-9425,24,20,Normal
2026-02-13 23:00:41.010155,Toronto-9425,37,13,Normal
2026-02-13 23:00:42.010155,Toronto-9425,-7,57,Normal
2026-02-13 23:00:43.010155,Toronto-9425,-8,17,Normal
2026-02-13 23:00:44.010155,Toronto-9425,25,25,Normal
2026-02-13 23:00:45.010155,Toronto-9425,23,38,Normal
2026-02-13 23:00:46.010155,Toronto-9425,22,42,Normal
2026-02-13 23:00:47.010155,Toronto-9425,-28,58,Normal
2026-02-13 23:00:48.010155,Toronto-9425,11,13,Normal
2026-02-13 23:00:49.010155,Toronto-9425,28,17,Normal
2026-02-13 23:00:50.010155,Toronto-9425,-18,26,Normal
2026-02-13 23:00:51.010155,Toronto-9425,43,2,Normal
2026-02-13 23:00:52.010155,Toronto-9425,-5,4,Normal
2026-02-13 23:00:53.010155,Toronto-9425,30,26,Normal
2026-02-13 23:00:54.010155,Toronto-9425,-1,55,Normal
2026-02-13 23:00:55.010155,Toronto-9425,27,99,Normal
2026-02-13 23:00:56.010155,Toronto-9425,-22,52,Normal
2026-02-13 23:00:57.010155,Toronto-9425,23,1,Normal
2026-02-13 23:00:58.010155,Toronto-9425,50,29,Normal
2026-02-13 23:00:59.010155,Toronto-9425,41,76,Normal
2026-02-13 23:01:00.010155,Toronto-9425,-25,6,Normal
2026-02-13 23:01:01.010155,Toronto-9425,-25,36,Normal
2026-02-13 23:01:02.010155,Toronto-9425,33,11,Normal
2026-02-13 23:01:03.010155,Toronto-9425,7,59,Normal
2026-02-13 23:01:04.010155,Toronto-9425,25,80,Normal
2026-02-13 23:01:05.010155,Toronto-9425,-16,43,Normal
2026-02-13 23:01:06.010155,Toronto-9425,34,94,Normal
2026-02-13 23:01:07.010155,Toronto-9425,26,15,Normal
2026-02-13 23:01:08.010155,Toronto-9425,33,60,Normal
2026-02-13 23:01:09.010155,Toronto-9425,37,96,Normal
2026-02-13 23:01:10.010155,Toronto-9425,31,67,Normal
2026-02-13 23:01:11.010155,Toronto-9425,-24,12,Normal
2026-02-13 23:01:12.010155,Toronto-9425,34,28,Normal
2026-02-13 23:01:13.010155,Toronto-9425,13,7,Normal
2026-02-13 23:01:14.010155,Toronto-9425,-6,20,Normal
2026-02-13 23:01:15.010155,Toronto-9425,18,48,Normal
2026-02-13 23:01:16.010155,Toronto-9425,42,0,Normal
2026-02-13 23:01:17.010155,Toronto-9425,-23,54,Normal
2026-02-13 23:01:18.010155,Toronto-9425,34,67,Normal
2026-02-13 23:01:19.010155,Toronto-9425,18,66,Normal
2026-02-13 23:01:20.010155,Toronto-9425,-9,78,Normal
2026-02-13 23:01:21.010155,Toronto-9425,31,29,Normal
2026-02-13 23:01:22.010155,Toronto-9425,21,11,Normal
2026-02-13 23:01:23.010155,Toronto-9425,26,22,Normal
2026-02-13 23:01:24.010155,Toronto-9425,41,11,Normal
2026-02-13 23:01:25.010155,Toronto-9425,31,5,Normal
2026-02-13 23:01:26.010155,Toronto-9425,8,77,Normal
2026-02-13 23:01:27.010155,Toronto-9425,-27,99,Normal
2026-02-13 23:01:28.010155,Toronto-9425,-25,19,Normal
2026-02-13 23:01:29.010155,Toronto-9425,37,15,Normal
2026-02-13 23:01:30.010155,Toronto-9425,-19,67,Normal
2026-02-13 23:01:31.010155,Toronto-9425,38,1,Normal
2026-02-13 23:01:32.010155,Toronto-9425,-24,71,Normal
2026-02-13 23:01:33.010155,Toronto-9425,22,70,Normal
2026-02-13 23:01:34.010155,Toronto-9425,40,47,Normal
2026-02-13 23:01:35.010155,Toronto-9425,-26,86,Normal
2026-02-13 23:01:36.010155,Toronto-9425,31,68,Normal
2026-02-13 23:01:37.010155,Toronto-9425,-25,92,Normal
2026-02-13 23:01:38.010155,Toronto-9425,22,97,Normal
2026-02-13 23:01:39.010155,Toronto-9425,27,21,Normal
2026-02-13 23:01:40.010155,Toronto-9425,44,16,Normal
2026-02-13 23:01:41.010155,Toronto-9425,-11,10,Normal
2026-02-13 23:01:42.010155,Toronto-9425,-20,96,Normal
2026-02-13 23:01:43.010155,Toronto-9425,13,56,Normal
2026-02-13 23:01:44.010155,Toronto-9425,-25,26,Normal
2026-02-13 23:01:45.010155,Toronto-9425,18,5,Normal
2026-02-13 23:01:46.010155,Toronto-9425,44,95,Normal
2026-02-13 23:01:47.010155,Toronto-9425,50,34,Normal
2026-02-13 23:01:48.010155,Toronto-9425,-29,95,Normal
2026-02-13 23:01:49.010155,Toronto-9425,12,9,Normal
2026-02-13 23:01:50.010155,Toronto-9425,12,41,Normal
2026-02-13 23:01:51.010155,Toronto-9425,39,22,Normal
2026-02-13 23:01:52.010155,Toronto-9425,18,6,Normal
2026-02-13 23:01:53.010155,Toronto-9425,14,49,Normal
2026-02-13 23:01:54.010155,Toronto-9425,-4,91,Normal
2026-02-13 23:01:55.010155,Toronto-9425,28,9,Normal
2026-02-13 23:01:56.010155,Toronto-9425,16,13,Normal
2026-02-13 23:01:57.010155,Toronto-9425,10,27,Normal
2026-02-13 23:01:58.010155,Toronto-9425,-18,85,Normal
2026-02-13 23:01:59.010155,Toronto-9425,19,64,Normal
2026-02-13 23:02:00.010155,Toronto-9425,13,81,Normal
2026-02-13 23:02:01.010155,Toronto-9425,24,26,Normal
2026-02-13 23:02:02.010155,Toronto-9425,5,80,Normal
2026-02-13 23:02:03.010155,Toronto-9425,21,72,Normal
2026-02-13 23:02:04.010155,Toronto-9425,-2,66,Normal
2026-02-13 23:02:05.010155,Toronto-9425,-6,38,Normal
2026-02-13 23:02:06.010155,Toronto-9425,34,64,Normal
2026-02-13 23:02:07.010155,Toronto-9425,5,95,Normal
2026-02-13 23:02:08.010155,Toronto-9425,2,2,Normal
2026-02-13 23:02:09.010155,Toronto-9425,-14,50,Normal
2026-02-13 23:02:10.010155,Toronto-9425,0,55,Normal
2026-02-13 23:02:11.010155,Toronto-9425,35,97,Normal
2026-02-13 23:02:12.010155,Toronto-9425,-26,49,Normal
2026-02-13 23:02:13.010155,Toronto-9425,-5,3,Normal
2026-02-13 23:02:14.010155,Toronto-9425,15,73,Normal
2026-02-13 23:02:15.010155,Toronto-9425,3,81,Normal
2026-02-13 23:02:16.010155,Toronto-9425,-3,63,Normal
2026-02-13 23:02:17.010155,Toronto-9425,21,74,Normal
2026-02-13 23:02:18.010155,Toronto-9425,2,76,Normal
2026-02-13 23:02:19.010155,Toronto-9425,-8,49,Normal
2026-02-13 23:02:20.010155,Toronto-9425,10,62,Normal
2026-02-13 23:02:21.010155,Toronto-9425,43,73,Normal
2026-02-13 23:02:22.010155,Toronto-9425,16,46,Normal
2026-02-13 23:02:23.010155,Toronto-9425,26,2,Normal
2026-02-13 23:02:24.010155,Toronto-9425,-6,33,Normal
2026-02-13 23:02:25.010155,Toronto-9425,37,78,Normal
2026-02-13 23:02:26.010155,Toronto-9425,-3,78,Normal
2026-02-13 23:02:27.010155,Toronto-9425,-24,19,Normal
2026-02-13 23:02:28.010155,Toronto-9425,5,58,Normal
2026-02-13 23:02:29.010155,Toronto-9425,33,48,Normal
2026-02-13 23:02:30.010155,Toronto-9425,21,47,Normal
2026-02-13 23:02:31.010155,Toronto-9425,14,42,Normal
2026-02-13 23:02:32.010155,Toronto-9425,20,12,Normal
2026-02-13 23:02:33.010155,Toronto-9425,30,71,Normal
2026-02-13 23:02:34.010155,Toronto-9425,38,85,Normal
2026-02-13 23:02:35.010155,Toronto-9425,-30,33,Normal
2026-02-13 23:02:36.010155,Toronto-9425,-19,77,Normal
2026-02-13 23:02:37.010155,Toronto-9425,24,52,Normal
2026-02-13 23:02:38.010155,Toronto-9425,28,12,Normal
2026-02-13 23:02:39.010155,Toronto-9425,1,19,Normal
2026-02-13 23:02:40.010155,Toronto-9425,-13,17,Normal
2026-02-13 23:02:41.010155,Toronto-9425,44,31,Normal
2026-02-13 23:02:42.010155,Toronto-9425,41,28,Normal
2026-02-13 23:02:43.010155,Toronto-9425,-12,33,Normal
2026-02-13 23:02:44.010155,Toronto-9425,33,13,Normal
2026-02-13 23:02:45.010155,Toronto-9425,29,9,Normal
2026-02-13 23:02:46.010155,Toronto-9425,-10,26,Normal
2026-02-13 23:02:47.010155,Toronto-9425,10,93,Normal
2026-02-13 23:02:48.010155,Toronto-9425,6,48,Normal
2026-02-13 23:02:49.010155,Toronto-9425,12,87,Normal
2026-02-13 23:02:50.010155,Toronto-9425,28,27,Normal
2026-02-13 23:02:51.010155,Toronto-9425,28,82,Normal
2026-02-13 23:02:52.010155,Toronto-9425,-15,78,Normal
2026-02-13 23:02:53.010155,Toronto-9425,25,38,Normal
2026-02-13 23:02:54.010155,Toronto-9425,-12,80,Normal
2026-02-13 23:02:55.010155,Toronto-9425,18,41,Normal
2026-02-13 23:02:56.010155,Toronto-9425,7,12,Normal
2026-02-13 23:02:57.010155,Toronto-9425,-16,83,Normal
2026-02-13 23:02:58.010155,Toronto-9425,12,82,Normal
2026-02-13 23:02:59.010155,Toronto-9425,50,64,Normal
2026-02-13 23:03:00.010155,Toronto-9425,6,24,Normal
2026-02-13 23:03:01.010155,Toronto-9425,-16,89,Normal
2026-02-13 23:03:02.010155,Toronto-9425,-3,7,Normal
2026-02-13 23:03:03.010155,Toronto-9425,4,25,Normal
2026-02-13 23:03:04.010155,Toronto-9425,17,57,Normal
2026-02-13 23:03:05.010155,Toronto-9425,30,20,Normal
2026-02-13 23:03:06.010155,Toronto-9425,13,61,Normal
2026-02-13 23:03:07.010155,Toronto-9425,2,27,Normal
2026-02-13 23:03:08.010155,Toronto-9425,-7,46,Normal
2026-02-13 23:03:09.010155,Toronto-9425,-26,70,Normal
2026-02-13 23:03:10.010155,Toronto-9425,37,17,Normal
2026-02-13 23:03:11.010155,Toronto-9425,27,27,Normal
2026-02-13 23:03:12.010155,Toronto-9425,-15,57,Normal
2026-02-13 23:03:13.010155,Toronto-9425,39,56,Normal
2026-02-13 23:03:14.010155,Toronto-9425,-8,91,Normal
2026-02-13 23:03:15.010155,Toronto-9425,-30,72,Normal
2026-02-13 23:03:16.010155,Toronto-9425,28,93,Normal
2026-02-13 23:03:17.010155,Toronto-9425,23,96,Normal
2026-02-13 23:03:18.010155,Toronto-9425,27,26,Normal
2026-02-13 23:03:19.010155,Toronto-9425,10,89,Normal
2026-02-13 23:03:20.010155,Toronto-9425,-19,10,Normal
2026-02-13 23:03:21.010155,Toronto-9425,28,62,Normal
2026-02-13 23:03:22.010155,Toronto-9425,-10,83,Normal
2026-02-13 23:03:23.010155,Toronto-9425,4,59,Normal
2026-02-13 23:03:24.010155,Toronto-9425,-3,67,Normal
2026-02-13 23:03:25.010155,Toronto-9425,-15,71,Normal
2026-02-13 23:03:26.010155,Toronto-9425,-16,28,Normal
2026-02-13 23:03:27.010155,Toronto-9425,-15,45,Normal
2026-02-13 23:03:28.010155,Toronto-9425,-2,59,Normal
2026-02-13 23:03:29.010155,Toronto-9425,-24,2,Normal
2026-02-13 23:03:30.010155,Toronto-9425,13,89,Normal
2026-02-13 23:03:31.010155,Toronto-9425,26,13,Normal
2026-02-13 23:03:32.010155,Toronto-9425,33,85,Normal
2026-02-13 23:03:33.010155,Toronto-9425,39,67,Normal
2026-02-13 23:03:34.010155,Toronto-9425,33,58,Normal
2026-02-13 23:03:35.010155,Toronto-9425,11,84,Normal
2026-02-13 23:03:36.010155,Toronto-9425,42,59,Normal
2026-02-13 23:03:37.010155,Toronto-9425,-15,60,Normal
2026-02-13 23:03:38.010155,Toronto-9425,50,10,Normal
2026-02-13 23:03:39.010155,Toronto-9425,43,67,Normal
2026-02-13 23:03:40.010155,Toronto-9425,20,39,Normal
2026-02-13 23:03:41.010155,Toronto-9425,-16,89,Normal
2026-02-13 23:03:42.010155,Toronto-9425,40,76,Normal
2026-02-13 23:03:43.010155,Toronto-9425,19,67,Normal
2026-02-13 23:03:44.010155,Toronto-9425,40,97,Normal
2026-02-13 23:03:45.010155,Toronto-9425,44,61,Normal
2026-02-13 23:03:46.010155,Toronto-9425,47,51,Normal
2026-02-13 23:03:47.010155,Toronto-9425,29,44,Normal
2026-02-13 23:03:48.010155,Toronto-9425,31,82,Normal
2026-02-13 23:03:49.010155,Toronto-9425,6,18,Normal
2026-02-13 23:03:50.010155,Toronto-9425,45,32,Normal
2026-02-13 23:03:51.010155,Toronto-9425,-24,9,Normal
2026-02-13 23:03:52.010155,Toronto-9425,-13,65,Normal
2026-02-13 23:03:53.010155,Toronto-9425,45,9,Normal
2026-02-13 23:03:54.010155,Toronto-9425,-22,10,Normal
2026-02-13 23:03:55.010155,Toronto-9425,30,73,Normal
2026-02-13 23:03:56.010155,Toronto-9425,-7,75,Normal
2026-02-13 23:03:57.010155,Toronto-9425,50,85,Normal
2026-02-13 23:03:58.010155,Toronto-9425,27,14,Normal
2026-02-13 23:03:59.010155,Toronto-9425,-10,58,Normal
2026-02-13 23:04:00.010155,Toronto-9425,13,91,Normal
2026-02-13 23:04:01.010155,Toronto-9425,-7,40,Normal
2026-02-13 23:04:02.010155,Toronto-9425,41,80,Normal
2026-02-13 23:04:03.010155,Toronto-9425,-7,57,Normal
2026-02-13 23:04:04.010155,Toronto-9425,-1,83,Normal
2026-02-13 23:04:05.010155,Toronto-9425,5,53,Normal
2026-02-13 23:04:06.010155,Toronto-9425,10,98,Normal
2026-02-13 23:04:07.010155,Toronto-9425,5,4,Normal
2026-02-13 23:04:08.010155,Toronto-9425,-4,43,Normal
2026-02-13 23:04:09.010155,Toronto-9425,-8,78,Normal
2026-02-13 23:04:10.010155,Toronto-9425,30,0,Normal
2026-02-13 23:04:11.010155,Toronto-9425,-27,75,Normal
2026-02-13 23:04:12.010155,Toronto-9425,-12,18,Normal
2026-02-13 23:04:13.010155,Toronto-9425,1,72,Normal
2026-02-13 23:04:14.010155,Toronto-9425,14,66,Normal
2026-02-13 23:04:15.010155,Toronto-9425,25,19,Normal
2026-02-13 23:04:16.010155,Toronto-9425,26,30,Normal
2026-02-13 23:04:17.010155,Toronto-9425,2,90,Normal
2026-02-13 23:04:18.010155,Toronto-9425,10,74,Normal
2026-02-13 23:04:19.010155,Toronto-9425,2,11,Normal
2026-02-13 23:04:20.010155,Toronto-9425,-24,94,Normal
2026-02-13 23:04:21.010155,Toronto-9425,38,32,Normal
2026-02-13 23:04:22.010155,Toronto-9425,13,66,Normal
2026-02-13 23:04:23.010155,Toronto-9425,34,72,Normal
2026-02-13 23:04:24.010155,Toronto-9425,17,81,Normal
2026-02-13 23:04:25.010155,Toronto-9425,-3,93,Normal
2026-02-13 23:04:26.010155,Toronto-9425,15,58,Normal
2026-02-13 23:04:27.010155,Toronto-9425,-6,97,Normal
2026-02-13 23:04:28.010155,Toronto-9425,-1,96,Normal
2026-02-13 23:04:29.010155,Toronto-9425,5,36,Normal
2026-02-13 23:04:30.010155,Toronto-9425,50,0,Normal
2026-02-13 23:04:31.010155,Toronto-9425,30,22,Normal
2026-02-13 23:04:32.010155,Toronto-9425,-14,80,Normal
2026-02-13 23:04:33.010155,Toronto-9425,10,63,Normal
2026-02-13 23:04:34.010155,Toronto-9425,15,21,Normal
2026-02-13 23:04:35.010155,Toronto-9425,14,96,Normal
2026-02-13 23:04:36.010155,Toronto-9425,4,96,Normal
2026-02-13 23:04:37.010155,Toronto-9425,48,63,Normal
2026-02-13 23:04:38.010155,Toronto-9425,32,38,Normal
2026-02-13 23:04:39.010155,Toronto-9425,-4,99,Normal
2026-02-13 23:04:40.010155,Toronto-9425,21,51,Normal
2026-02-13 23:04:41.010155,Toronto-9425,-21,98,Normal
2026-02-13 23:04:42.010155,Toronto-9425,22,24,Normal
2026-02-13 23:04:43.010155,Toronto-9425,34,62,Normal
2026-02-13 23:04:44.010155,Toronto-9425,44,34,Normal
2026-02-13 23:04:45.010155,Toronto-9425,24,65,Normal
2026-02-13 23:04:46.010155,Toronto-9425,-21,91,Normal
2026-02-13 23:04:47.010155,Toronto-9425,39,0,Normal
2026-02-13 23:04:48.010155,Toronto-9425,3,82,Normal
2026-02-13 23:04:49.010155,Toronto-9425,8,7,Normal
2026-02-13 23:04:50.010155,Toronto-9425,-22,61,Normal
2026-02-13 23:04:51.010155,Toronto-9425,14,22,Normal
2026-02-13 23:04:52.010155,Toronto-9425,15,69,Normal
2026-02-13 23:04:53.010155,Toronto-9425,18,59,Normal
2026-02-13 23:04:54.010155,Toronto-9425,-29,50,Normal
2026-02-13 23:04:55.010155,Toronto-9425,23,20,Normal
2026-02-13 23:04:56.010155,Toronto-9425,16,53,Normal
2026-02-13 23:04:57.010155,Toronto-9425,-16,14,Normal
2026-02-13 23:04:58.010155,Toronto-9425,-23,68,Normal
2026-02-13 23:04:59.010155,Toronto-9425,-17,21,Normal
2026-02-13 23:05:00.010155,Toronto-9425,0,80,Normal
2026-02-13 23:05:01.010155,Toronto-9425,-14,38,Normal
2026-02-13 23:05:02.010155,Toronto-9425,46,22,Normal
2026-02-13 23:05:03.010155,Toronto-9425,17,51,Normal
2026-02-13 23:05:04.010155,Toronto-9425,6,98,Normal
2026-02-13 23:05:05.010155,Toronto-9425,17,86,Normal
2026-02-13 23:05:06.010155,Toronto-9425,20,76,Normal
2026-02-13 23:05:07.010155,Toronto-9425,-26,66,Normal
2026-02-13 23:05:08.010155,Toronto-9425,-6,51,Normal
2026-02-13 23:05:09.010155,Toronto-9425,38,74,Normal
2026-02-13 23:05:10.010155,Toronto-9425,10,60,Normal
2026-02-13 23:05:11.010155,Toronto-9425,30,55,Normal
2026-02-13 23:05:12.010155,Toronto-9425,6,12,Normal
2026-02-13 23:05:13.010155,Toronto-9425,6,59,Normal
2026-02-13 23:05:14.010155,Toronto-9425,6,41,Normal
2026-02-13 23:05:15.010155,Toronto-9425,33,24,Normal
2026-02-13 23:05:16.010155,Toronto-9425,28,30,Normal
2026-02-13 23:05:17.010155,Toronto-9425,23,76,Normal
2026-02-13 23:05:18.010155,Toronto-9425,-20,77,Normal
2026-02-13 23:05:19.010155,Toronto-9425,24,64,Normal
2026-02-13 23:05:20.010155,Toronto-9425,-29,69,Normal
2026-02-13 23:05:21.010155,Toronto-9425,39,56,Normal
2026-02-13 23:05:22.010155,Toronto-9425,-5,84,Normal
2026-02-13 23:05:23.010155,Toronto-9425,-30,52,Normal
2026-02-13 23:05:24.010155,Toronto-9425,-9,97,Normal
2026-02-13 23:05:25.010155,Toronto-9425,34,98,Normal
2026-02-13 23:05:26.010155,Toronto-9425,42,28,Normal
2026-02-13 23:05:27.010155,Toronto-9425,-22,2,Normal
2026-02-13 23:05:28.010155,Toronto-9425,-10,65,Normal
2026-02-13 23:05:29.010155,Toronto-9425,19,99,Normal
2026-02-13 23:05:30.010155,Toronto-9425,9,20,Normal
2026-02-13 23:05:31.010155,Toronto-9425,21,16,Normal
2026-02-13 23:05:32.010155,Toronto-9425,48,48,Normal
2026-02-13 23:05:33.010155,Toronto-9425,9,57,Normal
2026-02-13 23:05:34.010155,Toronto-9425,43,88,Normal
2026-02-13 23:05:35.010155,Toronto-9425,-9,9,Normal
2026-02-13 23:05:36.010155,Toronto-9425,0,41,Normal
2026-02-13 23:05:37.010155,Toronto-9425,31,24,Normal
2026-02-13 23:05:38.010155,Toronto-9425,18,47,Normal
2026-02-13 23:05:39.010155,Toronto-9425,9,50,Normal
2026-02-13 23:05:40.010155,Toronto-9425,-30,56,Normal
2026-02-13 23:05:41.010155,Toronto-9425,48,41,Normal
2026-02-13 23:05:42.010155,Toronto-9425,24,57,Normal
2026-02-13 23:05:43.010155,Toronto-9425,38,41,Normal
2026-02-13 23:05:44.010155,Toronto-9425,15,95,Normal
2026-02-13 23:05:45.010155,Toronto-9425,-19,36,Normal
2026-02-13 23:05:46.010155,Toronto-9425,44,9,Normal
2026-02-13 23:05:47.010155,Toronto-9425,-3,96,Normal
2026-02-13 23:05:48.010155,Toronto-9425,13,50,Normal
2026-02-13 23:05:49.010155,Toronto-9425,7,26,Normal
2026-02-13 23:05:50.010155,Toronto-9425,-14,22,Normal
2026-02-13 23:05:51.010155,Toronto-9425,-25,40,Normal
2026-02-13 23:05:52.010155,Toronto-9425,-15,66,Normal
2026-02-13 23:05:53.010155,Toronto-9425,-1,89,Normal
2026-02-13 23:05:54.010155,Toronto-9425,31,22,Normal
2026-02-13 23:05:55.010155,Toronto-9425,10,27,Normal
2026-02-13 23:05:56.010155,Toronto-9425,23,4,Normal
2026-02-13 23:05:57.010155,Toronto-9425,25,72,Normal
2026-02-13 23:05:58.010155,Toronto-9425,50,77,Normal
2026-02-13 23:05:59.010155,Toronto-9425,-15,8,Normal
2026-02-13 23:06:00.010155,Toronto-9425,33,35,Normal
2026-02-13 23:06:01.010155,Toronto-9425,43,96,Normal
2026-02-13 23:06:02.010155,Toronto-9425,41,62,Normal
2026-02-13 23:06:03.010155,Toronto-9425,41,22,Normal
2026-02-13 23:06:04.010155,Toronto-9425,-24,89,Normal
2026-02-13 23:06:05.010155,Toronto-9425,34,58,Normal
2026-02-13 23:06:06.010155,Toronto-9425,-20,81,Normal
2026-02-13 23:06:07.010155,Toronto-9425,-29,23,Normal
2026-02-13 23:06:08.010155,Toronto-9425,-26,40,Normal
2026-02-13 23:06:09.010155,Toronto-9425,23,5,Normal
2026-02-13 23:06:10.010155,Toronto-9425,27,73,Normal
2026-02-13 23:06:11.010155,Toronto-9425,-15,60,Normal
2026-02-13 23:06:12.010155,Toronto-9425,11,1,Normal
2026-02-13 23:06:13.010155,Toronto-9425,-17,68,Normal
2026-02-13 23:06:14.010155,Toronto-9425,-19,41,Normal
2026-02-13 23:06:15.010155,Toronto-9425,9,100,Normal
2026-02-13 23:06:16.010155,Toronto-9425,23,57,Normal
2026-02-13 23:06:17.010155,Toronto-9425,40,2,Normal
2026-02-13 23:06:18.010155,Toronto-9425,16,67,Normal
2026-02-13 23:06:19.010155,Toronto-9425,-23,77,Normal
2026-02-13 23:06:20.010155,Toronto-9425,-4,17,Normal
2026-02-13 23:06:21.010155,Toronto-9425,28,4,Normal
2026-02-13 23:06:22.010155,Toronto-9425,-7,24,Normal
2026-02-13 23:06:23.010155,Toronto-9425,43,59,Normal
2026-02-13 23:06:24.010155,Toronto-9425,-11,62,Normal
2026-02-13 23:06:25.010155,Toronto-9425,-11,98,Normal
2026-02-13 23:06:26.010155,Toronto-9425,-10,23,Normal
2026-02-13 23:06:27.010155,Toronto-9425,-21,73,Normal
2026-02-13 23:06:28.010155,Toronto-9425,7,86,Normal
2026-02-13 23:06:29.010155,Toronto-9425,21,23,Normal
2026-02-13 23:06:30.010155,Toronto-9425,20,12,Normal
2026-02-13 23:06:31.010155,Toronto-9425,-28,86,Normal
2026-02-13 23:06:32.010155,Toronto-9425,28,87,Normal
2026-02-13 23:06:33.010155,Toronto-9425,38,32,Normal
2026-02-13 23:06:34.010155,Toronto-9425,-1,52,Normal
2026-02-13 23:06:35.010155,Toronto-9425,36,68,Normal
2026-02-13 23:06:36.010155,Toronto-9425,-10,49,Normal
2026-02-13 23:06:37.010155,Toronto-9425,-14,47,Normal
2026-02-13 23:06:38.010155,Toronto-9425,5,0,Normal
2026-02-13 23:06:39.010155,Toronto-9425,30,73,Normal
2026-02-13 23:06:40.010155,Toronto-9425,16,3,Normal
2026-02-13 23:06:41.010155,Toronto-9425,13,11,Normal
2026-02-13 23:06:42.010155,Toronto-9425,31,82,Normal
2026-02-13 23:06:43.010155,Toronto-9425,34,20,Normal
2026-02-13 23:06:44.010155,Toronto-9425,-24,58,Normal
2026-02-13 23:06:45.010155,Toronto-9425,-1,24,Normal
2026-02-13 23:06:46.010155,Toronto-9425,-2,22,Normal
2026-02-13 23:06:47.010155,Toronto-9425,30,51,Normal
2026-02-13 23:06:48.010155,Toronto-9425,18,59,Normal
2026-02-13 23:06:49.010155,Toronto-9425,-26,85,Normal
2026-02-13 23:06:50.010155,Toronto-9425,46,14,Normal
2026-02-13 23:06:51.010155,Toronto-9425,23,22,Normal
2026-02-13 23:06:52.010155,Toronto-9425,25,9,Normal
2026-02-13 23:06:53.010155,Toronto-9425,-26,97,Normal
2026-02-13 23:06:54.010155,Toronto-9425,47,33,Normal
2026-02-13 23:06:55.010155,Toronto-9425,24,8,Normal
2026-02-13 23:06:56.010155,Toronto-9425,4,48,Normal
2026-02-13 23:06:57.010155,Toronto-9425,-17,57,Normal
2026-02-13 23:06:58.010155,Toronto-9425,-6,33,Normal
2026-02-13 23:06:59.010155,Toronto-9425,-24,78,Normal
2026-02-13 23:07:00.010155,Toronto-9425,32,0,Normal
2026-02-13 23:07:01.010155,Toronto-9425,-2,97,Normal
2026-02-13 23:07:02.010155,Toronto-9425,9,52,Normal
2026-02-13 23:07:03.010155,Toronto-9425,33,17,Normal
2026-02-13 23:07:04.010155,Toronto-9425,-3,70,Normal
2026-02-13 23:07:05.010155,Toronto-9425,-9,60,Normal
2026-02-13 23:07:06.010155,Toronto-9425,50,41,Normal
2026-02-13 23:07:07.010155,Toronto-9425,38,60,Normal
2026-02-13 23:07:08.010155,Toronto-9425,48,87,Normal
2026-02-13 23:07:09.010155,Toronto-9425,43,86,Normal
2026-02-13 23:07:10.010155,Toronto-9425,5,70,Normal
2026-02-13 23:07:11.010155,Toronto-9425,39,57,Normal
2026-02-13 23:07:12.010155,Toronto-9425,-24,51,Normal
2026-02-13 23:07:13.010155,Toronto-9425,-1,61,Normal
2026-02-13 23:07:14.010155,Toronto-9425,-8,52,Normal
2026-02-13 23:07:15.010155,Toronto-9425,0,99,Normal
2026-02-13 23:07:16.010155,Toronto-9425,12,90,Normal
2026-02-13 23:07:17.010155,Toronto-9425,46,28,Normal
2026-02-13 23:07:18.010155,Toronto-9425,18,77,Normal
2026-02-13 23:07:19.010155,Toronto-9425,4,80,Normal
2026-02-13 23:07:20.010155,Toronto-9425,36,80,Normal
2026-02-13 23:07:21.010155,Toronto-9425,47,68,Normal
2026-02-13 23:07:22.010155,Toronto-9425,-26,52,Normal
2026-02-13 23:07:23.010155,Toronto-9425,21,94,Normal
2026-02-13 23:07:24.010155,Toronto-9425,5,31,Normal
2026-02-13 23:07:25.010155,Toronto-9425,-14,51,Normal
2026-02-13 23:07:26.010155,Toronto-9425,33,0,Normal
2026-02-13 23:07:27.010155,Toronto-9425,31,20,Normal
2026-02-13 23:07:28.010155,Toronto-9425,-18,21,Normal
2026-02-13 23:07:29.010155,Toronto-9425,-18,37,Normal
2026-02-13 23:07:30.010155,Toronto-9425,-9,23,Normal
2026-02-13 23:07:31.010155,Toronto-9425,-23,97,Normal
2026-02-13 23:07:32.010155,Toronto-9425,-8,11,Normal
2026-02-13 23:07:33.010155,Toronto-9425,-17,54,Normal
2026-02-13 23:07:34.010155,Toronto-9425,17,1,Normal
2026-02-13 23:07:35.010155,Toronto-9425,-12,51,Normal
2026-02-13 23:07:36.010155,Toronto-9425,24,82,Normal
2026-02-13 23:07:37.010155,Toronto-9425,46,38,Normal
2026-02-13 23:07:38.010155,Toronto-9425,42,99,Normal
2026-02-13 23:07:39.010155,Toronto-9425,46,79,Normal
2026-02-13 23:07:40.010155,Toronto-9425,-4,86,Normal
2026-02-13 23:07:41.010155,Toronto-9425,45,89,Normal
2026-02-13 23:07:42.010155,Toronto-9425,40,18,Normal
2026-02-13 23:07:43.010155,Toronto-9425,5,89,Normal
2026-02-13 23:07:44.010155,Toronto-9425,-27,40,Normal
2026-02-13 23:07:45.010155,Toronto-9425,-14,83,Normal
2026-02-13 23:07:46.010155,Toronto-9425,-22,49,Normal
2026-02-13 23:07:47.010155,Toronto-9425,-18,90,Normal
2026-02-13 23:07:48.010155,Toronto-9425,41,78,Normal
2026-02-13 23:07:49.010155,Toronto-9425,35,74,Normal
2026-02-13 23:07:50.010155,Toronto-9425,-28,63,Normal
2026-02-13 23:07:51.010155,Toronto-9425,18,9,Normal
2026-02-13 23:07:52.010155,Toronto-9425,-4,65,Normal
2026-02-13 23:07:53.010155,Toronto-9425,25,20,Normal
2026-02-13 23:07:54.010155,Toronto-9425,-10,75,Normal
2026-02-13 23:07:55.010155,Toronto-9425,-4,93,Normal
2026-02-13 23:07:56.010155,Toronto-9425,-6,57,Normal
2026-02-13 23:07:57.010155,Toronto-9425,42,66,Normal
2026-02-13 23:07:58.010155,Toronto-9425,-15,61,Normal
2026-02-13 23:07:59.010155,Toronto-9425,21,14,Normal
2026-02-13 23:08:00.010155,Toronto-9425,48,72,Normal
2026-02-13 23:08:01.010155,Toronto-9425,20,18,Normal
2026-02-13 23:08:02.010155,Toronto-9425,-12,23,Normal
2026-02-13 23:08:03.010155,Toronto-9425,45,9,Normal
2026-02-13 23:08:04.010155,Toronto-9425,50,33,Normal
2026-02-13 23:08:05.010155,Toronto-9425,-28,12,Normal
2026-02-13 23:08:06.010155,Toronto-9425,19,91,Normal
2026-02-13 23:08:07.010155,Toronto-9425,-26,97,Normal
2026-02-13 23:08:08.010155,Toronto-9425,32,83,Normal
2026-02-13 23:08:09.010155,Toronto-9425,2,98,Normal
2026-02-13 23:08:10.010155,Toronto-9425,8,79,Normal
2026-02-13 23:08:11.010155,Toronto-9425,12,52,Normal
2026-02-13 23:08:12.010155,Toronto-9425,5,44,Normal
2026-02-13 23:08:13.010155,Toronto-9425,-9,47,Normal
2026-02-13 23:08:14.010155,Toronto-9425,-4,80,Normal
2026-02-13 23:08:15.010155,Toronto-9425,36,6,Normal
2026-02-13 23:08:16.010155,Toronto-9425,-10,81,Normal
2026-02-13 23:08:17.010155,Toronto-9425,36,66,Normal
2026-02-13 23:08:18.010155,Toronto-9425,-10,61,Normal
2026-02-13 23:08:19.010155,Toronto-9425,13,4,Normal
2026-02-13 23:08:20.010155,Toronto-9425,-29,63,Normal
2026-02-13 23:08:21.010155,Toronto-9425,36,95,Normal
2026-02-13 23:08:22.010155,Toronto-9425,-20,62,Normal
2026-02-13 23:08:23.010155,Toronto-9425,-5,26,Normal
2026-02-13 23:08:24.010155,Toronto-9425,17,69,Normal
2026-02-13 23:08:25.010155,Toronto-9425,19,23,Normal
2026-02-13 23:08:26.010155,Toronto-9425,28,86,Normal
2026-02-13 23:08:27.010155,Toronto-9425,9,16,Normal
2026-02-13 23:08:28.010155,Toronto-9425,-3,95,Normal
2026-02-13 23:08:29.010155,Toronto-9425,39,98,Normal
2026-02-13 23:08:30.010155,Toronto-9425,-6,30,Normal
2026-02-13 23:08:31.010155,Toronto-9425,41,89,Normal
2026-02-13 23:08:32.010155,Toronto-9425,40,58,Normal
2026-02-13 23:08:33.010155,Toronto-9425,47,81,Normal
2026-02-13 23:08:34.010155,Toronto-9425,-24,18,Normal
2026-02-13 23:08:35.010155,Toronto-9425,33,13,Normal
2026-02-13 23:08:36.010155,Toronto-9425,49,49,Normal
2026-02-13 23:08:37.010155,Toronto-9425,-21,45,Normal
2026-02-13 23:08:38.010155,Toronto-9425,35,76,Normal
2026-02-13 23:08:39.010155,Toronto-9425,33,74,Normal
2026-02-13 23:08:40.010155,Toronto-9425,-13,96,Normal
2026-02-13 23:08:41.010155,Toronto-9425,-27,77,Normal
2026-02-13 23:08:42.010155,Toronto-9425,11,89,Normal
2026-02-13 23:08:43.010155,Toronto-9425,-7,45,Normal
2026-02-13 23:08:44.010155,Toronto-9425,-26,8,Normal
2026-02-13 23:08:45.010155,Toronto-9425,0,58,Normal
2026-02-13 23:08:46.010155,Toronto-9425,-12,20,Normal
2026-02-13 23:08:47.010155,Toronto-9425,-8,52,Normal
2026-02-13 23:08:48.010155,Toronto-9425,-9,20,Normal
2026-02-13 23:08:49.010155,Toronto-9425,-3,28,Normal
2026-02-13 23:08:50.010155,Toronto-9425,0,39,Normal
2026-02-13 23:08:51.010155,Toronto-9425,21,79,Normal
2026-02-13 23:08:52.010155,Toronto-9425,46,98,Normal
2026-02-13 23:08:53.010155,Toronto-9425,42,27,Normal
2026-02-13 23:08:54.010155,Toronto-9425,22,32,Normal
2026-02-13 23:08:55.010155,Toronto-9425,32,56,Normal
2026-02-13 23:08:56.010155,Toronto-9425,2,18,Normal
2026-02-13 23:08:57.010155,Toronto-9425,-17,40,Normal
2026-02-13 23:08:58.010155,Toronto-9425,3,49,Normal
2026-02-13 23:08:59.010155,Toronto-9425,16,99,Normal
2026-02-13 23:09:00.010155,Toronto-9425,-12,64,Normal
2026-02-13 23:09:01.010155,Toronto-9425,47,50,Normal
2026-02-13 23:09:02.010155,Toronto-9425,36,75,Normal
2026-02-13 23:09:03.010155,Toronto-9425,-22,42,Normal
2026-02-13 23:09:04.010155,Toronto-9425,49,30,Normal
2026-02-13 23:09:05.010155,Toronto-9425,46,17,Normal
2026-02-13 23:09:06.010155,Toronto-9425,47,14,Normal
2026-02-13 23:09:07.010155,Toronto-9425,37,10,Normal
2026-02-13 23:09:08.010155,Toronto-9425,36,12,Normal
2026-02-13 23:09:09.010155,Toronto-9425,45,57,Normal
2026-02-13 23:09:10.010155,Toronto-9425,48,60,Normal
2026-02-13 23:09:11.010155,Toronto-9425,-14,42,Normal
2026-02-13 23:09:12.010155,Toronto-9425,33,75,Normal
2026-02-13 23:09:13.010155,Toronto-9425,14,92,Normal
2026-02-13 23:09:14.010155,Toronto-9425,26,71,Normal
2026-02-13 23:09:15.010155,Toronto-9425,32,58,Normal
2026-02-13 23:09:16.010155,Toronto-9425,26,90,Normal
2026-02-13 23:09:17.010155,Toronto-9425,-13,54,Normal
2026-02-13 23:09:18.010155,Toronto-9425,15,35,Normal
2026-02-13 23:09:19.010155,Toronto-9425,-29,20,Normal
2026-02-13 23:09:20.010155,Toronto-9425,-10,11,Normal
2026-02-13 23:09:21.010155,Toronto-9425,47,28,Normal
2026-02-13 23:09:22.010155,Toronto-9425,28,5,Normal
2026-02-13 23:09:23.010155,Toronto-9425,-17,1,Normal
2026-02-13 23:09:24.010155,Toronto-9425,-4,12,Normal
2026-02-13 23:09:25.010155,Toronto-9425,4,84,Normal
2026-02-13 23:09:26.010155,Toronto-9425,-28,36,Normal
2026-02-13 23:09:27.010155,Toronto-9425,50,61,Normal
2026-02-13 23:09:28.010155,Toronto-9425,-20,56,Normal
2026-02-13 23:09:29.010155,Toronto-9425,4,62,Normal
2026-02-13 23:09:30.010155,Toronto-9425,-21,13,Normal
2026-02-13 23:09:31.010155,Toronto-9425,-23,34,Normal
2026-02-13 23:09:32.010155,Toronto-9425,8,55,Normal
2026-02-13 23:09:33.010155,Toronto-9425,8,34,Normal
2026-02-13 23:09:34.010155,Toronto-9425,21,29,Normal
2026-02-13 23:09:35.010155,Toronto-9425,40,51,Normal
2026-02-13 23:09:36.010155,Toronto-9425,36,68,Normal
2026-02-13 23:09:37.010155,Toronto-9425,49,92,Normal
2026-02-13 23:09:38.010155,Toronto-9425,25,55,Normal
2026-02-13 23:09:39.010155,Toronto-9425,4,64,Normal
2026-02-13 23:09:40.010155,Toronto-9425,50,62,Normal
2026-02-13 23:09:41.010155,Toronto-9425,21,20,Normal
2026-02-13 23:09:42.010155,Toronto-9425,29,36,Normal
2026-02-13 23:09:43.010155,Toronto-9425,-1,80,Normal
2026-02-13 23:09:44.010155,Toronto-9425,-29,19,Normal
2026-02-13 23:09:45.010155,Toronto-9425,12,34,Normal
2026-02-13 23:09:46.010155,Toronto-9425,46,81,Normal
2026-02-13 23:09:47.010155,Toronto-9425,42,26,Normal
2026-02-13 23:09:48.010155,Toronto-9425,-27,43,Normal
2026-02-13 23:09:49.010155,Toronto-9425,16,13,Normal
2026-02-13 23:09:50.010155,Toronto-9425,8,96,Normal
2026-02-13 23:09:51.010155,Toronto-9425,38,51,Normal
2026-02-13 23:09:52.010155,Toronto-9425,42,74,Normal
2026-02-13 23:09:53.010155,Toronto-9425,26,6,Normal
2026-02-13 23:09:54.010155,Toronto-9425,-19,8,Normal
2026-02-13 23:09:55.010155,Toronto-9425,10,55,Normal
2026-02-13 23:09:56.010155,Toronto-9425,-27,93,Normal
2026-02-13 23:09:57.010155,Toronto-9425,-19,45,Normal
2026-02-13 23:09:58.010155,Toronto-9425,-27,83,Normal
2026-02-13 23:09:59.010155,Toronto-9425,26,12,Normal
2026-02-13 23:10:00.010155,Toronto-9425,3,12,Normal
2026-02-13 23:10:01.010155,Toronto-9425,16,24,Normal
2026-02-13 23:10:02.010155,Toronto-9425,28,55,Normal
2026-02-13 23:10:03.010155,Toronto-9425,25,88,Normal
2026-02-13 23:10:04.010155,Toronto-9425,8,2,Normal
2026-02-13 23:10:05.010155,Toronto-9425,12,48,Normal
2026-02-13 23:10:06.010155,Toronto-9425,11,75,Normal
2026-02-13 23:10:07.010155,Toronto-9425,-26,47,Normal
2026-02-13 23:10:08.010155,Toronto-9425,12,40,Normal
2026-02-13 23:10:09.010155,Toronto-9425,-1,45,Normal
2026-02-13 23:10:10.010155,Toronto-9425,21,71,Normal
2026-02-13 23:10:11.010155,Toronto-9425,39,14,Normal
2026-02-13 23:10:12.010155,Toronto-9425,19,72,Normal
2026-02-13 23:10:13.010155,Toronto-9425,-29,80,Normal
2026-02-13 23:10:14.010155,Toronto-9425,32,24,Normal
2026-02-13 23:10:15.010155,Toronto-9425,23,83,Normal
2026-02-13 23:10:16.010155,Toronto-9425,-6,68,Normal
2026-02-13 23:10:17.010155,Toronto-9425,-29,68,Normal
2026-02-13 23:10:18.010155,Toronto-9425,-6,10,Normal
2026-02-13 23:10:19.010155,Toronto-9425,-16,32,Normal
2026-02-13 23:10:20.010155,Toronto-9425,16,93,Normal
2026-02-13 23:10:21.010155,Toronto-9425,41,58,Normal
2026-02-13 23:10:22.010155,Toronto-9425,21,81,Normal
2026-02-13 23:10:23.010155,Toronto-9425,-16,28,Normal
2026-02-13 23:10:24.010155,Toronto-9425,26,88,Normal
2026-02-13 23:10:25.010155,Toronto-9425,22,90,Normal
2026-02-13 23:10:26.010155,Toronto-9425,36,13,Normal
2026-02-13 23:10:27.010155,Toronto-9425,38,94,Normal
2026-02-13 23:10:28.010155,Toronto-9425,-15,14,Normal
2026-02-13 23:10:29.010155,Toronto-9425,24,90,Normal
2026-02-13 23:10:30.010155,Toronto-9425,31,30,Normal
2026-02-13 23:10:31.010155,Toronto-9425,-8,86,Normal
2026-02-13 23:10:32.010155,Toronto-9425,5,3,Normal
2026-02-13 23:10:33.010155,Toronto-9425,37,87,Normal
2026-02-13 23:10:34.010155,Toronto-9425,-7,15,Normal
2026-02-13 23:10:35.010155,Toronto-9425,27,96,Normal
2026-02-13 23:10:36.010155,Toronto-9425,-28,99,Normal
2026-02-13 23:10:37.010155,Toronto-9425,26,26,Normal
2026-02-13 23:10:38.010155,Toronto-9425,-24,52,Normal
2026-02-13 23:10:39.010155,Toronto-9425,-13,16,Normal
2026-02-13 23:10:40.010155,Toronto-9425,36,100,Normal
2026-02-13 23:10:41.010155,Toronto-9425,41,19,Normal
2026-02-13 23:10:42.010155,Toronto-9425,37,50,Normal
2026-02-13 23:10:43.010155,Toronto-9425,13,21,Normal
2026-02-13 23:10:44.010155,Toronto-9425,17,30,Normal
2026-02-13 23:10:45.010155,Toronto-9425,-11,94,Normal
2026-02-13 23:10:46.010155,Toronto-9425,-2,88,Normal
2026-02-13 23:10:47.010155,Toronto-9425,-25,56,Normal
2026-02-13 23:10:48.010155,Toronto-9425,-17,43,Normal
2026-02-13 23:10:49.010155,Toronto-9425,40,47,Normal
2026-02-13 23:10:50.010155,Toronto-9425,46,45,Normal
2026-02-13 23:10:51.010155,Toronto-9425,-24,13,Normal
2026-02-13 23:10:52.010155,Toronto-9425,-13,68,Normal
2026-02-13 23:10:53.010155,Toronto-9425,-27,100,Normal
2026-02-13 23:10:54.010155,Toronto-9425,-5,29,Normal
2026-02-13 23:10:55.010155,Toronto-9425,29,85,Normal
2026-02-13 23:10:56.010155,Toronto-9425,9,9,Normal
2026-02-13 23:10:57.010155,Toronto-9425,23,64,Normal
2026-02-13 23:10:58.010155,Toronto-9425,26,4,Normal
2026-02-13 23:10:59.010155,Toronto-9425,30,29,Normal
2026-02-13 23:11:00.010155,Toronto-9425,15,91,Normal
2026-02-13 23:11:01.010155,Toronto-9425,-16,44,Normal
2026-02-13 23:11:02.010155,Toronto-9425,10,3,Normal
2026-02-13 23:11:03.010155,Toronto-9425,31,81,Normal
2026-02-13 23:11:04.010155,Toronto-9425,38,76,Normal
2026-02-13 23:11:05.010155,Toronto-9425,-17,50,Normal
2026-02-13 23:11:06.010155,Toronto-9425,35,30,Normal
2026-02-13 23:11:07.010155,Toronto-9425,-30,92,Normal
2026-02-13 23:11:08.010155,Toronto-9425,-8,58,Normal
2026-02-13 23:11:09.010155,Toronto-9425,33,47,Normal
2026-02-13 23:11:10.010155,Toronto-9425,40,62,Normal
2026-02-13 23:11:11.010155,Toronto-9425,-7,13,Normal
2026-02-13 23:11:12.010155,Toronto-9425,-18,45,Normal
2026-02-13 23:11:13.010155,Toronto-9425,-14,47,Normal
2026-02-13 23:11:14.010155,Toronto-9425,37,55,Normal
2026-02-13 23:11:15.010155,Toronto-9425,18,96,Normal
2026-02-13 23:11:16.010155,Toronto-9425,-6,4,Normal
2026-02-13 23:11:17.010155,Toronto-9425,27,29,Normal
2026-02-13 23:11:18.010155,Toronto-9425,42,50,Normal
2026-02-13 23:11:19.010155,Toronto-9425,33,14,Normal
2026-02-13 23:11:20.010155,Toronto-9425,-7,88,Normal
2026-02-13 23:11:21.010155,Toronto-9425,-20,89,Normal
2026-02-13 23:11:22.010155,Toronto-9425,-22,96,Normal
2026-02-13 23:11:23.010155,Toronto-9425,-9,18,Normal
2026-02-13 23:11:24.010155,Toronto-9425,-11,29,Normal
2026-02-13 23:11:25.010155,Toronto-9425,41,47,Normal
2026-02-13 23:11:26.010155,Toronto-9425,32,88,Normal
2026-02-13 23:11:27.010155,Toronto-9425,-7,19,Normal
2026-02-13 23:11:28.010155,Toronto-9425,30,77,Normal
2026-02-13 23:11:29.010155,Toronto-9425,5,88,Normal
2026-02-13 23:11:30.010155,Toronto-9425,-12,94,Normal
2026-02-13 23:11:31.010155,Toronto-9425,36,24,Normal
2026-02-13 23:11:32.010155,Toronto-9425,33,3,Normal
2026-02-13 23:11:33.010155,Toronto-9425,14,33,Normal
2026-02-13 23:11:34.010155,Toronto-9425,-14,31,Normal
2026-02-13 23:11:35.010155,Toronto-9425,-29,2,Normal
2026-02-13 23:11:36.010155,Toronto-9425,-20,74,Normal
2026-02-13 23:11:37.010155,Toronto-9425,16,37,Normal
2026-02-13 23:11:38.010155,Toronto-9425,29,19,Normal
2026-02-13 23:11:39.010155,Toronto-9425,39,39,Normal
2026-02-13 23:11:40.010155,Toronto-9425,21,36,Normal
2026-02-13 23:11:41.010155,Toronto-9425,14,93,Normal
2026-02-13 23:11:42.010155,Toronto-9425,18,20,Normal
2026-02-13 23:11:43.010155,Toronto-9425,48,43,Normal
2026-02-13 23:11:44.010155,Toronto-9425,-23,57,Normal
2026-02-13 23:11:45.010155,Toronto-9425,14,57,Normal
2026-02-13 23:11:46.010155,Toronto-9425,27,100,Normal
2026-02-13 23:11:47.010155,Toronto-9425,6,13,Normal
2026-02-13 23:11:48.010155,Toronto-9425,43,63,Normal
2026-02-13 23:11:49.010155,Toronto-9425,16,77,Normal
2026-02-13 23:11:50.010155,Toronto-9425,-23,14,Normal
2026-02-13 23:11:51.010155,Toronto-9425,-23,44,Normal
2026-02-13 23:11:52.010155,Toronto-9425,-1,20,Normal
2026-02-13 23:11:53.010155,Toronto-9425,-15,59,Normal
2026-02-13 23:11:54.010155,Toronto-9425,26,89,Normal
2026-02-13 23:11:55.010155,Toronto-9425,4,14,Normal
2026-02-13 23:11:56.010155,Toronto-9425,-8,93,Normal
2026-02-13 23:11:57.010155,Toronto-9425,44,62,Normal
2026-02-13 23:11:58.010155,Toronto-9425,31,48,Normal
2026-02-13 23:11:59.010155,Toronto-9425,-17,17,Normal
2026-02-13 23:12:00.010155,Toronto-9425,-19,97,Normal
2026-02-13 23:12:01.010155,Toronto-9425,50,9,Normal
2026-02-13 23:12:02.010155,Toronto-9425,-27,79,Normal
2026-02-13 23:12:03.010155,Toronto-9425,1,98,Normal
2026-02-13 23:12:04.010155,Toronto-9425,-3,7,Normal
2026-02-13 23:12:05.010155,Toronto-9425,6,72,Normal
2026-02-13 23:12:06.010155,Toronto-9425,-12,14,Normal
2026-02-13 23:12:07.010155,Toronto-9425,-16,29,Normal
2026-02-13 23:12:08.010155,Toronto-9425,23,7,Normal
2026-02-13 23:12:09.010155,Toronto-9425,27,39,Normal
2026-02-13 23:12:10.010155,Toronto-9425,-10,90,Normal
2026-02-13 23:12:11.010155,Toronto-9425,42,77,Normal
2026-02-13 23:12:12.010155,Toronto-9425,17,30,Normal
2026-02-13 23:12:13.010155,Toronto-9425,12,99,Normal
2026-02-13 23:12:14.010155,Toronto-9425,13,36,Normal
2026-02-13 23:12:15.010155,Toronto-9425,28,95,Normal
2026-02-13 23:12:16.010155,Toronto-9425,-9,72,Normal
2026-02-13 23:12:17.010155,Toronto-9425,46,15,Normal
2026-02-13 23:12:18.010155,Toronto-9425,8,6,Normal
2026-02-13 23:12:19.010155,Toronto-9425,43,65,Normal
2026-02-13 23:12:20.010155,Toronto-9425,30,63,Normal
2026-02-13 23:12:21.010155,Toronto-9425,37,14,Normal
2026-02-13 23:12:22.010155,Toronto-9425,-28,69,Normal
2026-02-13 23:12:23.010155,Toronto-9425,16,35,Normal
2026-02-13 23:12:24.010155,Toronto-9425,49,19,Normal
2026-02-13 23:12:25.010155,Toronto-9425,6,82,Normal
2026-02-13 23:12:26.010155,Toronto-9425,-1,69,Normal
2026-02-13 23:12:27.010155,Toronto-9425,17,34,Normal
2026-02-13 23:12:28.010155,Toronto-9425,-10,0,Normal
2026-02-13 23:12:29.010155,Toronto-9425,47,6,Normal
2026-02-13 23:12:30.010155,Toronto-9425,-5,96,Normal
2026-02-13 23:12:31.010155,Toronto-9425,27,7,Normal
2026-02-13 23:12:32.010155,Toronto-9425,-3,80,Normal
2026-02-13 23:12:33.010155,Toronto-9425,20,37,Normal
2026-02-13 23:12:34.010155,Toronto-9425,45,88,Normal
2026-02-13 23:12:35.010155,Toronto-9425,-30,11,Normal
2026-02-13 23:12:36.010155,Toronto-9425,40,57,Normal
2026-02-13 23:12:37.010155,Toronto-9425,35,52,Normal
2026-02-13 23:12:38.010155,Toronto-9425,8,69,Normal
2026-02-13 23:12:39.010155,Toronto-9425,-30,54,Normal
2026-02-13 23:12:40.010155,Toronto-9425,30,97,Normal
2026-02-13 23:12:41.010155,Toronto-9425,11,82,Normal
2026-02-13 23:12:42.010155,Toronto-9425,-9,88,Normal
2026-02-13 23:12:43.010155,Toronto-9425,11,72,Normal
2026-02-13 23:12:44.010155,Toronto-9425,30,10,Normal
2026-02-13 23:12:45.010155,Toronto-9425,41,24,Normal
2026-02-13 23:12:46.010155,Toronto-9425,-4,87,Normal
2026-02-13 23:12:47.010155,Toronto-9425,-6,78,Normal
2026-02-13 23:12:48.010155,Toronto-9425,-5,74,Normal
2026-02-13 23:12:49.010155,Toronto-9425,11,11,Normal
2026-02-13 23:12:50.010155,Toronto-9425,-14,88,Normal
2026-02-13 23:12:51.010155,Toronto-9425,24,73,Normal
2026-02-13 23:12:52.010155,Toronto-9425,8,52,Normal
2026-02-13 23:12:53.010155,Toronto-9425,32,25,Normal
2026-02-13 23:12:54.010155,Toronto-9425,40,49,Normal
2026-02-13 23:12:55.010155,Toronto-9425,-12,63,Normal
2026-02-13 23:12:56.010155,Toronto-9425,48,90,Normal
2026-02-13 23:12:57.010155,Toronto-9425,-22,88,Normal
2026-02-13 23:12:58.010155,Toronto-9425,9,10,Normal
2026-02-13 23:12:59.010155,Toronto-9425,8,22,Normal
2026-02-13 23:13:00.010155,Toronto-9425,46,5,Normal
2026-02-13 23:13:01.010155,Toronto-9425,20,76,Normal
2026-02-13 23:13:02.010155,Toronto-9425,11,70,Normal
2026-02-13 23:13:03.010155,Toronto-9425,-7,86,Normal
2026-02-13 23:13:04.010155,Toronto-9425,-21,89,Normal
2026-02-13 23:13:05.010155,Toronto-9425,-28,22,Normal
2026-02-13 23:13:06.010155,Toronto-9425,-27,85,Normal
2026-02-13 23:13:07.010155,Toronto-9425,-17,60,Normal
2026-02-13 23:13:08.010155,Toronto-9425,-23,93,Normal
2026-02-13 23:13:09.010155,Toronto-9425,19,43,Normal
2026-02-13 23:13:10.010155,Toronto-9425,16,98,Normal
2026-02-13 23:13:11.010155,Toronto-9425,3,83,Normal
2026-02-13 23:13:12.010155,Toronto-9425,41,53,Normal
2026-02-13 23:13:13.010155,Toronto-9425,3,19,Normal
2026-02-13 23:13:14.010155,Toronto-9425,-7,32,Normal
2026-02-13 23:13:15.010155,Toronto-9425,19,30,Normal
2026-02-13 23:13:16.010155,Toronto-9425,-6,100,Normal
2026-02-13 23:13:17.010155,Toronto-9425,-4,51,Normal
2026-02-13 23:13:18.010155,Toronto-9425,36,60,Normal
2026-02-13 23:13:19.010155,Toronto-9425,11,43,Normal
2026-02-13 23:13:20.010155,Toronto-9425,-24,79,Normal
2026-02-13 23:13:21.010155,Toronto-9425,-14,98,Normal
2026-02-13 23:13:22.010155,Toronto-9425,36,66,Normal
2026-02-13 23:13:23.010155,Toronto-9425,16,69,Normal
2026-02-13 23:13:24.010155,Toronto-9425,-8,54,Normal
2026-02-13 23:13:25.010155,Toronto-9425,26,1,Normal
2026-02-13 23:13:26.010155,Toronto-9425,-27,40,Normal
2026-02-13 23:13:27.010155,Toronto-9425,1,30,Normal
2026-02-13 23:13:28.010155,Toronto-9425,32,58,Normal
2026-02-13 23:13:29.010155,Toronto-9425,42,22,Normal
2026-02-13 23:13:30.010155,Toronto-9425,-12,33,Normal
2026-02-13 23:13:31.010155,Toronto-9425,32,59,Normal
2026-02-13 23:13:32.010155,Toronto-9425,13,32,Normal
2026-02-13 23:13:33.010155,Toronto-9425,-8,83,Normal
2026-02-13 23:13:34.010155,Toronto-9425,-9,41,Normal
2026-02-13 23:13:35.010155,Toronto-9425,-25,67,Normal
2026-02-13 23:13:36.010155,Toronto-9425,-25,18,Normal
2026-02-13 23:13:37.010155,Toronto-9425,30,28,Normal
2026-02-13 23:13:38.010155,Toronto-9425,20,65,Normal
2026-02-13 23:13:39.010155,Toronto-9425,44,3,Normal
2026-02-13 23:13:40.010155,Toronto-9425,25,16,Normal
2026-02-13 23:13:41.010155,Toronto-9425,35,63,Normal
2026-02-13 23:13:42.010155,Toronto-9425,-16,34,Normal
2026-02-13 23:13:43.010155,Toronto-9425,20,24,Normal
2026-02-13 23:13:44.010155,Toronto-9425,12,46,Normal
2026-02-13 23:13:45.010155,Toronto-9425,-17,93,Normal
2026-02-13 23:13:46.010155,Toronto-9425,-14,88,Normal
2026-02-13 23:13:47.010155,Toronto-9425,7,83,Normal
2026-02-13 23:13:48.010155,Toronto-9425,27,86,Normal
2026-02-13 23:13:49.010155,Toronto-9425,0,49,Normal
2026-02-13 23:13:50.010155,Toronto-9425,12,75,Normal
2026-02-13 23:13:51.010155,Toronto-9425,16,97,Normal
2026-02-13 23:13:52.010155,Toronto-9425,32,78,Normal
2026-02-13 23:13:53.010155,Toronto-9425,-30,91,Normal
2026-02-13 23:13:54.010155,Toronto-9425,2,55,Normal
2026-02-13 23:13:55.010155,Toronto-9425,0,63,Normal
2026-02-13 23:13:56.010155,Toronto-9425,38,0,Normal
2026-02-13 23:13:57.010155,Toronto-9425,18,66,Normal
2026-02-13 23:13:58.010155,Toronto-9425,-23,20,Normal
2026-02-13 23:13:59.010155,Toronto-9425,19,94,Normal
2026-02-13 23:14:00.010155,Toronto-9425,-26,97,Normal
2026-02-13 23:14:01.010155,Toronto-9425,26,87,Normal
2026-02-13 23:14:02.010155,Toronto-9425,-23,11,Normal
2026-02-13 23:14:03.010155,Toronto-9425,33,3,Normal
2026-02-13 23:14:04.010155,Toronto-9425,-6,25,Normal
2026-02-13 23:14:05.010155,Toronto-9425,-21,64,Normal
2026-02-13 23:14:06.010155,Toronto-9425,22,49,Normal
2026-02-13 23:14:07.010155,Toronto-9425,-9,78,Normal
2026-02-13 23:14:08.010155,Toronto-9425,24,97,Normal
2026-02-13 23:14:09.010155,Toronto-9425,46,26,Normal
2026-02-13 23:14:10.010155,Toronto-9425,11,33,Normal
2026-02-13 23:14:11.010155,Toronto-9425,21,14,Normal
2026-02-13 23:14:12.010155,Toronto-9425,34,51,Normal
2026-02-13 23:14:13.010155,Toronto-9425,-16,82,Normal
2026-02-13 23:14:14.010155,Toronto-9425,43,19,Normal
2026-02-13 23:14:15.010155,Toronto-9425,11,96,Normal
2026-02-13 23:14:16.010155,Toronto-9425,35,29,Normal
2026-02-13 23:14:17.010155,Toronto-9425,-19,69,Normal
2026-02-13 23:14:18.010155,Toronto-9425,12,15,Normal
2026-02-13 23:14:19.010155,Toronto-9425,-16,38,Normal
2026-02-13 23:14:20.010155,Toronto-9425,-17,16,Normal
2026-02-13 23:14:21.010155,Toronto-9425,13,70,Normal
2026-02-13 23:14:22.010155,Toronto-9425,29,56,Normal
2026-02-13 23:14:23.010155,Toronto-9425,-27,24,Normal
2026-02-13 23:14:24.010155,Toronto-9425,5,94,Normal
2026-02-13 23:14:25.010155,Toronto-9425,20,74,Normal
2026-02-13 23:14:26.010155,Toronto-9425,46,23,Normal
2026-02-13 23:14:27.010155,Toronto-9425,21,36,Normal
2026-02-13 23:14:28.010155,Toronto-9425,12,41,Normal
2026-02-13 23:14:29.010155,Toronto-9425,-15,31,Normal
2026-02-13 23:14:30.010155,Toronto-9425,-20,95,Normal
2026-02-13 23:14:31.010155,Toronto-9425,-18,73,Normal
2026-02-13 23:14:32.010155,Toronto-9425,4,71,Normal
2026-02-13 23:14:33.010155,Toronto-9425,47,20,Normal
2026-02-13 23:14:34.010155,Toronto-9425,-23,1,Normal
2026-02-13 23:14:35.010155,Toronto-9425,13,34,Normal
2026-02-13 23:14:36.010155,Toronto-9425,45,87,Normal
2026-02-13 23:14:37.010155,Toronto-9425,36,16,Normal
2026-02-13 23:14:38.010155,Toronto-9425,23,97,Normal
2026-02-13 23:14:39.010155,Toronto-9425,21,37,Normal
2026-02-13 23:14:40.010155,Toronto-9425,7,28,Normal
2026-02-13 23:14:41.010155,Toronto-9425,27,43,Normal
2026-02-13 23:14:42.010155,Toronto-9425,-4,85,Normal
2026-02-13 23:14:43.010155,Toronto-9425,46,35,Normal
2026-02-13 23:14:44.010155,Toronto-9425,-26,14,Normal
2026-02-13 23:14:45.010155,Toronto-9425,46,11,Normal
2026-02-13 23:14:46.010155,Toronto-9425,46,4,Normal
2026-02-13 23:14:47.010155,Toronto-9425,3,82,Normal
2026-02-13 23:14:48.010155,Toronto-9425,38,7,Normal
2026-02-13 23:14:49.010155,Toronto-9425,45,4,Normal
2026-02-13 23:14:50.010155,Toronto-9425,-13,52,Normal
2026-02-13 23:14:51.010155,Toronto-9425,-7,42,Normal
2026-02-13 23:14:52.010155,Toronto-9425,-11,87,Normal
2026-02-13 23:14:53.010155,Toronto-9425,29,94,Normal
2026-02-13 23:14:54.010155,Toronto-9425,-19,88,Normal
2026-02-13 23:14:55.010155,Toronto-9425,41,71,Normal
2026-02-13 23:14:56.010155,Toronto-9425,13,97,Normal
2026-02-13 23:14:57.010155,Toronto-9425,-29,59,Normal
2026-02-13 23:14:58.010155,Toronto-9425,-20,47,Normal
2026-02-13 23:14:59.010155,Toronto-9425,39,59,Normal
2026-02-13 23:15:00.010155,Toronto-9425,-30,92,Normal
2026-02-13 23:15:01.010155,Toronto-9425,-16,34,Normal
2026-02-13 23:15:02.010155,Toronto-9425,-6,40,Normal
2026-02-13 23:15:03.010155,Toronto-9425,27,29,Normal
2026-02-13 23:15:04.010155,Toronto-9425,23,37,Normal
2026-02-13 23:15:05.010155,Toronto-9425,-19,12,Normal
2026-02-13 23:15:06.010155,Toronto-9425,-10,66,Normal
2026-02-13 23:15:07.010155,Toronto-9425,28,46,Normal
2026-02-13 23:15:08.010155,Toronto-9425,-11,56,Normal
2026-02-13 23:15:09.010155,Toronto-9425,21,100,Normal
2026-02-13 23:15:10.010155,Toronto-9425,3,70,Normal
2026-02-13 23:15:11.010155,Toronto-9425,44,98,Normal
2026-02-13 23:15:12.010155,Toronto-9425,-23,22,Normal
2026-02-13 23:15:13.010155,Toronto-9425,19,63,Normal
2026-02-13 23:15:14.010155,Toronto-9425,-9,34,Normal
2026-02-13 23:15:15.010155,Toronto-9425,22,97,Normal
2026-02-13 23:15:16.010155,Toronto-9425,-9,65,Normal
2026-02-13 23:15:17.010155,Toronto-9425,-20,57,Normal
2026-02-13 23:15:18.010155,Toronto-9425,47,49,Normal
2026-02-13 23:15:19.010155,Toronto-9425,17,22,Normal
2026-02-13 23:15:20.010155,Toronto-9425,-8,5,Normal
2026-02-13 23:15:21.010155,Toronto-9425,42,57,Normal
2026-02-13 23:15:22.010155,Toronto-9425,-3,84,Normal
2026-02-13 23:15:23.010155,Toronto-9425,9,95,Normal
2026-02-13 23:15:24.010155,Toronto-9425,32,61,Normal
2026-02-13 23:15:25.010155,Toronto-9425,-12,44,Normal
2026-02-13 23:15:26.010155,Toronto-9425,19,54,Normal
2026-02-13 23:15:27.010155,Toronto-9425,44,17,Normal
2026-02-13 23:15:28.010155,Toronto-9425,-20,24,Normal
2026-02-13 23:15:29.010155,Toronto-9425,-21,26,Normal
2026-02-13 23:15:30.010155,Toronto-9425,34,27,Normal
2026-02-13 23:15:31.010155,Toronto-9425,6,9,Normal
2026-02-13 23:15:32.010155,Toronto-9425,13,43,Normal
2026-02-13 23:15:33.010155,Toronto-9425,9,83,Normal
2026-02-13 23:15:34.010155,Toronto-9425,47,26,Normal
2026-02-13 23:15:35.010155,Toronto-9425,29,8,Normal
2026-02-13 23:15:36.010155,Toronto-9425,-1,44,Normal
2026-02-13 23:15:37.010155,Toronto-9425,42,98,Normal
2026-02-13 23:15:38.010155,Toronto-9425,-5,19,Normal
2026-02-13 23:15:39.010155,Toronto-9425,33,80,Normal
2026-02-13 23:15:40.010155,Toronto-9425,-30,41,Normal
2026-02-13 23:15:41.010155,Toronto-9425,14,16,Normal
2026-02-13 23:15:42.010155,Toronto-9425,-4,64,Normal
2026-02-13 23:15:43.010155,Toronto-9425,-7,79,Normal
2026-02-13 23:15:44.010155,Toronto-9425,49,13,Normal
2026-02-13 23:15:45.010155,Toronto-9425,35,85,Normal
2026-02-13 23:15:46.010155,Toronto-9425,2,67,Normal
2026-02-13 23:15:47.010155,Toronto-9425,42,91,Normal
2026-02-13 23:15:48.010155,Toronto-9425,-29,9,Normal
2026-02-13 23:15:49.010155,Toronto-9425,33,53,Normal
2026-02-13 23:15:50.010155,Toronto-9425,-29,93,Normal
2026-02-13 23:15:51.010155,Toronto-9425,38,98,Normal
2026-02-13 23:15:52.010155,Toronto-9425,49,34,Normal
2026-02-13 23:15:53.010155,Toronto-9425,-18,85,Normal
2026-02-13 23:15:54.010155,Toronto-9425,-28,45,Normal
2026-02-13 23:15:55.010155,Toronto-9425,-20,7,Normal
2026-02-13 23:15:56.010155,Toronto-9425,35,79,Normal
2026-02-13 23:15:57.010155,Toronto-9425,-12,61,Normal
2026-02-13 23:15:58.010155,Toronto-9425,25,88,Normal
2026-02-13 23:15:59.010155,Toronto-9425,-22,44,Normal
2026-02-13 23:16:00.010155,Toronto-9425,33,97,Normal
2026-02-13 23:16:01.010155,Toronto-9425,21,33,Normal
2026-02-13 23:16:02.010155,Toronto-9425,-29,86,Normal
2026-02-13 23:16:03.010155,Toronto-9425,6,39,Normal
2026-02-13 23:16:04.010155,Toronto-9425,8,98,Normal
2026-02-13 23:16:05.010155,Toronto-9425,-10,8,Normal
2026-02-13 23:16:06.010155,Toronto-9425,-11,94,Normal
2026-02-13 23:16:07.010155,Toronto-9425,44,22,Normal
2026-02-13 23:16:08.010155,Toronto-9425,38,65,Normal
2026-02-13 23:16:09.010155,Toronto-9425,27,56,Normal
2026-02-13 23:16:10.010155,Toronto-9425,33,84,Normal
2026-02-13 23:16:11.010155,Toronto-9425,43,88,Normal
2026-02-13 23:16:12.010155,Toronto-9425,-16,83,Normal
2026-02-13 23:16:13.010155,Toronto-9425,-15,83,Normal
2026-02-13 23:16:14.010155,Toronto-9425,-23,14,Normal
2026-02-13 23:16:15.010155,Toronto-9425,-15,99,Normal
2026-02-13 23:16:16.010155,Toronto-9425,27,51,Normal
2026-02-13 23:16:17.010155,Toronto-9425,13,17,Normal
2026-02-13 23:16:18.010155,Toronto-9425,-22,50,Normal
2026-02-13 23:16:19.010155,Toronto-9425,-17,37,Normal
2026-02-13 23:16:20.010155,Toronto-9425,17,86,Normal
2026-02-13 23:16:21.010155,Toronto-9425,46,22,Normal
2026-02-13 23:16:22.010155,Toronto-9425,6,66,Normal
2026-02-13 23:16:23.010155,Toronto-9425,-2,97,Normal
2026-02-13 23:16:24.010155,Toronto-9425,14,100,Normal
2026-02-13 23:16:25.010155,Toronto-9425,45,78,Normal
2026-02-13 23:16:26.010155,Toronto-9425,49,35,Normal
2026-02-13 23:16:27.010155,Toronto-9425,33,26,Normal
2026-02-13 23:16:28.010155,Toronto-9425,-11,14,Normal
2026-02-13 23:16:29.010155,Toronto-9425,25,83,Normal
2026-02-13 23:16:30.010155,Toronto-9425,36,50,Normal
2026-02-13 23:16:31.010155,Toronto-9425,-3,47,Normal
2026-02-13 23:16:32.010155,Toronto-9425,12,20,Normal
2026-02-13 23:16:33.010155,Toronto-9425,11,31,Normal
2026-02-13 23:16:34.010155,Toronto-9425,-28,13,Normal
2026-02-13 23:16:35.010155,Toronto-9425,-4,81,Normal
2026-02-13 23:16:36.010155,Toronto-9425,44,34,Normal
2026-02-13 23:16:37.010155,Toronto-9425,50,40,Normal
2026-02-13 23:16:38.010155,Toronto-9425,49,19,Normal
2026-02-13 23:16:39.010155,Toronto-9425,4,65,Normal
2026-02-13 23:16:40.010155,Toronto-9425,17,43,Normal
2026-02-13 23:16:41.010155,Toronto-9425,-12,20,Normal
2026-02-13 23:16:42.010155,Toronto-9425,12,33,Normal
2026-02-13 23:16:43.010155,Toronto-9425,-16,23,Normal
2026-02-13 23:16:44.010155,Toronto-9425,48,19,Normal
2026-02-13 23:16:45.010155,Toronto-9425,-22,15,Normal
2026-02-13 23:16:46.010155,Toronto-9425,-14,43,Normal
2026-02-13 23:16:47.010155,Toronto-9425,20,9,Normal
2026-02-13 23:16:48.010155,Toronto-9425,26,60,Normal
2026-02-13 23:16:49.010155,Toronto-9425,31,84,Normal
2026-02-13 23:16:50.010155,Toronto-9425,-14,52,Normal
2026-02-13 23:16:51.010155,Toronto-9425,-16,10,Normal
2026-02-13 23:16:52.010155,Toronto-9425,38,84,Normal
2026-02-13 23:16:53.010155,Toronto-9425,35,44,Normal
2026-02-13 23:16:54.010155,Toronto-9425,9,67,Normal
2026-02-13 23:16:55.010155,Toronto-9425,43,97,Normal
2026-02-13 23:16:56.010155,Toronto-9425,39,82,Normal
2026-02-13 23:16:57.010155,Toronto-9425,-3,78,Normal
2026-02-13 23:16:58.010155,Toronto-9425,-28,77,Normal
2026-02-13 23:16:59.010155,Toronto-9425,-11,20,Normal
2026-02-13 23:17:00.010155,Toronto-9425,-10,34,Normal
2026-02-13 23:17:01.010155,Toronto-9425,46,10,Normal
2026-02-13 23:17:02.010155,Toronto-9425,4,34,Normal
2026-02-13 23:17:03.010155,Toronto-9425,13,97,Normal
2026-02-13 23:17:04.010155,Toronto-9425,11,50,Normal
2026-02-13 23:17:05.010155,Toronto-9425,-30,40,Normal
2026-02-13 23:17:06.010155,Toronto-9425,26,64,Normal
2026-02-13 23:17:07.010155,Toronto-9425,39,48,Normal
2026-02-13 23:17:08.010155,Toronto-9425,1,95,Normal
2026-02-13 23:17:09.010155,Toronto-9425,-12,21,Normal
2026-02-13 23:17:10.010155,Toronto-9425,-12,63,Normal
2026-02-13 23:17:11.010155,Toronto-9425,-18,59,Normal
2026-02-13 23:17:12.010155,Toronto-9425,24,25,Normal
2026-02-13 23:17:13.010155,Toronto-9425,21,59,Normal
2026-02-13 23:17:14.010155,Toronto-9425,8,91,Normal
2026-02-13 23:17:15.010155,Toronto-9425,-1,6,Normal
2026-02-13 23:17:16.010155,Toronto-9425,43,60,Normal
2026-02-13 23:17:17.010155,Toronto-9425,46,29,Normal
2026-02-13 23:17:18.010155,Toronto-9425,39,82,Normal
2026-02-13 23:17:19.010155,Toronto-9425,29,96,Normal
2026-02-13 23:17:20.010155,Toronto-9425,49,58,Normal
2026-02-13 23:17:21.010155,Toronto-9425,9,68,Normal
2026-02-13 23:17:22.010155,Toronto-9425,-5,4,Normal
2026-02-13 23:17:23.010155,Toronto-9425,15,74,Normal
2026-02-13 23:17:24.010155,Toronto-9425,21,46,Normal
2026-02-13 23:17:25.010155,Toronto-9425,-2,37,Normal
2026-02-13 23:17:26.010155,Toronto-9425,6,47,Normal
2026-02-13 23:17:27.010155,Toronto-9425,-18,5,Normal
2026-02-13 23:17:28.010155,Toronto-9425,-15,56,Normal
2026-02-13 23:17:29.010155,Toronto-9425,-6,46,Normal
2026-02-13 23:17:30.010155,Toronto-9425,-25,12,Normal
2026-02-13 23:17:31.010155,Toronto-9425,-16,8,Normal
2026-02-13 23:17:32.010155,Toronto-9425,27,97,Normal
2026-02-13 23:17:33.010155,Toronto-9425,-3,70,Normal
2026-02-13 23:17:34.010155,Toronto-9425,-3,85,Normal
2026-02-13 23:17:35.010155,Toronto-9425,31,64,Normal
2026-02-13 23:17:36.010155,Toronto-9425,-14,25,Normal
2026-02-13 23:17:37.010155,Toronto-9425,27,27,Normal
2026-02-13 23:17:38.010155,Toronto-9425,41,64,Normal
2026-02-13 23:17:39.010155,Toronto-9425,9,87,Normal
2026-02-13 23:17:40.010155,Toronto-9425,-20,55,Normal
2026-02-13 23:17:41.010155,Toronto-9425,-13,76,Normal
2026-02-13 23:17:42.010155,Toronto-9425,33,65,Normal
2026-02-13 23:17:43.010155,Toronto-9425,43,92,Normal
2026-02-13 23:17:44.010155,Toronto-9425,-25,80,Normal
2026-02-13 23:17:45.010155,Toronto-9425,-29,60,Normal
2026-02-13 23:17:46.010155,Toronto-9425,-18,80,Normal
2026-02-13 23:17:47.010155,Toronto-9425,14,84,Normal
2026-02-13 23:17:48.010155,Toronto-9425,8,36,Normal
2026-02-13 23:17:49.010155,Toronto-9425,-9,29,Normal
2026-02-13 23:17:50.010155,Toronto-9425,16,21,Normal
2026-02-13 23:17:51.010155,Toronto-9425,3,10,Normal
2026-02-13 23:17:52.010155,Toronto-9425,-9,84,Normal
2026-02-13 23:17:53.010155,Toronto-9425,-3,23,Normal
2026-02-13 23:17:54.010155,Toronto-9425,50,1,Normal
2026-02-13 23:17:55.010155,Toronto-9425,17,58,Normal
2026-02-13 23:17:56.010155,Toronto-9425,4,25,Normal
2026-02-13 23:17:57.010155,Toronto-9425,6,54,Normal
2026-02-13 23:17:58.010155,Toronto-9425,-18,3,Normal
2026-02-13 23:17:59.010155,Toronto-9425,34,92,Normal
2026-02-13 23:18:00.010155,Toronto-9425,15,34,Normal
2026-02-13 23:18:01.010155,Toronto-9425,-6,52,Normal
2026-02-13 23:18:02.010155,Toronto-9425,-18,74,Normal
2026-02-13 23:18:03.010155,Toronto-9425,-25,87,Normal
2026-02-13 23:18:04.010155,Toronto-9425,25,0,Normal
2026-02-13 23:18:05.010155,Toronto-9425,5,45,Normal
2026-02-13 23:18:06.010155,Toronto-9425,25,16,Normal
2026-02-13 23:18:07.010155,Toronto-9425,17,65,Normal
2026-02-13 23:18:08.010155,Toronto-9425,27,48,Normal
2026-02-13 23:18:09.010155,Toronto-9425,-27,84,Normal
2026-02-13 23:18:10.010155,Toronto-9425,42,21,Normal
2026-02-13 23:18:11.010155,Toronto-9425,-25,32,Normal
2026-02-13 23:18:12.010155,Toronto-9425,-9,18,Normal
2026-02-13 23:18:13.010155,Toronto-9425,45,85,Normal
2026-02-13 23:18:14.010155,Toronto-9425,48,12,Normal
2026-02-13 23:18:15.010155,Toronto-9425,36,90,Normal
2026-02-13 23:18:16.010155,Toronto-9425,30,8,Normal
2026-02-13 23:18:17.010155,Toronto-9425,49,51,Normal
2026-02-13 23:18:18.010155,Toronto-9425,18,37,Normal
2026-02-13 23:18:19.010155,Toronto-9425,-10,75,Normal
2026-02-13 23:18:20.010155,Toronto-9425,0,1,Normal
2026-02-13 23:18:21.010155,Toronto-9425,-13,6,Normal
2026-02-13 23:18:22.010155,Toronto-9425,33,63,Normal
2026-02-13 23:18:23.010155,Toronto-9425,-12,65,Normal
2026-02-13 23:18:24.010155,Toronto-9425,21,51,Normal
2026-02-13 23:18:25.010155,Toronto-9425,-17,12,Normal
2026-02-13 23:18:26.010155,Toronto-9425,20,5,Normal
2026-02-13 23:18:27.010155,Toronto-9425,41,60,Normal
2026-02-13 23:18:28.010155,Toronto-9425,-13,84,Normal
2026-02-13 23:18:29.010155,Toronto-9425,33,25,Normal
2026-02-13 23:18:30.010155,Toronto-9425,-8,29,Normal
2026-02-13 23:18:31.010155,Toronto-9425,10,80,Normal
2026-02-13 23:18:32.010155,Toronto-9425,24,12,Normal
2026-02-13 23:18:33.010155,Toronto-9425,-19,100,Normal
2026-02-13 23:18:34.010155,Toronto-9425,17,78,Normal
2026-02-13 23:18:35.010155,Toronto-9425,13,87,Normal
2026-02-13 23:18:36.010155,Toronto-9425,27,50,Normal
2026-02-13 23:18:37.010155,Toronto-9425,50,47,Normal
2026-02-13 23:18:38.010155,Toronto-9425,23,45,Normal
2026-02-13 23:18:39.010155,Toronto-9425,3,50,Normal
2026-02-13 23:18:40.010155,Toronto-9425,5,87,Normal
2026-02-13 23:18:41.010155,Toronto-9425,-17,56,Normal
2026-02-13 23:18:42.010155,Toronto-9425,6,7,Normal
2026-02-13 23:18:43.010155,Toronto-9425,-16,51,Normal
2026-02-13 23:18:44.010155,Toronto-9425,23,62,Normal
2026-02-13 23:18:45.010155,Toronto-9425,28,91,Normal
2026-02-13 23:18:46.010155,Toronto-9425,11,19,Normal
2026-02-13 23:18:47.010155,Toronto-9425,15,38,Normal
2026-02-13 23:18:48.010155,Toronto-9425,19,71,Normal
2026-02-13 23:18:49.010155,Toronto-9425,16,85,Normal
2026-02-13 23:18:50.010155,Toronto-9425,5,27,Normal
2026-02-13 23:18:51.010155,Toronto-9425,32,3,Normal
2026-02-13 23:18:52.010155,Toronto-9425,19,96,Normal
2026-02-13 23:18:53.010155,Toronto-9425,48,7,Normal
2026-02-13 23:18:54.010155,Toronto-9425,-19,31,Normal
2026-02-13 23:18:55.010155,Toronto-9425,43,0,Normal
2026-02-13 23:18:56.010155,Toronto-9425,24,8,Normal
2026-02-13 23:18:57.010155,Toronto-9425,-10,94,Normal
2026-02-13 23:18:58.010155,Toronto-9425,-8,64,Normal
2026-02-13 23:18:59.010155,Toronto-9425,10,34,Normal
2026-02-13 23:19:00.010155,Toronto-9425,-3,67,Normal
2026-02-13 23:19:01.010155,Toronto-9425,-7,20,Normal
2026-02-13 23:19:02.010155,Toronto-9425,-16,77,Normal
2026-02-13 23:19:03.010155,Toronto-9425,21,14,Normal
2026-02-13 23:19:04.010155,Toronto-9425,-8,64,Normal
2026-02-13 23:19:05.010155,Toronto-9425,30,96,Normal
2026-02-13 23:19:06.010155,Toronto-9425,-12,77,Normal
2026-02-13 23:19:07.010155,Toronto-9425,35,35,Normal
2026-02-13 23:19:08.010155,Toronto-9425,-30,46,Normal
2026-02-13 23:19:09.010155,Toronto-9425,-17,27,Normal
2026-02-13 23:19:10.010155,Toronto-9425,23,2,Normal
2026-02-13 23:19:11.010155,Toronto-9425,37,25,Normal
2026-02-13 23:19:12.010155,Toronto-9425,32,92,Normal
2026-02-13 23:19:13.010155,Toronto-9425,18,79,Normal
2026-02-13 23:19:14.010155,Toronto-9425,2,26,Normal
2026-02-13 23:19:15.010155,Toronto-9425,3,81,Normal
2026-02-13 23:19:16.010155,Toronto-9425,8,100,Normal
2026-02-13 23:19:17.010155,Toronto-9425,35,22,Normal
2026-02-13 23:19:18.010155,Toronto-9425,10,90,Normal
2026-02-13 23:19:19.010155,Toronto-9425,19,2,Normal
2026-02-13 23:19:20.010155,Toronto-9425,17,89,Normal
2026-02-13 23:19:21.010155,Toronto-9425,43,16,Normal
2026-02-13 23:19:22.010155,Toronto-9425,-26,2,Normal
2026-02-13 23:19:23.010155,Toronto-9425,-2,92,Normal
2026-02-13 23:19:24.010155,Toronto-9425,-15,10,Normal
2026-02-13 23:19:25.010155,Toronto-9425,40,93,Normal
2026-02-13 23:19:26.010155,Toronto-9425,-4,79,Normal
2026-02-13 23:19:27.010155,Toronto-9425,-2,80,Normal
2026-02-13 23:19:28.010155,Toronto-9425,14,54,Normal
2026-02-13 23:19:29.010155,Toronto-9425,26,46,Normal
2026-02-13 23:19:30.010155,Toronto-9425,35,56,Normal
2026-02-13 23:19:31.010155,Toronto-9425,-14,87,Normal
2026-02-13 23:19:32.010155,Toronto-9425,1,55,Normal
2026-02-13 23:19:33.010155,Toronto-9425,29,73,Normal
2026-02-13 23:19:34.010155,Toronto-9425,47,88,Normal
2026-02-13 23:19:35.010155,Toronto-9425,9,33,Normal
2026-02-13 23:19:36.010155,Toronto-9425,26,2,Normal
2026-02-13 23:19:37.010155,Toronto-9425,-20,76,Normal
2026-02-13 23:19:38.010155,Toronto-9425,-4,42,Normal
2026-02-13 23:19:39.010155,Toronto-9425,36,57,Normal
2026-02-13 23:19:40.010155,Toronto-9425,43,92,Normal
2026-02-13 23:19:41.010155,Toronto-9425,15,84,Normal
2026-02-13 23:19:42.010155,Toronto-9425,-3,19,Normal
2026-02-13 23:19:43.010155,Toronto-9425,40,56,Normal
2026-02-13 23:19:44.010155,Toronto-9425,13,50,Normal
2026-02-13 23:19:45.010155,Toronto-9425,43,7,Normal
2026-02-13 23:19:46.010155,Toronto-9425,-30,70,Normal
2026-02-13 23:19:47.010155,Toronto-9425,-21,33,Normal
2026-02-13 23:19:48.010155,Toronto-9425,38,20,Normal
2026-02-13 23:19:49.010155,Toronto-9425,-21,69,Normal
2026-02-13 23:19:50.010155,Toronto-9425,16,62,Normal
2026-02-13 23:19:51.010155,Toronto-9425,20,80,Normal
2026-02-13 23:19:52.010155,Toronto-9425,-8,79,Normal
2026-02-13 23:19:53.010155,Toronto-9425,17,40,Normal
2026-02-13 23:19:54.010155,Toronto-9425,-24,59,Normal
2026-02-13 23:19:55.010155,Toronto-9425,-16,30,Normal
2026-02-13 23:19:56.010155,Toronto-9425,-28,8,Normal
2026-02-13 23:19:57.010155,Toronto-9425,-19,56,Normal
2026-02-13 23:19:58.010155,Toronto-9425,-20,35,Normal
2026-02-13 23:19:59.010155,Toronto-9425,20,98,Normal
2026-02-13 23:20:00.010155,Toronto-9425,35,15,Normal
2026-02-13 23:20:01.010155,Toronto-9425,30,44,Normal
2026-02-13 23:20:02.010155,Toronto-9425,42,94,Normal
2026-02-13 23:20:03.010155,Toronto-9425,-18,89,Normal
2026-02-13 23:20:04.010155,Toronto-9425,-6,67,Normal
2026-02-13 23:20:05.010155,Toronto-9425,-9,10,Normal
2026-02-13 23:20:06.010155,Toronto-9425,10,38,Normal
2026-02-13 23:20:07.010155,Toronto-9425,19,39,Normal
2026-02-13 23:20:08.010155,Toronto-9425,15,39,Normal
2026-02-13 23:20:09.010155,Toronto-9425,-9,81,Normal
2026-02-13 23:20:10.010155,Toronto-9425,-27,1,Normal
2026-02-13 23:20:11.010155,Toronto-9425,46,56,Normal
2026-02-13 23:20:12.010155,Toronto-9425,-14,70,Normal
2026-02-13 23:20:13.010155,Toronto-9425,4,55,Normal
2026-02-13 23:20:14.010155,Toronto-9425,49,77,Normal
2026-02-13 23:20:15.010155,Toronto-9425,26,83,Normal
2026-02-13 23:20:16.010155,Toronto-9425,-28,13,Normal
2026-02-13 23:20:17.010155,Toronto-9425,-17,86,Normal
2026-02-13 23:20:18.010155,Toronto-9425,-14,34,Normal
2026-02-13 23:20:19.010155,Toronto-9425,38,26,Normal
2026-02-13 23:20:20.010155,Toronto-9425,24,64,Normal
2026-02-13 23:20:21.010155,Toronto-9425,-25,59,Normal
2026-02-13 23:20:22.010155,Toronto-9425,-19,25,Normal
2026-02-13 23:20:23.010155,Toronto-9425,0,97,Normal
2026-02-13 23:20:24.010155,Toronto-9425,-25,56,Normal
2026-02-13 23:20:25.010155,Toronto-9425,-7,87,Normal
2026-02-13 23:20:26.010155,Toronto-9425,28,56,Normal
2026-02-13 23:20:27.010155,Toronto-9425,17,52,Normal
2026-02-13 23:20:28.010155,Toronto-9425,48,18,Normal
2026-02-13 23:20:29.010155,Toronto-9425,-29,12,Normal
2026-02-13 23:20:30.010155,Toronto-9425,26,80,Normal
2026-02-13 23:20:31.010155,Toronto-9425,18,77,Normal
2026-02-13 23:20:32.010155,Toronto-9425,2,51,Normal
2026-02-13 23:20:33.010155,Toronto-9425,-15,89,Normal
2026-02-13 23:20:34.010155,Toronto-9425,-8,28,Normal
2026-02-13 23:20:35.010155,Toronto-9425,10,90,Normal
2026-02-13 23:20:36.010155,Toronto-9425,-15,27,Normal
2026-02-13 23:20:37.010155,Toronto-9425,-30,29,Normal
2026-02-13 23:20:38.010155,Toronto-9425,-3,33,Normal
2026-02-13 23:20:39.010155,Toronto-9425,24,32,Normal
2026-02-13 23:20:40.010155,Toronto-9425,34,72,Normal
2026-02-13 23:20:41.010155,Toronto-9425,21,48,Normal
2026-02-13 23:20:42.010155,Toronto-9425,27,22,Normal
2026-02-13 23:20:43.010155,Toronto-9425,44,26,Normal
2026-02-13 23:20:44.010155,Toronto-9425,-28,28,Normal
2026-02-13 23:20:45.010155,Toronto-9425,-13,40,Normal
2026-02-13 23:20:46.010155,Toronto-9425,-25,76,Normal
2026-02-13 23:20:47.010155,Toronto-9425,1,49,Normal
2026-02-13 23:20:48.010155,Toronto-9425,37,75,Normal
2026-02-13 23:20:49.010155,Toronto-9425,22,77,Normal
2026-02-13 23:20:50.010155,Toronto-9425,-24,68,Normal
2026-02-13 23:20:51.010155,Toronto-9425,-18,17,Normal
2026-02-13 23:20:52.010155,Toronto-9425,-16,58,Normal
2026-02-13 23:20:53.010155,Toronto-9425,-21,32,Normal
2026-02-13 23:20:54.010155,Toronto-9425,-20,35,Normal
2026-02-13 23:20:55.010155,Toronto-9425,43,29,Normal
2026-02-13 23:20:56.010155,Toronto-9425,1,80,Normal
2026-02-13 23:20:57.010155,Toronto-9425,-18,1,Normal
2026-02-13 23:20:58.010155,Toronto-9425,-4,70,Normal
2026-02-13 23:20:59.010155,Toronto-9425,48,21,Normal
2026-02-13 23:21:00.010155,Toronto-9425,-11,20,Normal
2026-02-13 23:21:01.010155,Toronto-9425,-3,61,Normal
2026-02-13 23:21:02.010155,Toronto-9425,48,100,Normal
2026-02-13 23:21:03.010155,Toronto-9425,38,38,Normal
2026-02-13 23:21:04.010155,Toronto-9425,14,10,Normal
2026-02-13 23:21:05.010155,Toronto-9425,42,57,Normal
2026-02-13 23:21:06.010155,Toronto-9425,34,45,Normal
2026-02-13 23:21:07.010155,Toronto-9425,3,31,Normal
2026-02-13 23:21:08.010155,Toronto-9425,35,54,Normal
2026-02-13 23:21:09.010155,Toronto-9425,-27,12,Normal
2026-02-13 23:21:10.010155,Toronto-9425,8,22,Normal
2026-02-13 23:21:11.010155,Toronto-9425,5,34,Normal
2026-02-13 23:21:12.010155,Toronto-9425,22,48,Normal
2026-02-13 23:21:13.010155,Toronto-9425,-1,11,Normal
2026-02-13 23:21:14.010155,Toronto-9425,31,73,Normal
2026-02-13 23:21:15.010155,Toronto-9425,34,53,Normal
2026-02-13 23:21:16.010155,Toronto-9425,-3,22,Normal
2026-02-13 23:21:17.010155,Toronto-9425,-25,34,Normal
2026-02-13 23:21:18.010155,Toronto-9425,35,47,Normal
2026-02-13 23:21:19.010155,Toronto-9425,34,39,Normal
2026-02-13 23:21:20.010155,Toronto-9425,11,48,Normal
2026-02-13 23:21:21.010155,Toronto-9425,-3,39,Normal
2026-02-13 23:21:22.010155,Toronto-9425,-6,41,Normal
2026-02-13 23:21:23.010155,Toronto-9425,-24,55,Normal
2026-02-13 23:21:24.010155,Toronto-9425,8,56,Normal
2026-02-13 23:21:25.010155,Toronto-9425,17,34,Normal
2026-02-13 23:21:26.010155,Toronto-9425,-11,82,Normal
2026-02-13 23:21:27.010155,Toronto-9425,3,12,Normal
2026-02-13 23:21:28.010155,Toronto-9425,25,54,Normal
2026-02-13 23:21:29.010155,Toronto-9425,42,83,Normal
2026-02-13 23:21:30.010155,Toronto-9425,-21,73,Normal
2026-02-13 23:21:31.010155,Toronto-9425,-25,35,Normal
2026-02-13 23:21:32.010155,Toronto-9425,39,4,Normal
2026-02-13 23:21:33.010155,Toronto-9425,21,69,Normal
2026-02-13 23:21:34.010155,Toronto-9425,0,91,Normal
2026-02-13 23:21:35.010155,Toronto-9425,-4,31,Normal
2026-02-13 23:21:36.010155,Toronto-9425,5,19,Normal
2026-02-13 23:21:37.010155,Toronto-9425,38,38,Normal
2026-02-13 23:21:38.010155,Toronto-9425,-25,89,Normal
2026-02-13 23:21:39.010155,Toronto-9425,-15,80,Normal
2026-02-13 23:21:40.010155,Toronto-9425,49,92,Normal
2026-02-13 23:21:41.010155,Toronto-9425,34,71,Normal
2026-02-13 23:21:42.010155,Toronto-9425,-28,5,Normal
2026-02-13 23:21:43.010155,Toronto-9425,-27,62,Normal
2026-02-13 23:21:44.010155,Toronto-9425,7,80,Normal
2026-02-13 23:21:45.010155,Toronto-9425,22,25,Normal
2026-02-13 23:21:46.010155,Toronto-9425,-12,48,Normal
2026-02-13 23:21:47.010155,Toronto-9425,23,88,Normal
2026-02-13 23:21:48.010155,Toronto-9425,-22,82,Normal
2026-02-13 23:21:49.010155,Toronto-9425,7,57,Normal
2026-02-13 23:21:50.010155,Toronto-9425,-1,59,Normal
2026-02-13 23:21:51.010155,Toronto-9425,48,70,Normal
2026-02-13 23:21:52.010155,Toronto-9425,28,61,Normal
2026-02-13 23:21:53.010155,Toronto-9425,-19,98,Normal
2026-02-13 23:21:54.010155,Toronto-9425,30,26,Normal
2026-02-13 23:21:55.010155,Toronto-9425,-11,95,Normal
2026-02-13 23:21:56.010155,Toronto-9425,-16,79,Normal
2026-02-13 23:21:57.010155,Toronto-9425,-14,100,Normal
2026-02-13 23:21:58.010155,Toronto-9425,48,62,Normal
2026-02-13 23:21:59.010155,Toronto-9425,23,55,Normal
2026-02-13 23:22:00.010155,Toronto-9425,15,46,Normal
2026-02-13 23:22:01.010155,Toronto-9425,26,25,Normal
2026-02-13 23:22:02.010155,Toronto-9425,40,7,Normal
2026-02-13 23:22:03.010155,Toronto-9425,35,62,Normal
2026-02-13 23:22:04.010155,Toronto-9425,32,11,Normal
2026-02-13 23:22:05.010155,Toronto-9425,-27,19,Normal
2026-02-13 23:22:06.010155,Toronto-9425,26,67,Normal
2026-02-13 23:22:07.010155,Toronto-9425,-27,5,Normal
2026-02-13 23:22:08.010155,Toronto-9425,-30,15,Normal
2026-02-13 23:22:09.010155,Toronto-9425,-17,67,Normal
2026-02-13 23:22:10.010155,Toronto-9425,18,37,Normal
2026-02-13 23:22:11.010155,Toronto-9425,-11,79,Normal
2026-02-13 23:22:12.010155,Toronto-9425,24,36,Normal
2026-02-13 23:22:13.010155,Toronto-9425,2,41,Normal
2026-02-13 23:22:14.010155,Toronto-9425,-8,16,Normal
2026-02-13 23:22:15.010155,Toronto-9425,10,1,Normal
2026-02-13 23:22:16.010155,Toronto-9425,40,5,Normal
2026-02-13 23:22:17.010155,Toronto-9425,-27,74,Normal
2026-02-13 23:22:18.010155,Toronto-9425,-11,30,Normal
2026-02-13 23:22:19.010155,Toronto-9425,18,55,Normal
2026-02-13 23:22:20.010155,Toronto-9425,-18,29,Normal
2026-02-13 23:22:21.010155,Toronto-9425,11,61,Normal
2026-02-13 23:22:22.010155,Toronto-9425,43,1,Normal
2026-02-13 23:22:23.010155,Toronto-9425,28,37,Normal
2026-02-13 23:22:24.010155,Toronto-9425,-4,35,Normal
2026-02-13 23:22:25.010155,Toronto-9425,-6,83,Normal
2026-02-13 23:22:26.010155,Toronto-9425,23,6,Normal
2026-02-13 23:22:27.010155,Toronto-9425,25,43,Normal
2026-02-13 23:22:28.010155,Toronto-9425,21,5,Normal
2026-02-13 23:22:29.010155,Toronto-9425,47,87,Normal
2026-02-13 23:22:30.010155,Toronto-9425,-8,37,Normal
2026-02-13 23:22:31.010155,Toronto-9425,2,71,Normal
2026-02-13 23:22:32.010155,Toronto-9425,-9,15,Normal
2026-02-13 23:22:33.010155,Toronto-9425,-18,76,Normal
2026-02-13 23:22:34.010155,Toronto-9425,-12,37,Normal
2026-02-13 23:22:35.010155,Toronto-9425,-24,49,Normal
2026-02-13 23:22:36.010155,Toronto-9425,-16,40,Normal
2026-02-13 23:22:37.010155,Toronto-9425,-19,4,Normal
2026-02-13 23:22:38.010155,Toronto-9425,8,0,Normal
2026-02-13 23:22:39.010155,Toronto-9425,48,100,Normal
2026-02-13 23:22:40.010155,Toronto-9425,-11,21,Normal
2026-02-13 23:22:41.010155,Toronto-9425,28,79,Normal
2026-02-13 23:22:42.010155,Toronto-9425,17,23,Normal
2026-02-13 23:22:43.010155,Toronto-9425,6,94,Normal
2026-02-13 23:22:44.010155,Toronto-9425,-28,75,Normal
2026-02-13 23:22:45.010155,Toronto-9425,-15,47,Normal
2026-02-13 23:22:46.010155,Toronto-9425,-12,80,Normal
2026-02-13 23:22:47.010155,Toronto-9425,30,2,Normal
2026-02-13 23:22:48.010155,Toronto-9425,-13,39,Normal
2026-02-13 23:22:49.010155,Toronto-9425,5,23,Normal
2026-02-13 23:22:50.010155,Toronto-9425,-19,24,Normal
2026-02-13 23:22:51.010155,Toronto-9425,0,1,Normal
2026-02-13 23:22:52.010155,Toronto-9425,-19,48,Normal
2026-02-13 23:22:53.010155,Toronto-9425,-27,85,Normal
2026-02-13 23:22:54.010155,Toronto-9425,-26,20,Normal
2026-02-13 23:22:55.010155,Toronto-9425,-2,81,Normal
2026-02-13 23:22:56.010155,Toronto-9425,23,76,Normal
2026-02-13 23:22:57.010155,Toronto-9425,4,76,Normal
2026-02-13 23:22:58.010155,Toronto-9425,-17,5,Normal
2026-02-13 23:22:59.010155,Toronto-9425,-2,68,Normal
2026-02-13 23:23:00.010155,Toronto-9425,-5,52,Normal
2026-02-13 23:23:01.010155,Toronto-9425,2,18,Normal
2026-02-13 23:23:02.010155,Toronto-9425,-30,30,Normal
2026-02-13 23:23:03.010155,Toronto-9425,-8,36,Normal
2026-02-13 23:23:04.010155,Toronto-9425,-28,2,Normal
2026-02-13 23:23:05.010155,Toronto-9425,18,18,Normal
2026-02-13 23:23:06.010155,Toronto-9425,-8,89,Normal
2026-02-13 23:23:07.010155,Toronto-9425,-2,98,Normal
2026-02-13 23:23:08.010155,Toronto-9425,18,59,Normal
2026-02-13 23:23:09.010155,Toronto-9425,13,51,Normal
2026-02-13 23:23:10.010155,Toronto-9425,9,76,Normal
2026-02-13 23:23:11.010155,Toronto-9425,39,70,Normal
2026-02-13 23:23:12.010155,Toronto-9425,-28,32,Normal
2026-02-13 23:23:13.010155,Toronto-9425,35,36,Normal
2026-02-13 23:23:14.010155,Toronto-9425,24,60,Normal
2026-02-13 23:23:15.010155,Toronto-9425,-8,77,Normal
2026-02-13 23:23:16.010155,Toronto-9425,-2,31,Normal
2026-02-13 23:23:17.010155,Toronto-9425,-6,76,Normal
2026-02-13 23:23:18.010155,Toronto-9425,27,90,Normal
2026-02-13 23:23:19.010155,Toronto-9425,37,5,Normal
2026-02-13 23:23:20.010155,Toronto-9425,-24,17,Normal
2026-02-13 23:23:21.010155,Toronto-9425,18,1,Normal
2026-02-13 23:23:22.010155,Toronto-9425,-25,28,Normal
2026-02-13 23:23:23.010155,Toronto-9425,18,8,Normal
2026-02-13 23:23:24.010155,Toronto-9425,-17,45,Normal
2026-02-13 23:23:25.010155,Toronto-9425,46,60,Normal
2026-02-13 23:23:26.010155,Toronto-9425,14,8,Normal
2026-02-13 23:23:27.010155,Toronto-9425,-19,50,Normal
2026-02-13 23:23:28.010155,Toronto-9425,13,63,Normal
2026-02-13 23:23:29.010155,Toronto-9425,13,30,Normal
2026-02-13 23:23:30.010155,Toronto-9425,-1,50,Normal
2026-02-13 23:23:31.010155,Toronto-9425,-28,80,Normal
2026-02-13 23:23:32.010155,Toronto-9425,-23,71,Normal
2026-02-13 23:23:33.010155,Toronto-9425,22,69,Normal
2026-02-13 23:23:34.010155,Toronto-9425,39,57,Normal
2026-02-13 23:23:35.010155,Toronto-9425,48,67,Normal
2026-02-13 23:23:36.010155,Toronto-9425,43,32,Normal
2026-02-13 23:23:37.010155,Toronto-9425,40,47,Normal
2026-02-13 23:23:38.010155,Toronto-9425,-25,82,Normal
2026-02-13 23:23:39.010155,Toronto-9425,7,39,Normal
2026-02-13 23:23:40.010155,Toronto-9425,43,29,Normal
2026-02-13 23:23:41.010155,Toronto-9425,11,89,Normal
2026-02-13 23:23:42.010155,Toronto-9425,-2,60,Normal
2026-02-13 23:23:43.010155,Toronto-9425,50,5,Normal
2026-02-13 23:23:44.010155,Toronto-9425,42,1,Normal
2026-02-13 23:23:45.010155,Toronto-9425,22,12,Normal
2026-02-13 23:23:46.010155,Toronto-9425,-19,4,Normal
2026-02-13 23:23:47.010155,Toronto-9425,23,5,Normal
2026-02-13 23:23:48.010155,Toronto-9425,20,60,Normal
2026-02-13 23:23:49.010155,Toronto-9425,-24,56,Normal
2026-02-13 23:23:50.010155,Toronto-9425,1,78,Normal
2026-02-13 23:23:51.010155,Toronto-9425,18,32,Normal
2026-02-13 23:23:52.010155,Toronto-9425,47,43,Normal
2026-02-13 23:23:53.010155,Toronto-9425,13,75,Normal
2026-02-13 23:23:54.010155,Toronto-9425,3,53,Normal
2026-02-13 23:23:55.010155,Toronto-9425,-17,33,Normal
2026-02-13 23:23:56.010155,Toronto-9425,30,8,Normal
2026-02-13 23:23:57.010155,Toronto-9425,31,28,Normal
2026-02-13 23:23:58.010155,Toronto-9425,-21,15,Normal
2026-02-13 23:23:59.010155,Toronto-9425,2,21,Normal
2026-02-13 23:24:00.010155,Toronto-9425,-25,1,Normal
2026-02-13 23:24:01.010155,Toronto-9425,29,39,Normal
2026-02-13 23:24:02.010155,Toronto-9425,22,13,Normal
2026-02-13 23:24:03.010155,Toronto-9425,28,18,Normal
2026-02-13 23:24:04.010155,Toronto-9425,-17,52,Normal
2026-02-13 23:24:05.010155,Toronto-9425,14,92,Normal
2026-02-13 23:24:06.010155,Toronto-9425,39,42,Normal
2026-02-13 23:24:07.010155,Toronto-9425,1,22,Normal
2026-02-13 23:24:08.010155,Toronto-9425,45,78,Normal
2026-02-13 23:24:09.010155,Toronto-9425,-14,64,Normal
2026-02-13 23:24:10.010155,Toronto-9425,28,83,Normal
2026-02-13 23:24:11.010155,Toronto-9425,4,33,Normal
2026-02-13 23:24:12.010155,Toronto-9425,28,24,Normal
2026-02-13 23:24:13.010155,Toronto-9425,-29,69,Normal
2026-02-13 23:24:14.010155,Toronto-9425,-16,27,Normal
2026-02-13 23:24:15.010155,Toronto-9425,-25,60,Normal
2026-02-13 23:24:16.010155,Toronto-9425,11,12,Normal
2026-02-13 23:24:17.010155,Toronto-9425,17,38,Normal
2026-02-13 23:24:18.010155,Toronto-9425,39,59,Normal
2026-02-13 23:24:19.010155,Toronto-9425,-9,66,Normal
2026-02-13 23:24:20.010155,Toronto-9425,20,1,Normal
2026-02-13 23:24:21.010155,Toronto-9425,23,12,Normal
2026-02-13 23:24:22.010155,Toronto-9425,1,58,Normal
2026-02-13 23:24:23.010155,Toronto-9425,19,38,Normal
2026-02-13 23:24:24.010155,Toronto-9425,26,86,Normal
2026-02-13 23:24:25.010155,Toronto-9425,28,3,Normal
2026-02-13 23:24:26.010155,Toronto-9425,35,31,Normal
2026-02-13 23:24:27.010155,Toronto-9425,-4,66,Normal
2026-02-13 23:24:28.010155,Toronto-9425,-24,40,Normal
2026-02-13 23:24:29.010155,Toronto-9425,49,56,Normal
2026-02-13 23:24:30.010155,Toronto-9425,-27,5,Normal
2026-02-13 23:24:31.010155,Toronto-9425,-25,2,Normal
2026-02-13 23:24:32.010155,Toronto-9425,45,71,Normal
2026-02-13 23:24:33.010155,Toronto-9425,24,53,Normal
2026-02-13 23:24:34.010155,Toronto-9425,1,29,Normal
2026-02-13 23:24:35.010155,Toronto-9425,-6,99,Normal
2026-02-13 23:24:36.010155,Toronto-9425,20,9,Normal
2026-02-13 23:24:37.010155,Toronto-9425,18,4,Normal
2026-02-13 23:24:38.010155,Toronto-9425,-5,99,Normal
2026-02-13 23:24:39.010155,Toronto-9425,49,26,Normal
2026-02-13 23:24:40.010155,Toronto-9425,39,11,Normal
2026-02-13 23:24:41.010155,Toronto-9425,45,91,Normal
2026-02-13 23:24:42.010155,Toronto-9425,26,33,Normal
2026-02-13 23:24:43.010155,Toronto-9425,-10,65,Normal
2026-02-13 23:24:44.010155,Toronto-9425,-21,100,Normal
2026-02-13 23:24:45.010155,Toronto-9425,-3,35,Normal
2026-02-13 23:24:46.010155,Toronto-9425,-17,84,Normal
2026-02-13 23:24:47.010155,Toronto-9425,44,59,Normal
2026-02-13 23:24:48.010155,Toronto-9425,-8,44,Normal
2026-02-13 23:24:49.010155,Toronto-9425,11,4,Normal
2026-02-13 23:24:50.010155,Toronto-9425,-28,82,Normal
2026-02-13 23:24:51.010155,Toronto-9425,-14,7,Normal
2026-02-13 23:24:52.010155,Toronto-9425,40,39,Normal
2026-02-13 23:24:53.010155,Toronto-9425,-15,74,Normal
2026-02-13 23:24:54.010155,Toronto-9425,-25,35,Normal
2026-02-13 23:24:55.010155,Toronto-9425,-30,2,Normal
2026-02-13 23:24:56.010155,Toronto-9425,-24,9,Normal
2026-02-13 23:24:57.010155,Toronto-9425,-16,88,Normal
2026-02-13 23:24:58.010155,Toronto-9425,-17,31,Normal
2026-02-13 23:24:59.010155,Toronto-9425,-17,68,Normal
2026-02-13 23:25:00.010155,Toronto-9425,32,94,Normal
2026-02-13 23:25:01.010155,Toronto-9425,22,44,Normal
2026-02-13 23:25:02.010155,Toronto-9425,-14,91,Normal
2026-02-13 23:25:03.010155,Toronto-9425,-29,49,Normal
2026-02-13 23:25:04.010155,Toronto-9425,47,5,Normal
2026-02-13 23:25:05.010155,Toronto-9425,49,52,Normal
2026-02-13 23:25:06.010155,Toronto-9425,37,69,Normal
2026-02-13 23:25:07.010155,Toronto-9425,31,35,Normal
2026-02-13 23:25:08.010155,Toronto-9425,45,67,Normal
2026-02-13 23:25:09.010155,Toronto-9425,0,96,Normal
2026-02-13 23:25:10.010155,Toronto-9425,19,2,Normal
2026-02-13 23:25:11.010155,Toronto-9425,49,29,Normal
2026-02-13 23:25:12.010155,Toronto-9425,-28,79,Normal
2026-02-13 23:25:13.010155,Toronto-9425,49,5,Normal
2026-02-13 23:25:14.010155,Toronto-9425,-11,44,Normal
2026-02-13 23:25:15.010155,Toronto-9425,47,26,Normal
2026-02-13 23:25:16.010155,Toronto-9425,-6,30,Normal
2026-02-13 23:25:17.010155,Toronto-9425,-25,91,Normal
2026-02-13 23:25:18.010155,Toronto-9425,21,79,Normal
2026-02-13 23:25:19.010155,Toronto-9425,21,37,Normal
2026-02-13 23:25:20.010155,Toronto-9425,-16,53,Normal
2026-02-13 23:25:21.010155,Toronto-9425,24,61,Normal
2026-02-13 23:25:22.010155,Toronto-9425,21,37,Normal
2026-02-13 23:25:23.010155,Toronto-9425,-9,74,Normal
2026-02-13 23:25:24.010155,Toronto-9425,-1,70,Normal
2026-02-13 23:25:25.010155,Toronto-9425,40,94,Normal
2026-02-13 23:25:26.010155,Toronto-9425,22,44,Normal
2026-02-13 23:25:27.010155,Toronto-9425,-19,100,Normal
2026-02-13 23:25:28.010155,Toronto-9425,-25,3,Normal
2026-02-13 23:25:29.010155,Toronto-9425,43,28,Normal
2026-02-13 23:25:30.010155,Toronto-9425,6,57,Normal
2026-02-13 23:25:31.010155,Toronto-9425,23,43,Normal
2026-02-13 23:25:32.010155,Toronto-9425,49,34,Normal
2026-02-13 23:25:33.010155,Toronto-9425,-11,87,Normal
2026-02-13 23:25:34.010155,Toronto-9425,-17,95,Normal
2026-02-13 23:25:35.010155,Toronto-9425,-10,15,Normal
2026-02-13 23:25:36.010155,Toronto-9425,-11,36,Normal
2026-02-13 23:25:37.010155,Toronto-9425,-14,74,Normal
2026-02-13 23:25:38.010155,Toronto-9425,20,53,Normal
2026-02-13 23:25:39.010155,Toronto-9425,12,56,Normal
2026-02-13 23:25:40.010155,Toronto-9425,30,37,Normal
2026-02-13 23:25:41.010155,Toronto-9425,49,18,Normal
2026-02-13 23:25:42.010155,Toronto-9425,0,86,Normal
2026-02-13 23:25:43.010155,Toronto-9425,-29,92,Normal
2026-02-13 23:25:44.010155,Toronto-9425,-18,44,Normal
2026-02-13 23:25:45.010155,Toronto-9425,17,94,Normal
2026-02-13 23:25:46.010155,Toronto-9425,-16,74,Normal
2026-02-13 23:25:47.010155,Toronto-9425,-8,47,Normal
2026-02-13 23:25:48.010155,Toronto-9425,45,40,Normal
2026-02-13 23:25:49.010155,Toronto-9425,-9,94,Normal
2026-02-13 23:25:50.010155,Toronto-9425,-30,16,Normal
2026-02-13 23:25:51.010155,Toronto-9425,-9,28,Normal
2026-02-13 23:25:52.010155,Toronto-9425,-13,13,Normal
2026-02-13 23:25:53.010155,Toronto-9425,-14,96,Normal
2026-02-13 23:25:54.010155,Toronto-9425,-10,100,Normal
2026-02-13 23:25:55.010155,Toronto-9425,14,27,Normal
2026-02-13 23:25:56.010155,Toronto-9425,33,87,Normal
2026-02-13 23:25:57.010155,Toronto-9425,-9,69,Normal
2026-02-13 23:25:58.010155,Toronto-9425,12,6,Normal
2026-02-13 23:25:59.010155,Toronto-9425,36,32,Normal
2026-02-13 23:26:00.010155,Toronto-9425,3,34,Normal
2026-02-13 23:26:01.010155,Toronto-9425,-4,35,Normal
2026-02-13 23:26:02.010155,Toronto-9425,22,68,Normal
2026-02-13 23:26:03.010155,Toronto-9425,21,83,Normal
2026-02-13 23:26:04.010155,Toronto-9425,-3,90,Normal
2026-02-13 23:26:05.010155,Toronto-9425,47,68,Normal
2026-02-13 23:26:06.010155,Toronto-9425,-6,36,Normal
2026-02-13 23:26:07.010155,Toronto-9425,12,48,Normal
2026-02-13 23:26:08.010155,Toronto-9425,-30,86,Normal
2026-02-13 23:26:09.010155,Toronto-9425,-1,47,Normal
2026-02-13 23:26:10.010155,Toronto-9425,6,63,Normal
2026-02-13 23:26:11.010155,Toronto-9425,-24,69,Normal
2026-02-13 23:26:12.010155,Toronto-9425,-4,33,Normal
2026-02-13 23:26:13.010155,Toronto-9425,17,38,Normal
2026-02-13 23:26:14.010155,Toronto-9425,49,65,Normal
2026-02-13 23:26:15.010155,Toronto-9425,23,3,Normal
2026-02-13 23:26:16.010155,Toronto-9425,46,27,Normal
2026-02-13 23:26:17.010155,Toronto-9425,-4,16,Normal
2026-02-13 23:26:18.010155,Toronto-9425,-24,63,Normal
2026-02-13 23:26:19.010155,Toronto-9425,37,40,Normal
2026-02-13 23:26:20.010155,Toronto-9425,7,96,Normal
2026-02-13 23:26:21.010155,Toronto-9425,-10,71,Normal
2026-02-13 23:26:22.010155,Toronto-9425,9,28,Normal
2026-02-13 23:26:23.010155,Toronto-9425,1,1,Normal
2026-02-13 23:26:24.010155,Toronto-9425,-27,67,Normal
2026-02-13 23:26:25.010155,Toronto-9425,39,73,Normal
2026-02-13 23:26:26.010155,Toronto-9425,-4,97,Normal
2026-02-13 23:26:27.010155,Toronto-9425,-27,89,Normal
2026-02-13 23:26:28.010155,Toronto-9425,22,28,Normal
2026-02-13 23:26:29.010155,Toronto-9425,14,36,Normal
2026-02-13 23:26:30.010155,Toronto-9425,36,48,Normal
2026-02-13 23:26:31.010155,Toronto-9425,-19,10,Normal
2026-02-13 23:26:32.010155,Toronto-9425,35,72,Normal
2026-02-13 23:26:33.010155,Toronto-9425,-5,55,Normal
2026-02-13 23:26:34.010155,Toronto-9425,0,79,Normal
2026-02-13 23:26:35.010155,Toronto-9425,45,68,Normal
2026-02-13 23:26:36.010155,Toronto-9425,24,43,Normal
2026-02-13 23:26:37.010155,Toronto-9425,-2,24,Normal
2026-02-13 23:26:38.010155,Toronto-9425,-26,40,Normal
2026-02-13 23:26:39.010155,Toronto-9425,-8,39,Normal
2026-02-13 23:26:40.010155,Toronto-9425,20,32,Normal
2026-02-13 23:26:41.010155,Toronto-9425,6,77,Normal
2026-02-13 23:26:42.010155,Toronto-9425,44,74,Normal
2026-02-13 23:26:43.010155,Toronto-9425,27,14,Normal
2026-02-13 23:26:44.010155,Toronto-9425,49,38,Normal
2026-02-13 23:26:45.010155,Toronto-9425,29,66,Normal
2026-02-13 23:26:46.010155,Toronto-9425,45,93,Normal
2026-02-13 23:26:47.010155,Toronto-9425,-6,56,Normal
2026-02-13 23:26:48.010155,Toronto-9425,19,42,Normal
2026-02-13 23:26:49.010155,Toronto-9425,35,98,Normal
2026-02-13 23:26:50.010155,Toronto-9425,-5,98,Normal
2026-02-13 23:26:51.010155,Toronto-9425,-28,69,Normal
2026-02-13 23:26:52.010155,Toronto-9425,-6,50,Normal
2026-02-13 23:26:53.010155,Toronto-9425,49,76,Normal
2026-02-13 23:26:54.010155,Toronto-9425,-16,76,Normal
2026-02-13 23:26:55.010155,Toronto-9425,0,56,Normal
2026-02-13 23:26:56.010155,Toronto-9425,22,36,Normal
2026-02-13 23:26:57.010155,Toronto-9425,0,53,Normal
2026-02-13 23:26:58.010155,Toronto-9425,-3,59,Normal
2026-02-13 23:26:59.010155,Toronto-9425,29,36,Normal
2026-02-13 23:27:00.010155,Toronto-9425,37,99,Normal
2026-02-13 23:27:01.010155,Toronto-9425,28,7,Normal
2026-02-13 23:27:02.010155,Toronto-9425,-24,78,Normal
2026-02-13 23:27:03.010155,Toronto-9425,28,75,Normal
2026-02-13 23:27:04.010155,Toronto-9425,-28,94,Normal
2026-02-13 23:27:05.010155,Toronto-9425,24,83,Normal
2026-02-13 23:27:06.010155,Toronto-9425,34,38,Normal
2026-02-13 23:27:07.010155,Toronto-9425,-14,51,Normal
2026-02-13 23:27:08.010155,Toronto-9425,47,31,Normal
2026-02-13 23:27:09.010155,Toronto-9425,10,8,Normal
2026-02-13 23:27:10.010155,Toronto-9425,-1,34,Normal
2026-02-13 23:27:11.010155,Toronto-9425,22,28,Normal
2026-02-13 23:27:12.010155,Toronto-9425,-14,62,Normal
2026-02-13 23:27:13.010155,Toronto-9425,-18,4,Normal
2026-02-13 23:27:14.010155,Toronto-9425,-5,29,Normal
2026-02-13 23:27:15.010155,Toronto-9425,-4,43,Normal
2026-02-13 23:27:16.010155,Toronto-9425,28,48,Normal
2026-02-13 23:27:17.010155,Toronto-9425,-5,92,Normal
2026-02-13 23:27:18.010155,Toronto-9425,-24,83,Normal
2026-02-13 23:27:19.010155,Toronto-9425,19,17,Normal
2026-02-13 23:27:20.010155,Toronto-9425,-22,28,Normal
2026-02-13 23:27:21.010155,Toronto-9425,-9,33,Normal
2026-02-13 23:27:22.010155,Toronto-9425,-16,54,Normal
2026-02-13 23:27:23.010155,Toronto-9425,-12,53,Normal
2026-02-13 23:27:24.010155,Toronto-9425,-25,34,Normal
2026-02-13 23:27:25.010155,Toronto-9425,-16,1,Normal
2026-02-13 23:27:26.010155,Toronto-9425,-14,8,Normal
2026-02-13 23:27:27.010155,Toronto-9425,32,100,Normal
2026-02-13 23:27:28.010155,Toronto-9425,-3,84,Normal
2026-02-13 23:27:29.010155,Toronto-9425,44,36,Normal
2026-02-13 23:27:30.010155,Toronto-9425,1,84,Normal
2026-02-13 23:27:31.010155,Toronto-9425,34,19,Normal
2026-02-13 23:27:32.010155,Toronto-9425,10,78,Normal
2026-02-13 23:27:33.010155,Toronto-9425,10,63,Normal
2026-02-13 23:27:34.010155,Toronto-9425,-16,66,Normal
2026-02-13 23:27:35.010155,Toronto-9425,30,74,Normal
2026-02-13 23:27:36.010155,Toronto-9425,42,59,Normal
2026-02-13 23:27:37.010155,Toronto-9425,49,22,Normal
2026-02-13 23:27:38.010155,Toronto-9425,34,87,Normal
2026-02-13 23:27:39.010155,Toronto-9425,9,25,Normal
2026-02-13 23:27:40.010155,Toronto-9425,-14,21,Normal
2026-02-13 23:27:41.010155,Toronto-9425,32,80,Normal
2026-02-13 23:27:42.010155,Toronto-9425,33,83,Normal
2026-02-13 23:27:43.010155,Toronto-9425,44,39,Normal
2026-02-13 23:27:44.010155,Toronto-9425,-15,94,Normal
2026-02-13 23:27:45.010155,Toronto-9425,18,79,Normal
2026-02-13 23:27:46.010155,Toronto-9425,-2,23,Normal
2026-02-13 23:27:47.010155,Toronto-9425,26,10,Normal
2026-02-13 23:27:48.010155,Toronto-9425,33,73,Normal
2026-02-13 23:27:49.010155,Toronto-9425,-25,43,Normal
2026-02-13 23:27:50.010155,Toronto-9425,-25,84,Normal
2026-02-13 23:27:51.010155,Toronto-9425,-26,35,Normal
2026-02-13 23:27:52.010155,Toronto-9425,44,43,Normal
2026-02-13 23:27:53.010155,Toronto-9425,34,45,Normal
2026-02-13 23:27:54.010155,Toronto-9425,16,1,Normal
2026-02-13 23:27:55.010155,Toronto-9425,-27,100,Normal
2026-02-13 23:27:56.010155,Toronto-9425,-3,68,Normal
2026-02-13 23:27:57.010155,Toronto-9425,31,57,Normal
2026-02-13 23:27:58.010155,Toronto-9425,24,30,Normal
2026-02-13 23:27:59.010155,Toronto-9425,22,28,Normal
2026-02-13 23:28:00.010155,Toronto-9425,-22,53,Normal
2026-02-13 23:28:01.010155,Toronto-9425,-4,50,Normal
2026-02-13 23:28:02.010155,Toronto-9425,19,30,Normal
2026-02-13 23:28:03.010155,Toronto-9425,-27,46,Normal
2026-02-13 23:28:04.010155,Toronto-9425,2,48,Normal
2026-02-13 23:28:05.010155,Toronto-9425,-2,79,Normal
2026-02-13 23:28:06.010155,Toronto-9425,44,5,Normal
2026-02-13 23:28:07.010155,Toronto-9425,-12,82,Normal
2026-02-13 23:28:08.010155,Toronto-9425,-16,44,Normal
