timestamp,station_id,temp,humid,condition
2026-02-13 22:54:53.553910,Paris-1466,47,20,Normal
2026-02-13 22:54:54.553910,Paris-1466,12,14,Normal
2026-02-13 22:54:55.553910,Paris-1466,-24,94,Normal
2026-02-13 22:54:56.553910,Paris-1466,-25,90,Normal
2026-02-13 22:54:57.553910,Paris-1466,-7,99,Normal
2026-02-13 22:54:58.553910,Paris-1466,11,24,Normal
2026-02-13 22:54:59.553910,Paris-1466,7,70,Normal
2026-02-13 22:55:00.553910,Paris-1466,26,82,Normal
2026-02-13 22:55:01.553910,Paris-1466,-5,13,Normal
2026-02-13 22:55:02.553910,Paris-1466,4,79,Normal
2026-02-13 22:55:03.553910,Paris-1466,49,44,Normal
2026-02-13 22:55:04.553910,Paris-1466,-9,79,Normal
2026-02-13 22:55:05.553910,Paris-1466,-22,6,Normal
2026-02-13 22:55:06.553910,Paris-1466,10,85,Normal
2026-02-13 22:55:07.553910,Paris-1466,43,12,Normal
2026-02-13 22:55:08.553910,Paris-1466,9,89,Normal
2026-02-13 22:55:09.553910,Paris-1466,-7,30,Normal
2026-02-13 22:55:10.553910,Paris-1466,20,12,Normal
2026-02-13 22:55:11.553910,Paris-1466,-17,7,Normal
2026-02-13 22:55:12.553910,Paris-1466,30,31,Normal
2026-02-13 22:55:13.553910,Paris-1466,-27,26,Normal
2026-02-13 22:55:14.553910,Paris-1466,30,61,Normal
2026-02-13 22:55:15.553910,Paris-1466,-30,65,Normal
2026-02-13 22:55:16.553910,Paris-1466,-17,34,Normal
2026-02-13 22:55:17.553910,Paris-1466,29,55,Normal
2026-02-13 22:55:18.553910,Paris-1466,36,67,Normal
2026-02-13 22:55:19.553910,Paris-1466,29,84,Normal
2026-02-13 22:55:20.553910,Paris-1466,6,79,Normal
2026-02-13 22:55:21.553910,Paris-1466,-16,99,Normal
2026-02-13 22:55:22.553910,Paris-1466,-11,93,Normal
2026-02-13 22:55:23.553910,Paris-1466,33,71,Normal
2026-02-13 22:55:24.553910,Paris-1466,-16,48,Normal
2026-02-13 22:55:25.553910,Paris-1466,38,58,Normal
2026-02-13 22:55:26.553910,Paris-1466,-23,45,Normal
2026-02-13 22:55:27.553910,Paris-1466,-4,69,Normal
2026-02-13 22:55:28.553910,Paris-1466,47,4,Normal
2026-02-13 22:55:29.553910,Paris-1466,33,8,Normal
2026-02-13 22:55:30.553910,Paris-1466,43,16,Normal
2026-02-13 22:55:31.553910,Paris-1466,40,35,Normal
2026-02-13 22:55:32.553910,Paris-1466,-19,42,Normal
2026-02-13 22:55:33.553910,Paris-1466,39,91,Normal
2026-02-13 22:55:34.553910,Paris-1466,41,58,Normal
2026-02-13 22:55:35.553910,Paris-1466,-7,50,Normal
2026-02-13 22:55:36.553910,Paris-1466,23,10,Normal
2026-02-13 22:55:37.553910,Paris-1466,7,71,Normal
2026-02-13 22:55:38.553910,Paris-1466,43,60,Normal
2026-02-13 22:55:39.553910,Paris-1466,44,27,Normal
2026-02-13 22:55:40.553910,Paris-1466,-17,39,Normal
2026-02-13 22:55:41.553910,Paris-1466,-26,14,Normal
2026-02-13 22:55:42.553910,Paris-1466,-4,63,Normal
2026-02-13 22:55:43.553910,Paris-1466,11,15,Normal
2026-02-13 22:55:44.553910,Paris-1466,-18,96,Normal
2026-02-13 22:55:45.553910,Paris-1466,2,13,Normal
2026-02-13 22:55:46.553910,Paris-1466,-9,39,Normal
2026-02-13 22:55:47.553910,Paris-1466,42,65,Normal
2026-02-13 22:55:48.553910,Paris-1466,19,45,Normal
2026-02-13 22:55:49.553910,Paris-1466,-7,71,Normal
2026-02-13 22:55:50.553910,Paris-1466,-10,65,Normal
2026-02-13 22:55:51.553910,Paris-1466,2,66,Normal
2026-02-13 22:55:52.553910,Paris-1466,2,51,Normal
2026-02-13 22:55:53.553910,Paris-1466,24,44,Normal
2026-02-13 22:55:54.553910,Paris-1466,1,63,Normal
2026-02-13 22:55:55.553910,Paris-1466,-16,85,Normal
2026-02-13 22:55:56.553910,Paris-1466,10,73,Normal
2026-02-13 22:55:57.553910,Paris-1466,-27,70,Normal
2026-02-13 22:55:58.553910,Paris-1466,-1,62,Normal
2026-02-13 22:55:59.553910,Paris-1466,1,82,Normal
2026-02-13 22:56:00.553910,Paris-1466,18,7,Normal
2026-02-13 22:56:01.553910,Paris-1466,16,58,Normal
2026-02-13 22:56:02.553910,Paris-1466,-26,17,Normal
2026-02-13 22:56:03.553910,Paris-1466,-12,81,Normal
2026-02-13 22:56:04.553910,Paris-1466,36,77,Normal
2026-02-13 22:56:05.553910,Paris-1466,30,91,Normal
2026-02-13 22:56:06.553910,Paris-1466,35,61,Normal
2026-02-13 22:56:07.553910,Paris-1466,-30,49,Normal
2026-02-13 22:56:08.553910,Paris-1466,-28,33,Normal
2026-02-13 22:56:09.553910,Paris-1466,-7,98,Normal
2026-02-13 22:56:10.553910,Paris-1466,38,0,Normal
2026-02-13 22:56:11.553910,Paris-1466,-6,98,Normal
2026-02-13 22:56:12.553910,Paris-1466,25,61,Normal
2026-02-13 22:56:13.553910,Paris-1466,5,69,Normal
2026-02-13 22:56:14.553910,Paris-1466,10,17,Normal
2026-02-13 22:56:15.553910,Paris-1466,36,27,Normal
2026-02-13 22:56:16.553910,Paris-1466,21,54,Normal
2026-02-13 22:56:17.553910,Paris-1466,-19,72,Normal
2026-02-13 22:56:18.553910,Paris-1466,-11,72,Normal
2026-02-13 22:56:19.553910,Paris-1466,17,55,Normal
2026-02-13 22:56:20.553910,Paris-1466,10,69,Normal
2026-02-13 22:56:21.553910,Paris-1466,18,75,Normal
2026-02-13 22:56:22.553910,Paris-1466,4,2,Normal
2026-02-13 22:56:23.553910,Paris-1466,36,90,Normal
2026-02-13 22:56:24.553910,Paris-1466,-16,37,Normal
2026-02-13 22:56:25.553910,Paris-1466,45,74,Normal
2026-02-13 22:56:26.553910,Paris-1466,-3,16,Normal
2026-02-13 22:56:27.553910,Paris-1466,10,56,Normal
2026-02-13 22:56:28.553910,Paris-1466,1,43,Normal
2026-02-13 22:56:29.553910,Paris-1466,11,70,Normal
2026-02-13 22:56:30.553910,Paris-1466,-24,25,Normal
2026-02-13 22:56:31.553910,Paris-1466,2,23,Normal
2026-02-13 22:56:32.553910,Paris-1466,34,19,Normal
2026-02-13 22:56:33.553910,Paris-1466,23,52,Normal
2026-02-13 22:56:34.553910,Paris-1466,45,98,Normal
2026-02-13 22:56:35.553910,Paris-1466,28,72,Normal
2026-02-13 22:56:36.553910,Paris-1466,-26,83,Normal
2026-02-13 22:56:37.553910,Paris-1466,2,82,Normal
2026-02-13 22:56:38.553910,Paris-1466,13,5,Normal
2026-02-13 22:56:39.553910,Paris-1466,26,96,Normal
2026-02-13 22:56:40.553910,Paris-1466,41,25,Normal
2026-02-13 22:56:41.553910,Paris-1466,20,40,Normal
2026-02-13 22:56:42.553910,Paris-1466,-26,53,Normal
2026-02-13 22:56:43.553910,Paris-1466,-8,17,Normal
2026-02-13 22:56:44.553910,Paris-1466,36,47,Normal
2026-02-13 22:56:45.553910,Paris-1466,44,58,Normal
2026-02-13 22:56:46.553910,Paris-1466,2,96,Normal
2026-02-13 22:56:47.553910,Paris-1466,47,25,Normal
2026-02-13 22:56:48.553910,Paris-1466,14,29,Normal
2026-02-13 22:56:49.553910,Paris-1466,-18,43,Normal
2026-02-13 22:56:50.553910,Paris-1466,42,87,Normal
2026-02-13 22:56:51.553910,Paris-1466,-29,2,Normal
2026-02-13 22:56:52.553910,Paris-1466,12,0,Normal
2026-02-13 22:56:53.553910,Paris-1466,4,50,Normal
2026-02-13 22:56:54.553910,Paris-1466,48,90,Normal
2026-02-13 22:56:55.553910,Paris-1466,50,15,Normal
2026-02-13 22:56:56.553910,Paris-1466,12,70,Normal
2026-02-13 22:56:57.553910,Paris-1466,-4,91,Normal
2026-02-13 22:56:58.553910,Paris-1466,-18,57,Normal
2026-02-13 22:56:59.553910,Paris-1466,42,79,Normal
2026-02-13 22:57:00.553910,Paris-1466,27,78,Normal
2026-02-13 22:57:01.553910,Paris-1466,5,90,Normal
2026-02-13 22:57:02.553910,Paris-1466,22,19,Normal
2026-02-13 22:57:03.553910,Paris-1466,50,4,Normal
2026-02-13 22:57:04.553910,Paris-1466,20,99,Normal
2026-02-13 22:57:05.553910,Paris-1466,18,13,Normal
2026-02-13 22:57:06.553910,Paris-1466,39,91,Normal
2026-02-13 22:57:07.553910,Paris-1466,12,11,Normal
2026-02-13 22:57:08.553910,Paris-1466,38,55,Normal
2026-02-13 22:57:09.553910,Paris-1466,0,63,Normal
2026-02-13 22:57:10.553910,Paris-1466,-4,15,Normal
2026-02-13 22:57:11.553910,Paris-1466,24,52,Normal
2026-02-13 22:57:12.553910,Paris-1466,44,62,Normal
2026-02-13 22:57:13.553910,Paris-1466,10,80,Normal
2026-02-13 22:57:14.553910,Paris-1466,23,19,Normal
2026-02-13 22:57:15.553910,Paris-1466,19,14,Normal
2026-02-13 22:57:16.553910,Paris-1466,4,94,Normal
2026-02-13 22:57:17.553910,Paris-1466,44,83,Normal
2026-02-13 22:57:18.553910,Paris-1466,9,46,Normal
2026-02-13 22:57:19.553910,Paris-1466,4,75,Normal
2026-02-13 22:57:20.553910,Paris-1466,10,49,Normal
2026-02-13 22:57:21.553910,Paris-1466,37,94,Normal
2026-02-13 22:57:22.553910,Paris-1466,-15,63,Normal
2026-02-13 22:57:23.553910,Paris-1466,-26,32,Normal
2026-02-13 22:57:24.553910,Paris-1466,34,29,Normal
2026-02-13 22:57:25.553910,Paris-1466,35,11,Normal
2026-02-13 22:57:26.553910,Paris-1466,6,57,Normal
2026-02-13 22:57:27.553910,Paris-1466,15,34,Normal
2026-02-13 22:57:28.553910,Paris-1466,2,8,Normal
2026-02-13 22:57:29.553910,Paris-1466,18,47,Normal
2026-02-13 22:57:30.553910,Paris-1466,32,90,Normal
2026-02-13 22:57:31.553910,Paris-1466,16,81,Normal
2026-02-13 22:57:32.553910,Paris-1466,6,71,Normal
2026-02-13 22:57:33.553910,Paris-1466,35,66,Normal
2026-02-13 22:57:34.553910,Paris-1466,-9,30,Normal
2026-02-13 22:57:35.553910,Paris-1466,22,66,Normal
2026-02-13 22:57:36.553910,Paris-1466,-18,11,Normal
2026-02-13 22:57:37.553910,Paris-1466,-2,60,Normal
2026-02-13 22:57:38.553910,Paris-1466,8,100,Normal
2026-02-13 22:57:39.553910,Paris-1466,3,23,Normal
2026-02-13 22:57:40.553910,Paris-1466,-30,71,Normal
2026-02-13 22:57:41.553910,Paris-1466,1,1,Normal
2026-02-13 22:57:42.553910,Paris-1466,5,48,Normal
2026-02-13 22:57:43.553910,Paris-1466,-15,11,Normal
2026-02-13 22:57:44.553910,Paris-1466,-3,36,Normal
2026-02-13 22:57:45.553910,Paris-1466,11,86,Normal
2026-02-13 22:57:46.553910,Paris-1466,6,88,Normal
2026-02-13 22:57:47.553910,Paris-1466,39,39,Normal
2026-02-13 22:57:48.553910,Paris-1466,-11,88,Normal
2026-02-13 22:57:49.553910,Paris-1466,7,38,Normal
2026-02-13 22:57:50.553910,Paris-1466,12,25,Normal
2026-02-13 22:57:51.553910,Paris-1466,-12,100,Normal
2026-02-13 22:57:52.553910,Paris-1466,13,96,Normal
2026-02-13 22:57:53.553910,Paris-1466,-8,80,Normal
2026-02-13 22:57:54.553910,Paris-1466,44,2,Normal
2026-02-13 22:57:55.553910,Paris-1466,22,78,Normal
2026-02-13 22:57:56.553910,Paris-1466,-30,40,Normal
2026-02-13 22:57:57.553910,Paris-1466,-22,12,Normal
2026-02-13 22:57:58.553910,Paris-1466,7,55,Normal
2026-02-13 22:57:59.553910,Paris-1466,26,39,Normal
2026-02-13 22:58:00.553910,Paris-1466,0,68,Normal
2026-02-13 22:58:01.553910,Paris-1466,24,59,Normal
2026-02-13 22:58:02.553910,Paris-1466,-17,34,Normal
2026-02-13 22:58:03.553910,Paris-1466,-2,75,Normal
2026-02-13 22:58:04.553910,Paris-1466,20,100,Normal
2026-02-13 22:58:05.553910,Paris-1466,-18,13,Normal
2026-02-13 22:58:06.553910,Paris-1466,-7,22,Normal
2026-02-13 22:58:07.553910,Paris-1466,-17,23,Normal
2026-02-13 22:58:08.553910,Paris-1466,36,55,Normal
2026-02-13 22:58:09.553910,Paris-1466,-6,75,Normal
2026-02-13 22:58:10.553910,Paris-1466,48,69,Normal
2026-02-13 22:58:11.553910,Paris-1466,-14,54,Normal
2026-02-13 22:58:12.553910,Paris-1466,23,25,Normal
2026-02-13 22:58:13.553910,Paris-1466,7,92,Normal
2026-02-13 22:58:14.553910,Paris-1466,-29,72,Normal
2026-02-13 22:58:15.553910,Paris-1466,-22,64,Normal
2026-02-13 22:58:16.553910,Paris-1466,-21,66,Normal
2026-02-13 22:58:17.553910,Paris-1466,34,55,Normal
2026-02-13 22:58:18.553910,Paris-1466,11,91,Normal
2026-02-13 22:58:19.553910,Paris-1466,-12,97,Normal
2026-02-13 22:58:20.553910,Paris-1466,12,28,Normal
2026-02-13 22:58:21.553910,Paris-1466,23,24,Normal
2026-02-13 22:58:22.553910,Paris-1466,30,99,Normal
2026-02-13 22:58:23.553910,Paris-1466,-16,53,Normal
2026-02-13 22:58:24.553910,Paris-1466,44,48,Normal
2026-02-13 22:58:25.553910,Paris-1466,-27,36,Normal
2026-02-13 22:58:26.553910,Paris-1466,-7,92,Normal
2026-02-13 22:58:27.553910,Paris-1466,-16,87,Normal
2026-02-13 22:58:28.553910,Paris-1466,-25,4,Normal
2026-02-13 22:58:29.553910,Paris-1466,28,75,Normal
2026-02-13 22:58:30.553910,Paris-1466,-22,19,Normal
2026-02-13 22:58:31.553910,Paris-1466,49,99,Normal
2026-02-13 22:58:32.553910,Paris-1466,3,22,Normal
2026-02-13 22:58:33.553910,Paris-1466,26,98,Normal
2026-02-13 22:58:34.553910,Paris-1466,29,61,Normal
2026-02-13 22:58:35.553910,Paris-1466,25,99,Normal
2026-02-13 22:58:36.553910,Paris-1466,39,67,Normal
2026-02-13 22:58:37.553910,Paris-1466,40,50,Normal
2026-02-13 22:58:38.553910,Paris-1466,35,55,Normal
2026-02-13 22:58:39.553910,Paris-1466,24,88,Normal
2026-02-13 22:58:40.553910,Paris-1466,36,55,Normal
2026-02-13 22:58:41.553910,Paris-1466,13,36,Normal
2026-02-13 22:58:42.553910,Paris-1466,-6,15,Normal
2026-02-13 22:58:43.553910,Paris-1466,-21,76,Normal
2026-02-13 22:58:44.553910,Paris-1466,47,94,Normal
2026-02-13 22:58:45.553910,Paris-1466,-15,4,Normal
2026-02-13 22:58:46.553910,Paris-1466,2,11,Normal
2026-02-13 22:58:47.553910,Paris-1466,34,32,Normal
2026-02-13 22:58:48.553910,Paris-1466,-4,52,Normal
2026-02-13 22:58:49.553910,Paris-1466,26,11,Normal
2026-02-13 22:58:50.553910,Paris-1466,26,53,Normal
2026-02-13 22:58:51.553910,Paris-1466,-11,44,Normal
2026-02-13 22:58:52.553910,Paris-1466,49,60,Normal
2026-02-13 22:58:53.553910,Paris-1466,18,52,Normal
2026-02-13 22:58:54.553910,Paris-1466,-10,68,Normal
2026-02-13 22:58:55.553910,Paris-1466,23,68,Normal
2026-02-13 22:58:56.553910,Paris-1466,48,70,Normal
2026-02-13 22:58:57.553910,Paris-1466,33,13,Normal
2026-02-13 22:58:58.553910,Paris-1466,49,82,Normal
2026-02-13 22:58:59.553910,Paris-1466,28,73,Normal
2026-02-13 22:59:00.553910,Paris-1466,9,4,Normal
2026-02-13 22:59:01.553910,Paris-1466,-1,84,Normal
2026-02-13 22:59:02.553910,Paris-1466,39,55,Normal
2026-02-13 22:59:03.553910,Paris-1466,7,8,Normal
2026-02-13 22:59:04.553910,Paris-1466,31,66,Normal
2026-02-13 22:59:05.553910,Paris-1466,-2,13,Normal
2026-02-13 22:59:06.553910,Paris-1466,-8,80,Normal
2026-02-13 22:59:07.553910,Paris-1466,12,70,Normal
2026-02-13 22:59:08.553910,Paris-1466,9,85,Normal
2026-02-13 22:59:09.553910,Paris-1466,21,74,Normal
2026-02-13 22:59:10.553910,Paris-1466,-30,20,Normal
2026-02-13 22:59:11.553910,Paris-1466,-5,45,Normal
2026-02-13 22:59:12.553910,Paris-1466,-3,6,Normal
2026-02-13 22:59:13.553910,Paris-1466,17,27,Normal
2026-02-13 22:59:14.553910,Paris-1466,-30,4,Normal
2026-02-13 22:59:15.553910,Paris-1466,34,59,Normal
2026-02-13 22:59:16.553910,Paris-1466,2,5,Normal
2026-02-13 22:59:17.553910,Paris-1466,24,46,Normal
2026-02-13 22:59:18.553910,Paris-1466,28,36,Normal
2026-02-13 22:59:19.553910,Paris-1466,9,66,Normal
2026-02-13 22:59:20.553910,Paris-1466,47,15,Normal
2026-02-13 22:59:21.553910,Paris-1466,-27,100,Normal
2026-02-13 22:59:22.553910,Paris-1466,7,40,Normal
2026-02-13 22:59:23.553910,Paris-1466,-17,70,Normal
2026-02-13 22:59:24.553910,Paris-1466,23,70,Normal
2026-02-13 22:59:25.553910,Paris-1466,-3,64,Normal
2026-02-13 22:59:26.553910,Paris-1466,-6,92,Normal
2026-02-13 22:59:27.553910,Paris-1466,17,82,Normal
2026-02-13 22:59:28.553910,Paris-1466,46,11,Normal
2026-02-13 22:59:29.553910,Paris-1466,-17,20,Normal
2026-02-13 22:59:30.553910,Paris-1466,-8,41,Normal
2026-02-13 22:59:31.553910,Paris-1466,45,36,Normal
2026-02-13 22:59:32.553910,Paris-1466,36,2,Normal
2026-02-13 22:59:33.553910,Paris-1466,43,84,Normal
2026-02-13 22:59:34.553910,Paris-1466,-10,13,Normal
2026-02-13 22:59:35.553910,Paris-1466,40,28,Normal
2026-02-13 22:59:36.553910,Paris-1466,15,24,Normal
2026-02-13 22:59:37.553910,Paris-1466,38,36,Normal
2026-02-13 22:59:38.553910,Paris-1466,-29,16,Normal
2026-02-13 22:59:39.553910,Paris-1466,49,65,Normal
2026-02-13 22:59:40.553910,Paris-1466,5,73,Normal
2026-02-13 22:59:41.553910,Paris-1466,45,11,Normal
2026-02-13 22:59:42.553910,Paris-1466,-26,94,Normal
2026-02-13 22:59:43.553910,Paris-1466,-11,11,Normal
2026-02-13 22:59:44.553910,Paris-1466,-12,4,Normal
2026-02-13 22:59:45.553910,Paris-1466,26,82,Normal
2026-02-13 22:59:46.553910,Paris-1466,42,70,Normal
2026-02-13 22:59:47.553910,Paris-1466,19,65,Normal
2026-02-13 22:59:48.553910,Paris-1466,35,47,Normal
2026-02-13 22:59:49.553910,Paris-1466,22,95,Normal
2026-02-13 22:59:50.553910,Paris-1466,36,22,Normal
2026-02-13 22:59:51.553910,Paris-1466,31,94,Normal
2026-02-13 22:59:52.553910,Paris-1466,27,82,Normal
2026-02-13 22:59:53.553910,Paris-1466,21,73,Normal
2026-02-13 22:59:54.553910,Paris-1466,25,41,Normal
2026-02-13 22:59:55.553910,Paris-1466,20,67,Normal
2026-02-13 22:59:56.553910,Paris-1466,24,6,Normal
2026-02-13 22:59:57.553910,Paris-1466,13,47,Normal
2026-02-13 22:59:58.553910,Paris-1466,44,47,Normal
2026-02-13 22:59:59.553910,Paris-1466,42,18,Normal
2026-02-13 23:00:00.553910,Paris-1466,40,68,Normal
2026-02-13 23:00:01.553910,Paris-1466,11,11,Normal
2026-02-13 23:00:02.553910,Paris-1466,37,73,Normal
2026-02-13 23:00:03.553910,Paris-1466,-11,3,Normal
2026-02-13 23:00:04.553910,Paris-1466,-29,44,Normal
2026-02-13 23:00:05.553910,Paris-1466,49,92,Normal
2026-02-13 23:00:06.553910,Paris-1466,0,18,Normal
2026-02-13 23:00:07.553910,Paris-1466,-17,75,Normal
2026-02-13 23:00:08.553910,Paris-1466,11,79,Normal
2026-02-13 23:00:09.553910,Paris-1466,13,78,Normal
2026-02-13 23:00:10.553910,Paris-1466,44,3,Normal
2026-02-13 23:00:11.553910,Paris-1466,46,86,Normal
2026-02-13 23:00:12.553910,Paris-1466,-26,52,Normal
2026-02-13 23:00:13.553910,Paris-1466,-28,27,Normal
2026-02-13 23:00:14.553910,Paris-1466,-14,59,Normal
2026-02-13 23:00:15.553910,Paris-1466,8,60,Normal
2026-02-13 23:00:16.553910,Paris-1466,18,55,Normal
2026-02-13 23:00:17.553910,Paris-1466,1,30,Normal
2026-02-13 23:00:18.553910,Paris-1466,15,45,Normal
2026-02-13 23:00:19.553910,Paris-1466,13,22,Normal
2026-02-13 23:00:20.553910,Paris-1466,24,15,Normal
2026-02-13 23:00:21.553910,Paris-1466,-3,49,Normal
2026-02-13 23:00:22.553910,Paris-1466,40,77,Normal
2026-02-13 23:00:23.553910,Paris-1466,-26,53,Normal
2026-02-13 23:00:24.553910,Paris-1466,-12,34,Normal
2026-02-13 23:00:25.553910,Paris-1466,4,60,Normal
2026-02-13 23:00:26.553910,Paris-1466,4,73,Normal
2026-02-13 23:00:27.553910,Paris-1466,31,29,Normal
2026-02-13 23:00:28.553910,Paris-1466,6,80,Normal
2026-02-13 23:00:29.553910,Paris-1466,-30,62,Normal
2026-02-13 23:00:30.553910,Paris-1466,39,90,Normal
2026-02-13 23:00:31.553910,Paris-1466,47,63,Normal
2026-02-13 23:00:32.553910,Paris-1466,33,47,Normal
2026-02-13 23:00:33.553910,Paris-1466,-16,50,Normal
2026-02-13 23:00:34.553910,Paris-1466,45,100,Normal
2026-02-13 23:00:35.553910,Paris-1466,-2,43,Normal
2026-02-13 23:00:36.553910,Paris-1466,4,46,Normal
2026-02-13 23:00:37.553910,Paris-1466,7,67,Normal
2026-02-13 23:00:38.553910,Paris-1466,-17,79,Normal
2026-02-13 23:00:39.553910,Paris-1466,-7,5,Normal
2026-02-13 23:00:40.553910,Paris-1466,-19,10,Normal
2026-02-13 23:00:41.553910,Paris-1466,0,46,Normal
2026-02-13 23:00:42.553910,Paris-1466,0,59,Normal
2026-02-13 23:00:43.553910,Paris-1466,-21,74,Normal
2026-02-13 23:00:44.553910,Paris-1466,-26,65,Normal
2026-02-13 23:00:45.553910,Paris-1466,-26,47,Normal
2026-02-13 23:00:46.553910,Paris-1466,27,52,Normal
2026-02-13 23:00:47.553910,Paris-1466,-24,90,Normal
2026-02-13 23:00:48.553910,Paris-1466,-14,99,Normal
2026-02-13 23:00:49.553910,Paris-1466,25,19,Normal
2026-02-13 23:00:50.553910,Paris-1466,23,85,Normal
2026-02-13 23:00:51.553910,Paris-1466,-14,9,Normal
2026-02-13 23:00:52.553910,Paris-1466,-27,60,Normal
2026-02-13 23:00:53.553910,Paris-1466,-9,71,Normal
2026-02-13 23:00:54.553910,Paris-1466,-6,45,Normal
2026-02-13 23:00:55.553910,Paris-1466,48,30,Normal
2026-02-13 23:00:56.553910,Paris-1466,13,82,Normal
2026-02-13 23:00:57.553910,Paris-1466,25,19,Normal
2026-02-13 23:00:58.553910,Paris-1466,6,26,Normal
2026-02-13 23:00:59.553910,Paris-1466,30,66,Normal
2026-02-13 23:01:00.553910,Paris-1466,-10,86,Normal
2026-02-13 23:01:01.553910,Paris-1466,1,21,Normal
2026-02-13 23:01:02.553910,Paris-1466,-16,31,Normal
2026-02-13 23:01:03.553910,Paris-1466,17,9,Normal
2026-02-13 23:01:04.553910,Paris-1466,12,60,Normal
2026-02-13 23:01:05.553910,Paris-1466,27,27,Normal
2026-02-13 23:01:06.553910,Paris-1466,18,64,Normal
2026-02-13 23:01:07.553910,Paris-1466,47,26,Normal
2026-02-13 23:01:08.553910,Paris-1466,2,52,Normal
2026-02-13 23:01:09.553910,Paris-1466,-16,19,Normal
2026-02-13 23:01:10.553910,Paris-1466,-5,7,Normal
2026-02-13 23:01:11.553910,Paris-1466,10,43,Normal
2026-02-13 23:01:12.553910,Paris-1466,-6,55,Normal
2026-02-13 23:01:13.553910,Paris-1466,46,84,Normal
2026-02-13 23:01:14.553910,Paris-1466,21,39,Normal
2026-02-13 23:01:15.553910,Paris-1466,35,75,Normal
2026-02-13 23:01:16.553910,Paris-1466,-14,39,Normal
2026-02-13 23:01:17.553910,Paris-1466,23,21,Normal
2026-02-13 23:01:18.553910,Paris-1466,41,72,Normal
2026-02-13 23:01:19.553910,Paris-1466,-9,11,Normal
2026-02-13 23:01:20.553910,Paris-1466,-10,42,Normal
2026-02-13 23:01:21.553910,Paris-1466,35,26,Normal
2026-02-13 23:01:22.553910,Paris-1466,21,59,Normal
2026-02-13 23:01:23.553910,Paris-1466,20,37,Normal
2026-02-13 23:01:24.553910,Paris-1466,-7,16,Normal
2026-02-13 23:01:25.553910,Paris-1466,8,27,Normal
2026-02-13 23:01:26.553910,Paris-1466,19,43,Normal
2026-02-13 23:01:27.553910,Paris-1466,1,10,Normal
2026-02-13 23:01:28.553910,Paris-1466,38,87,Normal
2026-02-13 23:01:29.553910,Paris-1466,32,43,Normal
2026-02-13 23:01:30.553910,Paris-1466,-2,67,Normal
2026-02-13 23:01:31.553910,Paris-1466,3,99,Normal
2026-02-13 23:01:32.553910,Paris-1466,-3,48,Normal
2026-02-13 23:01:33.553910,Paris-1466,-18,11,Normal
2026-02-13 23:01:34.553910,Paris-1466,-16,87,Normal
2026-02-13 23:01:35.553910,Paris-1466,5,43,Normal
2026-02-13 23:01:36.553910,Paris-1466,1,98,Normal
2026-02-13 23:01:37.553910,Paris-1466,19,94,Normal
2026-02-13 23:01:38.553910,Paris-1466,-20,39,Normal
2026-02-13 23:01:39.553910,Paris-1466,40,65,Normal
2026-02-13 23:01:40.553910,Paris-1466,2,5,Normal
2026-02-13 23:01:41.553910,Paris-1466,-20,8,Normal
2026-02-13 23:01:42.553910,Paris-1466,34,48,Normal
2026-02-13 23:01:43.553910,Paris-1466,-3,17,Normal
2026-02-13 23:01:44.553910,Paris-1466,-17,27,Normal
2026-02-13 23:01:45.553910,Paris-1466,-24,86,Normal
2026-02-13 23:01:46.553910,Paris-1466,-13,12,Normal
2026-02-13 23:01:47.553910,Paris-1466,49,21,Normal
2026-02-13 23:01:48.553910,Paris-1466,47,26,Normal
2026-02-13 23:01:49.553910,Paris-1466,-17,86,Normal
2026-02-13 23:01:50.553910,Paris-1466,-22,57,Normal
2026-02-13 23:01:51.553910,Paris-1466,-24,91,Normal
2026-02-13 23:01:52.553910,Paris-1466,37,30,Normal
2026-02-13 23:01:53.553910,Paris-1466,16,11,Normal
2026-02-13 23:01:54.553910,Paris-1466,44,60,Normal
2026-02-13 23:01:55.553910,Paris-1466,28,20,Normal
2026-02-13 23:01:56.553910,Paris-1466,-17,23,Normal
2026-02-13 23:01:57.553910,Paris-1466,11,93,Normal
2026-02-13 23:01:58.553910,Paris-1466,41,30,Normal
2026-02-13 23:01:59.553910,Paris-1466,-8,94,Normal
2026-02-13 23:02:00.553910,Paris-1466,32,85,Normal
2026-02-13 23:02:01.553910,Paris-1466,-2,88,Normal
2026-02-13 23:02:02.553910,Paris-1466,15,75,Normal
2026-02-13 23:02:03.553910,Paris-1466,-3,73,Normal
2026-02-13 23:02:04.553910,Paris-1466,-28,29,Normal
2026-02-13 23:02:05.553910,Paris-1466,49,70,Normal
2026-02-13 23:02:06.553910,Paris-1466,50,21,Normal
2026-02-13 23:02:07.553910,Paris-1466,15,87,Normal
2026-02-13 23:02:08.553910,Paris-1466,22,36,Normal
2026-02-13 23:02:09.553910,Paris-1466,42,6,Normal
2026-02-13 23:02:10.553910,Paris-1466,-30,32,Normal
2026-02-13 23:02:11.553910,Paris-1466,42,14,Normal
2026-02-13 23:02:12.553910,Paris-1466,-8,29,Normal
2026-02-13 23:02:13.553910,Paris-1466,-14,6,Normal
2026-02-13 23:02:14.553910,Paris-1466,-27,97,Normal
2026-02-13 23:02:15.553910,Paris-1466,22,39,Normal
2026-02-13 23:02:16.553910,Paris-1466,-30,90,Normal
2026-02-13 23:02:17.553910,Paris-1466,27,21,Normal
2026-02-13 23:02:18.553910,Paris-1466,44,98,Normal
2026-02-13 23:02:19.553910,Paris-1466,35,7,Normal
2026-02-13 23:02:20.553910,Paris-1466,-18,47,Normal
2026-02-13 23:02:21.553910,Paris-1466,43,100,Normal
2026-02-13 23:02:22.553910,Paris-1466,-16,86,Normal
2026-02-13 23:02:23.553910,Paris-1466,-16,38,Normal
2026-02-13 23:02:24.553910,Paris-1466,26,40,Normal
2026-02-13 23:02:25.553910,Paris-1466,10,87,Normal
2026-02-13 23:02:26.553910,Paris-1466,0,98,Normal
2026-02-13 23:02:27.553910,Paris-1466,30,71,Normal
2026-02-13 23:02:28.553910,Paris-1466,41,83,Normal
2026-02-13 23:02:29.553910,Paris-1466,-6,45,Normal
2026-02-13 23:02:30.553910,Paris-1466,11,100,Normal
2026-02-13 23:02:31.553910,Paris-1466,22,7,Normal
2026-02-13 23:02:32.553910,Paris-1466,30,88,Normal
2026-02-13 23:02:33.553910,Paris-1466,28,9,Normal
2026-02-13 23:02:34.553910,Paris-1466,32,64,Normal
2026-02-13 23:02:35.553910,Paris-1466,43,32,Normal
2026-02-13 23:02:36.553910,Paris-1466,26,17,Normal
2026-02-13 23:02:37.553910,Paris-1466,25,26,Normal
2026-02-13 23:02:38.553910,Paris-1466,-23,65,Normal
2026-02-13 23:02:39.553910,Paris-1466,-7,10,Normal
2026-02-13 23:02:40.553910,Paris-1466,2,23,Normal
2026-02-13 23:02:41.553910,Paris-1466,-17,71,Normal
2026-02-13 23:02:42.553910,Paris-1466,0,64,Normal
2026-02-13 23:02:43.553910,Paris-1466,38,76,Normal
2026-02-13 23:02:44.553910,Paris-1466,29,84,Normal
2026-02-13 23:02:45.553910,Paris-1466,3,88,Normal
2026-02-13 23:02:46.553910,Paris-1466,20,48,Normal
2026-02-13 23:02:47.553910,Paris-1466,-16,95,Normal
2026-02-13 23:02:48.553910,Paris-1466,-20,99,Normal
2026-02-13 23:02:49.553910,Paris-1466,45,85,Normal
2026-02-13 23:02:50.553910,Paris-1466,20,58,Normal
2026-02-13 23:02:51.553910,Paris-1466,-19,18,Normal
2026-02-13 23:02:52.553910,Paris-1466,45,12,Normal
2026-02-13 23:02:53.553910,Paris-1466,-30,10,Normal
2026-02-13 23:02:54.553910,Paris-1466,10,3,Normal
2026-02-13 23:02:55.553910,Paris-1466,9,59,Normal
2026-02-13 23:02:56.553910,Paris-1466,13,54,Normal
2026-02-13 23:02:57.553910,Paris-1466,17,52,Normal
2026-02-13 23:02:58.553910,Paris-1466,-23,0,Normal
2026-02-13 23:02:59.553910,Paris-1466,-12,99,Normal
2026-02-13 23:03:00.553910,Paris-1466,11,43,Normal
2026-02-13 23:03:01.553910,Paris-1466,7,79,Normal
2026-02-13 23:03:02.553910,Paris-1466,3,42,Normal
2026-02-13 23:03:03.553910,Paris-1466,31,74,Normal
2026-02-13 23:03:04.553910,Paris-1466,44,28,Normal
2026-02-13 23:03:05.553910,Paris-1466,8,13,Normal
2026-02-13 23:03:06.553910,Paris-1466,-11,99,Normal
2026-02-13 23:03:07.553910,Paris-1466,21,79,Normal
2026-02-13 23:03:08.553910,Paris-1466,7,80,Normal
2026-02-13 23:03:09.553910,Paris-1466,6,14,Normal
2026-02-13 23:03:10.553910,Paris-1466,44,98,Normal
2026-02-13 23:03:11.553910,Paris-1466,34,100,Normal
2026-02-13 23:03:12.553910,Paris-1466,40,98,Normal
2026-02-13 23:03:13.553910,Paris-1466,47,52,Normal
2026-02-13 23:03:14.553910,Paris-1466,30,83,Normal
2026-02-13 23:03:15.553910,Paris-1466,5,19,Normal
2026-02-13 23:03:16.553910,Paris-1466,42,95,Normal
2026-02-13 23:03:17.553910,Paris-1466,-19,74,Normal
2026-02-13 23:03:18.553910,Paris-1466,42,40,Normal
2026-02-13 23:03:19.553910,Paris-1466,46,21,Normal
2026-02-13 23:03:20.553910,Paris-1466,41,79,Normal
2026-02-13 23:03:21.553910,Paris-1466,-18,4,Normal
2026-02-13 23:03:22.553910,Paris-1466,-12,94,Normal
2026-02-13 23:03:23.553910,Paris-1466,41,70,Normal
2026-02-13 23:03:24.553910,Paris-1466,9,83,Normal
2026-02-13 23:03:25.553910,Paris-1466,-19,87,Normal
2026-02-13 23:03:26.553910,Paris-1466,27,52,Normal
2026-02-13 23:03:27.553910,Paris-1466,-24,71,Normal
2026-02-13 23:03:28.553910,Paris-1466,-30,20,Normal
2026-02-13 23:03:29.553910,Paris-1466,0,31,Normal
2026-02-13 23:03:30.553910,Paris-1466,29,15,Normal
2026-02-13 23:03:31.553910,Paris-1466,-27,62,Normal
2026-02-13 23:03:32.553910,Paris-1466,-3,98,Normal
2026-02-13 23:03:33.553910,Paris-1466,12,22,Normal
2026-02-13 23:03:34.553910,Paris-1466,-25,50,Normal
2026-02-13 23:03:35.553910,Paris-1466,7,12,Normal
2026-02-13 23:03:36.553910,Paris-1466,25,2,Normal
2026-02-13 23:03:37.553910,Paris-1466,50,74,Normal
2026-02-13 23:03:38.553910,Paris-1466,-11,43,Normal
2026-02-13 23:03:39.553910,Paris-1466,0,36,Normal
2026-02-13 23:03:40.553910,Paris-1466,-15,51,Normal
2026-02-13 23:03:41.553910,Paris-1466,34,18,Normal
2026-02-13 23:03:42.553910,Paris-1466,-27,91,Normal
2026-02-13 23:03:43.553910,Paris-1466,-17,54,Normal
2026-02-13 23:03:44.553910,Paris-1466,7,61,Normal
2026-02-13 23:03:45.553910,Paris-1466,20,5,Normal
2026-02-13 23:03:46.553910,Paris-1466,26,96,Normal
2026-02-13 23:03:47.553910,Paris-1466,25,29,Normal
2026-02-13 23:03:48.553910,Paris-1466,18,81,Normal
2026-02-13 23:03:49.553910,Paris-1466,-18,87,Normal
2026-02-13 23:03:50.553910,Paris-1466,18,23,Normal
2026-02-13 23:03:51.553910,Paris-1466,-12,47,Normal
2026-02-13 23:03:52.553910,Paris-1466,-21,30,Normal
2026-02-13 23:03:53.553910,Paris-1466,-18,29,Normal
2026-02-13 23:03:54.553910,Paris-1466,-14,31,Normal
2026-02-13 23:03:55.553910,Paris-1466,48,60,Normal
2026-02-13 23:03:56.553910,Paris-1466,-14,12,Normal
2026-02-13 23:03:57.553910,Paris-1466,46,52,Normal
2026-02-13 23:03:58.553910,Paris-1466,-7,90,Normal
2026-02-13 23:03:59.553910,Paris-1466,-17,8,Normal
2026-02-13 23:04:00.553910,Paris-1466,4,49,Normal
2026-02-13 23:04:01.553910,Paris-1466,44,7,Normal
2026-02-13 23:04:02.553910,Paris-1466,34,78,Normal
2026-02-13 23:04:03.553910,Paris-1466,11,43,Normal
2026-02-13 23:04:04.553910,Paris-1466,40,47,Normal
2026-02-13 23:04:05.553910,Paris-1466,-13,37,Normal
2026-02-13 23:04:06.553910,Paris-1466,-29,49,Normal
2026-02-13 23:04:07.553910,Paris-1466,-20,38,Normal
2026-02-13 23:04:08.553910,Paris-1466,11,10,Normal
2026-02-13 23:04:09.553910,Paris-1466,-8,48,Normal
2026-02-13 23:04:10.553910,Paris-1466,-3,86,Normal
2026-02-13 23:04:11.553910,Paris-1466,24,14,Normal
2026-02-13 23:04:12.553910,Paris-1466,-13,94,Normal
2026-02-13 23:04:13.553910,Paris-1466,14,56,Normal
2026-02-13 23:04:14.553910,Paris-1466,45,77,Normal
2026-02-13 23:04:15.553910,Paris-1466,10,97,Normal
2026-02-13 23:04:16.553910,Paris-1466,-27,69,Normal
2026-02-13 23:04:17.553910,Paris-1466,-14,47,Normal
2026-02-13 23:04:18.553910,Paris-1466,39,81,Normal
2026-02-13 23:04:19.553910,Paris-1466,10,26,Normal
2026-02-13 23:04:20.553910,Paris-1466,30,77,Normal
2026-02-13 23:04:21.553910,Paris-1466,3,42,Normal
2026-02-13 23:04:22.553910,Paris-1466,-8,62,Normal
2026-02-13 23:04:23.553910,Paris-1466,46,6,Normal
2026-02-13 23:04:24.553910,Paris-1466,18,82,Normal
2026-02-13 23:04:25.553910,Paris-1466,-21,33,Normal
2026-02-13 23:04:26.553910,Paris-1466,-12,13,Normal
2026-02-13 23:04:27.553910,Paris-1466,1,36,Normal
2026-02-13 23:04:28.553910,Paris-1466,-21,57,Normal
2026-02-13 23:04:29.553910,Paris-1466,-14,35,Normal
2026-02-13 23:04:30.553910,Paris-1466,34,16,Normal
2026-02-13 23:04:31.553910,Paris-1466,24,86,Normal
2026-02-13 23:04:32.553910,Paris-1466,19,32,Normal
2026-02-13 23:04:33.553910,Paris-1466,-26,9,Normal
2026-02-13 23:04:34.553910,Paris-1466,32,85,Normal
2026-02-13 23:04:35.553910,Paris-1466,12,83,Normal
2026-02-13 23:04:36.553910,Paris-1466,41,14,Normal
2026-02-13 23:04:37.553910,Paris-1466,7,23,Normal
2026-02-13 23:04:38.553910,Paris-1466,39,15,Normal
2026-02-13 23:04:39.553910,Paris-1466,-17,46,Normal
2026-02-13 23:04:40.553910,Paris-1466,46,27,Normal
2026-02-13 23:04:41.553910,Paris-1466,36,45,Normal
2026-02-13 23:04:42.553910,Paris-1466,7,7,Normal
2026-02-13 23:04:43.553910,Paris-1466,42,49,Normal
2026-02-13 23:04:44.553910,Paris-1466,-17,81,Normal
2026-02-13 23:04:45.553910,Paris-1466,44,45,Normal
2026-02-13 23:04:46.553910,Paris-1466,16,28,Normal
2026-02-13 23:04:47.553910,Paris-1466,-23,23,Normal
2026-02-13 23:04:48.553910,Paris-1466,-26,18,Normal
2026-02-13 23:04:49.553910,Paris-1466,-4,29,Normal
2026-02-13 23:04:50.553910,Paris-1466,43,83,Normal
2026-02-13 23:04:51.553910,Paris-1466,25,56,Normal
2026-02-13 23:04:52.553910,Paris-1466,43,55,Normal
2026-02-13 23:04:53.553910,Paris-1466,30,4,Normal
2026-02-13 23:04:54.553910,Paris-1466,29,39,Normal
2026-02-13 23:04:55.553910,Paris-1466,48,29,Normal
2026-02-13 23:04:56.553910,Paris-1466,20,97,Normal
2026-02-13 23:04:57.553910,Paris-1466,6,76,Normal
2026-02-13 23:04:58.553910,Paris-1466,-19,96,Normal
2026-02-13 23:04:59.553910,Paris-1466,13,45,Normal
2026-02-13 23:05:00.553910,Paris-1466,4,52,Normal
2026-02-13 23:05:01.553910,Paris-1466,-23,27,Normal
2026-02-13 23:05:02.553910,Paris-1466,-18,89,Normal
2026-02-13 23:05:03.553910,Paris-1466,28,50,Normal
2026-02-13 23:05:04.553910,Paris-1466,40,64,Normal
2026-02-13 23:05:05.553910,Paris-1466,22,51,Normal
2026-02-13 23:05:06.553910,Paris-1466,-1,8,Normal
2026-02-13 23:05:07.553910,Paris-1466,1,51,Normal
2026-02-13 23:05:08.553910,Paris-1466,5,7,Normal
2026-02-13 23:05:09.553910,Paris-1466,9,67,Normal
2026-02-13 23:05:10.553910,Paris-1466,-13,63,Normal
2026-02-13 23:05:11.553910,Paris-1466,43,78,Normal
2026-02-13 23:05:12.553910,Paris-1466,50,19,Normal
2026-02-13 23:05:13.553910,Paris-1466,2,71,Normal
2026-02-13 23:05:14.553910,Paris-1466,-11,89,Normal
2026-02-13 23:05:15.553910,Paris-1466,27,74,Normal
2026-02-13 23:05:16.553910,Paris-1466,6,48,Normal
2026-02-13 23:05:17.553910,Paris-1466,-29,55,Normal
2026-02-13 23:05:18.553910,Paris-1466,-6,31,Normal
2026-02-13 23:05:19.553910,Paris-1466,-18,50,Normal
2026-02-13 23:05:20.553910,Paris-1466,-13,100,Normal
2026-02-13 23:05:21.553910,Paris-1466,16,41,Normal
2026-02-13 23:05:22.553910,Paris-1466,-24,92,Normal
2026-02-13 23:05:23.553910,Paris-1466,-4,45,Normal
2026-02-13 23:05:24.553910,Paris-1466,-5,85,Normal
2026-02-13 23:05:25.553910,Paris-1466,-22,59,Normal
2026-02-13 23:05:26.553910,Paris-1466,3,68,Normal
2026-02-13 23:05:27.553910,Paris-1466,-10,45,Normal
2026-02-13 23:05:28.553910,Paris-1466,-10,54,Normal
2026-02-13 23:05:29.553910,Paris-1466,-13,7,Normal
2026-02-13 23:05:30.553910,Paris-1466,12,89,Normal
2026-02-13 23:05:31.553910,Paris-1466,5,73,Normal
2026-02-13 23:05:32.553910,Paris-1466,26,34,Normal
2026-02-13 23:05:33.553910,Paris-1466,6,36,Normal
2026-02-13 23:05:34.553910,Paris-1466,35,36,Normal
2026-02-13 23:05:35.553910,Paris-1466,46,70,Normal
2026-02-13 23:05:36.553910,Paris-1466,-10,27,Normal
2026-02-13 23:05:37.553910,Paris-1466,50,82,Normal
2026-02-13 23:05:38.553910,Paris-1466,-23,64,Normal
2026-02-13 23:05:39.553910,Paris-1466,-4,1,Normal
2026-02-13 23:05:40.553910,Paris-1466,39,73,Normal
2026-02-13 23:05:41.553910,Paris-1466,-28,59,Normal
2026-02-13 23:05:42.553910,Paris-1466,36,49,Normal
2026-02-13 23:05:43.553910,Paris-1466,-15,62,Normal
2026-02-13 23:05:44.553910,Paris-1466,44,85,Normal
2026-02-13 23:05:45.553910,Paris-1466,6,42,Normal
2026-02-13 23:05:46.553910,Paris-1466,25,95,Normal
2026-02-13 23:05:47.553910,Paris-1466,44,6,Normal
2026-02-13 23:05:48.553910,Paris-1466,0,94,Normal
2026-02-13 23:05:49.553910,Paris-1466,-10,64,Normal
2026-02-13 23:05:50.553910,Paris-1466,21,39,Normal
2026-02-13 23:05:51.553910,Paris-1466,5,74,Normal
2026-02-13 23:05:52.553910,Paris-1466,29,42,Normal
2026-02-13 23:05:53.553910,Paris-1466,18,98,Normal
2026-02-13 23:05:54.553910,Paris-1466,9,13,Normal
2026-02-13 23:05:55.553910,Paris-1466,23,19,Normal
2026-02-13 23:05:56.553910,Paris-1466,2,8,Normal
2026-02-13 23:05:57.553910,Paris-1466,-26,71,Normal
2026-02-13 23:05:58.553910,Paris-1466,16,26,Normal
2026-02-13 23:05:59.553910,Paris-1466,7,7,Normal
2026-02-13 23:06:00.553910,Paris-1466,-4,11,Normal
2026-02-13 23:06:01.553910,Paris-1466,47,69,Normal
2026-02-13 23:06:02.553910,Paris-1466,29,81,Normal
2026-02-13 23:06:03.553910,Paris-1466,35,29,Normal
2026-02-13 23:06:04.553910,Paris-1466,18,64,Normal
2026-02-13 23:06:05.553910,Paris-1466,9,29,Normal
2026-02-13 23:06:06.553910,Paris-1466,48,73,Normal
2026-02-13 23:06:07.553910,Paris-1466,16,65,Normal
2026-02-13 23:06:08.553910,Paris-1466,-8,67,Normal
2026-02-13 23:06:09.553910,Paris-1466,34,52,Normal
2026-02-13 23:06:10.553910,Paris-1466,4,42,Normal
2026-02-13 23:06:11.553910,Paris-1466,24,17,Normal
2026-02-13 23:06:12.553910,Paris-1466,-26,43,Normal
2026-02-13 23:06:13.553910,Paris-1466,36,71,Normal
2026-02-13 23:06:14.553910,Paris-1466,4,33,Normal
2026-02-13 23:06:15.553910,Paris-1466,-29,17,Normal
2026-02-13 23:06:16.553910,Paris-1466,43,33,Normal
2026-02-13 23:06:17.553910,Paris-1466,27,57,Normal
2026-02-13 23:06:18.553910,Paris-1466,3,80,Normal
2026-02-13 23:06:19.553910,Paris-1466,-30,40,Normal
2026-02-13 23:06:20.553910,Paris-1466,-9,63,Normal
2026-02-13 23:06:21.553910,Paris-1466,2,99,Normal
2026-02-13 23:06:22.553910,Paris-1466,50,52,Normal
2026-02-13 23:06:23.553910,Paris-1466,-15,86,Normal
2026-02-13 23:06:24.553910,Paris-1466,38,42,Normal
2026-02-13 23:06:25.553910,Paris-1466,-5,58,Normal
2026-02-13 23:06:26.553910,Paris-1466,14,70,Normal
2026-02-13 23:06:27.553910,Paris-1466,46,65,Normal
2026-02-13 23:06:28.553910,Paris-1466,31,8,Normal
2026-02-13 23:06:29.553910,Paris-1466,22,34,Normal
2026-02-13 23:06:30.553910,Paris-1466,-27,24,Normal
2026-02-13 23:06:31.553910,Paris-1466,-9,12,Normal
2026-02-13 23:06:32.553910,Paris-1466,46,23,Normal
2026-02-13 23:06:33.553910,Paris-1466,-20,25,Normal
2026-02-13 23:06:34.553910,Paris-1466,27,78,Normal
2026-02-13 23:06:35.553910,Paris-1466,31,92,Normal
2026-02-13 23:06:36.553910,Paris-1466,-22,65,Normal
2026-02-13 23:06:37.553910,Paris-1466,38,77,Normal
2026-02-13 23:06:38.553910,Paris-1466,14,25,Normal
2026-02-13 23:06:39.553910,Paris-1466,-10,91,Normal
2026-02-13 23:06:40.553910,Paris-1466,39,58,Normal
2026-02-13 23:06:41.553910,Paris-1466,23,28,Normal
2026-02-13 23:06:42.553910,Paris-1466,-29,85,Normal
2026-02-13 23:06:43.553910,Paris-1466,-11,92,Normal
2026-02-13 23:06:44.553910,Paris-1466,-16,76,Normal
2026-02-13 23:06:45.553910,Paris-1466,27,21,Normal
2026-02-13 23:06:46.553910,Paris-1466,-30,13,Normal
2026-02-13 23:06:47.553910,Paris-1466,2,93,Normal
2026-02-13 23:06:48.553910,Paris-1466,-14,77,Normal
2026-02-13 23:06:49.553910,Paris-1466,-4,93,Normal
2026-02-13 23:06:50.553910,Paris-1466,-14,24,Normal
2026-02-13 23:06:51.553910,Paris-1466,-27,19,Normal
2026-02-13 23:06:52.553910,Paris-1466,43,57,Normal
2026-02-13 23:06:53.553910,Paris-1466,19,14,Normal
2026-02-13 23:06:54.553910,Paris-1466,-1,0,Normal
2026-02-13 23:06:55.553910,Paris-1466,24,78,Normal
2026-02-13 23:06:56.553910,Paris-1466,-8,86,Normal
2026-02-13 23:06:57.553910,Paris-1466,23,79,Normal
2026-02-13 23:06:58.553910,Paris-1466,46,24,Normal
2026-02-13 23:06:59.553910,Paris-1466,-30,85,Normal
2026-02-13 23:07:00.553910,Paris-1466,-22,67,Normal
2026-02-13 23:07:01.553910,Paris-1466,44,9,Normal
2026-02-13 23:07:02.553910,Paris-1466,28,98,Normal
2026-02-13 23:07:03.553910,Paris-1466,-18,50,Normal
2026-02-13 23:07:04.553910,Paris-1466,20,46,Normal
2026-02-13 23:07:05.553910,Paris-1466,33,76,Normal
2026-02-13 23:07:06.553910,Paris-1466,-23,95,Normal
2026-02-13 23:07:07.553910,Paris-1466,-1,25,Normal
2026-02-13 23:07:08.553910,Paris-1466,39,68,Normal
2026-02-13 23:07:09.553910,Paris-1466,-2,96,Normal
2026-02-13 23:07:10.553910,Paris-1466,12,47,Normal
2026-02-13 23:07:11.553910,Paris-1466,-20,52,Normal
2026-02-13 23:07:12.553910,Paris-1466,26,20,Normal
2026-02-13 23:07:13.553910,Paris-1466,11,15,Normal
2026-02-13 23:07:14.553910,Paris-1466,18,73,Normal
2026-02-13 23:07:15.553910,Paris-1466,-27,85,Normal
2026-02-13 23:07:16.553910,Paris-1466,10,35,Normal
2026-02-13 23:07:17.553910,Paris-1466,-25,47,Normal
2026-02-13 23:07:18.553910,Paris-1466,32,27,Normal
2026-02-13 23:07:19.553910,Paris-1466,-19,71,Normal
2026-02-13 23:07:20.553910,Paris-1466,26,71,Normal
2026-02-13 23:07:21.553910,Paris-1466,-7,65,Normal
2026-02-13 23:07:22.553910,Paris-1466,7,79,Normal
2026-02-13 23:07:23.553910,Paris-1466,22,38,Normal
2026-02-13 23:07:24.553910,Paris-1466,8,78,Normal
2026-02-13 23:07:25.553910,Paris-1466,46,8,Normal
2026-02-13 23:07:26.553910,Paris-1466,-10,0,Normal
2026-02-13 23:07:27.553910,Paris-1466,20,52,Normal
2026-02-13 23:07:28.553910,Paris-1466,-1,24,Normal
2026-02-13 23:07:29.553910,Paris-1466,-3,39,Normal
2026-02-13 23:07:30.553910,Paris-1466,46,75,Normal
2026-02-13 23:07:31.553910,Paris-1466,-29,7,Normal
2026-02-13 23:07:32.553910,Paris-1466,-28,68,Normal
2026-02-13 23:07:33.553910,Paris-1466,30,68,Normal
2026-02-13 23:07:34.553910,Paris-1466,21,89,Normal
2026-02-13 23:07:35.553910,Paris-1466,23,39,Normal
2026-02-13 23:07:36.553910,Paris-1466,-19,45,Normal
2026-02-13 23:07:37.553910,Paris-1466,3,35,Normal
2026-02-13 23:07:38.553910,Paris-1466,-20,70,Normal
2026-02-13 23:07:39.553910,Paris-1466,36,23,Normal
2026-02-13 23:07:40.553910,Paris-1466,4,46,Normal
2026-02-13 23:07:41.553910,Paris-1466,0,13,Normal
2026-02-13 23:07:42.553910,Paris-1466,46,79,Normal
2026-02-13 23:07:43.553910,Paris-1466,-7,49,Normal
2026-02-13 23:07:44.553910,Paris-1466,-20,17,Normal
2026-02-13 23:07:45.553910,Paris-1466,-18,3,Normal
2026-02-13 23:07:46.553910,Paris-1466,-2,28,Normal
2026-02-13 23:07:47.553910,Paris-1466,28,24,Normal
2026-02-13 23:07:48.553910,Paris-1466,-13,86,Normal
2026-02-13 23:07:49.553910,Paris-1466,12,91,Normal
2026-02-13 23:07:50.553910,Paris-1466,37,65,Normal
2026-02-13 23:07:51.553910,Paris-1466,33,70,Normal
2026-02-13 23:07:52.553910,Paris-1466,-29,56,Normal
2026-02-13 23:07:53.553910,Paris-1466,-23,87,Normal
2026-02-13 23:07:54.553910,Paris-1466,10,5,Normal
2026-02-13 23:07:55.553910,Paris-1466,-27,27,Normal
2026-02-13 23:07:56.553910,Paris-1466,32,40,Normal
2026-02-13 23:07:57.553910,Paris-1466,-12,20,Normal
2026-02-13 23:07:58.553910,Paris-1466,18,22,Normal
2026-02-13 23:07:59.553910,Paris-1466,9,92,Normal
2026-02-13 23:08:00.553910,Paris-1466,-20,82,Normal
2026-02-13 23:08:01.553910,Paris-1466,10,60,Normal
2026-02-13 23:08:02.553910,Paris-1466,8,37,Normal
2026-02-13 23:08:03.553910,Paris-1466,-26,12,Normal
2026-02-13 23:08:04.553910,Paris-1466,42,30,Normal
2026-02-13 23:08:05.553910,Paris-1466,-29,27,Normal
2026-02-13 23:08:06.553910,Paris-1466,5,49,Normal
2026-02-13 23:08:07.553910,Paris-1466,-21,41,Normal
2026-02-13 23:08:08.553910,Paris-1466,-26,36,Normal
2026-02-13 23:08:09.553910,Paris-1466,14,12,Normal
2026-02-13 23:08:10.553910,Paris-1466,46,92,Normal
2026-02-13 23:08:11.553910,Paris-1466,29,14,Normal
2026-02-13 23:08:12.553910,Paris-1466,38,29,Normal
2026-02-13 23:08:13.553910,Paris-1466,40,5,Normal
2026-02-13 23:08:14.553910,Paris-1466,-18,55,Normal
2026-02-13 23:08:15.553910,Paris-1466,27,81,Normal
2026-02-13 23:08:16.553910,Paris-1466,-24,75,Normal
2026-02-13 23:08:17.553910,Paris-1466,-29,39,Normal
2026-02-13 23:08:18.553910,Paris-1466,4,96,Normal
2026-02-13 23:08:19.553910,Paris-1466,-2,24,Normal
2026-02-13 23:08:20.553910,Paris-1466,18,98,Normal
2026-02-13 23:08:21.553910,Paris-1466,35,76,Normal
2026-02-13 23:08:22.553910,Paris-1466,11,77,Normal
2026-02-13 23:08:23.553910,Paris-1466,38,15,Normal
2026-02-13 23:08:24.553910,Paris-1466,38,60,Normal
2026-02-13 23:08:25.553910,Paris-1466,45,24,Normal
2026-02-13 23:08:26.553910,Paris-1466,9,32,Normal
2026-02-13 23:08:27.553910,Paris-1466,17,5,Normal
2026-02-13 23:08:28.553910,Paris-1466,42,2,Normal
2026-02-13 23:08:29.553910,Paris-1466,11,41,Normal
2026-02-13 23:08:30.553910,Paris-1466,29,73,Normal
2026-02-13 23:08:31.553910,Paris-1466,-30,67,Normal
2026-02-13 23:08:32.553910,Paris-1466,-7,22,Normal
2026-02-13 23:08:33.553910,Paris-1466,-24,5,Normal
2026-02-13 23:08:34.553910,Paris-1466,-4,5,Normal
2026-02-13 23:08:35.553910,Paris-1466,-8,15,Normal
2026-02-13 23:08:36.553910,Paris-1466,-11,52,Normal
2026-02-13 23:08:37.553910,Paris-1466,-13,13,Normal
2026-02-13 23:08:38.553910,Paris-1466,38,48,Normal
2026-02-13 23:08:39.553910,Paris-1466,-7,39,Normal
2026-02-13 23:08:40.553910,Paris-1466,-4,85,Normal
2026-02-13 23:08:41.553910,Paris-1466,-1,10,Normal
2026-02-13 23:08:42.553910,Paris-1466,30,58,Normal
2026-02-13 23:08:43.553910,Paris-1466,21,72,Normal
2026-02-13 23:08:44.553910,Paris-1466,16,58,Normal
2026-02-13 23:08:45.553910,Paris-1466,-19,46,Normal
2026-02-13 23:08:46.553910,Paris-1466,35,68,Normal
2026-02-13 23:08:47.553910,Paris-1466,-6,14,Normal
2026-02-13 23:08:48.553910,Paris-1466,-5,16,Normal
2026-02-13 23:08:49.553910,Paris-1466,32,32,Normal
2026-02-13 23:08:50.553910,Paris-1466,23,25,Normal
2026-02-13 23:08:51.553910,Paris-1466,0,80,Normal
2026-02-13 23:08:52.553910,Paris-1466,36,82,Normal
2026-02-13 23:08:53.553910,Paris-1466,-15,55,Normal
2026-02-13 23:08:54.553910,Paris-1466,7,89,Normal
2026-02-13 23:08:55.553910,Paris-1466,-28,43,Normal
2026-02-13 23:08:56.553910,Paris-1466,45,95,Normal
2026-02-13 23:08:57.553910,Paris-1466,50,1,Normal
2026-02-13 23:08:58.553910,Paris-1466,45,53,Normal
2026-02-13 23:08:59.553910,Paris-1466,9,89,Normal
2026-02-13 23:09:00.553910,Paris-1466,5,17,Normal
2026-02-13 23:09:01.553910,Paris-1466,42,54,Normal
2026-02-13 23:09:02.553910,Paris-1466,-2,77,Normal
2026-02-13 23:09:03.553910,Paris-1466,29,56,Normal
2026-02-13 23:09:04.553910,Paris-1466,34,43,Normal
2026-02-13 23:09:05.553910,Paris-1466,-30,21,Normal
2026-02-13 23:09:06.553910,Paris-1466,-11,63,Normal
2026-02-13 23:09:07.553910,Paris-1466,-5,90,Normal
2026-02-13 23:09:08.553910,Paris-1466,40,25,Normal
2026-02-13 23:09:09.553910,Paris-1466,9,4,Normal
2026-02-13 23:09:10.553910,Paris-1466,9,63,Normal
2026-02-13 23:09:11.553910,Paris-1466,50,89,Normal
2026-02-13 23:09:12.553910,Paris-1466,16,89,Normal
2026-02-13 23:09:13.553910,Paris-1466,-2,2,Normal
2026-02-13 23:09:14.553910,Paris-1466,24,92,Normal
2026-02-13 23:09:15.553910,Paris-1466,-13,47,Normal
2026-02-13 23:09:16.553910,Paris-1466,18,83,Normal
2026-02-13 23:09:17.553910,Paris-1466,7,44,Normal
2026-02-13 23:09:18.553910,Paris-1466,46,26,Normal
2026-02-13 23:09:19.553910,Paris-1466,9,52,Normal
2026-02-13 23:09:20.553910,Paris-1466,17,37,Normal
2026-02-13 23:09:21.553910,Paris-1466,39,15,Normal
2026-02-13 23:09:22.553910,Paris-1466,8,77,Normal
2026-02-13 23:09:23.553910,Paris-1466,0,97,Normal
2026-02-13 23:09:24.553910,Paris-1466,-17,17,Normal
2026-02-13 23:09:25.553910,Paris-1466,-9,69,Normal
2026-02-13 23:09:26.553910,Paris-1466,46,60,Normal
2026-02-13 23:09:27.553910,Paris-1466,-10,62,Normal
2026-02-13 23:09:28.553910,Paris-1466,18,43,Normal
2026-02-13 23:09:29.553910,Paris-1466,6,63,Normal
2026-02-13 23:09:30.553910,Paris-1466,39,12,Normal
2026-02-13 23:09:31.553910,Paris-1466,30,82,Normal
2026-02-13 23:09:32.553910,Paris-1466,38,40,Normal
2026-02-13 23:09:33.553910,Paris-1466,1,96,Normal
2026-02-13 23:09:34.553910,Paris-1466,17,97,Normal
2026-02-13 23:09:35.553910,Paris-1466,-23,2,Normal
2026-02-13 23:09:36.553910,Paris-1466,-6,80,Normal
2026-02-13 23:09:37.553910,Paris-1466,-3,23,Normal
2026-02-13 23:09:38.553910,Paris-1466,48,49,Normal
2026-02-13 23:09:39.553910,Paris-1466,-3,4,Normal
2026-02-13 23:09:40.553910,Paris-1466,46,44,Normal
2026-02-13 23:09:41.553910,Paris-1466,29,59,Normal
2026-02-13 23:09:42.553910,Paris-1466,27,36,Normal
2026-02-13 23:09:43.553910,Paris-1466,14,93,Normal
2026-02-13 23:09:44.553910,Paris-1466,16,90,Normal
2026-02-13 23:09:45.553910,Paris-1466,-15,9,Normal
2026-02-13 23:09:46.553910,Paris-1466,50,49,Normal
2026-02-13 23:09:47.553910,Paris-1466,30,38,Normal
2026-02-13 23:09:48.553910,Paris-1466,22,88,Normal
2026-02-13 23:09:49.553910,Paris-1466,48,39,Normal
2026-02-13 23:09:50.553910,Paris-1466,44,87,Normal
2026-02-13 23:09:51.553910,Paris-1466,50,16,Normal
2026-02-13 23:09:52.553910,Paris-1466,31,100,Normal
2026-02-13 23:09:53.553910,Paris-1466,-24,40,Normal
2026-02-13 23:09:54.553910,Paris-1466,-10,23,Normal
2026-02-13 23:09:55.553910,Paris-1466,2,8,Normal
2026-02-13 23:09:56.553910,Paris-1466,-9,68,Normal
2026-02-13 23:09:57.553910,Paris-1466,30,33,Normal
2026-02-13 23:09:58.553910,Paris-1466,-21,28,Normal
2026-02-13 23:09:59.553910,Paris-1466,42,59,Normal
2026-02-13 23:10:00.553910,Paris-1466,-15,50,Normal
2026-02-13 23:10:01.553910,Paris-1466,-12,3,Normal
2026-02-13 23:10:02.553910,Paris-1466,19,31,Normal
2026-02-13 23:10:03.553910,Paris-1466,-27,68,Normal
2026-02-13 23:10:04.553910,Paris-1466,42,48,Normal
2026-02-13 23:10:05.553910,Paris-1466,-15,15,Normal
2026-02-13 23:10:06.553910,Paris-1466,31,44,Normal
2026-02-13 23:10:07.553910,Paris-1466,-10,47,Normal
2026-02-13 23:10:08.553910,Paris-1466,12,77,Normal
2026-02-13 23:10:09.553910,Paris-1466,9,10,Normal
2026-02-13 23:10:10.553910,Paris-1466,-29,46,Normal
2026-02-13 23:10:11.553910,Paris-1466,48,68,Normal
2026-02-13 23:10:12.553910,Paris-1466,14,83,Normal
2026-02-13 23:10:13.553910,Paris-1466,43,15,Normal
2026-02-13 23:10:14.553910,Paris-1466,8,35,Normal
2026-02-13 23:10:15.553910,Paris-1466,12,13,Normal
2026-02-13 23:10:16.553910,Paris-1466,42,96,Normal
2026-02-13 23:10:17.553910,Paris-1466,30,7,Normal
2026-02-13 23:10:18.553910,Paris-1466,-1,13,Normal
2026-02-13 23:10:19.553910,Paris-1466,4,35,Normal
2026-02-13 23:10:20.553910,Paris-1466,8,44,Normal
2026-02-13 23:10:21.553910,Paris-1466,-27,35,Normal
2026-02-13 23:10:22.553910,Paris-1466,20,17,Normal
2026-02-13 23:10:23.553910,Paris-1466,-5,73,Normal
2026-02-13 23:10:24.553910,Paris-1466,11,53,Normal
2026-02-13 23:10:25.553910,Paris-1466,37,75,Normal
2026-02-13 23:10:26.553910,Paris-1466,15,81,Normal
2026-02-13 23:10:27.553910,Paris-1466,-9,61,Normal
2026-02-13 23:10:28.553910,Paris-1466,-18,13,Normal
2026-02-13 23:10:29.553910,Paris-1466,32,98,Normal
2026-02-13 23:10:30.553910,Paris-1466,42,51,Normal
2026-02-13 23:10:31.553910,Paris-1466,-24,13,Normal
2026-02-13 23:10:32.553910,Paris-1466,8,84,Normal
2026-02-13 23:10:33.553910,Paris-1466,49,6,Normal
2026-02-13 23:10:34.553910,Paris-1466,0,88,Normal
2026-02-13 23:10:35.553910,Paris-1466,36,74,Normal
2026-02-13 23:10:36.553910,Paris-1466,-27,99,Normal
2026-02-13 23:10:37.553910,Paris-1466,14,89,Normal
2026-02-13 23:10:38.553910,Paris-1466,50,7,Normal
2026-02-13 23:10:39.553910,Paris-1466,28,16,Normal
2026-02-13 23:10:40.553910,Paris-1466,-17,42,Normal
2026-02-13 23:10:41.553910,Paris-1466,40,66,Normal
2026-02-13 23:10:42.553910,Paris-1466,-4,10,Normal
2026-02-13 23:10:43.553910,Paris-1466,37,24,Normal
2026-02-13 23:10:44.553910,Paris-1466,31,40,Normal
2026-02-13 23:10:45.553910,Paris-1466,0,50,Normal
2026-02-13 23:10:46.553910,Paris-1466,23,43,Normal
2026-02-13 23:10:47.553910,Paris-1466,-5,60,Normal
2026-02-13 23:10:48.553910,Paris-1466,-4,62,Normal
2026-02-13 23:10:49.553910,Paris-1466,7,94,Normal
2026-02-13 23:10:50.553910,Paris-1466,-8,6,Normal
2026-02-13 23:10:51.553910,Paris-1466,12,31,Normal
2026-02-13 23:10:52.553910,Paris-1466,-11,30,Normal
2026-02-13 23:10:53.553910,Paris-1466,20,46,Normal
2026-02-13 23:10:54.553910,Paris-1466,35,10,Normal
2026-02-13 23:10:55.553910,Paris-1466,47,81,Normal
2026-02-13 23:10:56.553910,Paris-1466,8,30,Normal
2026-02-13 23:10:57.553910,Paris-1466,11,6,Normal
2026-02-13 23:10:58.553910,Paris-1466,32,2,Normal
2026-02-13 23:10:59.553910,Paris-1466,36,54,Normal
2026-02-13 23:11:00.553910,Paris-1466,12,44,Normal
2026-02-13 23:11:01.553910,Paris-1466,-15,4,Normal
2026-02-13 23:11:02.553910,Paris-1466,-18,35,Normal
2026-02-13 23:11:03.553910,Paris-1466,45,97,Normal
2026-02-13 23:11:04.553910,Paris-1466,40,5,Normal
2026-02-13 23:11:05.553910,Paris-1466,-12,64,Normal
2026-02-13 23:11:06.553910,Paris-1466,-13,27,Normal
2026-02-13 23:11:07.553910,Paris-1466,-23,29,Normal
2026-02-13 23:11:08.553910,Paris-1466,11,94,Normal
2026-02-13 23:11:09.553910,Paris-1466,34,35,Normal
2026-02-13 23:11:10.553910,Paris-1466,47,98,Normal
2026-02-13 23:11:11.553910,Paris-1466,-30,77,Normal
2026-02-13 23:11:12.553910,Paris-1466,-12,52,Normal
2026-02-13 23:11:13.553910,Paris-1466,2,66,Normal
2026-02-13 23:11:14.553910,Paris-1466,3,77,Normal
2026-02-13 23:11:15.553910,Paris-1466,18,70,Normal
2026-02-13 23:11:16.553910,Paris-1466,40,4,Normal
2026-02-13 23:11:17.553910,Paris-1466,-2,32,Normal
2026-02-13 23:11:18.553910,Paris-1466,-15,30,Normal
2026-02-13 23:11:19.553910,Paris-1466,-14,29,Normal
2026-02-13 23:11:20.553910,Paris-1466,29,97,Normal
2026-02-13 23:11:21.553910,Paris-1466,14,17,Normal
2026-02-13 23:11:22.553910,Paris-1466,13,44,Normal
2026-02-13 23:11:23.553910,Paris-1466,11,76,Normal
2026-02-13 23:11:24.553910,Paris-1466,36,75,Normal
2026-02-13 23:11:25.553910,Paris-1466,-2,96,Normal
2026-02-13 23:11:26.553910,Paris-1466,19,45,Normal
2026-02-13 23:11:27.553910,Paris-1466,47,31,Normal
2026-02-13 23:11:28.553910,Paris-1466,42,43,Normal
2026-02-13 23:11:29.553910,Paris-1466,34,18,Normal
2026-02-13 23:11:30.553910,Paris-1466,38,8,Normal
2026-02-13 23:11:31.553910,Paris-1466,11,24,Normal
2026-02-13 23:11:32.553910,Paris-1466,10,51,Normal
2026-02-13 23:11:33.553910,Paris-1466,7,1,Normal
2026-02-13 23:11:34.553910,Paris-1466,-17,26,Normal
2026-02-13 23:11:35.553910,Paris-1466,-8,64,Normal
2026-02-13 23:11:36.553910,Paris-1466,28,47,Normal
2026-02-13 23:11:37.553910,Paris-1466,14,55,Normal
2026-02-13 23:11:38.553910,Paris-1466,41,69,Normal
2026-02-13 23:11:39.553910,Paris-1466,39,93,Normal
2026-02-13 23:11:40.553910,Paris-1466,10,99,Normal
2026-02-13 23:11:41.553910,Paris-1466,5,81,Normal
2026-02-13 23:11:42.553910,Paris-1466,49,88,Normal
2026-02-13 23:11:43.553910,Paris-1466,19,26,Normal
2026-02-13 23:11:44.553910,Paris-1466,43,60,Normal
2026-02-13 23:11:45.553910,Paris-1466,39,73,Normal
2026-02-13 23:11:46.553910,Paris-1466,39,92,Normal
2026-02-13 23:11:47.553910,Paris-1466,-6,48,Normal
2026-02-13 23:11:48.553910,Paris-1466,1,20,Normal
2026-02-13 23:11:49.553910,Paris-1466,-14,62,Normal
2026-02-13 23:11:50.553910,Paris-1466,11,35,Normal
2026-02-13 23:11:51.553910,Paris-1466,-19,31,Normal
2026-02-13 23:11:52.553910,Paris-1466,38,13,Normal
2026-02-13 23:11:53.553910,Paris-1466,7,48,Normal
2026-02-13 23:11:54.553910,Paris-1466,16,63,Normal
2026-02-13 23:11:55.553910,Paris-1466,-7,11,Normal
2026-02-13 23:11:56.553910,Paris-1466,-15,59,Normal
2026-02-13 23:11:57.553910,Paris-1466,30,42,Normal
2026-02-13 23:11:58.553910,Paris-1466,43,12,Normal
2026-02-13 23:11:59.553910,Paris-1466,4,62,Normal
2026-02-13 23:12:00.553910,Paris-1466,29,63,Normal
2026-02-13 23:12:01.553910,Paris-1466,50,15,Normal
2026-02-13 23:12:02.553910,Paris-1466,2,98,Normal
2026-02-13 23:12:03.553910,Paris-1466,-7,89,Normal
2026-02-13 23:12:04.553910,Paris-1466,18,3,Normal
2026-02-13 23:12:05.553910,Paris-1466,21,64,Normal
2026-02-13 23:12:06.553910,Paris-1466,32,24,Normal
2026-02-13 23:12:07.553910,Paris-1466,-25,81,Normal
2026-02-13 23:12:08.553910,Paris-1466,13,8,Normal
2026-02-13 23:12:09.553910,Paris-1466,-21,61,Normal
2026-02-13 23:12:10.553910,Paris-1466,11,85,Normal
2026-02-13 23:12:11.553910,Paris-1466,17,77,Normal
2026-02-13 23:12:12.553910,Paris-1466,-11,37,Normal
2026-02-13 23:12:13.553910,Paris-1466,2,35,Normal
2026-02-13 23:12:14.553910,Paris-1466,38,41,Normal
2026-02-13 23:12:15.553910,Paris-1466,-1,29,Normal
2026-02-13 23:12:16.553910,Paris-1466,-15,69,Normal
2026-02-13 23:12:17.553910,Paris-1466,33,4,Normal
2026-02-13 23:12:18.553910,Paris-1466,-30,37,Normal
2026-02-13 23:12:19.553910,Paris-1466,37,41,Normal
2026-02-13 23:12:20.553910,Paris-1466,4,94,Normal
2026-02-13 23:12:21.553910,Paris-1466,-23,64,Normal
2026-02-13 23:12:22.553910,Paris-1466,8,99,Normal
2026-02-13 23:12:23.553910,Paris-1466,-1,52,Normal
2026-02-13 23:12:24.553910,Paris-1466,-19,91,Normal
2026-02-13 23:12:25.553910,Paris-1466,-29,10,Normal
2026-02-13 23:12:26.553910,Paris-1466,15,72,Normal
2026-02-13 23:12:27.553910,Paris-1466,39,35,Normal
2026-02-13 23:12:28.553910,Paris-1466,-25,86,Normal
2026-02-13 23:12:29.553910,Paris-1466,18,88,Normal
2026-02-13 23:12:30.553910,Paris-1466,42,80,Normal
2026-02-13 23:12:31.553910,Paris-1466,18,65,Normal
2026-02-13 23:12:32.553910,Paris-1466,-11,63,Normal
2026-02-13 23:12:33.553910,Paris-1466,-1,22,Normal
2026-02-13 23:12:34.553910,Paris-1466,-3,94,Normal
2026-02-13 23:12:35.553910,Paris-1466,-4,86,Normal
2026-02-13 23:12:36.553910,Paris-1466,-27,51,Normal
2026-02-13 23:12:37.553910,Paris-1466,-1,41,Normal
2026-02-13 23:12:38.553910,Paris-1466,-10,14,Normal
2026-02-13 23:12:39.553910,Paris-1466,21,90,Normal
2026-02-13 23:12:40.553910,Paris-1466,31,86,Normal
2026-02-13 23:12:41.553910,Paris-1466,-13,0,Normal
2026-02-13 23:12:42.553910,Paris-1466,-15,83,Normal
2026-02-13 23:12:43.553910,Paris-1466,11,88,Normal
2026-02-13 23:12:44.553910,Paris-1466,32,53,Normal
2026-02-13 23:12:45.553910,Paris-1466,4,22,Normal
2026-02-13 23:12:46.553910,Paris-1466,-7,69,Normal
2026-02-13 23:12:47.553910,Paris-1466,27,82,Normal
2026-02-13 23:12:48.553910,Paris-1466,38,57,Normal
2026-02-13 23:12:49.553910,Paris-1466,27,5,Normal
2026-02-13 23:12:50.553910,Paris-1466,49,65,Normal
2026-02-13 23:12:51.553910,Paris-1466,4,4,Normal
2026-02-13 23:12:52.553910,Paris-1466,-29,95,Normal
2026-02-13 23:12:53.553910,Paris-1466,12,34,Normal
2026-02-13 23:12:54.553910,Paris-1466,29,70,Normal
2026-02-13 23:12:55.553910,Paris-1466,-27,65,Normal
2026-02-13 23:12:56.553910,Paris-1466,36,18,Normal
2026-02-13 23:12:57.553910,Paris-1466,1,80,Normal
2026-02-13 23:12:58.553910,Paris-1466,47,68,Normal
2026-02-13 23:12:59.553910,Paris-1466,42,69,Normal
2026-02-13 23:13:00.553910,Paris-1466,-13,16,Normal
2026-02-13 23:13:01.553910,Paris-1466,4,54,Normal
2026-02-13 23:13:02.553910,Paris-1466,35,57,Normal
2026-02-13 23:13:03.553910,Paris-1466,23,16,Normal
2026-02-13 23:13:04.553910,Paris-1466,20,4,Normal
2026-02-13 23:13:05.553910,Paris-1466,6,89,Normal
2026-02-13 23:13:06.553910,Paris-1466,3,97,Normal
2026-02-13 23:13:07.553910,Paris-1466,18,99,Normal
2026-02-13 23:13:08.553910,Paris-1466,12,62,Normal
2026-02-13 23:13:09.553910,Paris-1466,-10,22,Normal
2026-02-13 23:13:10.553910,Paris-1466,16,47,Normal
2026-02-13 23:13:11.553910,Paris-1466,-15,17,Normal
2026-02-13 23:13:12.553910,Paris-1466,4,82,Normal
2026-02-13 23:13:13.553910,Paris-1466,-27,98,Normal
2026-02-13 23:13:14.553910,Paris-1466,22,37,Normal
2026-02-13 23:13:15.553910,Paris-1466,15,85,Normal
2026-02-13 23:13:16.553910,Paris-1466,-15,27,Normal
2026-02-13 23:13:17.553910,Paris-1466,-26,45,Normal
2026-02-13 23:13:18.553910,Paris-1466,7,57,Normal
2026-02-13 23:13:19.553910,Paris-1466,31,8,Normal
2026-02-13 23:13:20.553910,Paris-1466,-25,65,Normal
2026-02-13 23:13:21.553910,Paris-1466,42,89,Normal
2026-02-13 23:13:22.553910,Paris-1466,0,92,Normal
2026-02-13 23:13:23.553910,Paris-1466,20,73,Normal
2026-02-13 23:13:24.553910,Paris-1466,37,96,Normal
2026-02-13 23:13:25.553910,Paris-1466,-9,100,Normal
2026-02-13 23:13:26.553910,Paris-1466,-27,10,Normal
2026-02-13 23:13:27.553910,Paris-1466,-25,21,Normal
2026-02-13 23:13:28.553910,Paris-1466,26,56,Normal
2026-02-13 23:13:29.553910,Paris-1466,-17,61,Normal
2026-02-13 23:13:30.553910,Paris-1466,-19,17,Normal
2026-02-13 23:13:31.553910,Paris-1466,-5,0,Normal
2026-02-13 23:13:32.553910,Paris-1466,14,20,Normal
2026-02-13 23:13:33.553910,Paris-1466,-22,26,Normal
2026-02-13 23:13:34.553910,Paris-1466,46,71,Normal
2026-02-13 23:13:35.553910,Paris-1466,-22,23,Normal
2026-02-13 23:13:36.553910,Paris-1466,45,48,Normal
2026-02-13 23:13:37.553910,Paris-1466,-2,77,Normal
2026-02-13 23:13:38.553910,Paris-1466,-1,78,Normal
2026-02-13 23:13:39.553910,Paris-1466,-13,90,Normal
2026-02-13 23:13:40.553910,Paris-1466,-29,79,Normal
2026-02-13 23:13:41.553910,Paris-1466,-12,54,Normal
2026-02-13 23:13:42.553910,Paris-1466,49,89,Normal
2026-02-13 23:13:43.553910,Paris-1466,3,89,Normal
2026-02-13 23:13:44.553910,Paris-1466,7,90,Normal
2026-02-13 23:13:45.553910,Paris-1466,-2,84,Normal
2026-02-13 23:13:46.553910,Paris-1466,22,55,Normal
2026-02-13 23:13:47.553910,Paris-1466,35,99,Normal
2026-02-13 23:13:48.553910,Paris-1466,17,34,Normal
2026-02-13 23:13:49.553910,Paris-1466,17,26,Normal
2026-02-13 23:13:50.553910,Paris-1466,-6,8,Normal
2026-02-13 23:13:51.553910,Paris-1466,35,97,Normal
2026-02-13 23:13:52.553910,Paris-1466,29,49,Normal
2026-02-13 23:13:53.553910,Paris-1466,-19,96,Normal
2026-02-13 23:13:54.553910,Paris-1466,0,37,Normal
2026-02-13 23:13:55.553910,Paris-1466,35,93,Normal
2026-02-13 23:13:56.553910,Paris-1466,24,13,Normal
2026-02-13 23:13:57.553910,Paris-1466,45,11,Normal
2026-02-13 23:13:58.553910,Paris-1466,9,48,Normal
2026-02-13 23:13:59.553910,Paris-1466,-25,44,Normal
2026-02-13 23:14:00.553910,Paris-1466,49,81,Normal
2026-02-13 23:14:01.553910,Paris-1466,5,73,Normal
2026-02-13 23:14:02.553910,Paris-1466,28,63,Normal
2026-02-13 23:14:03.553910,Paris-1466,20,83,Normal
2026-02-13 23:14:04.553910,Paris-1466,8,7,Normal
2026-02-13 23:14:05.553910,Paris-1466,34,26,Normal
2026-02-13 23:14:06.553910,Paris-1466,30,97,Normal
2026-02-13 23:14:07.553910,Paris-1466,-14,72,Normal
2026-02-13 23:14:08.553910,Paris-1466,42,22,Normal
2026-02-13 23:14:09.553910,Paris-1466,-2,42,Normal
2026-02-13 23:14:10.553910,Paris-1466,27,61,Normal
2026-02-13 23:14:11.553910,Paris-1466,49,38,Normal
2026-02-13 23:14:12.553910,Paris-1466,-22,85,Normal
2026-02-13 23:14:13.553910,Paris-1466,35,27,Normal
2026-02-13 23:14:14.553910,Paris-1466,8,65,Normal
2026-02-13 23:14:15.553910,Paris-1466,-23,55,Normal
2026-02-13 23:14:16.553910,Paris-1466,36,15,Normal
2026-02-13 23:14:17.553910,Paris-1466,5,21,Normal
2026-02-13 23:14:18.553910,Paris-1466,35,48,Normal
2026-02-13 23:14:19.553910,Paris-1466,-19,56,Normal
2026-02-13 23:14:20.553910,Paris-1466,26,78,Normal
2026-02-13 23:14:21.553910,Paris-1466,-3,21,Normal
2026-02-13 23:14:22.553910,Paris-1466,-4,53,Normal
2026-02-13 23:14:23.553910,Paris-1466,42,71,Normal
2026-02-13 23:14:24.553910,Paris-1466,6,69,Normal
2026-02-13 23:14:25.553910,Paris-1466,17,45,Normal
2026-02-13 23:14:26.553910,Paris-1466,20,96,Normal
2026-02-13 23:14:27.553910,Paris-1466,-18,31,Normal
2026-02-13 23:14:28.553910,Paris-1466,19,8,Normal
2026-02-13 23:14:29.553910,Paris-1466,18,83,Normal
2026-02-13 23:14:30.553910,Paris-1466,-11,25,Normal
2026-02-13 23:14:31.553910,Paris-1466,14,10,Normal
2026-02-13 23:14:32.553910,Paris-1466,-29,34,Normal
2026-02-13 23:14:33.553910,Paris-1466,-23,54,Normal
2026-02-13 23:14:34.553910,Paris-1466,35,97,Normal
2026-02-13 23:14:35.553910,Paris-1466,11,67,Normal
2026-02-13 23:14:36.553910,Paris-1466,-4,53,Normal
2026-02-13 23:14:37.553910,Paris-1466,-24,39,Normal
2026-02-13 23:14:38.553910,Paris-1466,-1,15,Normal
2026-02-13 23:14:39.553910,Paris-1466,17,25,Normal
2026-02-13 23:14:40.553910,Paris-1466,19,89,Normal
2026-02-13 23:14:41.553910,Paris-1466,4,44,Normal
2026-02-13 23:14:42.553910,Paris-1466,-4,97,Normal
2026-02-13 23:14:43.553910,Paris-1466,-4,22,Normal
2026-02-13 23:14:44.553910,Paris-1466,-13,93,Normal
2026-02-13 23:14:45.553910,Paris-1466,0,42,Normal
2026-02-13 23:14:46.553910,Paris-1466,37,96,Normal
2026-02-13 23:14:47.553910,Paris-1466,44,62,Normal
2026-02-13 23:14:48.553910,Paris-1466,35,74,Normal
2026-02-13 23:14:49.553910,Paris-1466,-12,4,Normal
2026-02-13 23:14:50.553910,Paris-1466,-24,19,Normal
2026-02-13 23:14:51.553910,Paris-1466,30,10,Normal
2026-02-13 23:14:52.553910,Paris-1466,45,96,Normal
2026-02-13 23:14:53.553910,Paris-1466,34,31,Normal
2026-02-13 23:14:54.553910,Paris-1466,34,85,Normal
2026-02-13 23:14:55.553910,Paris-1466,-8,6,Normal
2026-02-13 23:14:56.553910,Paris-1466,25,98,Normal
2026-02-13 23:14:57.553910,Paris-1466,-17,57,Normal
2026-02-13 23:14:58.553910,Paris-1466,-25,91,Normal
2026-02-13 23:14:59.553910,Paris-1466,46,98,Normal
2026-02-13 23:15:00.553910,Paris-1466,39,36,Normal
2026-02-13 23:15:01.553910,Paris-1466,-26,90,Normal
2026-02-13 23:15:02.553910,Paris-1466,47,31,Normal
2026-02-13 23:15:03.553910,Paris-1466,33,9,Normal
2026-02-13 23:15:04.553910,Paris-1466,35,70,Normal
2026-02-13 23:15:05.553910,Paris-1466,19,77,Normal
2026-02-13 23:15:06.553910,Paris-1466,-26,35,Normal
2026-02-13 23:15:07.553910,Paris-1466,-4,14,Normal
2026-02-13 23:15:08.553910,Paris-1466,19,14,Normal
2026-02-13 23:15:09.553910,Paris-1466,21,31,Normal
2026-02-13 23:15:10.553910,Paris-1466,1,93,Normal
2026-02-13 23:15:11.553910,Paris-1466,9,72,Normal
2026-02-13 23:15:12.553910,Paris-1466,46,87,Normal
2026-02-13 23:15:13.553910,Paris-1466,11,75,Normal
2026-02-13 23:15:14.553910,Paris-1466,26,87,Normal
2026-02-13 23:15:15.553910,Paris-1466,50,31,Normal
2026-02-13 23:15:16.553910,Paris-1466,20,100,Normal
2026-02-13 23:15:17.553910,Paris-1466,-17,75,Normal
2026-02-13 23:15:18.553910,Paris-1466,47,29,Normal
2026-02-13 23:15:19.553910,Paris-1466,-7,71,Normal
2026-02-13 23:15:20.553910,Paris-1466,-16,89,Normal
2026-02-13 23:15:21.553910,Paris-1466,32,69,Normal
2026-02-13 23:15:22.553910,Paris-1466,21,68,Normal
2026-02-13 23:15:23.553910,Paris-1466,5,57,Normal
2026-02-13 23:15:24.553910,Paris-1466,29,24,Normal
2026-02-13 23:15:25.553910,Paris-1466,18,85,Normal
2026-02-13 23:15:26.553910,Paris-1466,43,77,Normal
2026-02-13 23:15:27.553910,Paris-1466,28,59,Normal
2026-02-13 23:15:28.553910,Paris-1466,19,55,Normal
2026-02-13 23:15:29.553910,Paris-1466,19,42,Normal
2026-02-13 23:15:30.553910,Paris-1466,12,83,Normal
2026-02-13 23:15:31.553910,Paris-1466,38,87,Normal
2026-02-13 23:15:32.553910,Paris-1466,34,9,Normal
2026-02-13 23:15:33.553910,Paris-1466,-13,71,Normal
2026-02-13 23:15:34.553910,Paris-1466,26,31,Normal
2026-02-13 23:15:35.553910,Paris-1466,27,0,Normal
2026-02-13 23:15:36.553910,Paris-1466,-29,51,Normal
2026-02-13 23:15:37.553910,Paris-1466,50,85,Normal
2026-02-13 23:15:38.553910,Paris-1466,0,41,Normal
2026-02-13 23:15:39.553910,Paris-1466,17,13,Normal
2026-02-13 23:15:40.553910,Paris-1466,13,6,Normal
2026-02-13 23:15:41.553910,Paris-1466,16,75,Normal
2026-02-13 23:15:42.553910,Paris-1466,-27,51,Normal
2026-02-13 23:15:43.553910,Paris-1466,1,96,Normal
2026-02-13 23:15:44.553910,Paris-1466,-29,52,Normal
2026-02-13 23:15:45.553910,Paris-1466,15,87,Normal
2026-02-13 23:15:46.553910,Paris-1466,50,47,Normal
2026-02-13 23:15:47.553910,Paris-1466,21,68,Normal
2026-02-13 23:15:48.553910,Paris-1466,39,65,Normal
2026-02-13 23:15:49.553910,Paris-1466,-6,82,Normal
2026-02-13 23:15:50.553910,Paris-1466,46,59,Normal
2026-02-13 23:15:51.553910,Paris-1466,36,38,Normal
2026-02-13 23:15:52.553910,Paris-1466,39,58,Normal
2026-02-13 23:15:53.553910,Paris-1466,-1,81,Normal
2026-02-13 23:15:54.553910,Paris-1466,-5,62,Normal
2026-02-13 23:15:55.553910,Paris-1466,-24,100,Normal
2026-02-13 23:15:56.553910,Paris-1466,30,47,Normal
2026-02-13 23:15:57.553910,Paris-1466,26,89,Normal
2026-02-13 23:15:58.553910,Paris-1466,41,81,Normal
2026-02-13 23:15:59.553910,Paris-1466,-12,72,Normal
2026-02-13 23:16:00.553910,Paris-1466,49,18,Normal
2026-02-13 23:16:01.553910,Paris-1466,-10,44,Normal
2026-02-13 23:16:02.553910,Paris-1466,1,52,Normal
2026-02-13 23:16:03.553910,Paris-1466,2,38,Normal
2026-02-13 23:16:04.553910,Paris-1466,31,85,Normal
2026-02-13 23:16:05.553910,Paris-1466,-2,91,Normal
2026-02-13 23:16:06.553910,Paris-1466,-4,48,Normal
2026-02-13 23:16:07.553910,Paris-1466,34,84,Normal
2026-02-13 23:16:08.553910,Paris-1466,20,96,Normal
2026-02-13 23:16:09.553910,Paris-1466,-7,86,Normal
2026-02-13 23:16:10.553910,Paris-1466,-3,98,Normal
2026-02-13 23:16:11.553910,Paris-1466,-17,56,Normal
2026-02-13 23:16:12.553910,Paris-1466,-30,82,Normal
2026-02-13 23:16:13.553910,Paris-1466,-22,7,Normal
2026-02-13 23:16:14.553910,Paris-1466,-22,76,Normal
2026-02-13 23:16:15.553910,Paris-1466,-14,46,Normal
2026-02-13 23:16:16.553910,Paris-1466,-29,22,Normal
2026-02-13 23:16:17.553910,Paris-1466,40,93,Normal
2026-02-13 23:16:18.553910,Paris-1466,11,57,Normal
2026-02-13 23:16:19.553910,Paris-1466,-6,32,Normal
2026-02-13 23:16:20.553910,Paris-1466,25,69,Normal
2026-02-13 23:16:21.553910,Paris-1466,5,67,Normal
2026-02-13 23:16:22.553910,Paris-1466,9,7,Normal
2026-02-13 23:16:23.553910,Paris-1466,9,10,Normal
2026-02-13 23:16:24.553910,Paris-1466,-8,90,Normal
2026-02-13 23:16:25.553910,Paris-1466,34,16,Normal
2026-02-13 23:16:26.553910,Paris-1466,29,99,Normal
2026-02-13 23:16:27.553910,Paris-1466,-11,10,Normal
2026-02-13 23:16:28.553910,Paris-1466,9,51,Normal
2026-02-13 23:16:29.553910,Paris-1466,48,29,Normal
2026-02-13 23:16:30.553910,Paris-1466,15,72,Normal
2026-02-13 23:16:31.553910,Paris-1466,-14,49,Normal
2026-02-13 23:16:32.553910,Paris-1466,34,96,Normal
2026-02-13 23:16:33.553910,Paris-1466,-4,39,Normal
2026-02-13 23:16:34.553910,Paris-1466,49,73,Normal
2026-02-13 23:16:35.553910,Paris-1466,-2,49,Normal
2026-02-13 23:16:36.553910,Paris-1466,-19,28,Normal
2026-02-13 23:16:37.553910,Paris-1466,42,67,Normal
2026-02-13 23:16:38.553910,Paris-1466,-4,95,Normal
2026-02-13 23:16:39.553910,Paris-1466,36,22,Normal
2026-02-13 23:16:40.553910,Paris-1466,-23,76,Normal
2026-02-13 23:16:41.553910,Paris-1466,30,89,Normal
2026-02-13 23:16:42.553910,Paris-1466,-15,7,Normal
2026-02-13 23:16:43.553910,Paris-1466,33,64,Normal
2026-02-13 23:16:44.553910,Paris-1466,22,40,Normal
2026-02-13 23:16:45.553910,Paris-1466,-27,88,Normal
2026-02-13 23:16:46.553910,Paris-1466,-21,21,Normal
2026-02-13 23:16:47.553910,Paris-1466,-4,91,Normal
2026-02-13 23:16:48.553910,Paris-1466,30,4,Normal
2026-02-13 23:16:49.553910,Paris-1466,-10,62,Normal
2026-02-13 23:16:50.553910,Paris-1466,42,19,Normal
2026-02-13 23:16:51.553910,Paris-1466,36,86,Normal
2026-02-13 23:16:52.553910,Paris-1466,1,75,Normal
2026-02-13 23:16:53.553910,Paris-1466,-26,63,Normal
2026-02-13 23:16:54.553910,Paris-1466,-18,77,Normal
2026-02-13 23:16:55.553910,Paris-1466,39,87,Normal
2026-02-13 23:16:56.553910,Paris-1466,-17,99,Normal
2026-02-13 23:16:57.553910,Paris-1466,14,71,Normal
2026-02-13 23:16:58.553910,Paris-1466,42,62,Normal
2026-02-13 23:16:59.553910,Paris-1466,9,18,Normal
2026-02-13 23:17:00.553910,Paris-1466,-17,38,Normal
2026-02-13 23:17:01.553910,Paris-1466,-27,11,Normal
2026-02-13 23:17:02.553910,Paris-1466,27,76,Normal
2026-02-13 23:17:03.553910,Paris-1466,23,10,Normal
2026-02-13 23:17:04.553910,Paris-1466,8,36,Normal
2026-02-13 23:17:05.553910,Paris-1466,-26,22,Normal
2026-02-13 23:17:06.553910,Paris-1466,22,77,Normal
2026-02-13 23:17:07.553910,Paris-1466,11,49,Normal
2026-02-13 23:17:08.553910,Paris-1466,25,44,Normal
2026-02-13 23:17:09.553910,Paris-1466,33,75,Normal
2026-02-13 23:17:10.553910,Paris-1466,50,81,Normal
2026-02-13 23:17:11.553910,Paris-1466,19,37,Normal
2026-02-13 23:17:12.553910,Paris-1466,35,79,Normal
2026-02-13 23:17:13.553910,Paris-1466,19,6,Normal
2026-02-13 23:17:14.553910,Paris-1466,41,83,Normal
2026-02-13 23:17:15.553910,Paris-1466,-30,29,Normal
2026-02-13 23:17:16.553910,Paris-1466,38,90,Normal
2026-02-13 23:17:17.553910,Paris-1466,13,69,Normal
2026-02-13 23:17:18.553910,Paris-1466,38,77,Normal
2026-02-13 23:17:19.553910,Paris-1466,38,6,Normal
2026-02-13 23:17:20.553910,Paris-1466,-10,50,Normal
2026-02-13 23:17:21.553910,Paris-1466,-21,72,Normal
2026-02-13 23:17:22.553910,Paris-1466,19,42,Normal
2026-02-13 23:17:23.553910,Paris-1466,12,2,Normal
2026-02-13 23:17:24.553910,Paris-1466,17,79,Normal
2026-02-13 23:17:25.553910,Paris-1466,-28,65,Normal
2026-02-13 23:17:26.553910,Paris-1466,-10,44,Normal
2026-02-13 23:17:27.553910,Paris-1466,-28,91,Normal
2026-02-13 23:17:28.553910,Paris-1466,41,57,Normal
2026-02-13 23:17:29.553910,Paris-1466,31,70,Normal
2026-02-13 23:17:30.553910,Paris-1466,5,23,Normal
2026-02-13 23:17:31.553910,Paris-1466,-8,88,Normal
2026-02-13 23:17:32.553910,Paris-1466,-11,70,Normal
2026-02-13 23:17:33.553910,Paris-1466,44,96,Normal
2026-02-13 23:17:34.553910,Paris-1466,-28,17,Normal
2026-02-13 23:17:35.553910,Paris-1466,-6,6,Normal
2026-02-13 23:17:36.553910,Paris-1466,-16,89,Normal
2026-02-13 23:17:37.553910,Paris-1466,35,79,Normal
2026-02-13 23:17:38.553910,Paris-1466,-5,32,Normal
2026-02-13 23:17:39.553910,Paris-1466,10,15,Normal
2026-02-13 23:17:40.553910,Paris-1466,43,6,Normal
2026-02-13 23:17:41.553910,Paris-1466,35,2,Normal
2026-02-13 23:17:42.553910,Paris-1466,11,10,Normal
2026-02-13 23:17:43.553910,Paris-1466,-21,51,Normal
2026-02-13 23:17:44.553910,Paris-1466,36,70,Normal
2026-02-13 23:17:45.553910,Paris-1466,-30,49,Normal
2026-02-13 23:17:46.553910,Paris-1466,17,78,Normal
2026-02-13 23:17:47.553910,Paris-1466,11,38,Normal
2026-02-13 23:17:48.553910,Paris-1466,-28,22,Normal
2026-02-13 23:17:49.553910,Paris-1466,-16,69,Normal
2026-02-13 23:17:50.553910,Paris-1466,-21,70,Normal
2026-02-13 23:17:51.553910,Paris-1466,5,50,Normal
2026-02-13 23:17:52.553910,Paris-1466,23,47,Normal
2026-02-13 23:17:53.553910,Paris-1466,38,81,Normal
2026-02-13 23:17:54.553910,Paris-1466,-24,22,Normal
2026-02-13 23:17:55.553910,Paris-1466,20,67,Normal
2026-02-13 23:17:56.553910,Paris-1466,39,24,Normal
2026-02-13 23:17:57.553910,Paris-1466,-4,28,Normal
2026-02-13 23:17:58.553910,Paris-1466,-6,82,Normal
2026-02-13 23:17:59.553910,Paris-1466,23,23,Normal
2026-02-13 23:18:00.553910,Paris-1466,-15,19,Normal
2026-02-13 23:18:01.553910,Paris-1466,-8,49,Normal
2026-02-13 23:18:02.553910,Paris-1466,-25,17,Normal
2026-02-13 23:18:03.553910,Paris-1466,1,5,Normal
2026-02-13 23:18:04.553910,Paris-1466,-19,30,Normal
2026-02-13 23:18:05.553910,Paris-1466,-17,46,Normal
2026-02-13 23:18:06.553910,Paris-1466,13,38,Normal
2026-02-13 23:18:07.553910,Paris-1466,-19,75,Normal
2026-02-13 23:18:08.553910,Paris-1466,-9,96,Normal
2026-02-13 23:18:09.553910,Paris-1466,43,64,Normal
2026-02-13 23:18:10.553910,Paris-1466,30,95,Normal
2026-02-13 23:18:11.553910,Paris-1466,-1,9,Normal
2026-02-13 23:18:12.553910,Paris-1466,12,8,Normal
2026-02-13 23:18:13.553910,Paris-1466,26,11,Normal
2026-02-13 23:18:14.553910,Paris-1466,34,47,Normal
2026-02-13 23:18:15.553910,Paris-1466,22,5,Normal
2026-02-13 23:18:16.553910,Paris-1466,33,98,Normal
2026-02-13 23:18:17.553910,Paris-1466,-18,45,Normal
2026-02-13 23:18:18.553910,Paris-1466,-2,78,Normal
2026-02-13 23:18:19.553910,Paris-1466,29,26,Normal
2026-02-13 23:18:20.553910,Paris-1466,17,21,Normal
2026-02-13 23:18:21.553910,Paris-1466,47,72,Normal
2026-02-13 23:18:22.553910,Paris-1466,-24,21,Normal
2026-02-13 23:18:23.553910,Paris-1466,9,8,Normal
2026-02-13 23:18:24.553910,Paris-1466,-29,55,Normal
2026-02-13 23:18:25.553910,Paris-1466,-5,39,Normal
2026-02-13 23:18:26.553910,Paris-1466,-19,35,Normal
2026-02-13 23:18:27.553910,Paris-1466,35,88,Normal
2026-02-13 23:18:28.553910,Paris-1466,-8,32,Normal
2026-02-13 23:18:29.553910,Paris-1466,-23,96,Normal
2026-02-13 23:18:30.553910,Paris-1466,-2,28,Normal
2026-02-13 23:18:31.553910,Paris-1466,-15,83,Normal
2026-02-13 23:18:32.553910,Paris-1466,-3,31,Normal
2026-02-13 23:18:33.553910,Paris-1466,-18,95,Normal
2026-02-13 23:18:34.553910,Paris-1466,15,35,Normal
2026-02-13 23:18:35.553910,Paris-1466,38,93,Normal
2026-02-13 23:18:36.553910,Paris-1466,1,39,Normal
2026-02-13 23:18:37.553910,Paris-1466,-26,91,Normal
2026-02-13 23:18:38.553910,Paris-1466,41,8,Normal
2026-02-13 23:18:39.553910,Paris-1466,-26,72,Normal
2026-02-13 23:18:40.553910,Paris-1466,-9,94,Normal
2026-02-13 23:18:41.553910,Paris-1466,-30,74,Normal
2026-02-13 23:18:42.553910,Paris-1466,-15,8,Normal
2026-02-13 23:18:43.553910,Paris-1466,-17,63,Normal
2026-02-13 23:18:44.553910,Paris-1466,-29,20,Normal
2026-02-13 23:18:45.553910,Paris-1466,-16,37,Normal
2026-02-13 23:18:46.553910,Paris-1466,22,79,Normal
2026-02-13 23:18:47.553910,Paris-1466,-11,51,Normal
2026-02-13 23:18:48.553910,Paris-1466,19,97,Normal
2026-02-13 23:18:49.553910,Paris-1466,34,72,Normal
2026-02-13 23:18:50.553910,Paris-1466,-4,68,Normal
2026-02-13 23:18:51.553910,Paris-1466,-16,21,Normal
2026-02-13 23:18:52.553910,Paris-1466,16,3,Normal
2026-02-13 23:18:53.553910,Paris-1466,-7,51,Normal
2026-02-13 23:18:54.553910,Paris-1466,6,5,Normal
2026-02-13 23:18:55.553910,Paris-1466,20,58,Normal
2026-02-13 23:18:56.553910,Paris-1466,-10,73,Normal
2026-02-13 23:18:57.553910,Paris-1466,-21,16,Normal
2026-02-13 23:18:58.553910,Paris-1466,39,83,Normal
2026-02-13 23:18:59.553910,Paris-1466,48,43,Normal
2026-02-13 23:19:00.553910,Paris-1466,-23,89,Normal
2026-02-13 23:19:01.553910,Paris-1466,-15,90,Normal
2026-02-13 23:19:02.553910,Paris-1466,-29,49,Normal
2026-02-13 23:19:03.553910,Paris-1466,38,2,Normal
2026-02-13 23:19:04.553910,Paris-1466,20,74,Normal
2026-02-13 23:19:05.553910,Paris-1466,5,92,Normal
2026-02-13 23:19:06.553910,Paris-1466,7,68,Normal
2026-02-13 23:19:07.553910,Paris-1466,-25,90,Normal
2026-02-13 23:19:08.553910,Paris-1466,50,23,Normal
2026-02-13 23:19:09.553910,Paris-1466,36,22,Normal
2026-02-13 23:19:10.553910,Paris-1466,45,92,Normal
2026-02-13 23:19:11.553910,Paris-1466,47,45,Normal
2026-02-13 23:19:12.553910,Paris-1466,43,53,Normal
2026-02-13 23:19:13.553910,Paris-1466,34,5,Normal
2026-02-13 23:19:14.553910,Paris-1466,0,58,Normal
2026-02-13 23:19:15.553910,Paris-1466,16,60,Normal
2026-02-13 23:19:16.553910,Paris-1466,20,20,Normal
2026-02-13 23:19:17.553910,Paris-1466,-23,82,Normal
2026-02-13 23:19:18.553910,Paris-1466,8,46,Normal
2026-02-13 23:19:19.553910,Paris-1466,23,32,Normal
2026-02-13 23:19:20.553910,Paris-1466,-18,4,Normal
2026-02-13 23:19:21.553910,Paris-1466,24,20,Normal
2026-02-13 23:19:22.553910,Paris-1466,-19,7,Normal
2026-02-13 23:19:23.553910,Paris-1466,7,66,Normal
2026-02-13 23:19:24.553910,Paris-1466,-8,2,Normal
2026-02-13 23:19:25.553910,Paris-1466,-2,25,Normal
2026-02-13 23:19:26.553910,Paris-1466,8,7,Normal
2026-02-13 23:19:27.553910,Paris-1466,18,36,Normal
2026-02-13 23:19:28.553910,Paris-1466,37,86,Normal
2026-02-13 23:19:29.553910,Paris-1466,10,92,Normal
2026-02-13 23:19:30.553910,Paris-1466,28,7,Normal
2026-02-13 23:19:31.553910,Paris-1466,24,29,Normal
2026-02-13 23:19:32.553910,Paris-1466,-25,81,Normal
2026-02-13 23:19:33.553910,Paris-1466,31,33,Normal
2026-02-13 23:19:34.553910,Paris-1466,31,4,Normal
2026-02-13 23:19:35.553910,Paris-1466,-8,62,Normal
2026-02-13 23:19:36.553910,Paris-1466,-28,8,Normal
2026-02-13 23:19:37.553910,Paris-1466,-19,70,Normal
2026-02-13 23:19:38.553910,Paris-1466,31,76,Normal
2026-02-13 23:19:39.553910,Paris-1466,-27,100,Normal
2026-02-13 23:19:40.553910,Paris-1466,3,23,Normal
2026-02-13 23:19:41.553910,Paris-1466,-1,28,Normal
2026-02-13 23:19:42.553910,Paris-1466,-7,56,Normal
2026-02-13 23:19:43.553910,Paris-1466,26,50,Normal
2026-02-13 23:19:44.553910,Paris-1466,3,99,Normal
2026-02-13 23:19:45.553910,Paris-1466,30,99,Normal
2026-02-13 23:19:46.553910,Paris-1466,44,20,Normal
2026-02-13 23:19:47.553910,Paris-1466,25,68,Normal
2026-02-13 23:19:48.553910,Paris-1466,13,81,Normal
2026-02-13 23:19:49.553910,Paris-1466,44,67,Normal
2026-02-13 23:19:50.553910,Paris-1466,2,87,Normal
2026-02-13 23:19:51.553910,Paris-1466,49,33,Normal
2026-02-13 23:19:52.553910,Paris-1466,27,51,Normal
2026-02-13 23:19:53.553910,Paris-1466,0,98,Normal
2026-02-13 23:19:54.553910,Paris-1466,38,98,Normal
2026-02-13 23:19:55.553910,Paris-1466,-11,22,Normal
2026-02-13 23:19:56.553910,Paris-1466,19,28,Normal
2026-02-13 23:19:57.553910,Paris-1466,-9,9,Normal
2026-02-13 23:19:58.553910,Paris-1466,-17,81,Normal
2026-02-13 23:19:59.553910,Paris-1466,-23,59,Normal
2026-02-13 23:20:00.553910,Paris-1466,35,12,Normal
2026-02-13 23:20:01.553910,Paris-1466,-22,57,Normal
2026-02-13 23:20:02.553910,Paris-1466,-23,42,Normal
2026-02-13 23:20:03.553910,Paris-1466,-29,55,Normal
2026-02-13 23:20:04.553910,Paris-1466,23,78,Normal
2026-02-13 23:20:05.553910,Paris-1466,-11,65,Normal
2026-02-13 23:20:06.553910,Paris-1466,7,27,Normal
2026-02-13 23:20:07.553910,Paris-1466,-25,22,Normal
2026-02-13 23:20:08.553910,Paris-1466,6,20,Normal
2026-02-13 23:20:09.553910,Paris-1466,42,44,Normal
2026-02-13 23:20:10.553910,Paris-1466,49,33,Normal
2026-02-13 23:20:11.553910,Paris-1466,22,99,Normal
2026-02-13 23:20:12.553910,Paris-1466,-19,82,Normal
2026-02-13 23:20:13.553910,Paris-1466,22,44,Normal
2026-02-13 23:20:14.553910,Paris-1466,4,63,Normal
2026-02-13 23:20:15.553910,Paris-1466,-9,85,Normal
2026-02-13 23:20:16.553910,Paris-1466,-15,75,Normal
2026-02-13 23:20:17.553910,Paris-1466,16,45,Normal
2026-02-13 23:20:18.553910,Paris-1466,26,52,Normal
2026-02-13 23:20:19.553910,Paris-1466,-12,59,Normal
2026-02-13 23:20:20.553910,Paris-1466,22,93,Normal
2026-02-13 23:20:21.553910,Paris-1466,-18,37,Normal
2026-02-13 23:20:22.553910,Paris-1466,46,42,Normal
2026-02-13 23:20:23.553910,Paris-1466,-11,62,Normal
2026-02-13 23:20:24.553910,Paris-1466,-6,28,Normal
2026-02-13 23:20:25.553910,Paris-1466,-27,9,Normal
2026-02-13 23:20:26.553910,Paris-1466,-15,87,Normal
2026-02-13 23:20:27.553910,Paris-1466,8,35,Normal
2026-02-13 23:20:28.553910,Paris-1466,17,72,Normal
2026-02-13 23:20:29.553910,Paris-1466,-6,12,Normal
2026-02-13 23:20:30.553910,Paris-1466,-21,53,Normal
2026-02-13 23:20:31.553910,Paris-1466,-6,67,Normal
2026-02-13 23:20:32.553910,Paris-1466,40,53,Normal
2026-02-13 23:20:33.553910,Paris-1466,0,21,Normal
2026-02-13 23:20:34.553910,Paris-1466,17,18,Normal
2026-02-13 23:20:35.553910,Paris-1466,42,39,Normal
2026-02-13 23:20:36.553910,Paris-1466,36,86,Normal
2026-02-13 23:20:37.553910,Paris-1466,34,83,Normal
2026-02-13 23:20:38.553910,Paris-1466,37,75,Normal
2026-02-13 23:20:39.553910,Paris-1466,23,71,Normal
2026-02-13 23:20:40.553910,Paris-1466,19,28,Normal
2026-02-13 23:20:41.553910,Paris-1466,13,18,Normal
2026-02-13 23:20:42.553910,Paris-1466,16,76,Normal
2026-02-13 23:20:43.553910,Paris-1466,37,92,Normal
2026-02-13 23:20:44.553910,Paris-1466,8,27,Normal
2026-02-13 23:20:45.553910,Paris-1466,28,65,Normal
2026-02-13 23:20:46.553910,Paris-1466,-15,12,Normal
2026-02-13 23:20:47.553910,Paris-1466,-13,4,Normal
2026-02-13 23:20:48.553910,Paris-1466,-13,15,Normal
2026-02-13 23:20:49.553910,Paris-1466,8,80,Normal
2026-02-13 23:20:50.553910,Paris-1466,17,91,Normal
2026-02-13 23:20:51.553910,Paris-1466,26,24,Normal
2026-02-13 23:20:52.553910,Paris-1466,-14,32,Normal
2026-02-13 23:20:53.553910,Paris-1466,-11,23,Normal
2026-02-13 23:20:54.553910,Paris-1466,44,20,Normal
2026-02-13 23:20:55.553910,Paris-1466,10,18,Normal
2026-02-13 23:20:56.553910,Paris-1466,-29,41,Normal
2026-02-13 23:20:57.553910,Paris-1466,-6,95,Normal
2026-02-13 23:20:58.553910,Paris-1466,26,41,Normal
2026-02-13 23:20:59.553910,Paris-1466,29,23,Normal
2026-02-13 23:21:00.553910,Paris-1466,16,78,Normal
2026-02-13 23:21:01.553910,Paris-1466,-12,28,Normal
2026-02-13 23:21:02.553910,Paris-1466,-4,99,Normal
2026-02-13 23:21:03.553910,Paris-1466,22,46,Normal
2026-02-13 23:21:04.553910,Paris-1466,-23,73,Normal
2026-02-13 23:21:05.553910,Paris-1466,11,79,Normal
2026-02-13 23:21:06.553910,Paris-1466,25,70,Normal
2026-02-13 23:21:07.553910,Paris-1466,5,8,Normal
2026-02-13 23:21:08.553910,Paris-1466,-8,68,Normal
2026-02-13 23:21:09.553910,Paris-1466,14,55,Normal
2026-02-13 23:21:10.553910,Paris-1466,-25,18,Normal
2026-02-13 23:21:11.553910,Paris-1466,16,35,Normal
2026-02-13 23:21:12.553910,Paris-1466,-8,87,Normal
2026-02-13 23:21:13.553910,Paris-1466,-15,20,Normal
2026-02-13 23:21:14.553910,Paris-1466,-27,53,Normal
2026-02-13 23:21:15.553910,Paris-1466,50,46,Normal
2026-02-13 23:21:16.553910,Paris-1466,-9,76,Normal
2026-02-13 23:21:17.553910,Paris-1466,26,54,Normal
2026-02-13 23:21:18.553910,Paris-1466,-26,64,Normal
2026-02-13 23:21:19.553910,Paris-1466,20,44,Normal
2026-02-13 23:21:20.553910,Paris-1466,17,58,Normal
2026-02-13 23:21:21.553910,Paris-1466,-16,89,Normal
2026-02-13 23:21:22.553910,Paris-1466,-27,55,Normal
2026-02-13 23:21:23.553910,Paris-1466,-12,76,Normal
2026-02-13 23:21:24.553910,Paris-1466,-2,94,Normal
2026-02-13 23:21:25.553910,Paris-1466,34,58,Normal
2026-02-13 23:21:26.553910,Paris-1466,48,44,Normal
2026-02-13 23:21:27.553910,Paris-1466,-25,28,Normal
2026-02-13 23:21:28.553910,Paris-1466,42,34,Normal
2026-02-13 23:21:29.553910,Paris-1466,13,76,Normal
2026-02-13 23:21:30.553910,Paris-1466,44,95,Normal
2026-02-13 23:21:31.553910,Paris-1466,35,47,Normal
2026-02-13 23:21:32.553910,Paris-1466,-12,14,Normal
2026-02-13 23:21:33.553910,Paris-1466,34,79,Normal
2026-02-13 23:21:34.553910,Paris-1466,10,88,Normal
2026-02-13 23:21:35.553910,Paris-1466,2,55,Normal
2026-02-13 23:21:36.553910,Paris-1466,-10,58,Normal
2026-02-13 23:21:37.553910,Paris-1466,41,86,Normal
2026-02-13 23:21:38.553910,Paris-1466,25,86,Normal
2026-02-13 23:21:39.553910,Paris-1466,8,53,Normal
2026-02-13 23:21:40.553910,Paris-1466,47,90,Normal
2026-02-13 23:21:41.553910,Paris-1466,-15,21,Normal
2026-02-13 23:21:42.553910,Paris-1466,21,12,Normal
2026-02-13 23:21:43.553910,Paris-1466,39,76,Normal
2026-02-13 23:21:44.553910,Paris-1466,46,54,Normal
2026-02-13 23:21:45.553910,Paris-1466,12,81,Normal
2026-02-13 23:21:46.553910,Paris-1466,24,99,Normal
2026-02-13 23:21:47.553910,Paris-1466,-25,73,Normal
2026-02-13 23:21:48.553910,Paris-1466,5,84,Normal
2026-02-13 23:21:49.553910,Paris-1466,-2,10,Normal
2026-02-13 23:21:50.553910,Paris-1466,-10,98,Normal
2026-02-13 23:21:51.553910,Paris-1466,-11,10,Normal
2026-02-13 23:21:52.553910,Paris-1466,2,95,Normal
2026-02-13 23:21:53.553910,Paris-1466,3,86,Normal
2026-02-13 23:21:54.553910,Paris-1466,24,80,Normal
2026-02-13 23:21:55.553910,Paris-1466,8,100,Normal
2026-02-13 23:21:56.553910,Paris-1466,-6,50,Normal
2026-02-13 23:21:57.553910,Paris-1466,9,75,Normal
2026-02-13 23:21:58.553910,Paris-1466,-1,16,Normal
2026-02-13 23:21:59.553910,Paris-1466,-10,78,Normal
2026-02-13 23:22:00.553910,Paris-1466,17,38,Normal
2026-02-13 23:22:01.553910,Paris-1466,-3,41,Normal
2026-02-13 23:22:02.553910,Paris-1466,14,39,Normal
2026-02-13 23:22:03.553910,Paris-1466,-18,30,Normal
2026-02-13 23:22:04.553910,Paris-1466,-10,31,Normal
2026-02-13 23:22:05.553910,Paris-1466,26,72,Normal
2026-02-13 23:22:06.553910,Paris-1466,-9,2,Normal
2026-02-13 23:22:07.553910,Paris-1466,20,20,Normal
2026-02-13 23:22:08.553910,Paris-1466,43,7,Normal
2026-02-13 23:22:09.553910,Paris-1466,49,1,Normal
2026-02-13 23:22:10.553910,Paris-1466,3,7,Normal
2026-02-13 23:22:11.553910,Paris-1466,25,8,Normal
2026-02-13 23:22:12.553910,Paris-1466,5,4,Normal
2026-02-13 23:22:13.553910,Paris-1466,-16,47,Normal
2026-02-13 23:22:14.553910,Paris-1466,30,66,Normal
2026-02-13 23:22:15.553910,Paris-1466,-23,26,Normal
2026-02-13 23:22:16.553910,Paris-1466,-1,3,Normal
2026-02-13 23:22:17.553910,Paris-1466,46,76,Normal
2026-02-13 23:22:18.553910,Paris-1466,-22,3,Normal
2026-02-13 23:22:19.553910,Paris-1466,-11,78,Normal
2026-02-13 23:22:20.553910,Paris-1466,-26,39,Normal
2026-02-13 23:22:21.553910,Paris-1466,29,53,Normal
2026-02-13 23:22:22.553910,Paris-1466,-26,81,Normal
2026-02-13 23:22:23.553910,Paris-1466,-4,36,Normal
2026-02-13 23:22:24.553910,Paris-1466,42,10,Normal
2026-02-13 23:22:25.553910,Paris-1466,-17,65,Normal
2026-02-13 23:22:26.553910,Paris-1466,-18,78,Normal
2026-02-13 23:22:27.553910,Paris-1466,34,75,Normal
2026-02-13 23:22:28.553910,Paris-1466,43,46,Normal
2026-02-13 23:22:29.553910,Paris-1466,16,28,Normal
2026-02-13 23:22:30.553910,Paris-1466,-12,76,Normal
2026-02-13 23:22:31.553910,Paris-1466,34,72,Normal
2026-02-13 23:22:32.553910,Paris-1466,47,72,Normal
2026-02-13 23:22:33.553910,Paris-1466,42,69,Normal
2026-02-13 23:22:34.553910,Paris-1466,-22,11,Normal
2026-02-13 23:22:35.553910,Paris-1466,18,65,Normal
2026-02-13 23:22:36.553910,Paris-1466,7,26,Normal
2026-02-13 23:22:37.553910,Paris-1466,-10,30,Normal
2026-02-13 23:22:38.553910,Paris-1466,42,66,Normal
2026-02-13 23:22:39.553910,Paris-1466,22,1,Normal
2026-02-13 23:22:40.553910,Paris-1466,7,63,Normal
2026-02-13 23:22:41.553910,Paris-1466,25,50,Normal
2026-02-13 23:22:42.553910,Paris-1466,20,87,Normal
2026-02-13 23:22:43.553910,Paris-1466,49,93,Normal
2026-02-13 23:22:44.553910,Paris-1466,10,7,Normal
2026-02-13 23:22:45.553910,Paris-1466,2,37,Normal
2026-02-13 23:22:46.553910,Paris-1466,-9,14,Normal
2026-02-13 23:22:47.553910,Paris-1466,1,72,Normal
2026-02-13 23:22:48.553910,Paris-1466,-8,22,Normal
2026-02-13 23:22:49.553910,Paris-1466,-17,76,Normal
2026-02-13 23:22:50.553910,Paris-1466,-11,47,Normal
2026-02-13 23:22:51.553910,Paris-1466,5,86,Normal
2026-02-13 23:22:52.553910,Paris-1466,50,76,Normal
2026-02-13 23:22:53.553910,Paris-1466,-26,41,Normal
2026-02-13 23:22:54.553910,Paris-1466,-10,47,Normal
2026-02-13 23:22:55.553910,Paris-1466,-28,65,Normal
2026-02-13 23:22:56.553910,Paris-1466,-17,28,Normal
2026-02-13 23:22:57.553910,Paris-1466,45,14,Normal
2026-02-13 23:22:58.553910,Paris-1466,4,48,Normal
2026-02-13 23:22:59.553910,Paris-1466,42,63,Normal
2026-02-13 23:23:00.553910,Paris-1466,0,99,Normal
2026-02-13 23:23:01.553910,Paris-1466,6,35,Normal
2026-02-13 23:23:02.553910,Paris-1466,-17,100,Normal
2026-02-13 23:23:03.553910,Paris-1466,-16,52,Normal
2026-02-13 23:23:04.553910,Paris-1466,10,8,Normal
2026-02-13 23:23:05.553910,Paris-1466,49,55,Normal
2026-02-13 23:23:06.553910,Paris-1466,41,50,Normal
2026-02-13 23:23:07.553910,Paris-1466,-19,91,Normal
2026-02-13 23:23:08.553910,Paris-1466,17,58,Normal
2026-02-13 23:23:09.553910,Paris-1466,0,22,Normal
2026-02-13 23:23:10.553910,Paris-1466,-4,34,Normal
2026-02-13 23:23:11.553910,Paris-1466,45,92,Normal
2026-02-13 23:23:12.553910,Paris-1466,9,5,Normal
2026-02-13 23:23:13.553910,Paris-1466,44,32,Normal
2026-02-13 23:23:14.553910,Paris-1466,9,85,Normal
2026-02-13 23:23:15.553910,Paris-1466,9,16,Normal
2026-02-13 23:23:16.553910,Paris-1466,-8,12,Normal
2026-02-13 23:23:17.553910,Paris-1466,13,55,Normal
2026-02-13 23:23:18.553910,Paris-1466,-19,72,Normal
2026-02-13 23:23:19.553910,Paris-1466,47,51,Normal
2026-02-13 23:23:20.553910,Paris-1466,-14,62,Normal
2026-02-13 23:23:21.553910,Paris-1466,42,37,Normal
2026-02-13 23:23:22.553910,Paris-1466,3,29,Normal
2026-02-13 23:23:23.553910,Paris-1466,6,89,Normal
2026-02-13 23:23:24.553910,Paris-1466,34,90,Normal
2026-02-13 23:23:25.553910,Paris-1466,9,95,Normal
2026-02-13 23:23:26.553910,Paris-1466,17,10,Normal
2026-02-13 23:23:27.553910,Paris-1466,17,82,Normal
2026-02-13 23:23:28.553910,Paris-1466,33,17,Normal
2026-02-13 23:23:29.553910,Paris-1466,38,65,Normal
2026-02-13 23:23:30.553910,Paris-1466,-18,1,Normal
2026-02-13 23:23:31.553910,Paris-1466,46,94,Normal
2026-02-13 23:23:32.553910,Paris-1466,0,22,Normal
2026-02-13 23:23:33.553910,Paris-1466,42,34,Normal
2026-02-13 23:23:34.553910,Paris-1466,-19,34,Normal
2026-02-13 23:23:35.553910,Paris-1466,47,67,Normal
2026-02-13 23:23:36.553910,Paris-1466,-4,75,Normal
2026-02-13 23:23:37.553910,Paris-1466,-25,93,Normal
2026-02-13 23:23:38.553910,Paris-1466,-27,98,Normal
2026-02-13 23:23:39.553910,Paris-1466,32,39,Normal
2026-02-13 23:23:40.553910,Paris-1466,2,73,Normal
2026-02-13 23:23:41.553910,Paris-1466,-24,62,Normal
2026-02-13 23:23:42.553910,Paris-1466,-8,3,Normal
2026-02-13 23:23:43.553910,Paris-1466,-12,0,Normal
2026-02-13 23:23:44.553910,Paris-1466,15,63,Normal
2026-02-13 23:23:45.553910,Paris-1466,48,3,Normal
2026-02-13 23:23:46.553910,Paris-1466,-11,43,Normal
2026-02-13 23:23:47.553910,Paris-1466,-17,41,Normal
2026-02-13 23:23:48.553910,Paris-1466,-29,39,Normal
2026-02-13 23:23:49.553910,Paris-1466,18,33,Normal
2026-02-13 23:23:50.553910,Paris-1466,15,32,Normal
2026-02-13 23:23:51.553910,Paris-1466,19,76,Normal
2026-02-13 23:23:52.553910,Paris-1466,48,7,Normal
2026-02-13 23:23:53.553910,Paris-1466,26,43,Normal
2026-02-13 23:23:54.553910,Paris-1466,37,58,Normal
2026-02-13 23:23:55.553910,Paris-1466,16,52,Normal
2026-02-13 23:23:56.553910,Paris-1466,-14,21,Normal
2026-02-13 23:23:57.553910,Paris-1466,-22,70,Normal
2026-02-13 23:23:58.553910,Paris-1466,-7,57,Normal
2026-02-13 23:23:59.553910,Paris-1466,22,18,Normal
2026-02-13 23:24:00.553910,Paris-1466,-7,15,Normal
2026-02-13 23:24:01.553910,Paris-1466,20,15,Normal
2026-02-13 23:24:02.553910,Paris-1466,25,33,Normal
2026-02-13 23:24:03.553910,Paris-1466,25,30,Normal
2026-02-13 23:24:04.553910,Paris-1466,8,12,Normal
2026-02-13 23:24:05.553910,Paris-1466,-25,9,Normal
2026-02-13 23:24:06.553910,Paris-1466,35,15,Normal
2026-02-13 23:24:07.553910,Paris-1466,30,88,Normal
2026-02-13 23:24:08.553910,Paris-1466,-8,8,Normal
2026-02-13 23:24:09.553910,Paris-1466,37,51,Normal
2026-02-13 23:24:10.553910,Paris-1466,16,46,Normal
2026-02-13 23:24:11.553910,Paris-1466,23,83,Normal
2026-02-13 23:24:12.553910,Paris-1466,46,66,Normal
2026-02-13 23:24:13.553910,Paris-1466,20,70,Normal
2026-02-13 23:24:14.553910,Paris-1466,-12,71,Normal
2026-02-13 23:24:15.553910,Paris-1466,-5,23,Normal
2026-02-13 23:24:16.553910,Paris-1466,-10,93,Normal
2026-02-13 23:24:17.553910,Paris-1466,5,8,Normal
2026-02-13 23:24:18.553910,Paris-1466,40,34,Normal
2026-02-13 23:24:19.553910,Paris-1466,-24,75,Normal
2026-02-13 23:24:20.553910,Paris-1466,-20,44,Normal
2026-02-13 23:24:21.553910,Paris-1466,37,84,Normal
2026-02-13 23:24:22.553910,Paris-1466,32,41,Normal
2026-02-13 23:24:23.553910,Paris-1466,-4,89,Normal
2026-02-13 23:24:24.553910,Paris-1466,-13,58,Normal
2026-02-13 23:24:25.553910,Paris-1466,1,93,Normal
2026-02-13 23:24:26.553910,Paris-1466,33,47,Normal
2026-02-13 23:24:27.553910,Paris-1466,37,47,Normal
2026-02-13 23:24:28.553910,Paris-1466,-17,68,Normal
2026-02-13 23:24:29.553910,Paris-1466,-19,41,Normal
2026-02-13 23:24:30.553910,Paris-1466,48,81,Normal
2026-02-13 23:24:31.553910,Paris-1466,-3,35,Normal
2026-02-13 23:24:32.553910,Paris-1466,2,34,Normal
2026-02-13 23:24:33.553910,Paris-1466,-5,88,Normal
2026-02-13 23:24:34.553910,Paris-1466,-30,34,Normal
2026-02-13 23:24:35.553910,Paris-1466,-11,13,Normal
2026-02-13 23:24:36.553910,Paris-1466,24,43,Normal
2026-02-13 23:24:37.553910,Paris-1466,-24,74,Normal
2026-02-13 23:24:38.553910,Paris-1466,-10,52,Normal
2026-02-13 23:24:39.553910,Paris-1466,30,64,Normal
2026-02-13 23:24:40.553910,Paris-1466,13,26,Normal
2026-02-13 23:24:41.553910,Paris-1466,18,75,Normal
2026-02-13 23:24:42.553910,Paris-1466,21,18,Normal
2026-02-13 23:24:43.553910,Paris-1466,15,88,Normal
2026-02-13 23:24:44.553910,Paris-1466,4,10,Normal
2026-02-13 23:24:45.553910,Paris-1466,-6,87,Normal
2026-02-13 23:24:46.553910,Paris-1466,-7,41,Normal
2026-02-13 23:24:47.553910,Paris-1466,27,34,Normal
2026-02-13 23:24:48.553910,Paris-1466,48,25,Normal
2026-02-13 23:24:49.553910,Paris-1466,9,61,Normal
2026-02-13 23:24:50.553910,Paris-1466,38,63,Normal
2026-02-13 23:24:51.553910,Paris-1466,35,47,Normal
2026-02-13 23:24:52.553910,Paris-1466,19,89,Normal
2026-02-13 23:24:53.553910,Paris-1466,40,83,Normal
2026-02-13 23:24:54.553910,Paris-1466,-21,87,Normal
2026-02-13 23:24:55.553910,Paris-1466,26,5,Normal
2026-02-13 23:24:56.553910,Paris-1466,-18,4,Normal
2026-02-13 23:24:57.553910,Paris-1466,46,94,Normal
2026-02-13 23:24:58.553910,Paris-1466,14,73,Normal
2026-02-13 23:24:59.553910,Paris-1466,11,71,Normal
2026-02-13 23:25:00.553910,Paris-1466,13,5,Normal
2026-02-13 23:25:01.553910,Paris-1466,38,67,Normal
2026-02-13 23:25:02.553910,Paris-1466,-10,57,Normal
2026-02-13 23:25:03.553910,Paris-1466,7,40,Normal
2026-02-13 23:25:04.553910,Paris-1466,14,2,Normal
2026-02-13 23:25:05.553910,Paris-1466,-8,88,Normal
2026-02-13 23:25:06.553910,Paris-1466,-8,86,Normal
2026-02-13 23:25:07.553910,Paris-1466,30,43,Normal
2026-02-13 23:25:08.553910,Paris-1466,-25,38,Normal
2026-02-13 23:25:09.553910,Paris-1466,-6,44,Normal
2026-02-13 23:25:10.553910,Paris-1466,16,35,Normal
2026-02-13 23:25:11.553910,Paris-1466,-3,77,Normal
2026-02-13 23:25:12.553910,Paris-1466,23,73,Normal
2026-02-13 23:25:13.553910,Paris-1466,12,18,Normal
2026-02-13 23:25:14.553910,Paris-1466,49,31,Normal
2026-02-13 23:25:15.553910,Paris-1466,-22,86,Normal
2026-02-13 23:25:16.553910,Paris-1466,36,76,Normal
2026-02-13 23:25:17.553910,Paris-1466,-15,74,Normal
2026-02-13 23:25:18.553910,Paris-1466,4,28,Normal
2026-02-13 23:25:19.553910,Paris-1466,-6,92,Normal
2026-02-13 23:25:20.553910,Paris-1466,36,52,Normal
2026-02-13 23:25:21.553910,Paris-1466,21,34,Normal
2026-02-13 23:25:22.553910,Paris-1466,-15,41,Normal
2026-02-13 23:25:23.553910,Paris-1466,44,35,Normal
2026-02-13 23:25:24.553910,Paris-1466,15,37,Normal
2026-02-13 23:25:25.553910,Paris-1466,10,47,Normal
2026-02-13 23:25:26.553910,Paris-1466,20,52,Normal
2026-02-13 23:25:27.553910,Paris-1466,25,1,Normal
2026-02-13 23:25:28.553910,Paris-1466,3,70,Normal
2026-02-13 23:25:29.553910,Paris-1466,25,73,Normal
2026-02-13 23:25:30.553910,Paris-1466,-20,67,Normal
2026-02-13 23:25:31.553910,Paris-1466,-8,26,Normal
2026-02-13 23:25:32.553910,Paris-1466,4,47,Normal
2026-02-13 23:25:33.553910,Paris-1466,-28,94,Normal
2026-02-13 23:25:34.553910,Paris-1466,-19,52,Normal
2026-02-13 23:25:35.553910,Paris-1466,-7,88,Normal
2026-02-13 23:25:36.553910,Paris-1466,-20,27,Normal
2026-02-13 23:25:37.553910,Paris-1466,18,7,Normal
2026-02-13 23:25:38.553910,Paris-1466,12,65,Normal
2026-02-13 23:25:39.553910,Paris-1466,12,34,Normal
2026-02-13 23:25:40.553910,Paris-1466,-10,22,Normal
2026-02-13 23:25:41.553910,Paris-1466,3,26,Normal
2026-02-13 23:25:42.553910,Paris-1466,48,68,Normal
2026-02-13 23:25:43.553910,Paris-1466,45,42,Normal
2026-02-13 23:25:44.553910,Paris-1466,42,54,Normal
2026-02-13 23:25:45.553910,Paris-1466,3,76,Normal
2026-02-13 23:25:46.553910,Paris-1466,40,20,Normal
2026-02-13 23:25:47.553910,Paris-1466,-12,63,Normal
2026-02-13 23:25:48.553910,Paris-1466,16,73,Normal
2026-02-13 23:25:49.553910,Paris-1466,-2,29,Normal
2026-02-13 23:25:50.553910,Paris-1466,28,31,Normal
2026-02-13 23:25:51.553910,Paris-1466,38,97,Normal
2026-02-13 23:25:52.553910,Paris-1466,-11,64,Normal
2026-02-13 23:25:53.553910,Paris-1466,22,75,Normal
2026-02-13 23:25:54.553910,Paris-1466,-23,53,Normal
2026-02-13 23:25:55.553910,Paris-1466,-20,30,Normal
2026-02-13 23:25:56.553910,Paris-1466,-17,51,Normal
2026-02-13 23:25:57.553910,Paris-1466,10,19,Normal
2026-02-13 23:25:58.553910,Paris-1466,29,43,Normal
2026-02-13 23:25:59.553910,Paris-1466,15,42,Normal
2026-02-13 23:26:00.553910,Paris-1466,-11,84,Normal
2026-02-13 23:26:01.553910,Paris-1466,7,41,Normal
2026-02-13 23:26:02.553910,Paris-1466,43,13,Normal
2026-02-13 23:26:03.553910,Paris-1466,48,85,Normal
2026-02-13 23:26:04.553910,Paris-1466,-28,12,Normal
2026-02-13 23:26:05.553910,Paris-1466,1,76,Normal
2026-02-13 23:26:06.553910,Paris-1466,-18,29,Normal
2026-02-13 23:26:07.553910,Paris-1466,-18,91,Normal
2026-02-13 23:26:08.553910,Paris-1466,31,93,Normal
2026-02-13 23:26:09.553910,Paris-1466,15,40,Normal
2026-02-13 23:26:10.553910,Paris-1466,9,51,Normal
2026-02-13 23:26:11.553910,Paris-1466,17,42,Normal
2026-02-13 23:26:12.553910,Paris-1466,-6,89,Normal
2026-02-13 23:26:13.553910,Paris-1466,-22,92,Normal
2026-02-13 23:26:14.553910,Paris-1466,25,98,Normal
2026-02-13 23:26:15.553910,Paris-1466,-21,11,Normal
2026-02-13 23:26:16.553910,Paris-1466,48,76,Normal
2026-02-13 23:26:17.553910,Paris-1466,-23,98,Normal
2026-02-13 23:26:18.553910,Paris-1466,-7,93,Normal
2026-02-13 23:26:19.553910,Paris-1466,50,92,Normal
2026-02-13 23:26:20.553910,Paris-1466,-16,25,Normal
2026-02-13 23:26:21.553910,Paris-1466,41,11,Normal
2026-02-13 23:26:22.553910,Paris-1466,21,20,Normal
2026-02-13 23:26:23.553910,Paris-1466,-29,37,Normal
2026-02-13 23:26:24.553910,Paris-1466,-26,88,Normal
2026-02-13 23:26:25.553910,Paris-1466,41,27,Normal
2026-02-13 23:26:26.553910,Paris-1466,-8,38,Normal
2026-02-13 23:26:27.553910,Paris-1466,6,36,Normal
2026-02-13 23:26:28.553910,Paris-1466,30,29,Normal
2026-02-13 23:26:29.553910,Paris-1466,-2,31,Normal
2026-02-13 23:26:30.553910,Paris-1466,26,25,Normal
2026-02-13 23:26:31.553910,Paris-1466,6,26,Normal
2026-02-13 23:26:32.553910,Paris-1466,35,23,Normal
2026-02-13 23:26:33.553910,Paris-1466,45,76,Normal
2026-02-13 23:26:34.553910,Paris-1466,49,24,Normal
2026-02-13 23:26:35.553910,Paris-1466,49,10,Normal
2026-02-13 23:26:36.553910,Paris-1466,-5,5,Normal
2026-02-13 23:26:37.553910,Paris-1466,-24,6,Normal
2026-02-13 23:26:38.553910,Paris-1466,25,4,Normal
2026-02-13 23:26:39.553910,Paris-1466,-14,89,Normal
2026-02-13 23:26:40.553910,Paris-1466,45,22,Normal
2026-02-13 23:26:41.553910,Paris-1466,45,55,Normal
2026-02-13 23:26:42.553910,Paris-1466,24,41,Normal
2026-02-13 23:26:43.553910,Paris-1466,42,27,Normal
2026-02-13 23:26:44.553910,Paris-1466,-21,99,Normal
2026-02-13 23:26:45.553910,Paris-1466,-20,64,Normal
2026-02-13 23:26:46.553910,Paris-1466,-27,49,Normal
2026-02-13 23:26:47.553910,Paris-1466,23,21,Normal
2026-02-13 23:26:48.553910,Paris-1466,24,61,Normal
2026-02-13 23:26:49.553910,Paris-1466,-14,41,Normal
2026-02-13 23:26:50.553910,Paris-1466,14,71,Normal
2026-02-13 23:26:51.553910,Paris-1466,3,79,Normal
2026-02-13 23:26:52.553910,Paris-1466,27,53,Normal
2026-02-13 23:26:53.553910,Paris-1466,2,61,Normal
2026-02-13 23:26:54.553910,Paris-1466,-4,42,Normal
2026-02-13 23:26:55.553910,Paris-1466,37,13,Normal
2026-02-13 23:26:56.553910,Paris-1466,31,40,Normal
2026-02-13 23:26:57.553910,Paris-1466,42,24,Normal
2026-02-13 23:26:58.553910,Paris-1466,-6,74,Normal
2026-02-13 23:26:59.553910,Paris-1466,20,87,Normal
2026-02-13 23:27:00.553910,Paris-1466,49,64,Normal
2026-02-13 23:27:01.553910,Paris-1466,33,41,Normal
2026-02-13 23:27:02.553910,Paris-1466,22,41,Normal
2026-02-13 23:27:03.553910,Paris-1466,-24,8,Normal
2026-02-13 23:27:04.553910,Paris-1466,21,25,Normal
2026-02-13 23:27:05.553910,Paris-1466,44,33,Normal
2026-02-13 23:27:06.553910,Paris-1466,-12,51,Normal
2026-02-13 23:27:07.553910,Paris-1466,14,70,Normal
2026-02-13 23:27:08.553910,Paris-1466,8,69,Normal
2026-02-13 23:27:09.553910,Paris-1466,39,12,Normal
2026-02-13 23:27:10.553910,Paris-1466,44,87,Normal
2026-02-13 23:27:11.553910,Paris-1466,33,68,Normal
2026-02-13 23:27:12.553910,Paris-1466,-9,97,Normal
2026-02-13 23:27:13.553910,Paris-1466,-6,44,Normal
2026-02-13 23:27:14.553910,Paris-1466,26,50,Normal
2026-02-13 23:27:15.553910,Paris-1466,-27,71,Normal
2026-02-13 23:27:16.553910,Paris-1466,50,46,Normal
2026-02-13 23:27:17.553910,Paris-1466,39,78,Normal
2026-02-13 23:27:18.553910,Paris-1466,31,30,Normal
2026-02-13 23:27:19.553910,Paris-1466,26,4,Normal
2026-02-13 23:27:20.553910,Paris-1466,-28,44,Normal
2026-02-13 23:27:21.553910,Paris-1466,27,63,Normal
2026-02-13 23:27:22.553910,Paris-1466,-26,77,Normal
2026-02-13 23:27:23.553910,Paris-1466,18,97,Normal
2026-02-13 23:27:24.553910,Paris-1466,32,90,Normal
2026-02-13 23:27:25.553910,Paris-1466,13,35,Normal
2026-02-13 23:27:26.553910,Paris-1466,43,16,Normal
2026-02-13 23:27:27.553910,Paris-1466,10,54,Normal
2026-02-13 23:27:28.553910,Paris-1466,11,39,Normal
2026-02-13 23:27:29.553910,Paris-1466,32,56,Normal
2026-02-13 23:27:30.553910,Paris-1466,35,17,Normal
2026-02-13 23:27:31.553910,Paris-1466,24,11,Normal
2026-02-13 23:27:32.553910,Paris-1466,28,98,Normal
2026-02-13 23:27:33.553910,Paris-1466,-28,23,Normal
2026-02-13 23:27:34.553910,Paris-1466,35,16,Normal
2026-02-13 23:27:35.553910,Paris-1466,48,82,Normal
2026-02-13 23:27:36.553910,Paris-1466,27,47,Normal
2026-02-13 23:27:37.553910,Paris-1466,25,44,Normal
2026-02-13 23:27:38.553910,Paris-1466,-5,17,Normal
2026-02-13 23:27:39.553910,Paris-1466,48,7,Normal
2026-02-13 23:27:40.553910,Paris-1466,-4,53,Normal
2026-02-13 23:27:41.553910,Paris-1466,-3,4,Normal
2026-02-13 23:27:42.553910,Paris-1466,33,23,Normal
2026-02-13 23:27:43.553910,Paris-1466,-3,50,Normal
2026-02-13 23:27:44.553910,Paris-1466,27,5,Normal
2026-02-13 23:27:45.553910,Paris-1466,-20,85,Normal
2026-02-13 23:27:46.553910,Paris-1466,36,1,Normal
2026-02-13 23:27:47.553910,Paris-1466,49,7,Normal
2026-02-13 23:27:48.553910,Paris-1466,-25,96,Normal
2026-02-13 23:27:49.553910,Paris-1466,23,47,Normal
2026-02-13 23:27:50.553910,Paris-1466,-1,70,Normal
2026-02-13 23:27:51.553910,Paris-1466,1,57,Normal
2026-02-13 23:27:52.553910,Paris-1466,8,82,Normal
2026-02-13 23:27:53.553910,Paris-1466,38,5,Normal
2026-02-13 23:27:54.553910,Paris-1466,2,92,Normal
2026-02-13 23:27:55.553910,Paris-1466,-18,50,Normal
2026-02-13 23:27:56.553910,Paris-1466,25,95,Normal
2026-02-13 23:27:57.553910,Paris-1466,25,84,Normal
2026-02-13 23:27:58.553910,Paris-1466,10,56,Normal
2026-02-13 23:27:59.553910,Paris-1466,8,91,Normal
2026-02-13 23:28:00.553910,Paris-1466,-30,56,Normal
2026-02-13 23:28:01.553910,Paris-1466,-12,27,Normal
2026-02-13 23:28:02.553910,Paris-1466,13,25,Normal
2026-02-13 23:28:03.553910,Paris-1466,37,50,Normal
2026-02-13 23:28:04.553910,Paris-1466,7,59,Normal
2026-02-13 23:28:05.553910,Paris-1466,16,84,Normal
2026-02-13 23:28:06.553910,Paris-1466,-22,46,Normal
2026-02-13 23:28:07.553910,Paris-1466,25,38,Normal
2026-02-13 23:28:08.553910,Paris-1466,-16,89,Normal
2026-02-13 23:28:09.553910,Paris-1466,-14,50,Normal
2026-02-13 23:28:10.553910,Paris-1466,50,62,Normal
2026-02-13 23:28:11.553910,Paris-1466,10,63,Normal
2026-02-13 23:28:12.553910,Paris-1466,-19,86,Normal
