timestamp,station_id,temp,humid,condition
2026-04-28 12:25:54.567869,Dubai-3f97,12,47,Normal
2026-04-28 12:25:55.567869,Dubai-3f97,-25,71,Normal
2026-04-28 12:25:56.567869,Dubai-3f97,-5,66,Normal
2026-04-28 12:25:57.567869,Dubai-3f97,34,52,Normal
2026-04-28 12:25:58.567869,Dubai-3f97,-6,86,Normal
2026-04-28 12:25:59.567869,Dubai-3f97,-21,60,Normal
2026-04-28 12:26:00.567869,Dubai-3f97,-5,39,Normal
2026-04-28 12:26:01.567869,Dubai-3f97,5,15,Normal
2026-04-28 12:26:02.567869,Dubai-3f97,2,71,Normal
2026-04-28 12:26:03.567869,Dubai-3f97,-24,3,Normal
2026-04-28 12:26:04.567869,Dubai-3f97,-28,78,Normal
2026-04-28 12:26:05.567869,Dubai-3f97,6,82,Normal
2026-04-28 12:26:06.567869,Dubai-3f97,-8,82,Normal
2026-04-28 12:26:07.567869,Dubai-3f97,-20,77,Normal
2026-04-28 12:26:08.567869,Dubai-3f97,21,13,Normal
2026-04-28 12:26:09.567869,Dubai-3f97,50,88,Normal
2026-04-28 12:26:10.567869,Dubai-3f97,27,74,Normal
2026-04-28 12:26:11.567869,Dubai-3f97,-17,54,Normal
2026-04-28 12:26:12.567869,Dubai-3f97,18,82,Normal
2026-04-28 12:26:13.567869,Dubai-3f97,32,98,Normal
2026-04-28 12:26:14.567869,Dubai-3f97,40,28,Normal
2026-04-28 12:26:15.567869,Dubai-3f97,32,86,Normal
2026-04-28 12:26:16.567869,Dubai-3f97,-27,69,Normal
2026-04-28 12:26:17.567869,Dubai-3f97,37,48,Normal
2026-04-28 12:26:18.567869,Dubai-3f97,35,2,Normal
2026-04-28 12:26:19.567869,Dubai-3f97,-29,1,Normal
2026-04-28 12:26:20.567869,Dubai-3f97,10,75,Normal
2026-04-28 12:26:21.567869,Dubai-3f97,28,43,Normal
2026-04-28 12:26:22.567869,Dubai-3f97,28,59,Normal
2026-04-28 12:26:23.567869,Dubai-3f97,25,38,Normal
2026-04-28 12:26:24.567869,Dubai-3f97,27,36,Normal
2026-04-28 12:26:25.567869,Dubai-3f97,-12,14,Normal
2026-04-28 12:26:26.567869,Dubai-3f97,-26,17,Normal
2026-04-28 12:26:27.567869,Dubai-3f97,29,16,Normal
2026-04-28 12:26:28.567869,Dubai-3f97,12,12,Normal
2026-04-28 12:26:29.567869,Dubai-3f97,41,86,Normal
2026-04-28 12:26:30.567869,Dubai-3f97,34,49,Normal
2026-04-28 12:26:31.567869,Dubai-3f97,44,43,Normal
2026-04-28 12:26:32.567869,Dubai-3f97,-23,60,Normal
2026-04-28 12:26:33.567869,Dubai-3f97,-25,89,Normal
2026-04-28 12:26:34.567869,Dubai-3f97,-26,60,Normal
2026-04-28 12:26:35.567869,Dubai-3f97,22,12,Normal
2026-04-28 12:26:36.567869,Dubai-3f97,5,80,Normal
2026-04-28 12:26:37.567869,Dubai-3f97,-7,97,Normal
2026-04-28 12:26:38.567869,Dubai-3f97,16,55,Normal
2026-04-28 12:26:39.567869,Dubai-3f97,22,88,Normal
2026-04-28 12:26:40.567869,Dubai-3f97,21,72,Normal
2026-04-28 12:26:41.567869,Dubai-3f97,-15,26,Normal
2026-04-28 12:26:42.567869,Dubai-3f97,-26,22,Normal
2026-04-28 12:26:43.567869,Dubai-3f97,13,94,Normal
2026-04-28 12:26:44.567869,Dubai-3f97,0,93,Normal
2026-04-28 12:26:45.567869,Dubai-3f97,17,81,Normal
2026-04-28 12:26:46.567869,Dubai-3f97,-25,2,Normal
2026-04-28 12:26:47.567869,Dubai-3f97,3,98,Normal
2026-04-28 12:26:48.567869,Dubai-3f97,4,74,Normal
2026-04-28 12:26:49.567869,Dubai-3f97,-5,79,Normal
2026-04-28 12:26:50.567869,Dubai-3f97,11,3,Normal
2026-04-28 12:26:51.567869,Dubai-3f97,-14,39,Normal
2026-04-28 12:26:52.567869,Dubai-3f97,36,79,Normal
2026-04-28 12:26:53.567869,Dubai-3f97,-12,1,Normal
2026-04-28 12:26:54.567869,Dubai-3f97,12,31,Normal
2026-04-28 12:26:55.567869,Dubai-3f97,47,85,Normal
2026-04-28 12:26:56.567869,Dubai-3f97,46,97,Normal
2026-04-28 12:26:57.567869,Dubai-3f97,-22,5,Normal
2026-04-28 12:26:58.567869,Dubai-3f97,17,85,Normal
2026-04-28 12:26:59.567869,Dubai-3f97,-20,41,Normal
2026-04-28 12:27:00.567869,Dubai-3f97,-1,87,Normal
2026-04-28 12:27:01.567869,Dubai-3f97,48,28,Normal
2026-04-28 12:27:02.567869,Dubai-3f97,8,78,Normal
2026-04-28 12:27:03.567869,Dubai-3f97,44,59,Normal
2026-04-28 12:27:04.567869,Dubai-3f97,31,23,Normal
2026-04-28 12:27:05.567869,Dubai-3f97,-5,4,Normal
2026-04-28 12:27:06.567869,Dubai-3f97,-15,55,Normal
2026-04-28 12:27:07.567869,Dubai-3f97,35,0,Normal
2026-04-28 12:27:08.567869,Dubai-3f97,11,91,Normal
2026-04-28 12:27:09.567869,Dubai-3f97,23,47,Normal
2026-04-28 12:27:10.567869,Dubai-3f97,1,22,Normal
2026-04-28 12:27:11.567869,Dubai-3f97,50,65,Normal
2026-04-28 12:27:12.567869,Dubai-3f97,23,65,Normal
2026-04-28 12:27:13.567869,Dubai-3f97,-10,35,Normal
2026-04-28 12:27:14.567869,Dubai-3f97,12,88,Normal
2026-04-28 12:27:15.567869,Dubai-3f97,-21,86,Normal
2026-04-28 12:27:16.567869,Dubai-3f97,11,100,Normal
2026-04-28 12:27:17.567869,Dubai-3f97,0,87,Normal
2026-04-28 12:27:18.567869,Dubai-3f97,-27,40,Normal
2026-04-28 12:27:19.567869,Dubai-3f97,37,50,Normal
2026-04-28 12:27:20.567869,Dubai-3f97,31,61,Normal
2026-04-28 12:27:21.567869,Dubai-3f97,34,8,Normal
2026-04-28 12:27:22.567869,Dubai-3f97,-12,71,Normal
2026-04-28 12:27:23.567869,Dubai-3f97,-10,47,Normal
2026-04-28 12:27:24.567869,Dubai-3f97,-30,32,Normal
2026-04-28 12:27:25.567869,Dubai-3f97,-4,9,Normal
2026-04-28 12:27:26.567869,Dubai-3f97,5,91,Normal
2026-04-28 12:27:27.567869,Dubai-3f97,-2,91,Normal
2026-04-28 12:27:28.567869,Dubai-3f97,-16,66,Normal
2026-04-28 12:27:29.567869,Dubai-3f97,26,20,Normal
2026-04-28 12:27:30.567869,Dubai-3f97,0,50,Normal
2026-04-28 12:27:31.567869,Dubai-3f97,14,48,Normal
2026-04-28 12:27:32.567869,Dubai-3f97,-30,21,Normal
2026-04-28 12:27:33.567869,Dubai-3f97,-2,34,Normal
2026-04-28 12:27:34.567869,Dubai-3f97,42,35,Normal
2026-04-28 12:27:35.567869,Dubai-3f97,-17,31,Normal
2026-04-28 12:27:36.567869,Dubai-3f97,-24,32,Normal
2026-04-28 12:27:37.567869,Dubai-3f97,37,90,Normal
2026-04-28 12:27:38.567869,Dubai-3f97,26,44,Normal
2026-04-28 12:27:39.567869,Dubai-3f97,29,9,Normal
2026-04-28 12:27:40.567869,Dubai-3f97,1,72,Normal
2026-04-28 12:27:41.567869,Dubai-3f97,22,7,Normal
2026-04-28 12:27:42.567869,Dubai-3f97,5,75,Normal
2026-04-28 12:27:43.567869,Dubai-3f97,24,65,Normal
2026-04-28 12:27:44.567869,Dubai-3f97,27,95,Normal
2026-04-28 12:27:45.567869,Dubai-3f97,11,19,Normal
2026-04-28 12:27:46.567869,Dubai-3f97,-9,35,Normal
2026-04-28 12:27:47.567869,Dubai-3f97,-6,1,Normal
2026-04-28 12:27:48.567869,Dubai-3f97,47,70,Normal
2026-04-28 12:27:49.567869,Dubai-3f97,-9,2,Normal
2026-04-28 12:27:50.567869,Dubai-3f97,21,75,Normal
2026-04-28 12:27:51.567869,Dubai-3f97,-11,5,Normal
2026-04-28 12:27:52.567869,Dubai-3f97,46,30,Normal
2026-04-28 12:27:53.567869,Dubai-3f97,48,45,Normal
2026-04-28 12:27:54.567869,Dubai-3f97,24,14,Normal
2026-04-28 12:27:55.567869,Dubai-3f97,-11,94,Normal
2026-04-28 12:27:56.567869,Dubai-3f97,10,13,Normal
2026-04-28 12:27:57.567869,Dubai-3f97,39,25,Normal
2026-04-28 12:27:58.567869,Dubai-3f97,40,38,Normal
2026-04-28 12:27:59.567869,Dubai-3f97,8,62,Normal
2026-04-28 12:28:00.567869,Dubai-3f97,-2,72,Normal
2026-04-28 12:28:01.567869,Dubai-3f97,17,51,Normal
2026-04-28 12:28:02.567869,Dubai-3f97,8,38,Normal
2026-04-28 12:28:03.567869,Dubai-3f97,22,15,Normal
2026-04-28 12:28:04.567869,Dubai-3f97,47,74,Normal
2026-04-28 12:28:05.567869,Dubai-3f97,11,30,Normal
2026-04-28 12:28:06.567869,Dubai-3f97,-11,42,Normal
2026-04-28 12:28:07.567869,Dubai-3f97,-12,12,Normal
2026-04-28 12:28:08.567869,Dubai-3f97,-25,29,Normal
2026-04-28 12:28:09.567869,Dubai-3f97,50,76,Normal
2026-04-28 12:28:10.567869,Dubai-3f97,14,57,Normal
2026-04-28 12:28:11.567869,Dubai-3f97,1,16,Normal
2026-04-28 12:28:12.567869,Dubai-3f97,50,82,Normal
2026-04-28 12:28:13.567869,Dubai-3f97,-11,57,Normal
2026-04-28 12:28:14.567869,Dubai-3f97,-30,30,Normal
2026-04-28 12:28:15.567869,Dubai-3f97,1,86,Normal
2026-04-28 12:28:16.567869,Dubai-3f97,3,17,Normal
2026-04-28 12:28:17.567869,Dubai-3f97,-1,93,Normal
2026-04-28 12:28:18.567869,Dubai-3f97,-13,9,Normal
2026-04-28 12:28:19.567869,Dubai-3f97,11,13,Normal
2026-04-28 12:28:20.567869,Dubai-3f97,-2,79,Normal
2026-04-28 12:28:21.567869,Dubai-3f97,15,94,Normal
2026-04-28 12:28:22.567869,Dubai-3f97,-14,81,Normal
2026-04-28 12:28:23.567869,Dubai-3f97,41,20,Normal
2026-04-28 12:28:24.567869,Dubai-3f97,32,33,Normal
2026-04-28 12:28:25.567869,Dubai-3f97,5,43,Normal
2026-04-28 12:28:26.567869,Dubai-3f97,-5,30,Normal
2026-04-28 12:28:27.567869,Dubai-3f97,14,98,Normal
2026-04-28 12:28:28.567869,Dubai-3f97,44,83,Normal
2026-04-28 12:28:29.567869,Dubai-3f97,-27,72,Normal
2026-04-28 12:28:30.567869,Dubai-3f97,22,7,Normal
2026-04-28 12:28:31.567869,Dubai-3f97,9,81,Normal
2026-04-28 12:28:32.567869,Dubai-3f97,40,13,Normal
2026-04-28 12:28:33.567869,Dubai-3f97,18,67,Normal
2026-04-28 12:28:34.567869,Dubai-3f97,-5,25,Normal
2026-04-28 12:28:35.567869,Dubai-3f97,50,9,Normal
2026-04-28 12:28:36.567869,Dubai-3f97,41,38,Normal
2026-04-28 12:28:37.567869,Dubai-3f97,-25,3,Normal
2026-04-28 12:28:38.567869,Dubai-3f97,-12,98,Normal
2026-04-28 12:28:39.567869,Dubai-3f97,38,61,Normal
2026-04-28 12:28:40.567869,Dubai-3f97,0,31,Normal
2026-04-28 12:28:41.567869,Dubai-3f97,-7,88,Normal
2026-04-28 12:28:42.567869,Dubai-3f97,-14,70,Normal
2026-04-28 12:28:43.567869,Dubai-3f97,27,97,Normal
2026-04-28 12:28:44.567869,Dubai-3f97,-17,18,Normal
2026-04-28 12:28:45.567869,Dubai-3f97,-15,21,Normal
2026-04-28 12:28:46.567869,Dubai-3f97,-28,74,Normal
2026-04-28 12:28:47.567869,Dubai-3f97,43,18,Normal
2026-04-28 12:28:48.567869,Dubai-3f97,-13,4,Normal
2026-04-28 12:28:49.567869,Dubai-3f97,42,68,Normal
2026-04-28 12:28:50.567869,Dubai-3f97,42,62,Normal
2026-04-28 12:28:51.567869,Dubai-3f97,-23,0,Normal
2026-04-28 12:28:52.567869,Dubai-3f97,4,7,Normal
2026-04-28 12:28:53.567869,Dubai-3f97,2,18,Normal
2026-04-28 12:28:54.567869,Dubai-3f97,5,93,Normal
2026-04-28 12:28:55.567869,Dubai-3f97,25,22,Normal
2026-04-28 12:28:56.567869,Dubai-3f97,-19,38,Normal
2026-04-28 12:28:57.567869,Dubai-3f97,39,5,Normal
2026-04-28 12:28:58.567869,Dubai-3f97,28,0,Normal
2026-04-28 12:28:59.567869,Dubai-3f97,-25,63,Normal
2026-04-28 12:29:00.567869,Dubai-3f97,31,83,Normal
2026-04-28 12:29:01.567869,Dubai-3f97,31,64,Normal
2026-04-28 12:29:02.567869,Dubai-3f97,40,81,Normal
2026-04-28 12:29:03.567869,Dubai-3f97,42,40,Normal
2026-04-28 12:29:04.567869,Dubai-3f97,29,14,Normal
2026-04-28 12:29:05.567869,Dubai-3f97,5,61,Normal
2026-04-28 12:29:06.567869,Dubai-3f97,41,3,Normal
2026-04-28 12:29:07.567869,Dubai-3f97,18,93,Normal
2026-04-28 12:29:08.567869,Dubai-3f97,20,38,Normal
2026-04-28 12:29:09.567869,Dubai-3f97,13,21,Normal
2026-04-28 12:29:10.567869,Dubai-3f97,28,7,Normal
2026-04-28 12:29:11.567869,Dubai-3f97,36,3,Normal
2026-04-28 12:29:12.567869,Dubai-3f97,-27,99,Normal
2026-04-28 12:29:13.567869,Dubai-3f97,-2,76,Normal
2026-04-28 12:29:14.567869,Dubai-3f97,-3,67,Normal
2026-04-28 12:29:15.567869,Dubai-3f97,-16,48,Normal
2026-04-28 12:29:16.567869,Dubai-3f97,-10,33,Normal
2026-04-28 12:29:17.567869,Dubai-3f97,16,9,Normal
2026-04-28 12:29:18.567869,Dubai-3f97,1,76,Normal
2026-04-28 12:29:19.567869,Dubai-3f97,41,54,Normal
2026-04-28 12:29:20.567869,Dubai-3f97,-28,41,Normal
2026-04-28 12:29:21.567869,Dubai-3f97,9,79,Normal
2026-04-28 12:29:22.567869,Dubai-3f97,10,19,Normal
2026-04-28 12:29:23.567869,Dubai-3f97,39,20,Normal
2026-04-28 12:29:24.567869,Dubai-3f97,32,59,Normal
2026-04-28 12:29:25.567869,Dubai-3f97,-30,17,Normal
2026-04-28 12:29:26.567869,Dubai-3f97,-15,13,Normal
2026-04-28 12:29:27.567869,Dubai-3f97,28,77,Normal
2026-04-28 12:29:28.567869,Dubai-3f97,29,86,Normal
2026-04-28 12:29:29.567869,Dubai-3f97,24,73,Normal
2026-04-28 12:29:30.567869,Dubai-3f97,20,15,Normal
2026-04-28 12:29:31.567869,Dubai-3f97,21,87,Normal
2026-04-28 12:29:32.567869,Dubai-3f97,-22,88,Normal
2026-04-28 12:29:33.567869,Dubai-3f97,-25,76,Normal
2026-04-28 12:29:34.567869,Dubai-3f97,-24,0,Normal
2026-04-28 12:29:35.567869,Dubai-3f97,43,82,Normal
2026-04-28 12:29:36.567869,Dubai-3f97,-18,93,Normal
2026-04-28 12:29:37.567869,Dubai-3f97,12,76,Normal
2026-04-28 12:29:38.567869,Dubai-3f97,23,67,Normal
2026-04-28 12:29:39.567869,Dubai-3f97,22,39,Normal
2026-04-28 12:29:40.567869,Dubai-3f97,17,94,Normal
2026-04-28 12:29:41.567869,Dubai-3f97,38,27,Normal
2026-04-28 12:29:42.567869,Dubai-3f97,23,11,Normal
2026-04-28 12:29:43.567869,Dubai-3f97,48,92,Normal
2026-04-28 12:29:44.567869,Dubai-3f97,-14,71,Normal
2026-04-28 12:29:45.567869,Dubai-3f97,28,85,Normal
2026-04-28 12:29:46.567869,Dubai-3f97,14,13,Normal
2026-04-28 12:29:47.567869,Dubai-3f97,-22,50,Normal
2026-04-28 12:29:48.567869,Dubai-3f97,27,40,Normal
2026-04-28 12:29:49.567869,Dubai-3f97,36,70,Normal
2026-04-28 12:29:50.567869,Dubai-3f97,19,68,Normal
2026-04-28 12:29:51.567869,Dubai-3f97,-11,84,Normal
2026-04-28 12:29:52.567869,Dubai-3f97,14,81,Normal
2026-04-28 12:29:53.567869,Dubai-3f97,43,100,Normal
2026-04-28 12:29:54.567869,Dubai-3f97,3,96,Normal
2026-04-28 12:29:55.567869,Dubai-3f97,6,13,Normal
2026-04-28 12:29:56.567869,Dubai-3f97,-3,0,Normal
2026-04-28 12:29:57.567869,Dubai-3f97,47,29,Normal
2026-04-28 12:29:58.567869,Dubai-3f97,45,48,Normal
2026-04-28 12:29:59.567869,Dubai-3f97,26,48,Normal
2026-04-28 12:30:00.567869,Dubai-3f97,-11,11,Normal
2026-04-28 12:30:01.567869,Dubai-3f97,-4,77,Normal
2026-04-28 12:30:02.567869,Dubai-3f97,-30,2,Normal
2026-04-28 12:30:03.567869,Dubai-3f97,38,52,Normal
2026-04-28 12:30:04.567869,Dubai-3f97,44,41,Normal
2026-04-28 12:30:05.567869,Dubai-3f97,11,97,Normal
2026-04-28 12:30:06.567869,Dubai-3f97,-4,55,Normal
2026-04-28 12:30:07.567869,Dubai-3f97,36,86,Normal
2026-04-28 12:30:08.567869,Dubai-3f97,-30,51,Normal
2026-04-28 12:30:09.567869,Dubai-3f97,43,30,Normal
2026-04-28 12:30:10.567869,Dubai-3f97,-25,45,Normal
2026-04-28 12:30:11.567869,Dubai-3f97,4,26,Normal
2026-04-28 12:30:12.567869,Dubai-3f97,-15,55,Normal
2026-04-28 12:30:13.567869,Dubai-3f97,39,66,Normal
2026-04-28 12:30:14.567869,Dubai-3f97,-22,47,Normal
2026-04-28 12:30:15.567869,Dubai-3f97,-7,80,Normal
2026-04-28 12:30:16.567869,Dubai-3f97,25,39,Normal
2026-04-28 12:30:17.567869,Dubai-3f97,3,11,Normal
2026-04-28 12:30:18.567869,Dubai-3f97,9,62,Normal
2026-04-28 12:30:19.567869,Dubai-3f97,-16,61,Normal
2026-04-28 12:30:20.567869,Dubai-3f97,36,67,Normal
2026-04-28 12:30:21.567869,Dubai-3f97,22,51,Normal
2026-04-28 12:30:22.567869,Dubai-3f97,24,49,Normal
2026-04-28 12:30:23.567869,Dubai-3f97,10,7,Normal
2026-04-28 12:30:24.567869,Dubai-3f97,-22,98,Normal
2026-04-28 12:30:25.567869,Dubai-3f97,-4,73,Normal
2026-04-28 12:30:26.567869,Dubai-3f97,17,26,Normal
2026-04-28 12:30:27.567869,Dubai-3f97,-7,31,Normal
2026-04-28 12:30:28.567869,Dubai-3f97,42,20,Normal
2026-04-28 12:30:29.567869,Dubai-3f97,-29,74,Normal
2026-04-28 12:30:30.567869,Dubai-3f97,49,94,Normal
2026-04-28 12:30:31.567869,Dubai-3f97,-13,72,Normal
2026-04-28 12:30:32.567869,Dubai-3f97,8,54,Normal
2026-04-28 12:30:33.567869,Dubai-3f97,10,33,Normal
2026-04-28 12:30:34.567869,Dubai-3f97,10,51,Normal
2026-04-28 12:30:35.567869,Dubai-3f97,18,47,Normal
2026-04-28 12:30:36.567869,Dubai-3f97,19,28,Normal
2026-04-28 12:30:37.567869,Dubai-3f97,-6,18,Normal
2026-04-28 12:30:38.567869,Dubai-3f97,24,86,Normal
2026-04-28 12:30:39.567869,Dubai-3f97,-6,70,Normal
2026-04-28 12:30:40.567869,Dubai-3f97,-7,28,Normal
2026-04-28 12:30:41.567869,Dubai-3f97,-8,2,Normal
2026-04-28 12:30:42.567869,Dubai-3f97,-21,63,Normal
2026-04-28 12:30:43.567869,Dubai-3f97,-23,53,Normal
2026-04-28 12:30:44.567869,Dubai-3f97,-5,23,Normal
2026-04-28 12:30:45.567869,Dubai-3f97,42,91,Normal
2026-04-28 12:30:46.567869,Dubai-3f97,-30,6,Normal
2026-04-28 12:30:47.567869,Dubai-3f97,40,33,Normal
2026-04-28 12:30:48.567869,Dubai-3f97,-27,88,Normal
2026-04-28 12:30:49.567869,Dubai-3f97,24,75,Normal
2026-04-28 12:30:50.567869,Dubai-3f97,-1,9,Normal
2026-04-28 12:30:51.567869,Dubai-3f97,22,75,Normal
2026-04-28 12:30:52.567869,Dubai-3f97,1,35,Normal
2026-04-28 12:30:53.567869,Dubai-3f97,36,49,Normal
2026-04-28 12:30:54.567869,Dubai-3f97,-26,76,Normal
2026-04-28 12:30:55.567869,Dubai-3f97,0,63,Normal
2026-04-28 12:30:56.567869,Dubai-3f97,14,56,Normal
2026-04-28 12:30:57.567869,Dubai-3f97,14,37,Normal
2026-04-28 12:30:58.567869,Dubai-3f97,49,82,Normal
2026-04-28 12:30:59.567869,Dubai-3f97,19,94,Normal
2026-04-28 12:31:00.567869,Dubai-3f97,-30,37,Normal
2026-04-28 12:31:01.567869,Dubai-3f97,42,61,Normal
2026-04-28 12:31:02.567869,Dubai-3f97,42,92,Normal
2026-04-28 12:31:03.567869,Dubai-3f97,25,58,Normal
2026-04-28 12:31:04.567869,Dubai-3f97,49,42,Normal
2026-04-28 12:31:05.567869,Dubai-3f97,50,74,Normal
2026-04-28 12:31:06.567869,Dubai-3f97,38,63,Normal
2026-04-28 12:31:07.567869,Dubai-3f97,41,81,Normal
2026-04-28 12:31:08.567869,Dubai-3f97,-27,12,Normal
2026-04-28 12:31:09.567869,Dubai-3f97,45,16,Normal
2026-04-28 12:31:10.567869,Dubai-3f97,-3,33,Normal
2026-04-28 12:31:11.567869,Dubai-3f97,46,20,Normal
2026-04-28 12:31:12.567869,Dubai-3f97,-26,58,Normal
2026-04-28 12:31:13.567869,Dubai-3f97,-28,79,Normal
2026-04-28 12:31:14.567869,Dubai-3f97,-20,0,Normal
2026-04-28 12:31:15.567869,Dubai-3f97,-26,78,Normal
2026-04-28 12:31:16.567869,Dubai-3f97,-29,54,Normal
2026-04-28 12:31:17.567869,Dubai-3f97,6,58,Normal
2026-04-28 12:31:18.567869,Dubai-3f97,-3,46,Normal
2026-04-28 12:31:19.567869,Dubai-3f97,-12,97,Normal
2026-04-28 12:31:20.567869,Dubai-3f97,27,98,Normal
2026-04-28 12:31:21.567869,Dubai-3f97,-13,26,Normal
2026-04-28 12:31:22.567869,Dubai-3f97,-22,84,Normal
2026-04-28 12:31:23.567869,Dubai-3f97,-27,34,Normal
2026-04-28 12:31:24.567869,Dubai-3f97,32,31,Normal
2026-04-28 12:31:25.567869,Dubai-3f97,-27,78,Normal
2026-04-28 12:31:26.567869,Dubai-3f97,22,37,Normal
2026-04-28 12:31:27.567869,Dubai-3f97,25,76,Normal
2026-04-28 12:31:28.567869,Dubai-3f97,20,91,Normal
2026-04-28 12:31:29.567869,Dubai-3f97,17,57,Normal
2026-04-28 12:31:30.567869,Dubai-3f97,16,42,Normal
2026-04-28 12:31:31.567869,Dubai-3f97,-12,48,Normal
2026-04-28 12:31:32.567869,Dubai-3f97,28,25,Normal
2026-04-28 12:31:33.567869,Dubai-3f97,-1,83,Normal
2026-04-28 12:31:34.567869,Dubai-3f97,32,30,Normal
2026-04-28 12:31:35.567869,Dubai-3f97,19,27,Normal
2026-04-28 12:31:36.567869,Dubai-3f97,20,33,Normal
2026-04-28 12:31:37.567869,Dubai-3f97,-4,29,Normal
2026-04-28 12:31:38.567869,Dubai-3f97,-8,76,Normal
2026-04-28 12:31:39.567869,Dubai-3f97,-21,100,Normal
2026-04-28 12:31:40.567869,Dubai-3f97,21,70,Normal
2026-04-28 12:31:41.567869,Dubai-3f97,20,21,Normal
2026-04-28 12:31:42.567869,Dubai-3f97,10,51,Normal
2026-04-28 12:31:43.567869,Dubai-3f97,8,75,Normal
2026-04-28 12:31:44.567869,Dubai-3f97,29,44,Normal
2026-04-28 12:31:45.567869,Dubai-3f97,-27,98,Normal
2026-04-28 12:31:46.567869,Dubai-3f97,38,86,Normal
2026-04-28 12:31:47.567869,Dubai-3f97,29,29,Normal
2026-04-28 12:31:48.567869,Dubai-3f97,34,28,Normal
2026-04-28 12:31:49.567869,Dubai-3f97,-17,16,Normal
2026-04-28 12:31:50.567869,Dubai-3f97,39,68,Normal
2026-04-28 12:31:51.567869,Dubai-3f97,34,11,Normal
2026-04-28 12:31:52.567869,Dubai-3f97,8,70,Normal
2026-04-28 12:31:53.567869,Dubai-3f97,-11,73,Normal
2026-04-28 12:31:54.567869,Dubai-3f97,35,82,Normal
2026-04-28 12:31:55.567869,Dubai-3f97,1,13,Normal
2026-04-28 12:31:56.567869,Dubai-3f97,23,42,Normal
2026-04-28 12:31:57.567869,Dubai-3f97,-13,12,Normal
2026-04-28 12:31:58.567869,Dubai-3f97,15,15,Normal
2026-04-28 12:31:59.567869,Dubai-3f97,3,50,Normal
2026-04-28 12:32:00.567869,Dubai-3f97,21,88,Normal
2026-04-28 12:32:01.567869,Dubai-3f97,10,66,Normal
2026-04-28 12:32:02.567869,Dubai-3f97,-5,94,Normal
2026-04-28 12:32:03.567869,Dubai-3f97,8,15,Normal
2026-04-28 12:32:04.567869,Dubai-3f97,21,57,Normal
2026-04-28 12:32:05.567869,Dubai-3f97,2,72,Normal
2026-04-28 12:32:06.567869,Dubai-3f97,-17,92,Normal
2026-04-28 12:32:07.567869,Dubai-3f97,-14,63,Normal
2026-04-28 12:32:08.567869,Dubai-3f97,22,34,Normal
2026-04-28 12:32:09.567869,Dubai-3f97,-2,92,Normal
2026-04-28 12:32:10.567869,Dubai-3f97,-4,7,Normal
2026-04-28 12:32:11.567869,Dubai-3f97,-13,93,Normal
2026-04-28 12:32:12.567869,Dubai-3f97,-18,30,Normal
2026-04-28 12:32:13.567869,Dubai-3f97,1,99,Normal
2026-04-28 12:32:14.567869,Dubai-3f97,-26,18,Normal
2026-04-28 12:32:15.567869,Dubai-3f97,45,0,Normal
2026-04-28 12:32:16.567869,Dubai-3f97,-23,9,Normal
2026-04-28 12:32:17.567869,Dubai-3f97,23,78,Normal
2026-04-28 12:32:18.567869,Dubai-3f97,-26,88,Normal
2026-04-28 12:32:19.567869,Dubai-3f97,-6,65,Normal
2026-04-28 12:32:20.567869,Dubai-3f97,-7,85,Normal
2026-04-28 12:32:21.567869,Dubai-3f97,-7,25,Normal
2026-04-28 12:32:22.567869,Dubai-3f97,26,95,Normal
2026-04-28 12:32:23.567869,Dubai-3f97,41,65,Normal
2026-04-28 12:32:24.567869,Dubai-3f97,-6,56,Normal
2026-04-28 12:32:25.567869,Dubai-3f97,30,28,Normal
2026-04-28 12:32:26.567869,Dubai-3f97,43,64,Normal
2026-04-28 12:32:27.567869,Dubai-3f97,-20,38,Normal
2026-04-28 12:32:28.567869,Dubai-3f97,30,16,Normal
2026-04-28 12:32:29.567869,Dubai-3f97,40,79,Normal
2026-04-28 12:32:30.567869,Dubai-3f97,23,17,Normal
2026-04-28 12:32:31.567869,Dubai-3f97,-7,97,Normal
2026-04-28 12:32:32.567869,Dubai-3f97,5,63,Normal
2026-04-28 12:32:33.567869,Dubai-3f97,16,10,Normal
2026-04-28 12:32:34.567869,Dubai-3f97,-21,94,Normal
2026-04-28 12:32:35.567869,Dubai-3f97,8,69,Normal
2026-04-28 12:32:36.567869,Dubai-3f97,-24,79,Normal
2026-04-28 12:32:37.567869,Dubai-3f97,38,100,Normal
2026-04-28 12:32:38.567869,Dubai-3f97,-6,74,Normal
2026-04-28 12:32:39.567869,Dubai-3f97,28,99,Normal
2026-04-28 12:32:40.567869,Dubai-3f97,19,85,Normal
2026-04-28 12:32:41.567869,Dubai-3f97,28,57,Normal
2026-04-28 12:32:42.567869,Dubai-3f97,16,0,Normal
2026-04-28 12:32:43.567869,Dubai-3f97,29,8,Normal
2026-04-28 12:32:44.567869,Dubai-3f97,-30,58,Normal
2026-04-28 12:32:45.567869,Dubai-3f97,19,21,Normal
2026-04-28 12:32:46.567869,Dubai-3f97,15,78,Normal
2026-04-28 12:32:47.567869,Dubai-3f97,37,2,Normal
2026-04-28 12:32:48.567869,Dubai-3f97,1,25,Normal
2026-04-28 12:32:49.567869,Dubai-3f97,13,39,Normal
2026-04-28 12:32:50.567869,Dubai-3f97,48,70,Normal
2026-04-28 12:32:51.567869,Dubai-3f97,49,34,Normal
2026-04-28 12:32:52.567869,Dubai-3f97,11,48,Normal
2026-04-28 12:32:53.567869,Dubai-3f97,37,15,Normal
2026-04-28 12:32:54.567869,Dubai-3f97,9,16,Normal
2026-04-28 12:32:55.567869,Dubai-3f97,15,33,Normal
2026-04-28 12:32:56.567869,Dubai-3f97,-17,42,Normal
2026-04-28 12:32:57.567869,Dubai-3f97,-30,6,Normal
2026-04-28 12:32:58.567869,Dubai-3f97,39,85,Normal
2026-04-28 12:32:59.567869,Dubai-3f97,-29,8,Normal
2026-04-28 12:33:00.567869,Dubai-3f97,7,43,Normal
2026-04-28 12:33:01.567869,Dubai-3f97,39,78,Normal
2026-04-28 12:33:02.567869,Dubai-3f97,-25,52,Normal
2026-04-28 12:33:03.567869,Dubai-3f97,16,10,Normal
2026-04-28 12:33:04.567869,Dubai-3f97,-30,88,Normal
2026-04-28 12:33:05.567869,Dubai-3f97,14,60,Normal
2026-04-28 12:33:06.567869,Dubai-3f97,-1,39,Normal
2026-04-28 12:33:07.567869,Dubai-3f97,-5,41,Normal
2026-04-28 12:33:08.567869,Dubai-3f97,-9,76,Normal
2026-04-28 12:33:09.567869,Dubai-3f97,36,41,Normal
2026-04-28 12:33:10.567869,Dubai-3f97,4,25,Normal
2026-04-28 12:33:11.567869,Dubai-3f97,11,72,Normal
2026-04-28 12:33:12.567869,Dubai-3f97,27,51,Normal
2026-04-28 12:33:13.567869,Dubai-3f97,-11,91,Normal
2026-04-28 12:33:14.567869,Dubai-3f97,-22,38,Normal
2026-04-28 12:33:15.567869,Dubai-3f97,-12,85,Normal
2026-04-28 12:33:16.567869,Dubai-3f97,-8,74,Normal
2026-04-28 12:33:17.567869,Dubai-3f97,35,31,Normal
2026-04-28 12:33:18.567869,Dubai-3f97,-26,81,Normal
2026-04-28 12:33:19.567869,Dubai-3f97,2,41,Normal
2026-04-28 12:33:20.567869,Dubai-3f97,16,85,Normal
2026-04-28 12:33:21.567869,Dubai-3f97,-3,74,Normal
2026-04-28 12:33:22.567869,Dubai-3f97,-20,86,Normal
2026-04-28 12:33:23.567869,Dubai-3f97,29,70,Normal
2026-04-28 12:33:24.567869,Dubai-3f97,15,33,Normal
2026-04-28 12:33:25.567869,Dubai-3f97,-28,83,Normal
2026-04-28 12:33:26.567869,Dubai-3f97,23,39,Normal
2026-04-28 12:33:27.567869,Dubai-3f97,2,39,Normal
2026-04-28 12:33:28.567869,Dubai-3f97,-21,79,Normal
2026-04-28 12:33:29.567869,Dubai-3f97,-4,10,Normal
2026-04-28 12:33:30.567869,Dubai-3f97,-10,0,Normal
2026-04-28 12:33:31.567869,Dubai-3f97,23,72,Normal
2026-04-28 12:33:32.567869,Dubai-3f97,45,85,Normal
2026-04-28 12:33:33.567869,Dubai-3f97,40,100,Normal
2026-04-28 12:33:34.567869,Dubai-3f97,47,3,Normal
2026-04-28 12:33:35.567869,Dubai-3f97,49,98,Normal
2026-04-28 12:33:36.567869,Dubai-3f97,5,86,Normal
2026-04-28 12:33:37.567869,Dubai-3f97,-11,29,Normal
2026-04-28 12:33:38.567869,Dubai-3f97,12,48,Normal
2026-04-28 12:33:39.567869,Dubai-3f97,48,83,Normal
2026-04-28 12:33:40.567869,Dubai-3f97,31,25,Normal
2026-04-28 12:33:41.567869,Dubai-3f97,-19,76,Normal
2026-04-28 12:33:42.567869,Dubai-3f97,7,46,Normal
2026-04-28 12:33:43.567869,Dubai-3f97,31,65,Normal
2026-04-28 12:33:44.567869,Dubai-3f97,30,52,Normal
2026-04-28 12:33:45.567869,Dubai-3f97,9,5,Normal
2026-04-28 12:33:46.567869,Dubai-3f97,19,12,Normal
2026-04-28 12:33:47.567869,Dubai-3f97,34,35,Normal
2026-04-28 12:33:48.567869,Dubai-3f97,21,15,Normal
2026-04-28 12:33:49.567869,Dubai-3f97,8,47,Normal
2026-04-28 12:33:50.567869,Dubai-3f97,45,41,Normal
2026-04-28 12:33:51.567869,Dubai-3f97,39,66,Normal
2026-04-28 12:33:52.567869,Dubai-3f97,21,51,Normal
2026-04-28 12:33:53.567869,Dubai-3f97,-30,33,Normal
2026-04-28 12:33:54.567869,Dubai-3f97,-5,74,Normal
2026-04-28 12:33:55.567869,Dubai-3f97,17,47,Normal
2026-04-28 12:33:56.567869,Dubai-3f97,39,54,Normal
2026-04-28 12:33:57.567869,Dubai-3f97,-6,55,Normal
2026-04-28 12:33:58.567869,Dubai-3f97,8,96,Normal
2026-04-28 12:33:59.567869,Dubai-3f97,-17,43,Normal
2026-04-28 12:34:00.567869,Dubai-3f97,39,96,Normal
2026-04-28 12:34:01.567869,Dubai-3f97,-19,1,Normal
2026-04-28 12:34:02.567869,Dubai-3f97,34,37,Normal
2026-04-28 12:34:03.567869,Dubai-3f97,3,69,Normal
2026-04-28 12:34:04.567869,Dubai-3f97,-28,42,Normal
2026-04-28 12:34:05.567869,Dubai-3f97,-12,82,Normal
2026-04-28 12:34:06.567869,Dubai-3f97,28,32,Normal
2026-04-28 12:34:07.567869,Dubai-3f97,48,55,Normal
2026-04-28 12:34:08.567869,Dubai-3f97,39,58,Normal
2026-04-28 12:34:09.567869,Dubai-3f97,9,11,Normal
2026-04-28 12:34:10.567869,Dubai-3f97,-25,48,Normal
2026-04-28 12:34:11.567869,Dubai-3f97,35,76,Normal
2026-04-28 12:34:12.567869,Dubai-3f97,-8,20,Normal
2026-04-28 12:34:13.567869,Dubai-3f97,17,92,Normal
2026-04-28 12:34:14.567869,Dubai-3f97,27,65,Normal
2026-04-28 12:34:15.567869,Dubai-3f97,-30,95,Normal
2026-04-28 12:34:16.567869,Dubai-3f97,-8,78,Normal
2026-04-28 12:34:17.567869,Dubai-3f97,47,83,Normal
2026-04-28 12:34:18.567869,Dubai-3f97,38,16,Normal
2026-04-28 12:34:19.567869,Dubai-3f97,-19,29,Normal
2026-04-28 12:34:20.567869,Dubai-3f97,-11,78,Normal
2026-04-28 12:34:21.567869,Dubai-3f97,50,52,Normal
2026-04-28 12:34:22.567869,Dubai-3f97,40,44,Normal
2026-04-28 12:34:23.567869,Dubai-3f97,37,65,Normal
2026-04-28 12:34:24.567869,Dubai-3f97,45,96,Normal
2026-04-28 12:34:25.567869,Dubai-3f97,36,1,Normal
2026-04-28 12:34:26.567869,Dubai-3f97,-21,38,Normal
2026-04-28 12:34:27.567869,Dubai-3f97,11,99,Normal
2026-04-28 12:34:28.567869,Dubai-3f97,7,35,Normal
2026-04-28 12:34:29.567869,Dubai-3f97,31,22,Normal
2026-04-28 12:34:30.567869,Dubai-3f97,16,33,Normal
2026-04-28 12:34:31.567869,Dubai-3f97,-21,100,Normal
2026-04-28 12:34:32.567869,Dubai-3f97,47,66,Normal
2026-04-28 12:34:33.567869,Dubai-3f97,5,23,Normal
2026-04-28 12:34:34.567869,Dubai-3f97,-4,7,Normal
2026-04-28 12:34:35.567869,Dubai-3f97,1,99,Normal
2026-04-28 12:34:36.567869,Dubai-3f97,22,30,Normal
2026-04-28 12:34:37.567869,Dubai-3f97,27,0,Normal
2026-04-28 12:34:38.567869,Dubai-3f97,-2,59,Normal
2026-04-28 12:34:39.567869,Dubai-3f97,14,2,Normal
2026-04-28 12:34:40.567869,Dubai-3f97,15,20,Normal
2026-04-28 12:34:41.567869,Dubai-3f97,-26,8,Normal
2026-04-28 12:34:42.567869,Dubai-3f97,38,66,Normal
2026-04-28 12:34:43.567869,Dubai-3f97,-24,94,Normal
2026-04-28 12:34:44.567869,Dubai-3f97,41,77,Normal
2026-04-28 12:34:45.567869,Dubai-3f97,24,29,Normal
2026-04-28 12:34:46.567869,Dubai-3f97,48,5,Normal
2026-04-28 12:34:47.567869,Dubai-3f97,8,92,Normal
2026-04-28 12:34:48.567869,Dubai-3f97,44,68,Normal
2026-04-28 12:34:49.567869,Dubai-3f97,50,82,Normal
2026-04-28 12:34:50.567869,Dubai-3f97,19,27,Normal
2026-04-28 12:34:51.567869,Dubai-3f97,-27,24,Normal
2026-04-28 12:34:52.567869,Dubai-3f97,-20,99,Normal
2026-04-28 12:34:53.567869,Dubai-3f97,0,42,Normal
2026-04-28 12:34:54.567869,Dubai-3f97,4,9,Normal
2026-04-28 12:34:55.567869,Dubai-3f97,25,17,Normal
2026-04-28 12:34:56.567869,Dubai-3f97,-26,7,Normal
2026-04-28 12:34:57.567869,Dubai-3f97,0,0,Normal
2026-04-28 12:34:58.567869,Dubai-3f97,29,30,Normal
2026-04-28 12:34:59.567869,Dubai-3f97,-9,41,Normal
2026-04-28 12:35:00.567869,Dubai-3f97,22,98,Normal
2026-04-28 12:35:01.567869,Dubai-3f97,-9,20,Normal
2026-04-28 12:35:02.567869,Dubai-3f97,-10,7,Normal
2026-04-28 12:35:03.567869,Dubai-3f97,30,78,Normal
2026-04-28 12:35:04.567869,Dubai-3f97,24,67,Normal
2026-04-28 12:35:05.567869,Dubai-3f97,22,85,Normal
2026-04-28 12:35:06.567869,Dubai-3f97,-20,94,Normal
2026-04-28 12:35:07.567869,Dubai-3f97,38,62,Normal
2026-04-28 12:35:08.567869,Dubai-3f97,44,38,Normal
2026-04-28 12:35:09.567869,Dubai-3f97,-20,99,Normal
2026-04-28 12:35:10.567869,Dubai-3f97,43,59,Normal
2026-04-28 12:35:11.567869,Dubai-3f97,-5,28,Normal
2026-04-28 12:35:12.567869,Dubai-3f97,9,96,Normal
2026-04-28 12:35:13.567869,Dubai-3f97,46,78,Normal
2026-04-28 12:35:14.567869,Dubai-3f97,9,66,Normal
2026-04-28 12:35:15.567869,Dubai-3f97,-23,16,Normal
2026-04-28 12:35:16.567869,Dubai-3f97,-28,3,Normal
2026-04-28 12:35:17.567869,Dubai-3f97,-14,95,Normal
2026-04-28 12:35:18.567869,Dubai-3f97,29,94,Normal
2026-04-28 12:35:19.567869,Dubai-3f97,48,81,Normal
2026-04-28 12:35:20.567869,Dubai-3f97,4,51,Normal
2026-04-28 12:35:21.567869,Dubai-3f97,16,71,Normal
2026-04-28 12:35:22.567869,Dubai-3f97,13,17,Normal
2026-04-28 12:35:23.567869,Dubai-3f97,24,57,Normal
2026-04-28 12:35:24.567869,Dubai-3f97,11,39,Normal
2026-04-28 12:35:25.567869,Dubai-3f97,14,99,Normal
2026-04-28 12:35:26.567869,Dubai-3f97,24,4,Normal
2026-04-28 12:35:27.567869,Dubai-3f97,40,99,Normal
2026-04-28 12:35:28.567869,Dubai-3f97,15,11,Normal
2026-04-28 12:35:29.567869,Dubai-3f97,35,46,Normal
2026-04-28 12:35:30.567869,Dubai-3f97,31,15,Normal
2026-04-28 12:35:31.567869,Dubai-3f97,18,11,Normal
2026-04-28 12:35:32.567869,Dubai-3f97,50,35,Normal
2026-04-28 12:35:33.567869,Dubai-3f97,33,48,Normal
2026-04-28 12:35:34.567869,Dubai-3f97,29,75,Normal
2026-04-28 12:35:35.567869,Dubai-3f97,-16,50,Normal
2026-04-28 12:35:36.567869,Dubai-3f97,-16,91,Normal
2026-04-28 12:35:37.567869,Dubai-3f97,50,60,Normal
2026-04-28 12:35:38.567869,Dubai-3f97,-16,15,Normal
2026-04-28 12:35:39.567869,Dubai-3f97,39,81,Normal
2026-04-28 12:35:40.567869,Dubai-3f97,47,46,Normal
2026-04-28 12:35:41.567869,Dubai-3f97,17,59,Normal
2026-04-28 12:35:42.567869,Dubai-3f97,-23,17,Normal
2026-04-28 12:35:43.567869,Dubai-3f97,49,97,Normal
2026-04-28 12:35:44.567869,Dubai-3f97,48,28,Normal
2026-04-28 12:35:45.567869,Dubai-3f97,38,30,Normal
2026-04-28 12:35:46.567869,Dubai-3f97,20,62,Normal
2026-04-28 12:35:47.567869,Dubai-3f97,-16,33,Normal
2026-04-28 12:35:48.567869,Dubai-3f97,47,89,Normal
2026-04-28 12:35:49.567869,Dubai-3f97,-24,93,Normal
2026-04-28 12:35:50.567869,Dubai-3f97,-27,45,Normal
2026-04-28 12:35:51.567869,Dubai-3f97,-24,10,Normal
2026-04-28 12:35:52.567869,Dubai-3f97,2,68,Normal
2026-04-28 12:35:53.567869,Dubai-3f97,26,61,Normal
2026-04-28 12:35:54.567869,Dubai-3f97,-12,52,Normal
2026-04-28 12:35:55.567869,Dubai-3f97,24,13,Normal
2026-04-28 12:35:56.567869,Dubai-3f97,39,57,Normal
2026-04-28 12:35:57.567869,Dubai-3f97,3,58,Normal
2026-04-28 12:35:58.567869,Dubai-3f97,-26,30,Normal
2026-04-28 12:35:59.567869,Dubai-3f97,18,13,Normal
2026-04-28 12:36:00.567869,Dubai-3f97,44,46,Normal
2026-04-28 12:36:01.567869,Dubai-3f97,26,97,Normal
2026-04-28 12:36:02.567869,Dubai-3f97,-26,24,Normal
2026-04-28 12:36:03.567869,Dubai-3f97,49,90,Normal
2026-04-28 12:36:04.567869,Dubai-3f97,30,18,Normal
2026-04-28 12:36:05.567869,Dubai-3f97,25,95,Normal
2026-04-28 12:36:06.567869,Dubai-3f97,25,40,Normal
2026-04-28 12:36:07.567869,Dubai-3f97,30,35,Normal
2026-04-28 12:36:08.567869,Dubai-3f97,-27,10,Normal
2026-04-28 12:36:09.567869,Dubai-3f97,18,36,Normal
2026-04-28 12:36:10.567869,Dubai-3f97,9,58,Normal
2026-04-28 12:36:11.567869,Dubai-3f97,28,81,Normal
2026-04-28 12:36:12.567869,Dubai-3f97,45,90,Normal
2026-04-28 12:36:13.567869,Dubai-3f97,-9,99,Normal
2026-04-28 12:36:14.567869,Dubai-3f97,-18,87,Normal
2026-04-28 12:36:15.567869,Dubai-3f97,33,100,Normal
2026-04-28 12:36:16.567869,Dubai-3f97,-18,75,Normal
2026-04-28 12:36:17.567869,Dubai-3f97,-21,42,Normal
2026-04-28 12:36:18.567869,Dubai-3f97,-30,73,Normal
2026-04-28 12:36:19.567869,Dubai-3f97,-8,17,Normal
2026-04-28 12:36:20.567869,Dubai-3f97,-27,63,Normal
2026-04-28 12:36:21.567869,Dubai-3f97,-18,90,Normal
2026-04-28 12:36:22.567869,Dubai-3f97,2,93,Normal
2026-04-28 12:36:23.567869,Dubai-3f97,-8,1,Normal
2026-04-28 12:36:24.567869,Dubai-3f97,0,57,Normal
2026-04-28 12:36:25.567869,Dubai-3f97,-7,33,Normal
2026-04-28 12:36:26.567869,Dubai-3f97,8,59,Normal
2026-04-28 12:36:27.567869,Dubai-3f97,47,17,Normal
2026-04-28 12:36:28.567869,Dubai-3f97,-13,54,Normal
2026-04-28 12:36:29.567869,Dubai-3f97,1,80,Normal
2026-04-28 12:36:30.567869,Dubai-3f97,50,16,Normal
2026-04-28 12:36:31.567869,Dubai-3f97,-15,46,Normal
2026-04-28 12:36:32.567869,Dubai-3f97,-26,81,Normal
2026-04-28 12:36:33.567869,Dubai-3f97,11,22,Normal
2026-04-28 12:36:34.567869,Dubai-3f97,19,2,Normal
2026-04-28 12:36:35.567869,Dubai-3f97,20,39,Normal
2026-04-28 12:36:36.567869,Dubai-3f97,-13,69,Normal
2026-04-28 12:36:37.567869,Dubai-3f97,22,39,Normal
2026-04-28 12:36:38.567869,Dubai-3f97,47,43,Normal
2026-04-28 12:36:39.567869,Dubai-3f97,-5,2,Normal
2026-04-28 12:36:40.567869,Dubai-3f97,33,47,Normal
2026-04-28 12:36:41.567869,Dubai-3f97,-30,64,Normal
2026-04-28 12:36:42.567869,Dubai-3f97,27,1,Normal
2026-04-28 12:36:43.567869,Dubai-3f97,37,50,Normal
2026-04-28 12:36:44.567869,Dubai-3f97,-16,53,Normal
2026-04-28 12:36:45.567869,Dubai-3f97,-7,80,Normal
2026-04-28 12:36:46.567869,Dubai-3f97,-9,71,Normal
2026-04-28 12:36:47.567869,Dubai-3f97,46,84,Normal
2026-04-28 12:36:48.567869,Dubai-3f97,16,40,Normal
2026-04-28 12:36:49.567869,Dubai-3f97,32,48,Normal
2026-04-28 12:36:50.567869,Dubai-3f97,-23,85,Normal
2026-04-28 12:36:51.567869,Dubai-3f97,10,90,Normal
2026-04-28 12:36:52.567869,Dubai-3f97,49,48,Normal
2026-04-28 12:36:53.567869,Dubai-3f97,-9,24,Normal
2026-04-28 12:36:54.567869,Dubai-3f97,44,24,Normal
2026-04-28 12:36:55.567869,Dubai-3f97,-10,93,Normal
2026-04-28 12:36:56.567869,Dubai-3f97,9,17,Normal
2026-04-28 12:36:57.567869,Dubai-3f97,35,94,Normal
2026-04-28 12:36:58.567869,Dubai-3f97,8,31,Normal
2026-04-28 12:36:59.567869,Dubai-3f97,-11,28,Normal
2026-04-28 12:37:00.567869,Dubai-3f97,-15,66,Normal
2026-04-28 12:37:01.567869,Dubai-3f97,29,83,Normal
2026-04-28 12:37:02.567869,Dubai-3f97,28,12,Normal
2026-04-28 12:37:03.567869,Dubai-3f97,-28,57,Normal
2026-04-28 12:37:04.567869,Dubai-3f97,27,70,Normal
2026-04-28 12:37:05.567869,Dubai-3f97,-7,16,Normal
2026-04-28 12:37:06.567869,Dubai-3f97,10,12,Normal
2026-04-28 12:37:07.567869,Dubai-3f97,19,22,Normal
2026-04-28 12:37:08.567869,Dubai-3f97,6,78,Normal
2026-04-28 12:37:09.567869,Dubai-3f97,-13,12,Normal
2026-04-28 12:37:10.567869,Dubai-3f97,46,77,Normal
2026-04-28 12:37:11.567869,Dubai-3f97,9,38,Normal
2026-04-28 12:37:12.567869,Dubai-3f97,30,54,Normal
2026-04-28 12:37:13.567869,Dubai-3f97,22,40,Normal
2026-04-28 12:37:14.567869,Dubai-3f97,-3,87,Normal
2026-04-28 12:37:15.567869,Dubai-3f97,35,57,Normal
2026-04-28 12:37:16.567869,Dubai-3f97,19,21,Normal
2026-04-28 12:37:17.567869,Dubai-3f97,33,67,Normal
2026-04-28 12:37:18.567869,Dubai-3f97,-5,28,Normal
2026-04-28 12:37:19.567869,Dubai-3f97,2,43,Normal
2026-04-28 12:37:20.567869,Dubai-3f97,17,32,Normal
2026-04-28 12:37:21.567869,Dubai-3f97,39,12,Normal
2026-04-28 12:37:22.567869,Dubai-3f97,30,85,Normal
2026-04-28 12:37:23.567869,Dubai-3f97,-14,7,Normal
2026-04-28 12:37:24.567869,Dubai-3f97,-30,59,Normal
2026-04-28 12:37:25.567869,Dubai-3f97,48,70,Normal
2026-04-28 12:37:26.567869,Dubai-3f97,-3,14,Normal
2026-04-28 12:37:27.567869,Dubai-3f97,18,73,Normal
2026-04-28 12:37:28.567869,Dubai-3f97,-5,67,Normal
2026-04-28 12:37:29.567869,Dubai-3f97,40,9,Normal
2026-04-28 12:37:30.567869,Dubai-3f97,-12,79,Normal
2026-04-28 12:37:31.567869,Dubai-3f97,45,84,Normal
2026-04-28 12:37:32.567869,Dubai-3f97,-14,4,Normal
2026-04-28 12:37:33.567869,Dubai-3f97,-1,66,Normal
2026-04-28 12:37:34.567869,Dubai-3f97,14,30,Normal
2026-04-28 12:37:35.567869,Dubai-3f97,-17,99,Normal
2026-04-28 12:37:36.567869,Dubai-3f97,28,12,Normal
2026-04-28 12:37:37.567869,Dubai-3f97,-1,16,Normal
2026-04-28 12:37:38.567869,Dubai-3f97,-5,60,Normal
2026-04-28 12:37:39.567869,Dubai-3f97,-19,98,Normal
2026-04-28 12:37:40.567869,Dubai-3f97,27,99,Normal
2026-04-28 12:37:41.567869,Dubai-3f97,-25,99,Normal
2026-04-28 12:37:42.567869,Dubai-3f97,-14,7,Normal
2026-04-28 12:37:43.567869,Dubai-3f97,31,94,Normal
2026-04-28 12:37:44.567869,Dubai-3f97,-24,20,Normal
2026-04-28 12:37:45.567869,Dubai-3f97,-19,50,Normal
2026-04-28 12:37:46.567869,Dubai-3f97,34,68,Normal
2026-04-28 12:37:47.567869,Dubai-3f97,-24,76,Normal
2026-04-28 12:37:48.567869,Dubai-3f97,10,58,Normal
2026-04-28 12:37:49.567869,Dubai-3f97,45,36,Normal
2026-04-28 12:37:50.567869,Dubai-3f97,-18,18,Normal
2026-04-28 12:37:51.567869,Dubai-3f97,19,17,Normal
2026-04-28 12:37:52.567869,Dubai-3f97,-29,40,Normal
2026-04-28 12:37:53.567869,Dubai-3f97,2,34,Normal
2026-04-28 12:37:54.567869,Dubai-3f97,13,54,Normal
2026-04-28 12:37:55.567869,Dubai-3f97,10,21,Normal
2026-04-28 12:37:56.567869,Dubai-3f97,10,84,Normal
2026-04-28 12:37:57.567869,Dubai-3f97,44,89,Normal
2026-04-28 12:37:58.567869,Dubai-3f97,32,28,Normal
2026-04-28 12:37:59.567869,Dubai-3f97,39,56,Normal
2026-04-28 12:38:00.567869,Dubai-3f97,31,19,Normal
2026-04-28 12:38:01.567869,Dubai-3f97,11,31,Normal
2026-04-28 12:38:02.567869,Dubai-3f97,7,69,Normal
2026-04-28 12:38:03.567869,Dubai-3f97,-2,11,Normal
2026-04-28 12:38:04.567869,Dubai-3f97,9,89,Normal
2026-04-28 12:38:05.567869,Dubai-3f97,33,6,Normal
2026-04-28 12:38:06.567869,Dubai-3f97,-23,13,Normal
2026-04-28 12:38:07.567869,Dubai-3f97,-4,51,Normal
2026-04-28 12:38:08.567869,Dubai-3f97,35,1,Normal
2026-04-28 12:38:09.567869,Dubai-3f97,2,21,Normal
2026-04-28 12:38:10.567869,Dubai-3f97,10,35,Normal
2026-04-28 12:38:11.567869,Dubai-3f97,16,48,Normal
2026-04-28 12:38:12.567869,Dubai-3f97,18,85,Normal
2026-04-28 12:38:13.567869,Dubai-3f97,8,14,Normal
2026-04-28 12:38:14.567869,Dubai-3f97,41,89,Normal
2026-04-28 12:38:15.567869,Dubai-3f97,-28,16,Normal
2026-04-28 12:38:16.567869,Dubai-3f97,34,84,Normal
2026-04-28 12:38:17.567869,Dubai-3f97,19,55,Normal
2026-04-28 12:38:18.567869,Dubai-3f97,31,40,Normal
2026-04-28 12:38:19.567869,Dubai-3f97,25,95,Normal
2026-04-28 12:38:20.567869,Dubai-3f97,21,41,Normal
2026-04-28 12:38:21.567869,Dubai-3f97,42,67,Normal
2026-04-28 12:38:22.567869,Dubai-3f97,29,35,Normal
2026-04-28 12:38:23.567869,Dubai-3f97,-14,53,Normal
2026-04-28 12:38:24.567869,Dubai-3f97,-5,29,Normal
2026-04-28 12:38:25.567869,Dubai-3f97,41,34,Normal
2026-04-28 12:38:26.567869,Dubai-3f97,-13,4,Normal
2026-04-28 12:38:27.567869,Dubai-3f97,18,54,Normal
2026-04-28 12:38:28.567869,Dubai-3f97,21,80,Normal
2026-04-28 12:38:29.567869,Dubai-3f97,44,92,Normal
2026-04-28 12:38:30.567869,Dubai-3f97,-5,96,Normal
2026-04-28 12:38:31.567869,Dubai-3f97,21,9,Normal
2026-04-28 12:38:32.567869,Dubai-3f97,16,96,Normal
2026-04-28 12:38:33.567869,Dubai-3f97,13,32,Normal
2026-04-28 12:38:34.567869,Dubai-3f97,-1,99,Normal
2026-04-28 12:38:35.567869,Dubai-3f97,40,99,Normal
2026-04-28 12:38:36.567869,Dubai-3f97,-5,14,Normal
2026-04-28 12:38:37.567869,Dubai-3f97,3,40,Normal
2026-04-28 12:38:38.567869,Dubai-3f97,28,33,Normal
2026-04-28 12:38:39.567869,Dubai-3f97,-12,65,Normal
2026-04-28 12:38:40.567869,Dubai-3f97,-27,89,Normal
2026-04-28 12:38:41.567869,Dubai-3f97,6,95,Normal
2026-04-28 12:38:42.567869,Dubai-3f97,46,27,Normal
2026-04-28 12:38:43.567869,Dubai-3f97,32,20,Normal
2026-04-28 12:38:44.567869,Dubai-3f97,34,49,Normal
2026-04-28 12:38:45.567869,Dubai-3f97,-29,92,Normal
2026-04-28 12:38:46.567869,Dubai-3f97,15,25,Normal
2026-04-28 12:38:47.567869,Dubai-3f97,39,88,Normal
2026-04-28 12:38:48.567869,Dubai-3f97,-7,27,Normal
2026-04-28 12:38:49.567869,Dubai-3f97,-26,51,Normal
2026-04-28 12:38:50.567869,Dubai-3f97,0,85,Normal
2026-04-28 12:38:51.567869,Dubai-3f97,-11,91,Normal
2026-04-28 12:38:52.567869,Dubai-3f97,50,6,Normal
2026-04-28 12:38:53.567869,Dubai-3f97,13,37,Normal
2026-04-28 12:38:54.567869,Dubai-3f97,8,37,Normal
2026-04-28 12:38:55.567869,Dubai-3f97,-16,17,Normal
2026-04-28 12:38:56.567869,Dubai-3f97,32,42,Normal
2026-04-28 12:38:57.567869,Dubai-3f97,21,75,Normal
2026-04-28 12:38:58.567869,Dubai-3f97,50,21,Normal
2026-04-28 12:38:59.567869,Dubai-3f97,17,66,Normal
2026-04-28 12:39:00.567869,Dubai-3f97,-22,51,Normal
2026-04-28 12:39:01.567869,Dubai-3f97,-21,90,Normal
2026-04-28 12:39:02.567869,Dubai-3f97,-7,17,Normal
2026-04-28 12:39:03.567869,Dubai-3f97,26,100,Normal
2026-04-28 12:39:04.567869,Dubai-3f97,5,93,Normal
2026-04-28 12:39:05.567869,Dubai-3f97,18,88,Normal
2026-04-28 12:39:06.567869,Dubai-3f97,7,20,Normal
2026-04-28 12:39:07.567869,Dubai-3f97,18,15,Normal
2026-04-28 12:39:08.567869,Dubai-3f97,44,84,Normal
2026-04-28 12:39:09.567869,Dubai-3f97,-26,94,Normal
2026-04-28 12:39:10.567869,Dubai-3f97,46,6,Normal
2026-04-28 12:39:11.567869,Dubai-3f97,-29,25,Normal
2026-04-28 12:39:12.567869,Dubai-3f97,-9,59,Normal
2026-04-28 12:39:13.567869,Dubai-3f97,9,86,Normal
2026-04-28 12:39:14.567869,Dubai-3f97,27,98,Normal
2026-04-28 12:39:15.567869,Dubai-3f97,-2,94,Normal
2026-04-28 12:39:16.567869,Dubai-3f97,33,14,Normal
2026-04-28 12:39:17.567869,Dubai-3f97,-5,29,Normal
2026-04-28 12:39:18.567869,Dubai-3f97,4,16,Normal
2026-04-28 12:39:19.567869,Dubai-3f97,-16,96,Normal
2026-04-28 12:39:20.567869,Dubai-3f97,44,26,Normal
2026-04-28 12:39:21.567869,Dubai-3f97,-16,60,Normal
2026-04-28 12:39:22.567869,Dubai-3f97,-24,83,Normal
2026-04-28 12:39:23.567869,Dubai-3f97,25,16,Normal
2026-04-28 12:39:24.567869,Dubai-3f97,13,92,Normal
2026-04-28 12:39:25.567869,Dubai-3f97,-10,88,Normal
2026-04-28 12:39:26.567869,Dubai-3f97,-2,58,Normal
2026-04-28 12:39:27.567869,Dubai-3f97,33,93,Normal
2026-04-28 12:39:28.567869,Dubai-3f97,41,30,Normal
2026-04-28 12:39:29.567869,Dubai-3f97,16,36,Normal
2026-04-28 12:39:30.567869,Dubai-3f97,46,22,Normal
2026-04-28 12:39:31.567869,Dubai-3f97,23,47,Normal
2026-04-28 12:39:32.567869,Dubai-3f97,7,14,Normal
2026-04-28 12:39:33.567869,Dubai-3f97,35,64,Normal
2026-04-28 12:39:34.567869,Dubai-3f97,-25,37,Normal
2026-04-28 12:39:35.567869,Dubai-3f97,27,83,Normal
2026-04-28 12:39:36.567869,Dubai-3f97,-25,56,Normal
2026-04-28 12:39:37.567869,Dubai-3f97,-23,72,Normal
2026-04-28 12:39:38.567869,Dubai-3f97,4,80,Normal
2026-04-28 12:39:39.567869,Dubai-3f97,10,32,Normal
2026-04-28 12:39:40.567869,Dubai-3f97,1,43,Normal
2026-04-28 12:39:41.567869,Dubai-3f97,-15,100,Normal
2026-04-28 12:39:42.567869,Dubai-3f97,42,17,Normal
2026-04-28 12:39:43.567869,Dubai-3f97,42,45,Normal
2026-04-28 12:39:44.567869,Dubai-3f97,45,10,Normal
2026-04-28 12:39:45.567869,Dubai-3f97,24,79,Normal
2026-04-28 12:39:46.567869,Dubai-3f97,-18,32,Normal
2026-04-28 12:39:47.567869,Dubai-3f97,-21,2,Normal
2026-04-28 12:39:48.567869,Dubai-3f97,12,2,Normal
2026-04-28 12:39:49.567869,Dubai-3f97,7,16,Normal
2026-04-28 12:39:50.567869,Dubai-3f97,-1,60,Normal
2026-04-28 12:39:51.567869,Dubai-3f97,-5,92,Normal
2026-04-28 12:39:52.567869,Dubai-3f97,-25,91,Normal
2026-04-28 12:39:53.567869,Dubai-3f97,20,66,Normal
2026-04-28 12:39:54.567869,Dubai-3f97,-16,56,Normal
2026-04-28 12:39:55.567869,Dubai-3f97,3,73,Normal
2026-04-28 12:39:56.567869,Dubai-3f97,31,18,Normal
2026-04-28 12:39:57.567869,Dubai-3f97,-24,100,Normal
2026-04-28 12:39:58.567869,Dubai-3f97,-19,93,Normal
2026-04-28 12:39:59.567869,Dubai-3f97,25,2,Normal
2026-04-28 12:40:00.567869,Dubai-3f97,42,24,Normal
2026-04-28 12:40:01.567869,Dubai-3f97,9,30,Normal
2026-04-28 12:40:02.567869,Dubai-3f97,50,99,Normal
2026-04-28 12:40:03.567869,Dubai-3f97,-2,9,Normal
2026-04-28 12:40:04.567869,Dubai-3f97,36,2,Normal
2026-04-28 12:40:05.567869,Dubai-3f97,-28,74,Normal
2026-04-28 12:40:06.567869,Dubai-3f97,14,65,Normal
2026-04-28 12:40:07.567869,Dubai-3f97,0,65,Normal
2026-04-28 12:40:08.567869,Dubai-3f97,-20,63,Normal
2026-04-28 12:40:09.567869,Dubai-3f97,-3,82,Normal
2026-04-28 12:40:10.567869,Dubai-3f97,-6,27,Normal
2026-04-28 12:40:11.567869,Dubai-3f97,8,45,Normal
2026-04-28 12:40:12.567869,Dubai-3f97,-27,59,Normal
2026-04-28 12:40:13.567869,Dubai-3f97,14,60,Normal
2026-04-28 12:40:14.567869,Dubai-3f97,23,10,Normal
2026-04-28 12:40:15.567869,Dubai-3f97,-7,47,Normal
2026-04-28 12:40:16.567869,Dubai-3f97,-26,49,Normal
2026-04-28 12:40:17.567869,Dubai-3f97,27,37,Normal
2026-04-28 12:40:18.567869,Dubai-3f97,-29,79,Normal
2026-04-28 12:40:19.567869,Dubai-3f97,-23,63,Normal
2026-04-28 12:40:20.567869,Dubai-3f97,3,64,Normal
2026-04-28 12:40:21.567869,Dubai-3f97,3,7,Normal
2026-04-28 12:40:22.567869,Dubai-3f97,-10,19,Normal
2026-04-28 12:40:23.567869,Dubai-3f97,4,74,Normal
2026-04-28 12:40:24.567869,Dubai-3f97,-19,56,Normal
2026-04-28 12:40:25.567869,Dubai-3f97,-3,93,Normal
2026-04-28 12:40:26.567869,Dubai-3f97,14,45,Normal
2026-04-28 12:40:27.567869,Dubai-3f97,12,93,Normal
2026-04-28 12:40:28.567869,Dubai-3f97,23,53,Normal
2026-04-28 12:40:29.567869,Dubai-3f97,-9,85,Normal
2026-04-28 12:40:30.567869,Dubai-3f97,25,24,Normal
2026-04-28 12:40:31.567869,Dubai-3f97,47,54,Normal
2026-04-28 12:40:32.567869,Dubai-3f97,7,32,Normal
2026-04-28 12:40:33.567869,Dubai-3f97,26,51,Normal
2026-04-28 12:40:34.567869,Dubai-3f97,37,93,Normal
2026-04-28 12:40:35.567869,Dubai-3f97,-27,26,Normal
2026-04-28 12:40:36.567869,Dubai-3f97,42,51,Normal
2026-04-28 12:40:37.567869,Dubai-3f97,-21,48,Normal
2026-04-28 12:40:38.567869,Dubai-3f97,31,42,Normal
2026-04-28 12:40:39.567869,Dubai-3f97,13,28,Normal
2026-04-28 12:40:40.567869,Dubai-3f97,-28,19,Normal
2026-04-28 12:40:41.567869,Dubai-3f97,-9,77,Normal
2026-04-28 12:40:42.567869,Dubai-3f97,3,73,Normal
2026-04-28 12:40:43.567869,Dubai-3f97,12,54,Normal
2026-04-28 12:40:44.567869,Dubai-3f97,-14,82,Normal
2026-04-28 12:40:45.567869,Dubai-3f97,32,23,Normal
2026-04-28 12:40:46.567869,Dubai-3f97,49,65,Normal
2026-04-28 12:40:47.567869,Dubai-3f97,20,38,Normal
2026-04-28 12:40:48.567869,Dubai-3f97,36,97,Normal
2026-04-28 12:40:49.567869,Dubai-3f97,26,13,Normal
2026-04-28 12:40:50.567869,Dubai-3f97,32,40,Normal
2026-04-28 12:40:51.567869,Dubai-3f97,17,29,Normal
2026-04-28 12:40:52.567869,Dubai-3f97,-21,16,Normal
2026-04-28 12:40:53.567869,Dubai-3f97,-29,78,Normal
2026-04-28 12:40:54.567869,Dubai-3f97,49,18,Normal
2026-04-28 12:40:55.567869,Dubai-3f97,33,17,Normal
2026-04-28 12:40:56.567869,Dubai-3f97,12,62,Normal
2026-04-28 12:40:57.567869,Dubai-3f97,-29,46,Normal
2026-04-28 12:40:58.567869,Dubai-3f97,-26,57,Normal
2026-04-28 12:40:59.567869,Dubai-3f97,-30,55,Normal
2026-04-28 12:41:00.567869,Dubai-3f97,-22,65,Normal
2026-04-28 12:41:01.567869,Dubai-3f97,2,59,Normal
2026-04-28 12:41:02.567869,Dubai-3f97,16,77,Normal
2026-04-28 12:41:03.567869,Dubai-3f97,4,55,Normal
2026-04-28 12:41:04.567869,Dubai-3f97,-1,60,Normal
2026-04-28 12:41:05.567869,Dubai-3f97,2,78,Normal
2026-04-28 12:41:06.567869,Dubai-3f97,-25,29,Normal
2026-04-28 12:41:07.567869,Dubai-3f97,21,84,Normal
2026-04-28 12:41:08.567869,Dubai-3f97,42,78,Normal
2026-04-28 12:41:09.567869,Dubai-3f97,25,27,Normal
2026-04-28 12:41:10.567869,Dubai-3f97,46,27,Normal
2026-04-28 12:41:11.567869,Dubai-3f97,-11,30,Normal
2026-04-28 12:41:12.567869,Dubai-3f97,38,91,Normal
2026-04-28 12:41:13.567869,Dubai-3f97,49,81,Normal
2026-04-28 12:41:14.567869,Dubai-3f97,3,90,Normal
2026-04-28 12:41:15.567869,Dubai-3f97,44,49,Normal
2026-04-28 12:41:16.567869,Dubai-3f97,-25,17,Normal
2026-04-28 12:41:17.567869,Dubai-3f97,3,28,Normal
2026-04-28 12:41:18.567869,Dubai-3f97,-30,62,Normal
2026-04-28 12:41:19.567869,Dubai-3f97,-6,8,Normal
2026-04-28 12:41:20.567869,Dubai-3f97,-17,66,Normal
2026-04-28 12:41:21.567869,Dubai-3f97,10,24,Normal
2026-04-28 12:41:22.567869,Dubai-3f97,-5,96,Normal
2026-04-28 12:41:23.567869,Dubai-3f97,-26,67,Normal
2026-04-28 12:41:24.567869,Dubai-3f97,21,65,Normal
2026-04-28 12:41:25.567869,Dubai-3f97,26,3,Normal
2026-04-28 12:41:26.567869,Dubai-3f97,-24,20,Normal
2026-04-28 12:41:27.567869,Dubai-3f97,-19,99,Normal
2026-04-28 12:41:28.567869,Dubai-3f97,37,63,Normal
2026-04-28 12:41:29.567869,Dubai-3f97,5,27,Normal
2026-04-28 12:41:30.567869,Dubai-3f97,-18,10,Normal
2026-04-28 12:41:31.567869,Dubai-3f97,-17,36,Normal
2026-04-28 12:41:32.567869,Dubai-3f97,-8,1,Normal
2026-04-28 12:41:33.567869,Dubai-3f97,8,92,Normal
2026-04-28 12:41:34.567869,Dubai-3f97,42,49,Normal
2026-04-28 12:41:35.567869,Dubai-3f97,30,80,Normal
2026-04-28 12:41:36.567869,Dubai-3f97,-6,25,Normal
2026-04-28 12:41:37.567869,Dubai-3f97,-12,52,Normal
2026-04-28 12:41:38.567869,Dubai-3f97,44,73,Normal
2026-04-28 12:41:39.567869,Dubai-3f97,-29,99,Normal
2026-04-28 12:41:40.567869,Dubai-3f97,-24,77,Normal
2026-04-28 12:41:41.567869,Dubai-3f97,-5,98,Normal
2026-04-28 12:41:42.567869,Dubai-3f97,-30,45,Normal
2026-04-28 12:41:43.567869,Dubai-3f97,31,48,Normal
2026-04-28 12:41:44.567869,Dubai-3f97,0,20,Normal
2026-04-28 12:41:45.567869,Dubai-3f97,49,18,Normal
2026-04-28 12:41:46.567869,Dubai-3f97,10,55,Normal
2026-04-28 12:41:47.567869,Dubai-3f97,4,30,Normal
2026-04-28 12:41:48.567869,Dubai-3f97,15,75,Normal
2026-04-28 12:41:49.567869,Dubai-3f97,15,90,Normal
2026-04-28 12:41:50.567869,Dubai-3f97,8,72,Normal
2026-04-28 12:41:51.567869,Dubai-3f97,-8,87,Normal
2026-04-28 12:41:52.567869,Dubai-3f97,-6,74,Normal
2026-04-28 12:41:53.567869,Dubai-3f97,-7,67,Normal
2026-04-28 12:41:54.567869,Dubai-3f97,42,17,Normal
2026-04-28 12:41:55.567869,Dubai-3f97,16,38,Normal
2026-04-28 12:41:56.567869,Dubai-3f97,17,18,Normal
2026-04-28 12:41:57.567869,Dubai-3f97,-29,19,Normal
2026-04-28 12:41:58.567869,Dubai-3f97,26,0,Normal
2026-04-28 12:41:59.567869,Dubai-3f97,-11,35,Normal
2026-04-28 12:42:00.567869,Dubai-3f97,15,79,Normal
2026-04-28 12:42:01.567869,Dubai-3f97,-17,9,Normal
2026-04-28 12:42:02.567869,Dubai-3f97,-23,97,Normal
2026-04-28 12:42:03.567869,Dubai-3f97,16,16,Normal
2026-04-28 12:42:04.567869,Dubai-3f97,33,10,Normal
2026-04-28 12:42:05.567869,Dubai-3f97,13,81,Normal
2026-04-28 12:42:06.567869,Dubai-3f97,26,48,Normal
2026-04-28 12:42:07.567869,Dubai-3f97,9,3,Normal
2026-04-28 12:42:08.567869,Dubai-3f97,3,17,Normal
2026-04-28 12:42:09.567869,Dubai-3f97,16,91,Normal
2026-04-28 12:42:10.567869,Dubai-3f97,16,79,Normal
2026-04-28 12:42:11.567869,Dubai-3f97,-1,83,Normal
2026-04-28 12:42:12.567869,Dubai-3f97,24,32,Normal
2026-04-28 12:42:13.567869,Dubai-3f97,12,40,Normal
2026-04-28 12:42:14.567869,Dubai-3f97,29,76,Normal
2026-04-28 12:42:15.567869,Dubai-3f97,7,62,Normal
2026-04-28 12:42:16.567869,Dubai-3f97,-7,28,Normal
2026-04-28 12:42:17.567869,Dubai-3f97,-12,42,Normal
2026-04-28 12:42:18.567869,Dubai-3f97,6,49,Normal
2026-04-28 12:42:19.567869,Dubai-3f97,32,20,Normal
2026-04-28 12:42:20.567869,Dubai-3f97,-13,1,Normal
2026-04-28 12:42:21.567869,Dubai-3f97,18,94,Normal
2026-04-28 12:42:22.567869,Dubai-3f97,44,28,Normal
2026-04-28 12:42:23.567869,Dubai-3f97,-17,23,Normal
2026-04-28 12:42:24.567869,Dubai-3f97,-30,65,Normal
2026-04-28 12:42:25.567869,Dubai-3f97,23,83,Normal
2026-04-28 12:42:26.567869,Dubai-3f97,26,71,Normal
2026-04-28 12:42:27.567869,Dubai-3f97,-29,32,Normal
2026-04-28 12:42:28.567869,Dubai-3f97,-21,88,Normal
2026-04-28 12:42:29.567869,Dubai-3f97,-17,87,Normal
2026-04-28 12:42:30.567869,Dubai-3f97,37,56,Normal
2026-04-28 12:42:31.567869,Dubai-3f97,33,23,Normal
2026-04-28 12:42:32.567869,Dubai-3f97,-14,52,Normal
2026-04-28 12:42:33.567869,Dubai-3f97,43,69,Normal
2026-04-28 12:42:34.567869,Dubai-3f97,33,7,Normal
2026-04-28 12:42:35.567869,Dubai-3f97,2,56,Normal
2026-04-28 12:42:36.567869,Dubai-3f97,25,17,Normal
2026-04-28 12:42:37.567869,Dubai-3f97,4,16,Normal
2026-04-28 12:42:38.567869,Dubai-3f97,20,11,Normal
2026-04-28 12:42:39.567869,Dubai-3f97,41,29,Normal
2026-04-28 12:42:40.567869,Dubai-3f97,26,56,Normal
2026-04-28 12:42:41.567869,Dubai-3f97,14,0,Normal
2026-04-28 12:42:42.567869,Dubai-3f97,38,12,Normal
2026-04-28 12:42:43.567869,Dubai-3f97,9,41,Normal
2026-04-28 12:42:44.567869,Dubai-3f97,41,87,Normal
2026-04-28 12:42:45.567869,Dubai-3f97,-19,54,Normal
2026-04-28 12:42:46.567869,Dubai-3f97,30,31,Normal
2026-04-28 12:42:47.567869,Dubai-3f97,-17,20,Normal
2026-04-28 12:42:48.567869,Dubai-3f97,14,68,Normal
2026-04-28 12:42:49.567869,Dubai-3f97,13,49,Normal
2026-04-28 12:42:50.567869,Dubai-3f97,-20,84,Normal
2026-04-28 12:42:51.567869,Dubai-3f97,-20,97,Normal
2026-04-28 12:42:52.567869,Dubai-3f97,-13,81,Normal
2026-04-28 12:42:53.567869,Dubai-3f97,27,3,Normal
2026-04-28 12:42:54.567869,Dubai-3f97,47,85,Normal
2026-04-28 12:42:55.567869,Dubai-3f97,-28,60,Normal
2026-04-28 12:42:56.567869,Dubai-3f97,-30,29,Normal
2026-04-28 12:42:57.567869,Dubai-3f97,49,21,Normal
2026-04-28 12:42:58.567869,Dubai-3f97,-20,8,Normal
2026-04-28 12:42:59.567869,Dubai-3f97,19,77,Normal
2026-04-28 12:43:00.567869,Dubai-3f97,49,96,Normal
2026-04-28 12:43:01.567869,Dubai-3f97,24,17,Normal
2026-04-28 12:43:02.567869,Dubai-3f97,12,87,Normal
2026-04-28 12:43:03.567869,Dubai-3f97,47,22,Normal
2026-04-28 12:43:04.567869,Dubai-3f97,2,30,Normal
2026-04-28 12:43:05.567869,Dubai-3f97,31,87,Normal
2026-04-28 12:43:06.567869,Dubai-3f97,23,83,Normal
2026-04-28 12:43:07.567869,Dubai-3f97,17,3,Normal
2026-04-28 12:43:08.567869,Dubai-3f97,36,79,Normal
2026-04-28 12:43:09.567869,Dubai-3f97,31,17,Normal
2026-04-28 12:43:10.567869,Dubai-3f97,-2,21,Normal
2026-04-28 12:43:11.567869,Dubai-3f97,11,78,Normal
2026-04-28 12:43:12.567869,Dubai-3f97,45,33,Normal
2026-04-28 12:43:13.567869,Dubai-3f97,46,42,Normal
2026-04-28 12:43:14.567869,Dubai-3f97,-27,35,Normal
2026-04-28 12:43:15.567869,Dubai-3f97,-6,77,Normal
2026-04-28 12:43:16.567869,Dubai-3f97,31,56,Normal
2026-04-28 12:43:17.567869,Dubai-3f97,48,97,Normal
2026-04-28 12:43:18.567869,Dubai-3f97,15,56,Normal
2026-04-28 12:43:19.567869,Dubai-3f97,-3,4,Normal
2026-04-28 12:43:20.567869,Dubai-3f97,48,80,Normal
2026-04-28 12:43:21.567869,Dubai-3f97,-30,26,Normal
2026-04-28 12:43:22.567869,Dubai-3f97,40,35,Normal
2026-04-28 12:43:23.567869,Dubai-3f97,15,96,Normal
2026-04-28 12:43:24.567869,Dubai-3f97,1,81,Normal
2026-04-28 12:43:25.567869,Dubai-3f97,-7,75,Normal
2026-04-28 12:43:26.567869,Dubai-3f97,34,69,Normal
2026-04-28 12:43:27.567869,Dubai-3f97,24,95,Normal
2026-04-28 12:43:28.567869,Dubai-3f97,30,99,Normal
2026-04-28 12:43:29.567869,Dubai-3f97,4,41,Normal
2026-04-28 12:43:30.567869,Dubai-3f97,-25,90,Normal
2026-04-28 12:43:31.567869,Dubai-3f97,-27,38,Normal
2026-04-28 12:43:32.567869,Dubai-3f97,31,98,Normal
2026-04-28 12:43:33.567869,Dubai-3f97,13,92,Normal
2026-04-28 12:43:34.567869,Dubai-3f97,34,48,Normal
2026-04-28 12:43:35.567869,Dubai-3f97,-27,10,Normal
2026-04-28 12:43:36.567869,Dubai-3f97,12,68,Normal
2026-04-28 12:43:37.567869,Dubai-3f97,17,8,Normal
2026-04-28 12:43:38.567869,Dubai-3f97,33,91,Normal
2026-04-28 12:43:39.567869,Dubai-3f97,32,62,Normal
2026-04-28 12:43:40.567869,Dubai-3f97,17,91,Normal
2026-04-28 12:43:41.567869,Dubai-3f97,44,76,Normal
2026-04-28 12:43:42.567869,Dubai-3f97,-18,8,Normal
2026-04-28 12:43:43.567869,Dubai-3f97,26,6,Normal
2026-04-28 12:43:44.567869,Dubai-3f97,26,2,Normal
2026-04-28 12:43:45.567869,Dubai-3f97,24,23,Normal
2026-04-28 12:43:46.567869,Dubai-3f97,38,17,Normal
2026-04-28 12:43:47.567869,Dubai-3f97,37,86,Normal
2026-04-28 12:43:48.567869,Dubai-3f97,27,100,Normal
2026-04-28 12:43:49.567869,Dubai-3f97,-9,33,Normal
2026-04-28 12:43:50.567869,Dubai-3f97,-23,42,Normal
2026-04-28 12:43:51.567869,Dubai-3f97,0,71,Normal
2026-04-28 12:43:52.567869,Dubai-3f97,17,92,Normal
2026-04-28 12:43:53.567869,Dubai-3f97,-4,79,Normal
2026-04-28 12:43:54.567869,Dubai-3f97,28,4,Normal
2026-04-28 12:43:55.567869,Dubai-3f97,15,38,Normal
2026-04-28 12:43:56.567869,Dubai-3f97,36,48,Normal
2026-04-28 12:43:57.567869,Dubai-3f97,46,9,Normal
2026-04-28 12:43:58.567869,Dubai-3f97,-13,56,Normal
2026-04-28 12:43:59.567869,Dubai-3f97,16,50,Normal
2026-04-28 12:44:00.567869,Dubai-3f97,-21,16,Normal
2026-04-28 12:44:01.567869,Dubai-3f97,31,20,Normal
2026-04-28 12:44:02.567869,Dubai-3f97,31,72,Normal
2026-04-28 12:44:03.567869,Dubai-3f97,28,54,Normal
2026-04-28 12:44:04.567869,Dubai-3f97,-1,15,Normal
2026-04-28 12:44:05.567869,Dubai-3f97,-23,12,Normal
2026-04-28 12:44:06.567869,Dubai-3f97,-28,72,Normal
2026-04-28 12:44:07.567869,Dubai-3f97,-26,19,Normal
2026-04-28 12:44:08.567869,Dubai-3f97,16,97,Normal
2026-04-28 12:44:09.567869,Dubai-3f97,28,11,Normal
2026-04-28 12:44:10.567869,Dubai-3f97,29,37,Normal
2026-04-28 12:44:11.567869,Dubai-3f97,7,66,Normal
2026-04-28 12:44:12.567869,Dubai-3f97,-8,19,Normal
2026-04-28 12:44:13.567869,Dubai-3f97,-13,0,Normal
2026-04-28 12:44:14.567869,Dubai-3f97,-25,83,Normal
2026-04-28 12:44:15.567869,Dubai-3f97,-5,16,Normal
2026-04-28 12:44:16.567869,Dubai-3f97,28,16,Normal
2026-04-28 12:44:17.567869,Dubai-3f97,-6,78,Normal
2026-04-28 12:44:18.567869,Dubai-3f97,11,3,Normal
2026-04-28 12:44:19.567869,Dubai-3f97,17,16,Normal
2026-04-28 12:44:20.567869,Dubai-3f97,19,0,Normal
2026-04-28 12:44:21.567869,Dubai-3f97,30,3,Normal
2026-04-28 12:44:22.567869,Dubai-3f97,3,50,Normal
2026-04-28 12:44:23.567869,Dubai-3f97,36,9,Normal
2026-04-28 12:44:24.567869,Dubai-3f97,-15,46,Normal
2026-04-28 12:44:25.567869,Dubai-3f97,26,88,Normal
2026-04-28 12:44:26.567869,Dubai-3f97,-14,61,Normal
2026-04-28 12:44:27.567869,Dubai-3f97,5,52,Normal
2026-04-28 12:44:28.567869,Dubai-3f97,39,99,Normal
2026-04-28 12:44:29.567869,Dubai-3f97,10,53,Normal
2026-04-28 12:44:30.567869,Dubai-3f97,41,62,Normal
2026-04-28 12:44:31.567869,Dubai-3f97,3,98,Normal
2026-04-28 12:44:32.567869,Dubai-3f97,-24,52,Normal
2026-04-28 12:44:33.567869,Dubai-3f97,-29,47,Normal
2026-04-28 12:44:34.567869,Dubai-3f97,-3,18,Normal
2026-04-28 12:44:35.567869,Dubai-3f97,18,59,Normal
2026-04-28 12:44:36.567869,Dubai-3f97,-30,23,Normal
2026-04-28 12:44:37.567869,Dubai-3f97,-7,75,Normal
2026-04-28 12:44:38.567869,Dubai-3f97,49,97,Normal
2026-04-28 12:44:39.567869,Dubai-3f97,-3,75,Normal
2026-04-28 12:44:40.567869,Dubai-3f97,-24,70,Normal
2026-04-28 12:44:41.567869,Dubai-3f97,-30,86,Normal
2026-04-28 12:44:42.567869,Dubai-3f97,-4,64,Normal
2026-04-28 12:44:43.567869,Dubai-3f97,5,55,Normal
2026-04-28 12:44:44.567869,Dubai-3f97,35,25,Normal
2026-04-28 12:44:45.567869,Dubai-3f97,-28,94,Normal
2026-04-28 12:44:46.567869,Dubai-3f97,10,48,Normal
2026-04-28 12:44:47.567869,Dubai-3f97,17,69,Normal
2026-04-28 12:44:48.567869,Dubai-3f97,45,3,Normal
2026-04-28 12:44:49.567869,Dubai-3f97,44,80,Normal
2026-04-28 12:44:50.567869,Dubai-3f97,18,23,Normal
2026-04-28 12:44:51.567869,Dubai-3f97,6,84,Normal
2026-04-28 12:44:52.567869,Dubai-3f97,6,99,Normal
2026-04-28 12:44:53.567869,Dubai-3f97,1,55,Normal
2026-04-28 12:44:54.567869,Dubai-3f97,-26,56,Normal
2026-04-28 12:44:55.567869,Dubai-3f97,27,98,Normal
2026-04-28 12:44:56.567869,Dubai-3f97,-23,18,Normal
2026-04-28 12:44:57.567869,Dubai-3f97,-28,69,Normal
2026-04-28 12:44:58.567869,Dubai-3f97,-4,49,Normal
2026-04-28 12:44:59.567869,Dubai-3f97,-1,18,Normal
2026-04-28 12:45:00.567869,Dubai-3f97,36,73,Normal
2026-04-28 12:45:01.567869,Dubai-3f97,-17,71,Normal
2026-04-28 12:45:02.567869,Dubai-3f97,-4,58,Normal
2026-04-28 12:45:03.567869,Dubai-3f97,47,12,Normal
2026-04-28 12:45:04.567869,Dubai-3f97,1,96,Normal
2026-04-28 12:45:05.567869,Dubai-3f97,19,18,Normal
2026-04-28 12:45:06.567869,Dubai-3f97,38,32,Normal
2026-04-28 12:45:07.567869,Dubai-3f97,11,26,Normal
2026-04-28 12:45:08.567869,Dubai-3f97,47,59,Normal
2026-04-28 12:45:09.567869,Dubai-3f97,-3,14,Normal
2026-04-28 12:45:10.567869,Dubai-3f97,2,23,Normal
2026-04-28 12:45:11.567869,Dubai-3f97,23,94,Normal
2026-04-28 12:45:12.567869,Dubai-3f97,39,80,Normal
2026-04-28 12:45:13.567869,Dubai-3f97,27,57,Normal
2026-04-28 12:45:14.567869,Dubai-3f97,1,42,Normal
2026-04-28 12:45:15.567869,Dubai-3f97,27,8,Normal
2026-04-28 12:45:16.567869,Dubai-3f97,16,57,Normal
2026-04-28 12:45:17.567869,Dubai-3f97,47,25,Normal
2026-04-28 12:45:18.567869,Dubai-3f97,-27,30,Normal
2026-04-28 12:45:19.567869,Dubai-3f97,-24,86,Normal
2026-04-28 12:45:20.567869,Dubai-3f97,45,76,Normal
2026-04-28 12:45:21.567869,Dubai-3f97,-21,64,Normal
2026-04-28 12:45:22.567869,Dubai-3f97,-6,99,Normal
2026-04-28 12:45:23.567869,Dubai-3f97,-20,80,Normal
2026-04-28 12:45:24.567869,Dubai-3f97,32,43,Normal
2026-04-28 12:45:25.567869,Dubai-3f97,0,36,Normal
2026-04-28 12:45:26.567869,Dubai-3f97,-30,24,Normal
2026-04-28 12:45:27.567869,Dubai-3f97,-25,36,Normal
2026-04-28 12:45:28.567869,Dubai-3f97,10,14,Normal
2026-04-28 12:45:29.567869,Dubai-3f97,-18,98,Normal
2026-04-28 12:45:30.567869,Dubai-3f97,-14,53,Normal
2026-04-28 12:45:31.567869,Dubai-3f97,23,19,Normal
2026-04-28 12:45:32.567869,Dubai-3f97,-21,12,Normal
2026-04-28 12:45:33.567869,Dubai-3f97,-21,66,Normal
2026-04-28 12:45:34.567869,Dubai-3f97,-18,53,Normal
2026-04-28 12:45:35.567869,Dubai-3f97,48,38,Normal
2026-04-28 12:45:36.567869,Dubai-3f97,-27,12,Normal
2026-04-28 12:45:37.567869,Dubai-3f97,16,37,Normal
2026-04-28 12:45:38.567869,Dubai-3f97,33,75,Normal
2026-04-28 12:45:39.567869,Dubai-3f97,-29,33,Normal
2026-04-28 12:45:40.567869,Dubai-3f97,21,52,Normal
2026-04-28 12:45:41.567869,Dubai-3f97,-14,31,Normal
2026-04-28 12:45:42.567869,Dubai-3f97,11,33,Normal
2026-04-28 12:45:43.567869,Dubai-3f97,-28,52,Normal
2026-04-28 12:45:44.567869,Dubai-3f97,-28,16,Normal
2026-04-28 12:45:45.567869,Dubai-3f97,5,41,Normal
2026-04-28 12:45:46.567869,Dubai-3f97,17,66,Normal
2026-04-28 12:45:47.567869,Dubai-3f97,-26,11,Normal
2026-04-28 12:45:48.567869,Dubai-3f97,1,76,Normal
2026-04-28 12:45:49.567869,Dubai-3f97,-19,79,Normal
2026-04-28 12:45:50.567869,Dubai-3f97,19,88,Normal
2026-04-28 12:45:51.567869,Dubai-3f97,-15,51,Normal
2026-04-28 12:45:52.567869,Dubai-3f97,1,93,Normal
2026-04-28 12:45:53.567869,Dubai-3f97,-9,38,Normal
2026-04-28 12:45:54.567869,Dubai-3f97,1,5,Normal
2026-04-28 12:45:55.567869,Dubai-3f97,8,66,Normal
2026-04-28 12:45:56.567869,Dubai-3f97,47,18,Normal
2026-04-28 12:45:57.567869,Dubai-3f97,20,16,Normal
2026-04-28 12:45:58.567869,Dubai-3f97,-23,84,Normal
2026-04-28 12:45:59.567869,Dubai-3f97,-16,8,Normal
2026-04-28 12:46:00.567869,Dubai-3f97,24,87,Normal
2026-04-28 12:46:01.567869,Dubai-3f97,4,30,Normal
2026-04-28 12:46:02.567869,Dubai-3f97,-21,66,Normal
2026-04-28 12:46:03.567869,Dubai-3f97,2,48,Normal
2026-04-28 12:46:04.567869,Dubai-3f97,32,25,Normal
2026-04-28 12:46:05.567869,Dubai-3f97,-28,18,Normal
2026-04-28 12:46:06.567869,Dubai-3f97,27,44,Normal
2026-04-28 12:46:07.567869,Dubai-3f97,-20,39,Normal
2026-04-28 12:46:08.567869,Dubai-3f97,9,93,Normal
2026-04-28 12:46:09.567869,Dubai-3f97,-21,58,Normal
2026-04-28 12:46:10.567869,Dubai-3f97,21,61,Normal
2026-04-28 12:46:11.567869,Dubai-3f97,17,17,Normal
2026-04-28 12:46:12.567869,Dubai-3f97,18,57,Normal
2026-04-28 12:46:13.567869,Dubai-3f97,50,27,Normal
2026-04-28 12:46:14.567869,Dubai-3f97,47,24,Normal
2026-04-28 12:46:15.567869,Dubai-3f97,9,42,Normal
2026-04-28 12:46:16.567869,Dubai-3f97,-5,68,Normal
2026-04-28 12:46:17.567869,Dubai-3f97,27,50,Normal
2026-04-28 12:46:18.567869,Dubai-3f97,46,48,Normal
2026-04-28 12:46:19.567869,Dubai-3f97,-22,98,Normal
2026-04-28 12:46:20.567869,Dubai-3f97,36,9,Normal
2026-04-28 12:46:21.567869,Dubai-3f97,-12,27,Normal
2026-04-28 12:46:22.567869,Dubai-3f97,-28,28,Normal
2026-04-28 12:46:23.567869,Dubai-3f97,-29,65,Normal
2026-04-28 12:46:24.567869,Dubai-3f97,-16,80,Normal
2026-04-28 12:46:25.567869,Dubai-3f97,23,19,Normal
2026-04-28 12:46:26.567869,Dubai-3f97,39,20,Normal
2026-04-28 12:46:27.567869,Dubai-3f97,48,24,Normal
2026-04-28 12:46:28.567869,Dubai-3f97,29,49,Normal
2026-04-28 12:46:29.567869,Dubai-3f97,46,26,Normal
2026-04-28 12:46:30.567869,Dubai-3f97,0,77,Normal
2026-04-28 12:46:31.567869,Dubai-3f97,-17,44,Normal
2026-04-28 12:46:32.567869,Dubai-3f97,-20,35,Normal
2026-04-28 12:46:33.567869,Dubai-3f97,29,51,Normal
2026-04-28 12:46:34.567869,Dubai-3f97,20,21,Normal
2026-04-28 12:46:35.567869,Dubai-3f97,33,64,Normal
2026-04-28 12:46:36.567869,Dubai-3f97,-6,54,Normal
2026-04-28 12:46:37.567869,Dubai-3f97,22,28,Normal
2026-04-28 12:46:38.567869,Dubai-3f97,41,8,Normal
2026-04-28 12:46:39.567869,Dubai-3f97,9,42,Normal
2026-04-28 12:46:40.567869,Dubai-3f97,-28,57,Normal
2026-04-28 12:46:41.567869,Dubai-3f97,25,93,Normal
2026-04-28 12:46:42.567869,Dubai-3f97,48,39,Normal
2026-04-28 12:46:43.567869,Dubai-3f97,27,85,Normal
2026-04-28 12:46:44.567869,Dubai-3f97,6,84,Normal
2026-04-28 12:46:45.567869,Dubai-3f97,29,76,Normal
2026-04-28 12:46:46.567869,Dubai-3f97,20,59,Normal
2026-04-28 12:46:47.567869,Dubai-3f97,-16,46,Normal
2026-04-28 12:46:48.567869,Dubai-3f97,-23,45,Normal
2026-04-28 12:46:49.567869,Dubai-3f97,48,48,Normal
2026-04-28 12:46:50.567869,Dubai-3f97,-13,26,Normal
2026-04-28 12:46:51.567869,Dubai-3f97,28,16,Normal
2026-04-28 12:46:52.567869,Dubai-3f97,24,87,Normal
2026-04-28 12:46:53.567869,Dubai-3f97,-1,43,Normal
2026-04-28 12:46:54.567869,Dubai-3f97,-13,90,Normal
2026-04-28 12:46:55.567869,Dubai-3f97,7,91,Normal
2026-04-28 12:46:56.567869,Dubai-3f97,47,86,Normal
2026-04-28 12:46:57.567869,Dubai-3f97,11,8,Normal
2026-04-28 12:46:58.567869,Dubai-3f97,3,78,Normal
2026-04-28 12:46:59.567869,Dubai-3f97,41,79,Normal
2026-04-28 12:47:00.567869,Dubai-3f97,-2,37,Normal
2026-04-28 12:47:01.567869,Dubai-3f97,8,53,Normal
2026-04-28 12:47:02.567869,Dubai-3f97,8,80,Normal
2026-04-28 12:47:03.567869,Dubai-3f97,-28,41,Normal
2026-04-28 12:47:04.567869,Dubai-3f97,48,78,Normal
2026-04-28 12:47:05.567869,Dubai-3f97,36,73,Normal
2026-04-28 12:47:06.567869,Dubai-3f97,-22,62,Normal
2026-04-28 12:47:07.567869,Dubai-3f97,3,28,Normal
2026-04-28 12:47:08.567869,Dubai-3f97,37,52,Normal
2026-04-28 12:47:09.567869,Dubai-3f97,2,82,Normal
2026-04-28 12:47:10.567869,Dubai-3f97,42,52,Normal
2026-04-28 12:47:11.567869,Dubai-3f97,-2,76,Normal
2026-04-28 12:47:12.567869,Dubai-3f97,-8,58,Normal
2026-04-28 12:47:13.567869,Dubai-3f97,-16,33,Normal
2026-04-28 12:47:14.567869,Dubai-3f97,30,51,Normal
2026-04-28 12:47:15.567869,Dubai-3f97,45,61,Normal
2026-04-28 12:47:16.567869,Dubai-3f97,22,74,Normal
2026-04-28 12:47:17.567869,Dubai-3f97,39,64,Normal
2026-04-28 12:47:18.567869,Dubai-3f97,-24,9,Normal
2026-04-28 12:47:19.567869,Dubai-3f97,15,15,Normal
2026-04-28 12:47:20.567869,Dubai-3f97,32,70,Normal
2026-04-28 12:47:21.567869,Dubai-3f97,48,93,Normal
2026-04-28 12:47:22.567869,Dubai-3f97,-25,22,Normal
2026-04-28 12:47:23.567869,Dubai-3f97,29,36,Normal
2026-04-28 12:47:24.567869,Dubai-3f97,37,26,Normal
2026-04-28 12:47:25.567869,Dubai-3f97,-26,2,Normal
2026-04-28 12:47:26.567869,Dubai-3f97,-17,88,Normal
2026-04-28 12:47:27.567869,Dubai-3f97,30,17,Normal
2026-04-28 12:47:28.567869,Dubai-3f97,49,54,Normal
2026-04-28 12:47:29.567869,Dubai-3f97,27,87,Normal
2026-04-28 12:47:30.567869,Dubai-3f97,-26,65,Normal
2026-04-28 12:47:31.567869,Dubai-3f97,-20,61,Normal
2026-04-28 12:47:32.567869,Dubai-3f97,1,26,Normal
2026-04-28 12:47:33.567869,Dubai-3f97,19,61,Normal
2026-04-28 12:47:34.567869,Dubai-3f97,-8,75,Normal
2026-04-28 12:47:35.567869,Dubai-3f97,-23,100,Normal
2026-04-28 12:47:36.567869,Dubai-3f97,-27,29,Normal
2026-04-28 12:47:37.567869,Dubai-3f97,5,72,Normal
2026-04-28 12:47:38.567869,Dubai-3f97,29,12,Normal
2026-04-28 12:47:39.567869,Dubai-3f97,-6,65,Normal
2026-04-28 12:47:40.567869,Dubai-3f97,33,60,Normal
2026-04-28 12:47:41.567869,Dubai-3f97,31,85,Normal
2026-04-28 12:47:42.567869,Dubai-3f97,33,58,Normal
2026-04-28 12:47:43.567869,Dubai-3f97,40,43,Normal
2026-04-28 12:47:44.567869,Dubai-3f97,23,38,Normal
2026-04-28 12:47:45.567869,Dubai-3f97,38,76,Normal
2026-04-28 12:47:46.567869,Dubai-3f97,-3,42,Normal
2026-04-28 12:47:47.567869,Dubai-3f97,-3,49,Normal
2026-04-28 12:47:48.567869,Dubai-3f97,-16,23,Normal
2026-04-28 12:47:49.567869,Dubai-3f97,43,94,Normal
2026-04-28 12:47:50.567869,Dubai-3f97,-12,31,Normal
2026-04-28 12:47:51.567869,Dubai-3f97,-19,21,Normal
2026-04-28 12:47:52.567869,Dubai-3f97,31,57,Normal
2026-04-28 12:47:53.567869,Dubai-3f97,45,22,Normal
2026-04-28 12:47:54.567869,Dubai-3f97,31,96,Normal
2026-04-28 12:47:55.567869,Dubai-3f97,6,27,Normal
2026-04-28 12:47:56.567869,Dubai-3f97,16,100,Normal
2026-04-28 12:47:57.567869,Dubai-3f97,37,46,Normal
2026-04-28 12:47:58.567869,Dubai-3f97,-3,44,Normal
2026-04-28 12:47:59.567869,Dubai-3f97,5,6,Normal
2026-04-28 12:48:00.567869,Dubai-3f97,-6,60,Normal
2026-04-28 12:48:01.567869,Dubai-3f97,22,39,Normal
2026-04-28 12:48:02.567869,Dubai-3f97,41,80,Normal
2026-04-28 12:48:03.567869,Dubai-3f97,-17,67,Normal
2026-04-28 12:48:04.567869,Dubai-3f97,-28,68,Normal
2026-04-28 12:48:05.567869,Dubai-3f97,21,76,Normal
2026-04-28 12:48:06.567869,Dubai-3f97,5,5,Normal
2026-04-28 12:48:07.567869,Dubai-3f97,24,22,Normal
2026-04-28 12:48:08.567869,Dubai-3f97,-4,42,Normal
2026-04-28 12:48:09.567869,Dubai-3f97,-14,91,Normal
2026-04-28 12:48:10.567869,Dubai-3f97,37,20,Normal
2026-04-28 12:48:11.567869,Dubai-3f97,37,35,Normal
2026-04-28 12:48:12.567869,Dubai-3f97,-27,77,Normal
2026-04-28 12:48:13.567869,Dubai-3f97,31,9,Normal
2026-04-28 12:48:14.567869,Dubai-3f97,29,46,Normal
2026-04-28 12:48:15.567869,Dubai-3f97,-25,5,Normal
2026-04-28 12:48:16.567869,Dubai-3f97,35,6,Normal
2026-04-28 12:48:17.567869,Dubai-3f97,11,42,Normal
2026-04-28 12:48:18.567869,Dubai-3f97,-25,26,Normal
2026-04-28 12:48:19.567869,Dubai-3f97,-18,47,Normal
2026-04-28 12:48:20.567869,Dubai-3f97,27,25,Normal
2026-04-28 12:48:21.567869,Dubai-3f97,-3,92,Normal
2026-04-28 12:48:22.567869,Dubai-3f97,17,40,Normal
2026-04-28 12:48:23.567869,Dubai-3f97,3,8,Normal
2026-04-28 12:48:24.567869,Dubai-3f97,-21,51,Normal
2026-04-28 12:48:25.567869,Dubai-3f97,-4,69,Normal
2026-04-28 12:48:26.567869,Dubai-3f97,29,21,Normal
2026-04-28 12:48:27.567869,Dubai-3f97,1,97,Normal
2026-04-28 12:48:28.567869,Dubai-3f97,31,40,Normal
2026-04-28 12:48:29.567869,Dubai-3f97,8,44,Normal
2026-04-28 12:48:30.567869,Dubai-3f97,-11,24,Normal
2026-04-28 12:48:31.567869,Dubai-3f97,49,16,Normal
2026-04-28 12:48:32.567869,Dubai-3f97,2,33,Normal
2026-04-28 12:48:33.567869,Dubai-3f97,46,6,Normal
2026-04-28 12:48:34.567869,Dubai-3f97,11,53,Normal
2026-04-28 12:48:35.567869,Dubai-3f97,47,30,Normal
2026-04-28 12:48:36.567869,Dubai-3f97,27,92,Normal
2026-04-28 12:48:37.567869,Dubai-3f97,-23,38,Normal
2026-04-28 12:48:38.567869,Dubai-3f97,46,58,Normal
2026-04-28 12:48:39.567869,Dubai-3f97,-17,30,Normal
2026-04-28 12:48:40.567869,Dubai-3f97,-6,12,Normal
2026-04-28 12:48:41.567869,Dubai-3f97,32,2,Normal
2026-04-28 12:48:42.567869,Dubai-3f97,30,10,Normal
2026-04-28 12:48:43.567869,Dubai-3f97,5,73,Normal
2026-04-28 12:48:44.567869,Dubai-3f97,48,53,Normal
2026-04-28 12:48:45.567869,Dubai-3f97,5,73,Normal
2026-04-28 12:48:46.567869,Dubai-3f97,13,6,Normal
2026-04-28 12:48:47.567869,Dubai-3f97,45,2,Normal
2026-04-28 12:48:48.567869,Dubai-3f97,16,1,Normal
2026-04-28 12:48:49.567869,Dubai-3f97,36,54,Normal
2026-04-28 12:48:50.567869,Dubai-3f97,18,3,Normal
2026-04-28 12:48:51.567869,Dubai-3f97,-28,73,Normal
2026-04-28 12:48:52.567869,Dubai-3f97,2,14,Normal
2026-04-28 12:48:53.567869,Dubai-3f97,43,68,Normal
2026-04-28 12:48:54.567869,Dubai-3f97,-10,86,Normal
2026-04-28 12:48:55.567869,Dubai-3f97,-21,69,Normal
2026-04-28 12:48:56.567869,Dubai-3f97,-17,88,Normal
2026-04-28 12:48:57.567869,Dubai-3f97,-14,81,Normal
2026-04-28 12:48:58.567869,Dubai-3f97,-1,38,Normal
2026-04-28 12:48:59.567869,Dubai-3f97,-9,42,Normal
2026-04-28 12:49:00.567869,Dubai-3f97,31,60,Normal
2026-04-28 12:49:01.567869,Dubai-3f97,-14,98,Normal
2026-04-28 12:49:02.567869,Dubai-3f97,-15,69,Normal
2026-04-28 12:49:03.567869,Dubai-3f97,-19,74,Normal
2026-04-28 12:49:04.567869,Dubai-3f97,20,16,Normal
2026-04-28 12:49:05.567869,Dubai-3f97,27,6,Normal
2026-04-28 12:49:06.567869,Dubai-3f97,-19,96,Normal
2026-04-28 12:49:07.567869,Dubai-3f97,-11,2,Normal
2026-04-28 12:49:08.567869,Dubai-3f97,31,89,Normal
2026-04-28 12:49:09.567869,Dubai-3f97,16,38,Normal
2026-04-28 12:49:10.567869,Dubai-3f97,14,70,Normal
2026-04-28 12:49:11.567869,Dubai-3f97,-19,36,Normal
2026-04-28 12:49:12.567869,Dubai-3f97,22,53,Normal
2026-04-28 12:49:13.567869,Dubai-3f97,-12,71,Normal
2026-04-28 12:49:14.567869,Dubai-3f97,-30,79,Normal
2026-04-28 12:49:15.567869,Dubai-3f97,2,81,Normal
2026-04-28 12:49:16.567869,Dubai-3f97,30,84,Normal
2026-04-28 12:49:17.567869,Dubai-3f97,-28,43,Normal
2026-04-28 12:49:18.567869,Dubai-3f97,-3,26,Normal
2026-04-28 12:49:19.567869,Dubai-3f97,-21,36,Normal
2026-04-28 12:49:20.567869,Dubai-3f97,-7,82,Normal
2026-04-28 12:49:21.567869,Dubai-3f97,-21,47,Normal
2026-04-28 12:49:22.567869,Dubai-3f97,-14,72,Normal
2026-04-28 12:49:23.567869,Dubai-3f97,32,7,Normal
2026-04-28 12:49:24.567869,Dubai-3f97,23,84,Normal
2026-04-28 12:49:25.567869,Dubai-3f97,-3,96,Normal
2026-04-28 12:49:26.567869,Dubai-3f97,29,28,Normal
2026-04-28 12:49:27.567869,Dubai-3f97,-12,22,Normal
2026-04-28 12:49:28.567869,Dubai-3f97,34,75,Normal
2026-04-28 12:49:29.567869,Dubai-3f97,22,28,Normal
2026-04-28 12:49:30.567869,Dubai-3f97,47,51,Normal
2026-04-28 12:49:31.567869,Dubai-3f97,-30,21,Normal
2026-04-28 12:49:32.567869,Dubai-3f97,43,5,Normal
2026-04-28 12:49:33.567869,Dubai-3f97,41,47,Normal
2026-04-28 12:49:34.567869,Dubai-3f97,34,1,Normal
2026-04-28 12:49:35.567869,Dubai-3f97,49,14,Normal
2026-04-28 12:49:36.567869,Dubai-3f97,12,32,Normal
2026-04-28 12:49:37.567869,Dubai-3f97,8,62,Normal
2026-04-28 12:49:38.567869,Dubai-3f97,-14,89,Normal
2026-04-28 12:49:39.567869,Dubai-3f97,9,13,Normal
2026-04-28 12:49:40.567869,Dubai-3f97,-16,68,Normal
2026-04-28 12:49:41.567869,Dubai-3f97,40,77,Normal
2026-04-28 12:49:42.567869,Dubai-3f97,24,45,Normal
2026-04-28 12:49:43.567869,Dubai-3f97,39,32,Normal
2026-04-28 12:49:44.567869,Dubai-3f97,29,54,Normal
2026-04-28 12:49:45.567869,Dubai-3f97,-5,21,Normal
2026-04-28 12:49:46.567869,Dubai-3f97,-26,80,Normal
2026-04-28 12:49:47.567869,Dubai-3f97,43,8,Normal
2026-04-28 12:49:48.567869,Dubai-3f97,30,20,Normal
2026-04-28 12:49:49.567869,Dubai-3f97,42,89,Normal
2026-04-28 12:49:50.567869,Dubai-3f97,46,17,Normal
2026-04-28 12:49:51.567869,Dubai-3f97,40,62,Normal
2026-04-28 12:49:52.567869,Dubai-3f97,32,77,Normal
2026-04-28 12:49:53.567869,Dubai-3f97,42,42,Normal
2026-04-28 12:49:54.567869,Dubai-3f97,0,14,Normal
2026-04-28 12:49:55.567869,Dubai-3f97,-8,100,Normal
2026-04-28 12:49:56.567869,Dubai-3f97,32,37,Normal
2026-04-28 12:49:57.567869,Dubai-3f97,-25,79,Normal
2026-04-28 12:49:58.567869,Dubai-3f97,18,32,Normal
2026-04-28 12:49:59.567869,Dubai-3f97,-18,35,Normal
2026-04-28 12:50:00.567869,Dubai-3f97,-28,34,Normal
2026-04-28 12:50:01.567869,Dubai-3f97,1,29,Normal
2026-04-28 12:50:02.567869,Dubai-3f97,14,37,Normal
2026-04-28 12:50:03.567869,Dubai-3f97,-9,15,Normal
2026-04-28 12:50:04.567869,Dubai-3f97,5,80,Normal
2026-04-28 12:50:05.567869,Dubai-3f97,1,43,Normal
2026-04-28 12:50:06.567869,Dubai-3f97,-22,3,Normal
2026-04-28 12:50:07.567869,Dubai-3f97,-23,76,Normal
2026-04-28 12:50:08.567869,Dubai-3f97,-13,74,Normal
2026-04-28 12:50:09.567869,Dubai-3f97,49,97,Normal
2026-04-28 12:50:10.567869,Dubai-3f97,37,57,Normal
2026-04-28 12:50:11.567869,Dubai-3f97,37,65,Normal
2026-04-28 12:50:12.567869,Dubai-3f97,-28,58,Normal
2026-04-28 12:50:13.567869,Dubai-3f97,-22,41,Normal
2026-04-28 12:50:14.567869,Dubai-3f97,13,73,Normal
2026-04-28 12:50:15.567869,Dubai-3f97,15,33,Normal
2026-04-28 12:50:16.567869,Dubai-3f97,15,82,Normal
2026-04-28 12:50:17.567869,Dubai-3f97,-6,61,Normal
2026-04-28 12:50:18.567869,Dubai-3f97,44,13,Normal
2026-04-28 12:50:19.567869,Dubai-3f97,-25,29,Normal
2026-04-28 12:50:20.567869,Dubai-3f97,36,48,Normal
2026-04-28 12:50:21.567869,Dubai-3f97,-28,19,Normal
2026-04-28 12:50:22.567869,Dubai-3f97,-16,48,Normal
2026-04-28 12:50:23.567869,Dubai-3f97,47,15,Normal
2026-04-28 12:50:24.567869,Dubai-3f97,-1,24,Normal
2026-04-28 12:50:25.567869,Dubai-3f97,-26,17,Normal
2026-04-28 12:50:26.567869,Dubai-3f97,11,30,Normal
2026-04-28 12:50:27.567869,Dubai-3f97,38,63,Normal
2026-04-28 12:50:28.567869,Dubai-3f97,-20,44,Normal
2026-04-28 12:50:29.567869,Dubai-3f97,44,3,Normal
2026-04-28 12:50:30.567869,Dubai-3f97,6,41,Normal
2026-04-28 12:50:31.567869,Dubai-3f97,-6,76,Normal
2026-04-28 12:50:32.567869,Dubai-3f97,15,87,Normal
2026-04-28 12:50:33.567869,Dubai-3f97,4,98,Normal
2026-04-28 12:50:34.567869,Dubai-3f97,-26,38,Normal
2026-04-28 12:50:35.567869,Dubai-3f97,-9,2,Normal
2026-04-28 12:50:36.567869,Dubai-3f97,-15,5,Normal
2026-04-28 12:50:37.567869,Dubai-3f97,-5,26,Normal
2026-04-28 12:50:38.567869,Dubai-3f97,38,24,Normal
2026-04-28 12:50:39.567869,Dubai-3f97,24,24,Normal
2026-04-28 12:50:40.567869,Dubai-3f97,39,72,Normal
2026-04-28 12:50:41.567869,Dubai-3f97,0,54,Normal
2026-04-28 12:50:42.567869,Dubai-3f97,49,55,Normal
2026-04-28 12:50:43.567869,Dubai-3f97,12,70,Normal
2026-04-28 12:50:44.567869,Dubai-3f97,18,28,Normal
2026-04-28 12:50:45.567869,Dubai-3f97,-4,31,Normal
2026-04-28 12:50:46.567869,Dubai-3f97,-10,47,Normal
2026-04-28 12:50:47.567869,Dubai-3f97,-12,3,Normal
2026-04-28 12:50:48.567869,Dubai-3f97,-18,53,Normal
2026-04-28 12:50:49.567869,Dubai-3f97,-26,32,Normal
2026-04-28 12:50:50.567869,Dubai-3f97,-4,74,Normal
2026-04-28 12:50:51.567869,Dubai-3f97,-13,47,Normal
2026-04-28 12:50:52.567869,Dubai-3f97,39,77,Normal
2026-04-28 12:50:53.567869,Dubai-3f97,26,15,Normal
2026-04-28 12:50:54.567869,Dubai-3f97,16,49,Normal
2026-04-28 12:50:55.567869,Dubai-3f97,-27,32,Normal
2026-04-28 12:50:56.567869,Dubai-3f97,25,16,Normal
2026-04-28 12:50:57.567869,Dubai-3f97,14,51,Normal
2026-04-28 12:50:58.567869,Dubai-3f97,-25,94,Normal
2026-04-28 12:50:59.567869,Dubai-3f97,-5,19,Normal
2026-04-28 12:51:00.567869,Dubai-3f97,12,95,Normal
2026-04-28 12:51:01.567869,Dubai-3f97,-10,2,Normal
2026-04-28 12:51:02.567869,Dubai-3f97,-9,59,Normal
2026-04-28 12:51:03.567869,Dubai-3f97,-2,15,Normal
2026-04-28 12:51:04.567869,Dubai-3f97,-10,45,Normal
2026-04-28 12:51:05.567869,Dubai-3f97,26,93,Normal
2026-04-28 12:51:06.567869,Dubai-3f97,37,11,Normal
2026-04-28 12:51:07.567869,Dubai-3f97,43,99,Normal
2026-04-28 12:51:08.567869,Dubai-3f97,-16,93,Normal
2026-04-28 12:51:09.567869,Dubai-3f97,-17,32,Normal
2026-04-28 12:51:10.567869,Dubai-3f97,-5,19,Normal
2026-04-28 12:51:11.567869,Dubai-3f97,15,59,Normal
2026-04-28 12:51:12.567869,Dubai-3f97,-22,6,Normal
2026-04-28 12:51:13.567869,Dubai-3f97,15,32,Normal
2026-04-28 12:51:14.567869,Dubai-3f97,41,76,Normal
2026-04-28 12:51:15.567869,Dubai-3f97,-4,4,Normal
2026-04-28 12:51:16.567869,Dubai-3f97,23,79,Normal
2026-04-28 12:51:17.567869,Dubai-3f97,10,100,Normal
2026-04-28 12:51:18.567869,Dubai-3f97,17,40,Normal
2026-04-28 12:51:19.567869,Dubai-3f97,-3,61,Normal
2026-04-28 12:51:20.567869,Dubai-3f97,-24,24,Normal
2026-04-28 12:51:21.567869,Dubai-3f97,10,48,Normal
2026-04-28 12:51:22.567869,Dubai-3f97,36,82,Normal
2026-04-28 12:51:23.567869,Dubai-3f97,-27,2,Normal
2026-04-28 12:51:24.567869,Dubai-3f97,11,56,Normal
2026-04-28 12:51:25.567869,Dubai-3f97,47,15,Normal
2026-04-28 12:51:26.567869,Dubai-3f97,0,71,Normal
2026-04-28 12:51:27.567869,Dubai-3f97,9,8,Normal
2026-04-28 12:51:28.567869,Dubai-3f97,7,85,Normal
2026-04-28 12:51:29.567869,Dubai-3f97,1,2,Normal
2026-04-28 12:51:30.567869,Dubai-3f97,-6,22,Normal
2026-04-28 12:51:31.567869,Dubai-3f97,11,16,Normal
2026-04-28 12:51:32.567869,Dubai-3f97,18,89,Normal
2026-04-28 12:51:33.567869,Dubai-3f97,24,21,Normal
2026-04-28 12:51:34.567869,Dubai-3f97,-16,87,Normal
2026-04-28 12:51:35.567869,Dubai-3f97,11,37,Normal
2026-04-28 12:51:36.567869,Dubai-3f97,45,34,Normal
2026-04-28 12:51:37.567869,Dubai-3f97,17,71,Normal
2026-04-28 12:51:38.567869,Dubai-3f97,29,81,Normal
2026-04-28 12:51:39.567869,Dubai-3f97,7,56,Normal
2026-04-28 12:51:40.567869,Dubai-3f97,49,12,Normal
2026-04-28 12:51:41.567869,Dubai-3f97,-9,99,Normal
2026-04-28 12:51:42.567869,Dubai-3f97,-14,88,Normal
2026-04-28 12:51:43.567869,Dubai-3f97,6,9,Normal
2026-04-28 12:51:44.567869,Dubai-3f97,-27,72,Normal
2026-04-28 12:51:45.567869,Dubai-3f97,-2,33,Normal
2026-04-28 12:51:46.567869,Dubai-3f97,-26,39,Normal
2026-04-28 12:51:47.567869,Dubai-3f97,5,83,Normal
2026-04-28 12:51:48.567869,Dubai-3f97,-10,86,Normal
2026-04-28 12:51:49.567869,Dubai-3f97,32,54,Normal
2026-04-28 12:51:50.567869,Dubai-3f97,13,22,Normal
2026-04-28 12:51:51.567869,Dubai-3f97,14,66,Normal
2026-04-28 12:51:52.567869,Dubai-3f97,16,45,Normal
2026-04-28 12:51:53.567869,Dubai-3f97,37,30,Normal
2026-04-28 12:51:54.567869,Dubai-3f97,40,49,Normal
2026-04-28 12:51:55.567869,Dubai-3f97,-11,50,Normal
2026-04-28 12:51:56.567869,Dubai-3f97,-1,53,Normal
2026-04-28 12:51:57.567869,Dubai-3f97,1,92,Normal
2026-04-28 12:51:58.567869,Dubai-3f97,10,48,Normal
2026-04-28 12:51:59.567869,Dubai-3f97,-29,49,Normal
2026-04-28 12:52:00.567869,Dubai-3f97,-3,69,Normal
2026-04-28 12:52:01.567869,Dubai-3f97,-3,16,Normal
2026-04-28 12:52:02.567869,Dubai-3f97,-28,69,Normal
2026-04-28 12:52:03.567869,Dubai-3f97,34,5,Normal
2026-04-28 12:52:04.567869,Dubai-3f97,16,76,Normal
2026-04-28 12:52:05.567869,Dubai-3f97,-3,3,Normal
2026-04-28 12:52:06.567869,Dubai-3f97,-29,26,Normal
2026-04-28 12:52:07.567869,Dubai-3f97,37,68,Normal
2026-04-28 12:52:08.567869,Dubai-3f97,34,22,Normal
2026-04-28 12:52:09.567869,Dubai-3f97,17,87,Normal
2026-04-28 12:52:10.567869,Dubai-3f97,14,28,Normal
2026-04-28 12:52:11.567869,Dubai-3f97,6,24,Normal
2026-04-28 12:52:12.567869,Dubai-3f97,1,12,Normal
2026-04-28 12:52:13.567869,Dubai-3f97,21,21,Normal
2026-04-28 12:52:14.567869,Dubai-3f97,-30,51,Normal
2026-04-28 12:52:15.567869,Dubai-3f97,-29,2,Normal
2026-04-28 12:52:16.567869,Dubai-3f97,20,90,Normal
2026-04-28 12:52:17.567869,Dubai-3f97,-23,57,Normal
2026-04-28 12:52:18.567869,Dubai-3f97,-30,52,Normal
2026-04-28 12:52:19.567869,Dubai-3f97,-28,6,Normal
2026-04-28 12:52:20.567869,Dubai-3f97,-3,32,Normal
2026-04-28 12:52:21.567869,Dubai-3f97,29,79,Normal
2026-04-28 12:52:22.567869,Dubai-3f97,-29,92,Normal
2026-04-28 12:52:23.567869,Dubai-3f97,-29,95,Normal
2026-04-28 12:52:24.567869,Dubai-3f97,-7,26,Normal
2026-04-28 12:52:25.567869,Dubai-3f97,-9,1,Normal
2026-04-28 12:52:26.567869,Dubai-3f97,41,70,Normal
2026-04-28 12:52:27.567869,Dubai-3f97,-14,86,Normal
2026-04-28 12:52:28.567869,Dubai-3f97,11,2,Normal
2026-04-28 12:52:29.567869,Dubai-3f97,50,64,Normal
2026-04-28 12:52:30.567869,Dubai-3f97,5,56,Normal
2026-04-28 12:52:31.567869,Dubai-3f97,43,68,Normal
2026-04-28 12:52:32.567869,Dubai-3f97,41,74,Normal
2026-04-28 12:52:33.567869,Dubai-3f97,25,7,Normal
2026-04-28 12:52:34.567869,Dubai-3f97,-12,60,Normal
2026-04-28 12:52:35.567869,Dubai-3f97,-3,47,Normal
2026-04-28 12:52:36.567869,Dubai-3f97,-22,62,Normal
2026-04-28 12:52:37.567869,Dubai-3f97,0,16,Normal
2026-04-28 12:52:38.567869,Dubai-3f97,1,66,Normal
2026-04-28 12:52:39.567869,Dubai-3f97,35,62,Normal
2026-04-28 12:52:40.567869,Dubai-3f97,-3,62,Normal
2026-04-28 12:52:41.567869,Dubai-3f97,-20,95,Normal
2026-04-28 12:52:42.567869,Dubai-3f97,-25,98,Normal
2026-04-28 12:52:43.567869,Dubai-3f97,25,32,Normal
2026-04-28 12:52:44.567869,Dubai-3f97,23,44,Normal
2026-04-28 12:52:45.567869,Dubai-3f97,-7,0,Normal
2026-04-28 12:52:46.567869,Dubai-3f97,31,64,Normal
2026-04-28 12:52:47.567869,Dubai-3f97,45,92,Normal
2026-04-28 12:52:48.567869,Dubai-3f97,-2,86,Normal
2026-04-28 12:52:49.567869,Dubai-3f97,1,19,Normal
2026-04-28 12:52:50.567869,Dubai-3f97,33,59,Normal
2026-04-28 12:52:51.567869,Dubai-3f97,-21,41,Normal
2026-04-28 12:52:52.567869,Dubai-3f97,6,19,Normal
2026-04-28 12:52:53.567869,Dubai-3f97,-23,8,Normal
2026-04-28 12:52:54.567869,Dubai-3f97,40,17,Normal
2026-04-28 12:52:55.567869,Dubai-3f97,3,17,Normal
2026-04-28 12:52:56.567869,Dubai-3f97,-1,100,Normal
2026-04-28 12:52:57.567869,Dubai-3f97,35,14,Normal
2026-04-28 12:52:58.567869,Dubai-3f97,12,44,Normal
2026-04-28 12:52:59.567869,Dubai-3f97,9,61,Normal
2026-04-28 12:53:00.567869,Dubai-3f97,36,68,Normal
2026-04-28 12:53:01.567869,Dubai-3f97,-9,34,Normal
2026-04-28 12:53:02.567869,Dubai-3f97,-8,16,Normal
2026-04-28 12:53:03.567869,Dubai-3f97,44,92,Normal
2026-04-28 12:53:04.567869,Dubai-3f97,0,11,Normal
2026-04-28 12:53:05.567869,Dubai-3f97,-21,49,Normal
2026-04-28 12:53:06.567869,Dubai-3f97,-8,64,Normal
2026-04-28 12:53:07.567869,Dubai-3f97,37,32,Normal
2026-04-28 12:53:08.567869,Dubai-3f97,3,54,Normal
2026-04-28 12:53:09.567869,Dubai-3f97,17,57,Normal
2026-04-28 12:53:10.567869,Dubai-3f97,-28,11,Normal
2026-04-28 12:53:11.567869,Dubai-3f97,0,70,Normal
2026-04-28 12:53:12.567869,Dubai-3f97,31,41,Normal
2026-04-28 12:53:13.567869,Dubai-3f97,-3,88,Normal
2026-04-28 12:53:14.567869,Dubai-3f97,50,41,Normal
2026-04-28 12:53:15.567869,Dubai-3f97,-12,94,Normal
2026-04-28 12:53:16.567869,Dubai-3f97,33,10,Normal
2026-04-28 12:53:17.567869,Dubai-3f97,24,11,Normal
2026-04-28 12:53:18.567869,Dubai-3f97,30,60,Normal
2026-04-28 12:53:19.567869,Dubai-3f97,-16,33,Normal
2026-04-28 12:53:20.567869,Dubai-3f97,23,60,Normal
2026-04-28 12:53:21.567869,Dubai-3f97,-27,21,Normal
2026-04-28 12:53:22.567869,Dubai-3f97,-24,99,Normal
2026-04-28 12:53:23.567869,Dubai-3f97,-7,19,Normal
2026-04-28 12:53:24.567869,Dubai-3f97,-26,67,Normal
2026-04-28 12:53:25.567869,Dubai-3f97,20,81,Normal
2026-04-28 12:53:26.567869,Dubai-3f97,42,96,Normal
2026-04-28 12:53:27.567869,Dubai-3f97,-17,62,Normal
2026-04-28 12:53:28.567869,Dubai-3f97,20,5,Normal
2026-04-28 12:53:29.567869,Dubai-3f97,44,81,Normal
2026-04-28 12:53:30.567869,Dubai-3f97,13,97,Normal
2026-04-28 12:53:31.567869,Dubai-3f97,-1,47,Normal
2026-04-28 12:53:32.567869,Dubai-3f97,-4,44,Normal
2026-04-28 12:53:33.567869,Dubai-3f97,16,5,Normal
2026-04-28 12:53:34.567869,Dubai-3f97,38,89,Normal
2026-04-28 12:53:35.567869,Dubai-3f97,40,10,Normal
2026-04-28 12:53:36.567869,Dubai-3f97,0,32,Normal
2026-04-28 12:53:37.567869,Dubai-3f97,17,30,Normal
2026-04-28 12:53:38.567869,Dubai-3f97,6,73,Normal
2026-04-28 12:53:39.567869,Dubai-3f97,-18,65,Normal
2026-04-28 12:53:40.567869,Dubai-3f97,47,15,Normal
2026-04-28 12:53:41.567869,Dubai-3f97,0,15,Normal
2026-04-28 12:53:42.567869,Dubai-3f97,-22,59,Normal
2026-04-28 12:53:43.567869,Dubai-3f97,-21,63,Normal
2026-04-28 12:53:44.567869,Dubai-3f97,-8,63,Normal
2026-04-28 12:53:45.567869,Dubai-3f97,-3,0,Normal
2026-04-28 12:53:46.567869,Dubai-3f97,-20,55,Normal
2026-04-28 12:53:47.567869,Dubai-3f97,22,96,Normal
2026-04-28 12:53:48.567869,Dubai-3f97,-25,51,Normal
2026-04-28 12:53:49.567869,Dubai-3f97,39,56,Normal
2026-04-28 12:53:50.567869,Dubai-3f97,1,84,Normal
2026-04-28 12:53:51.567869,Dubai-3f97,9,40,Normal
2026-04-28 12:53:52.567869,Dubai-3f97,-18,0,Normal
2026-04-28 12:53:53.567869,Dubai-3f97,-24,10,Normal
2026-04-28 12:53:54.567869,Dubai-3f97,20,12,Normal
2026-04-28 12:53:55.567869,Dubai-3f97,-11,85,Normal
2026-04-28 12:53:56.567869,Dubai-3f97,-3,19,Normal
2026-04-28 12:53:57.567869,Dubai-3f97,49,12,Normal
2026-04-28 12:53:58.567869,Dubai-3f97,24,56,Normal
2026-04-28 12:53:59.567869,Dubai-3f97,-5,54,Normal
2026-04-28 12:54:00.567869,Dubai-3f97,29,93,Normal
2026-04-28 12:54:01.567869,Dubai-3f97,5,27,Normal
2026-04-28 12:54:02.567869,Dubai-3f97,43,17,Normal
2026-04-28 12:54:03.567869,Dubai-3f97,32,85,Normal
2026-04-28 12:54:04.567869,Dubai-3f97,-24,57,Normal
2026-04-28 12:54:05.567869,Dubai-3f97,38,38,Normal
2026-04-28 12:54:06.567869,Dubai-3f97,37,55,Normal
2026-04-28 12:54:07.567869,Dubai-3f97,2,90,Normal
2026-04-28 12:54:08.567869,Dubai-3f97,10,30,Normal
2026-04-28 12:54:09.567869,Dubai-3f97,14,76,Normal
2026-04-28 12:54:10.567869,Dubai-3f97,6,4,Normal
2026-04-28 12:54:11.567869,Dubai-3f97,-11,78,Normal
2026-04-28 12:54:12.567869,Dubai-3f97,23,42,Normal
2026-04-28 12:54:13.567869,Dubai-3f97,-17,84,Normal
2026-04-28 12:54:14.567869,Dubai-3f97,46,79,Normal
2026-04-28 12:54:15.567869,Dubai-3f97,32,87,Normal
2026-04-28 12:54:16.567869,Dubai-3f97,-5,79,Normal
2026-04-28 12:54:17.567869,Dubai-3f97,18,92,Normal
2026-04-28 12:54:18.567869,Dubai-3f97,12,20,Normal
2026-04-28 12:54:19.567869,Dubai-3f97,9,73,Normal
2026-04-28 12:54:20.567869,Dubai-3f97,46,82,Normal
2026-04-28 12:54:21.567869,Dubai-3f97,46,97,Normal
2026-04-28 12:54:22.567869,Dubai-3f97,9,48,Normal
2026-04-28 12:54:23.567869,Dubai-3f97,6,46,Normal
2026-04-28 12:54:24.567869,Dubai-3f97,38,38,Normal
2026-04-28 12:54:25.567869,Dubai-3f97,22,34,Normal
2026-04-28 12:54:26.567869,Dubai-3f97,-27,46,Normal
2026-04-28 12:54:27.567869,Dubai-3f97,10,57,Normal
2026-04-28 12:54:28.567869,Dubai-3f97,-19,14,Normal
2026-04-28 12:54:29.567869,Dubai-3f97,-8,94,Normal
2026-04-28 12:54:30.567869,Dubai-3f97,4,2,Normal
2026-04-28 12:54:31.567869,Dubai-3f97,31,87,Normal
2026-04-28 12:54:32.567869,Dubai-3f97,32,58,Normal
2026-04-28 12:54:33.567869,Dubai-3f97,-4,14,Normal
2026-04-28 12:54:34.567869,Dubai-3f97,-29,43,Normal
2026-04-28 12:54:35.567869,Dubai-3f97,45,81,Normal
2026-04-28 12:54:36.567869,Dubai-3f97,-20,36,Normal
2026-04-28 12:54:37.567869,Dubai-3f97,6,73,Normal
2026-04-28 12:54:38.567869,Dubai-3f97,0,36,Normal
2026-04-28 12:54:39.567869,Dubai-3f97,15,40,Normal
2026-04-28 12:54:40.567869,Dubai-3f97,30,53,Normal
2026-04-28 12:54:41.567869,Dubai-3f97,-29,50,Normal
2026-04-28 12:54:42.567869,Dubai-3f97,13,99,Normal
2026-04-28 12:54:43.567869,Dubai-3f97,-8,73,Normal
2026-04-28 12:54:44.567869,Dubai-3f97,-5,80,Normal
2026-04-28 12:54:45.567869,Dubai-3f97,35,19,Normal
2026-04-28 12:54:46.567869,Dubai-3f97,-12,1,Normal
2026-04-28 12:54:47.567869,Dubai-3f97,-24,60,Normal
2026-04-28 12:54:48.567869,Dubai-3f97,26,29,Normal
2026-04-28 12:54:49.567869,Dubai-3f97,26,31,Normal
2026-04-28 12:54:50.567869,Dubai-3f97,-16,80,Normal
2026-04-28 12:54:51.567869,Dubai-3f97,-24,22,Normal
2026-04-28 12:54:52.567869,Dubai-3f97,9,12,Normal
2026-04-28 12:54:53.567869,Dubai-3f97,-13,53,Normal
2026-04-28 12:54:54.567869,Dubai-3f97,23,77,Normal
2026-04-28 12:54:55.567869,Dubai-3f97,9,30,Normal
2026-04-28 12:54:56.567869,Dubai-3f97,45,10,Normal
2026-04-28 12:54:57.567869,Dubai-3f97,-29,34,Normal
2026-04-28 12:54:58.567869,Dubai-3f97,15,0,Normal
2026-04-28 12:54:59.567869,Dubai-3f97,18,94,Normal
2026-04-28 12:55:00.567869,Dubai-3f97,41,65,Normal
2026-04-28 12:55:01.567869,Dubai-3f97,29,68,Normal
2026-04-28 12:55:02.567869,Dubai-3f97,-12,81,Normal
2026-04-28 12:55:03.567869,Dubai-3f97,-28,63,Normal
2026-04-28 12:55:04.567869,Dubai-3f97,28,59,Normal
2026-04-28 12:55:05.567869,Dubai-3f97,29,39,Normal
2026-04-28 12:55:06.567869,Dubai-3f97,34,67,Normal
2026-04-28 12:55:07.567869,Dubai-3f97,0,74,Normal
2026-04-28 12:55:08.567869,Dubai-3f97,2,56,Normal
2026-04-28 12:55:09.567869,Dubai-3f97,31,54,Normal
2026-04-28 12:55:10.567869,Dubai-3f97,11,8,Normal
2026-04-28 12:55:11.567869,Dubai-3f97,26,89,Normal
2026-04-28 12:55:12.567869,Dubai-3f97,44,27,Normal
2026-04-28 12:55:13.567869,Dubai-3f97,40,26,Normal
2026-04-28 12:55:14.567869,Dubai-3f97,43,34,Normal
2026-04-28 12:55:15.567869,Dubai-3f97,43,66,Normal
2026-04-28 12:55:16.567869,Dubai-3f97,12,75,Normal
2026-04-28 12:55:17.567869,Dubai-3f97,-24,7,Normal
2026-04-28 12:55:18.567869,Dubai-3f97,37,40,Normal
2026-04-28 12:55:19.567869,Dubai-3f97,8,31,Normal
2026-04-28 12:55:20.567869,Dubai-3f97,-9,8,Normal
2026-04-28 12:55:21.567869,Dubai-3f97,5,17,Normal
2026-04-28 12:55:22.567869,Dubai-3f97,35,36,Normal
2026-04-28 12:55:23.567869,Dubai-3f97,-10,38,Normal
2026-04-28 12:55:24.567869,Dubai-3f97,27,37,Normal
2026-04-28 12:55:25.567869,Dubai-3f97,1,100,Normal
2026-04-28 12:55:26.567869,Dubai-3f97,23,53,Normal
2026-04-28 12:55:27.567869,Dubai-3f97,6,17,Normal
2026-04-28 12:55:28.567869,Dubai-3f97,22,99,Normal
2026-04-28 12:55:29.567869,Dubai-3f97,36,68,Normal
2026-04-28 12:55:30.567869,Dubai-3f97,-30,97,Normal
2026-04-28 12:55:31.567869,Dubai-3f97,49,95,Normal
2026-04-28 12:55:32.567869,Dubai-3f97,19,27,Normal
2026-04-28 12:55:33.567869,Dubai-3f97,-24,19,Normal
2026-04-28 12:55:34.567869,Dubai-3f97,32,36,Normal
2026-04-28 12:55:35.567869,Dubai-3f97,-1,75,Normal
2026-04-28 12:55:36.567869,Dubai-3f97,7,88,Normal
2026-04-28 12:55:37.567869,Dubai-3f97,36,46,Normal
2026-04-28 12:55:38.567869,Dubai-3f97,16,86,Normal
2026-04-28 12:55:39.567869,Dubai-3f97,-1,25,Normal
2026-04-28 12:55:40.567869,Dubai-3f97,48,9,Normal
2026-04-28 12:55:41.567869,Dubai-3f97,-9,23,Normal
2026-04-28 12:55:42.567869,Dubai-3f97,12,35,Normal
2026-04-28 12:55:43.567869,Dubai-3f97,41,36,Normal
2026-04-28 12:55:44.567869,Dubai-3f97,37,48,Normal
2026-04-28 12:55:45.567869,Dubai-3f97,33,66,Normal
2026-04-28 12:55:46.567869,Dubai-3f97,2,22,Normal
2026-04-28 12:55:47.567869,Dubai-3f97,27,36,Normal
2026-04-28 12:55:48.567869,Dubai-3f97,11,5,Normal
2026-04-28 12:55:49.567869,Dubai-3f97,-5,21,Normal
2026-04-28 12:55:50.567869,Dubai-3f97,-25,42,Normal
2026-04-28 12:55:51.567869,Dubai-3f97,-11,19,Normal
2026-04-28 12:55:52.567869,Dubai-3f97,41,22,Normal
2026-04-28 12:55:53.567869,Dubai-3f97,7,14,Normal
2026-04-28 12:55:54.567869,Dubai-3f97,5,94,Normal
2026-04-28 12:55:55.567869,Dubai-3f97,-9,22,Normal
2026-04-28 12:55:56.567869,Dubai-3f97,34,15,Normal
2026-04-28 12:55:57.567869,Dubai-3f97,19,47,Normal
2026-04-28 12:55:58.567869,Dubai-3f97,6,23,Normal
2026-04-28 12:55:59.567869,Dubai-3f97,46,96,Normal
2026-04-28 12:56:00.567869,Dubai-3f97,3,96,Normal
2026-04-28 12:56:01.567869,Dubai-3f97,18,1,Normal
2026-04-28 12:56:02.567869,Dubai-3f97,-27,100,Normal
2026-04-28 12:56:03.567869,Dubai-3f97,-29,44,Normal
2026-04-28 12:56:04.567869,Dubai-3f97,48,28,Normal
2026-04-28 12:56:05.567869,Dubai-3f97,13,67,Normal
2026-04-28 12:56:06.567869,Dubai-3f97,-19,94,Normal
2026-04-28 12:56:07.567869,Dubai-3f97,34,66,Normal
2026-04-28 12:56:08.567869,Dubai-3f97,12,78,Normal
2026-04-28 12:56:09.567869,Dubai-3f97,-8,3,Normal
2026-04-28 12:56:10.567869,Dubai-3f97,25,95,Normal
2026-04-28 12:56:11.567869,Dubai-3f97,45,48,Normal
2026-04-28 12:56:12.567869,Dubai-3f97,8,57,Normal
2026-04-28 12:56:13.567869,Dubai-3f97,43,14,Normal
2026-04-28 12:56:14.567869,Dubai-3f97,-12,32,Normal
2026-04-28 12:56:15.567869,Dubai-3f97,36,26,Normal
2026-04-28 12:56:16.567869,Dubai-3f97,32,72,Normal
2026-04-28 12:56:17.567869,Dubai-3f97,-3,38,Normal
2026-04-28 12:56:18.567869,Dubai-3f97,42,22,Normal
2026-04-28 12:56:19.567869,Dubai-3f97,50,71,Normal
2026-04-28 12:56:20.567869,Dubai-3f97,12,33,Normal
2026-04-28 12:56:21.567869,Dubai-3f97,-28,32,Normal
2026-04-28 12:56:22.567869,Dubai-3f97,-19,28,Normal
2026-04-28 12:56:23.567869,Dubai-3f97,-12,17,Normal
2026-04-28 12:56:24.567869,Dubai-3f97,-23,11,Normal
2026-04-28 12:56:25.567869,Dubai-3f97,-6,50,Normal
2026-04-28 12:56:26.567869,Dubai-3f97,-4,36,Normal
2026-04-28 12:56:27.567869,Dubai-3f97,50,98,Normal
2026-04-28 12:56:28.567869,Dubai-3f97,6,98,Normal
2026-04-28 12:56:29.567869,Dubai-3f97,-18,19,Normal
2026-04-28 12:56:30.567869,Dubai-3f97,-19,38,Normal
2026-04-28 12:56:31.567869,Dubai-3f97,-12,24,Normal
2026-04-28 12:56:32.567869,Dubai-3f97,22,84,Normal
2026-04-28 12:56:33.567869,Dubai-3f97,1,46,Normal
2026-04-28 12:56:34.567869,Dubai-3f97,-26,13,Normal
2026-04-28 12:56:35.567869,Dubai-3f97,-4,36,Normal
2026-04-28 12:56:36.567869,Dubai-3f97,-21,45,Normal
2026-04-28 12:56:37.567869,Dubai-3f97,-19,38,Normal
2026-04-28 12:56:38.567869,Dubai-3f97,-9,47,Normal
2026-04-28 12:56:39.567869,Dubai-3f97,-20,70,Normal
2026-04-28 12:56:40.567869,Dubai-3f97,-5,70,Normal
2026-04-28 12:56:41.567869,Dubai-3f97,25,79,Normal
2026-04-28 12:56:42.567869,Dubai-3f97,-28,40,Normal
2026-04-28 12:56:43.567869,Dubai-3f97,16,76,Normal
2026-04-28 12:56:44.567869,Dubai-3f97,4,74,Normal
2026-04-28 12:56:45.567869,Dubai-3f97,-28,31,Normal
2026-04-28 12:56:46.567869,Dubai-3f97,-5,94,Normal
2026-04-28 12:56:47.567869,Dubai-3f97,38,5,Normal
2026-04-28 12:56:48.567869,Dubai-3f97,-23,60,Normal
2026-04-28 12:56:49.567869,Dubai-3f97,49,70,Normal
2026-04-28 12:56:50.567869,Dubai-3f97,8,57,Normal
2026-04-28 12:56:51.567869,Dubai-3f97,46,89,Normal
2026-04-28 12:56:52.567869,Dubai-3f97,10,19,Normal
2026-04-28 12:56:53.567869,Dubai-3f97,17,34,Normal
2026-04-28 12:56:54.567869,Dubai-3f97,-24,25,Normal
2026-04-28 12:56:55.567869,Dubai-3f97,50,39,Normal
2026-04-28 12:56:56.567869,Dubai-3f97,-1,97,Normal
2026-04-28 12:56:57.567869,Dubai-3f97,21,90,Normal
2026-04-28 12:56:58.567869,Dubai-3f97,-7,48,Normal
2026-04-28 12:56:59.567869,Dubai-3f97,23,36,Normal
2026-04-28 12:57:00.567869,Dubai-3f97,-30,29,Normal
2026-04-28 12:57:01.567869,Dubai-3f97,32,93,Normal
2026-04-28 12:57:02.567869,Dubai-3f97,41,17,Normal
2026-04-28 12:57:03.567869,Dubai-3f97,15,31,Normal
2026-04-28 12:57:04.567869,Dubai-3f97,-11,49,Normal
2026-04-28 12:57:05.567869,Dubai-3f97,0,25,Normal
2026-04-28 12:57:06.567869,Dubai-3f97,14,71,Normal
2026-04-28 12:57:07.567869,Dubai-3f97,-14,6,Normal
2026-04-28 12:57:08.567869,Dubai-3f97,14,95,Normal
2026-04-28 12:57:09.567869,Dubai-3f97,49,18,Normal
2026-04-28 12:57:10.567869,Dubai-3f97,17,83,Normal
2026-04-28 12:57:11.567869,Dubai-3f97,47,54,Normal
2026-04-28 12:57:12.567869,Dubai-3f97,26,44,Normal
2026-04-28 12:57:13.567869,Dubai-3f97,17,46,Normal
2026-04-28 12:57:14.567869,Dubai-3f97,18,69,Normal
2026-04-28 12:57:15.567869,Dubai-3f97,34,39,Normal
2026-04-28 12:57:16.567869,Dubai-3f97,25,86,Normal
2026-04-28 12:57:17.567869,Dubai-3f97,-16,42,Normal
2026-04-28 12:57:18.567869,Dubai-3f97,29,0,Normal
2026-04-28 12:57:19.567869,Dubai-3f97,-13,22,Normal
2026-04-28 12:57:20.567869,Dubai-3f97,20,14,Normal
2026-04-28 12:57:21.567869,Dubai-3f97,12,87,Normal
2026-04-28 12:57:22.567869,Dubai-3f97,-6,61,Normal
2026-04-28 12:57:23.567869,Dubai-3f97,-13,90,Normal
2026-04-28 12:57:24.567869,Dubai-3f97,-28,33,Normal
2026-04-28 12:57:25.567869,Dubai-3f97,-27,49,Normal
2026-04-28 12:57:26.567869,Dubai-3f97,35,57,Normal
2026-04-28 12:57:27.567869,Dubai-3f97,-17,98,Normal
2026-04-28 12:57:28.567869,Dubai-3f97,49,16,Normal
2026-04-28 12:57:29.567869,Dubai-3f97,-20,94,Normal
2026-04-28 12:57:30.567869,Dubai-3f97,-7,34,Normal
2026-04-28 12:57:31.567869,Dubai-3f97,27,61,Normal
2026-04-28 12:57:32.567869,Dubai-3f97,26,100,Normal
2026-04-28 12:57:33.567869,Dubai-3f97,10,19,Normal
2026-04-28 12:57:34.567869,Dubai-3f97,18,16,Normal
2026-04-28 12:57:35.567869,Dubai-3f97,4,88,Normal
2026-04-28 12:57:36.567869,Dubai-3f97,-21,86,Normal
2026-04-28 12:57:37.567869,Dubai-3f97,43,13,Normal
2026-04-28 12:57:38.567869,Dubai-3f97,-6,70,Normal
2026-04-28 12:57:39.567869,Dubai-3f97,-10,51,Normal
2026-04-28 12:57:40.567869,Dubai-3f97,43,38,Normal
2026-04-28 12:57:41.567869,Dubai-3f97,3,5,Normal
2026-04-28 12:57:42.567869,Dubai-3f97,-19,98,Normal
2026-04-28 12:57:43.567869,Dubai-3f97,8,70,Normal
2026-04-28 12:57:44.567869,Dubai-3f97,-17,72,Normal
2026-04-28 12:57:45.567869,Dubai-3f97,49,21,Normal
2026-04-28 12:57:46.567869,Dubai-3f97,45,70,Normal
2026-04-28 12:57:47.567869,Dubai-3f97,38,24,Normal
2026-04-28 12:57:48.567869,Dubai-3f97,8,88,Normal
2026-04-28 12:57:49.567869,Dubai-3f97,21,45,Normal
2026-04-28 12:57:50.567869,Dubai-3f97,-4,75,Normal
2026-04-28 12:57:51.567869,Dubai-3f97,-9,9,Normal
2026-04-28 12:57:52.567869,Dubai-3f97,48,8,Normal
2026-04-28 12:57:53.567869,Dubai-3f97,34,31,Normal
2026-04-28 12:57:54.567869,Dubai-3f97,11,82,Normal
2026-04-28 12:57:55.567869,Dubai-3f97,27,75,Normal
2026-04-28 12:57:56.567869,Dubai-3f97,-15,89,Normal
2026-04-28 12:57:57.567869,Dubai-3f97,29,55,Normal
2026-04-28 12:57:58.567869,Dubai-3f97,23,12,Normal
2026-04-28 12:57:59.567869,Dubai-3f97,32,90,Normal
2026-04-28 12:58:00.567869,Dubai-3f97,5,90,Normal
2026-04-28 12:58:01.567869,Dubai-3f97,5,81,Normal
2026-04-28 12:58:02.567869,Dubai-3f97,15,21,Normal
2026-04-28 12:58:03.567869,Dubai-3f97,-9,80,Normal
2026-04-28 12:58:04.567869,Dubai-3f97,44,96,Normal
2026-04-28 12:58:05.567869,Dubai-3f97,11,45,Normal
2026-04-28 12:58:06.567869,Dubai-3f97,-1,18,Normal
2026-04-28 12:58:07.567869,Dubai-3f97,4,63,Normal
2026-04-28 12:58:08.567869,Dubai-3f97,-6,86,Normal
2026-04-28 12:58:09.567869,Dubai-3f97,-13,71,Normal
2026-04-28 12:58:10.567869,Dubai-3f97,-6,67,Normal
2026-04-28 12:58:11.567869,Dubai-3f97,19,35,Normal
2026-04-28 12:58:12.567869,Dubai-3f97,29,45,Normal
2026-04-28 12:58:13.567869,Dubai-3f97,39,2,Normal
2026-04-28 12:58:14.567869,Dubai-3f97,-21,9,Normal
2026-04-28 12:58:15.567869,Dubai-3f97,12,99,Normal
2026-04-28 12:58:16.567869,Dubai-3f97,8,70,Normal
2026-04-28 12:58:17.567869,Dubai-3f97,-29,98,Normal
2026-04-28 12:58:18.567869,Dubai-3f97,28,2,Normal
2026-04-28 12:58:19.567869,Dubai-3f97,-15,16,Normal
2026-04-28 12:58:20.567869,Dubai-3f97,31,58,Normal
2026-04-28 12:58:21.567869,Dubai-3f97,7,11,Normal
2026-04-28 12:58:22.567869,Dubai-3f97,20,67,Normal
2026-04-28 12:58:23.567869,Dubai-3f97,-20,31,Normal
2026-04-28 12:58:24.567869,Dubai-3f97,27,69,Normal
2026-04-28 12:58:25.567869,Dubai-3f97,10,51,Normal
2026-04-28 12:58:26.567869,Dubai-3f97,-10,63,Normal
2026-04-28 12:58:27.567869,Dubai-3f97,28,78,Normal
2026-04-28 12:58:28.567869,Dubai-3f97,-22,34,Normal
2026-04-28 12:58:29.567869,Dubai-3f97,43,76,Normal
2026-04-28 12:58:30.567869,Dubai-3f97,20,28,Normal
2026-04-28 12:58:31.567869,Dubai-3f97,-30,0,Normal
2026-04-28 12:58:32.567869,Dubai-3f97,43,31,Normal
2026-04-28 12:58:33.567869,Dubai-3f97,21,52,Normal
2026-04-28 12:58:34.567869,Dubai-3f97,1,52,Normal
2026-04-28 12:58:35.567869,Dubai-3f97,33,38,Normal
2026-04-28 12:58:36.567869,Dubai-3f97,16,26,Normal
2026-04-28 12:58:37.567869,Dubai-3f97,-17,24,Normal
2026-04-28 12:58:38.567869,Dubai-3f97,-9,92,Normal
2026-04-28 12:58:39.567869,Dubai-3f97,27,14,Normal
2026-04-28 12:58:40.567869,Dubai-3f97,-16,41,Normal
2026-04-28 12:58:41.567869,Dubai-3f97,1,2,Normal
2026-04-28 12:58:42.567869,Dubai-3f97,10,24,Normal
2026-04-28 12:58:43.567869,Dubai-3f97,-10,35,Normal
2026-04-28 12:58:44.567869,Dubai-3f97,27,10,Normal
2026-04-28 12:58:45.567869,Dubai-3f97,37,59,Normal
2026-04-28 12:58:46.567869,Dubai-3f97,-11,64,Normal
2026-04-28 12:58:47.567869,Dubai-3f97,20,57,Normal
2026-04-28 12:58:48.567869,Dubai-3f97,-1,80,Normal
2026-04-28 12:58:49.567869,Dubai-3f97,9,58,Normal
2026-04-28 12:58:50.567869,Dubai-3f97,-26,8,Normal
2026-04-28 12:58:51.567869,Dubai-3f97,16,4,Normal
2026-04-28 12:58:52.567869,Dubai-3f97,-2,40,Normal
2026-04-28 12:58:53.567869,Dubai-3f97,-19,38,Normal
2026-04-28 12:58:54.567869,Dubai-3f97,36,82,Normal
2026-04-28 12:58:55.567869,Dubai-3f97,39,7,Normal
2026-04-28 12:58:56.567869,Dubai-3f97,24,71,Normal
2026-04-28 12:58:57.567869,Dubai-3f97,-28,9,Normal
2026-04-28 12:58:58.567869,Dubai-3f97,-19,93,Normal
2026-04-28 12:58:59.567869,Dubai-3f97,-28,32,Normal
2026-04-28 12:59:00.567869,Dubai-3f97,-22,98,Normal
2026-04-28 12:59:01.567869,Dubai-3f97,33,63,Normal
2026-04-28 12:59:02.567869,Dubai-3f97,-20,13,Normal
2026-04-28 12:59:03.567869,Dubai-3f97,25,54,Normal
2026-04-28 12:59:04.567869,Dubai-3f97,-19,41,Normal
2026-04-28 12:59:05.567869,Dubai-3f97,-30,97,Normal
2026-04-28 12:59:06.567869,Dubai-3f97,0,52,Normal
2026-04-28 12:59:07.567869,Dubai-3f97,-21,97,Normal
2026-04-28 12:59:08.567869,Dubai-3f97,9,17,Normal
2026-04-28 12:59:09.567869,Dubai-3f97,-10,85,Normal
2026-04-28 12:59:10.567869,Dubai-3f97,44,22,Normal
2026-04-28 12:59:11.567869,Dubai-3f97,-6,24,Normal
2026-04-28 12:59:12.567869,Dubai-3f97,1,87,Normal
2026-04-28 12:59:13.567869,Dubai-3f97,-20,20,Normal
