timestamp,station_id,temp,humid,condition
2026-02-14 19:49:55.024475,Berlin-06d1,-13,63,Normal
2026-02-14 19:49:56.024475,Berlin-06d1,4,3,Normal
2026-02-14 19:49:57.024475,Berlin-06d1,37,63,Normal
2026-02-14 19:49:58.024475,Berlin-06d1,-11,67,Normal
2026-02-14 19:49:59.024475,Berlin-06d1,-19,86,Normal
2026-02-14 19:50:00.024475,Berlin-06d1,35,80,Normal
2026-02-14 19:50:01.024475,Berlin-06d1,4,17,Normal
2026-02-14 19:50:02.024475,Berlin-06d1,25,74,Normal
2026-02-14 19:50:03.024475,Berlin-06d1,-8,21,Normal
2026-02-14 19:50:04.024475,Berlin-06d1,-16,30,Normal
2026-02-14 19:50:05.024475,Berlin-06d1,35,3,Normal
2026-02-14 19:50:06.024475,Berlin-06d1,12,5,Normal
2026-02-14 19:50:07.024475,Berlin-06d1,-30,89,Normal
2026-02-14 19:50:08.024475,Berlin-06d1,-16,58,Normal
2026-02-14 19:50:09.024475,Berlin-06d1,-2,7,Normal
2026-02-14 19:50:10.024475,Berlin-06d1,-6,29,Normal
2026-02-14 19:50:11.024475,Berlin-06d1,4,65,Normal
2026-02-14 19:50:12.024475,Berlin-06d1,35,92,Normal
2026-02-14 19:50:13.024475,Berlin-06d1,-20,43,Normal
2026-02-14 19:50:14.024475,Berlin-06d1,-2,60,Normal
2026-02-14 19:50:15.024475,Berlin-06d1,10,42,Normal
2026-02-14 19:50:16.024475,Berlin-06d1,4,45,Normal
2026-02-14 19:50:17.024475,Berlin-06d1,-7,41,Normal
2026-02-14 19:50:18.024475,Berlin-06d1,-24,45,Normal
2026-02-14 19:50:19.024475,Berlin-06d1,-17,40,Normal
2026-02-14 19:50:20.024475,Berlin-06d1,-9,56,Normal
2026-02-14 19:50:21.024475,Berlin-06d1,-13,18,Normal
2026-02-14 19:50:22.024475,Berlin-06d1,-22,73,Normal
2026-02-14 19:50:23.024475,Berlin-06d1,6,13,Normal
2026-02-14 19:50:24.024475,Berlin-06d1,17,26,Normal
2026-02-14 19:50:25.024475,Berlin-06d1,30,24,Normal
2026-02-14 19:50:26.024475,Berlin-06d1,7,77,Normal
2026-02-14 19:50:27.024475,Berlin-06d1,3,44,Normal
2026-02-14 19:50:28.024475,Berlin-06d1,16,94,Normal
2026-02-14 19:50:29.024475,Berlin-06d1,-29,63,Normal
2026-02-14 19:50:30.024475,Berlin-06d1,13,77,Normal
2026-02-14 19:50:31.024475,Berlin-06d1,-14,96,Normal
2026-02-14 19:50:32.024475,Berlin-06d1,-10,92,Normal
2026-02-14 19:50:33.024475,Berlin-06d1,24,16,Normal
2026-02-14 19:50:34.024475,Berlin-06d1,31,0,Normal
2026-02-14 19:50:35.024475,Berlin-06d1,32,56,Normal
2026-02-14 19:50:36.024475,Berlin-06d1,-28,85,Normal
2026-02-14 19:50:37.024475,Berlin-06d1,50,4,Normal
2026-02-14 19:50:38.024475,Berlin-06d1,40,37,Normal
2026-02-14 19:50:39.024475,Berlin-06d1,26,66,Normal
2026-02-14 19:50:40.024475,Berlin-06d1,26,13,Normal
2026-02-14 19:50:41.024475,Berlin-06d1,23,70,Normal
2026-02-14 19:50:42.024475,Berlin-06d1,12,30,Normal
2026-02-14 19:50:43.024475,Berlin-06d1,-16,33,Normal
2026-02-14 19:50:44.024475,Berlin-06d1,1,77,Normal
2026-02-14 19:50:45.024475,Berlin-06d1,46,62,Normal
2026-02-14 19:50:46.024475,Berlin-06d1,31,84,Normal
2026-02-14 19:50:47.024475,Berlin-06d1,-19,47,Normal
2026-02-14 19:50:48.024475,Berlin-06d1,-18,27,Normal
2026-02-14 19:50:49.024475,Berlin-06d1,38,24,Normal
2026-02-14 19:50:50.024475,Berlin-06d1,11,14,Normal
2026-02-14 19:50:51.024475,Berlin-06d1,32,51,Normal
2026-02-14 19:50:52.024475,Berlin-06d1,47,62,Normal
2026-02-14 19:50:53.024475,Berlin-06d1,-22,8,Normal
2026-02-14 19:50:54.024475,Berlin-06d1,-28,47,Normal
2026-02-14 19:50:55.024475,Berlin-06d1,45,82,Normal
2026-02-14 19:50:56.024475,Berlin-06d1,9,8,Normal
2026-02-14 19:50:57.024475,Berlin-06d1,8,90,Normal
2026-02-14 19:50:58.024475,Berlin-06d1,4,98,Normal
2026-02-14 19:50:59.024475,Berlin-06d1,-4,50,Normal
2026-02-14 19:51:00.024475,Berlin-06d1,23,9,Normal
2026-02-14 19:51:01.024475,Berlin-06d1,24,41,Normal
2026-02-14 19:51:02.024475,Berlin-06d1,-14,89,Normal
2026-02-14 19:51:03.024475,Berlin-06d1,29,13,Normal
2026-02-14 19:51:04.024475,Berlin-06d1,21,87,Normal
2026-02-14 19:51:05.024475,Berlin-06d1,-11,85,Normal
2026-02-14 19:51:06.024475,Berlin-06d1,32,80,Normal
2026-02-14 19:51:07.024475,Berlin-06d1,31,11,Normal
2026-02-14 19:51:08.024475,Berlin-06d1,-16,67,Normal
2026-02-14 19:51:09.024475,Berlin-06d1,-23,83,Normal
2026-02-14 19:51:10.024475,Berlin-06d1,-8,7,Normal
2026-02-14 19:51:11.024475,Berlin-06d1,-5,93,Normal
2026-02-14 19:51:12.024475,Berlin-06d1,43,50,Normal
2026-02-14 19:51:13.024475,Berlin-06d1,31,31,Normal
2026-02-14 19:51:14.024475,Berlin-06d1,-15,100,Normal
2026-02-14 19:51:15.024475,Berlin-06d1,-27,25,Normal
2026-02-14 19:51:16.024475,Berlin-06d1,-8,38,Normal
2026-02-14 19:51:17.024475,Berlin-06d1,3,79,Normal
2026-02-14 19:51:18.024475,Berlin-06d1,35,76,Normal
2026-02-14 19:51:19.024475,Berlin-06d1,-26,94,Normal
2026-02-14 19:51:20.024475,Berlin-06d1,-28,42,Normal
2026-02-14 19:51:21.024475,Berlin-06d1,22,38,Normal
2026-02-14 19:51:22.024475,Berlin-06d1,32,89,Normal
2026-02-14 19:51:23.024475,Berlin-06d1,-29,39,Normal
2026-02-14 19:51:24.024475,Berlin-06d1,-28,55,Normal
2026-02-14 19:51:25.024475,Berlin-06d1,-7,11,Normal
2026-02-14 19:51:26.024475,Berlin-06d1,-26,84,Normal
2026-02-14 19:51:27.024475,Berlin-06d1,-3,22,Normal
2026-02-14 19:51:28.024475,Berlin-06d1,40,99,Normal
2026-02-14 19:51:29.024475,Berlin-06d1,40,70,Normal
2026-02-14 19:51:30.024475,Berlin-06d1,13,65,Normal
2026-02-14 19:51:31.024475,Berlin-06d1,10,26,Normal
2026-02-14 19:51:32.024475,Berlin-06d1,-21,70,Normal
2026-02-14 19:51:33.024475,Berlin-06d1,17,2,Normal
2026-02-14 19:51:34.024475,Berlin-06d1,-24,67,Normal
2026-02-14 19:51:35.024475,Berlin-06d1,26,43,Normal
2026-02-14 19:51:36.024475,Berlin-06d1,20,83,Normal
2026-02-14 19:51:37.024475,Berlin-06d1,-23,86,Normal
2026-02-14 19:51:38.024475,Berlin-06d1,28,12,Normal
2026-02-14 19:51:39.024475,Berlin-06d1,40,13,Normal
2026-02-14 19:51:40.024475,Berlin-06d1,1,93,Normal
2026-02-14 19:51:41.024475,Berlin-06d1,-6,19,Normal
2026-02-14 19:51:42.024475,Berlin-06d1,-27,56,Normal
2026-02-14 19:51:43.024475,Berlin-06d1,15,0,Normal
2026-02-14 19:51:44.024475,Berlin-06d1,0,24,Normal
2026-02-14 19:51:45.024475,Berlin-06d1,25,80,Normal
2026-02-14 19:51:46.024475,Berlin-06d1,-3,32,Normal
2026-02-14 19:51:47.024475,Berlin-06d1,15,59,Normal
2026-02-14 19:51:48.024475,Berlin-06d1,1,73,Normal
2026-02-14 19:51:49.024475,Berlin-06d1,40,95,Normal
2026-02-14 19:51:50.024475,Berlin-06d1,-6,91,Normal
2026-02-14 19:51:51.024475,Berlin-06d1,4,66,Normal
2026-02-14 19:51:52.024475,Berlin-06d1,15,36,Normal
2026-02-14 19:51:53.024475,Berlin-06d1,46,15,Normal
2026-02-14 19:51:54.024475,Berlin-06d1,-9,99,Normal
2026-02-14 19:51:55.024475,Berlin-06d1,20,10,Normal
2026-02-14 19:51:56.024475,Berlin-06d1,-2,86,Normal
2026-02-14 19:51:57.024475,Berlin-06d1,36,41,Normal
2026-02-14 19:51:58.024475,Berlin-06d1,48,31,Normal
2026-02-14 19:51:59.024475,Berlin-06d1,31,41,Normal
2026-02-14 19:52:00.024475,Berlin-06d1,46,10,Normal
2026-02-14 19:52:01.024475,Berlin-06d1,31,71,Normal
2026-02-14 19:52:02.024475,Berlin-06d1,17,9,Normal
2026-02-14 19:52:03.024475,Berlin-06d1,47,7,Normal
2026-02-14 19:52:04.024475,Berlin-06d1,25,28,Normal
2026-02-14 19:52:05.024475,Berlin-06d1,9,86,Normal
2026-02-14 19:52:06.024475,Berlin-06d1,-13,100,Normal
2026-02-14 19:52:07.024475,Berlin-06d1,46,34,Normal
2026-02-14 19:52:08.024475,Berlin-06d1,10,95,Normal
2026-02-14 19:52:09.024475,Berlin-06d1,46,6,Normal
2026-02-14 19:52:10.024475,Berlin-06d1,-19,71,Normal
2026-02-14 19:52:11.024475,Berlin-06d1,0,13,Normal
2026-02-14 19:52:12.024475,Berlin-06d1,11,48,Normal
2026-02-14 19:52:13.024475,Berlin-06d1,-25,51,Normal
2026-02-14 19:52:14.024475,Berlin-06d1,8,73,Normal
2026-02-14 19:52:15.024475,Berlin-06d1,22,96,Normal
2026-02-14 19:52:16.024475,Berlin-06d1,-6,62,Normal
2026-02-14 19:52:17.024475,Berlin-06d1,44,35,Normal
2026-02-14 19:52:18.024475,Berlin-06d1,27,70,Normal
2026-02-14 19:52:19.024475,Berlin-06d1,10,86,Normal
2026-02-14 19:52:20.024475,Berlin-06d1,7,78,Normal
2026-02-14 19:52:21.024475,Berlin-06d1,-8,8,Normal
2026-02-14 19:52:22.024475,Berlin-06d1,16,75,Normal
2026-02-14 19:52:23.024475,Berlin-06d1,-3,42,Normal
2026-02-14 19:52:24.024475,Berlin-06d1,18,48,Normal
2026-02-14 19:52:25.024475,Berlin-06d1,23,1,Normal
2026-02-14 19:52:26.024475,Berlin-06d1,-8,36,Normal
2026-02-14 19:52:27.024475,Berlin-06d1,-1,17,Normal
2026-02-14 19:52:28.024475,Berlin-06d1,12,30,Normal
2026-02-14 19:52:29.024475,Berlin-06d1,37,91,Normal
2026-02-14 19:52:30.024475,Berlin-06d1,-28,36,Normal
2026-02-14 19:52:31.024475,Berlin-06d1,-17,93,Normal
2026-02-14 19:52:32.024475,Berlin-06d1,10,63,Normal
2026-02-14 19:52:33.024475,Berlin-06d1,4,89,Normal
2026-02-14 19:52:34.024475,Berlin-06d1,44,76,Normal
2026-02-14 19:52:35.024475,Berlin-06d1,11,3,Normal
2026-02-14 19:52:36.024475,Berlin-06d1,-30,47,Normal
2026-02-14 19:52:37.024475,Berlin-06d1,40,85,Normal
2026-02-14 19:52:38.024475,Berlin-06d1,37,63,Normal
2026-02-14 19:52:39.024475,Berlin-06d1,28,35,Normal
2026-02-14 19:52:40.024475,Berlin-06d1,48,95,Normal
2026-02-14 19:52:41.024475,Berlin-06d1,-8,18,Normal
2026-02-14 19:52:42.024475,Berlin-06d1,23,90,Normal
2026-02-14 19:52:43.024475,Berlin-06d1,-2,65,Normal
2026-02-14 19:52:44.024475,Berlin-06d1,-23,40,Normal
2026-02-14 19:52:45.024475,Berlin-06d1,35,61,Normal
2026-02-14 19:52:46.024475,Berlin-06d1,29,79,Normal
2026-02-14 19:52:47.024475,Berlin-06d1,-10,72,Normal
2026-02-14 19:52:48.024475,Berlin-06d1,4,71,Normal
2026-02-14 19:52:49.024475,Berlin-06d1,7,48,Normal
2026-02-14 19:52:50.024475,Berlin-06d1,-2,25,Normal
2026-02-14 19:52:51.024475,Berlin-06d1,36,5,Normal
2026-02-14 19:52:52.024475,Berlin-06d1,41,31,Normal
2026-02-14 19:52:53.024475,Berlin-06d1,20,88,Normal
2026-02-14 19:52:54.024475,Berlin-06d1,-5,93,Normal
2026-02-14 19:52:55.024475,Berlin-06d1,-14,41,Normal
2026-02-14 19:52:56.024475,Berlin-06d1,-11,30,Normal
2026-02-14 19:52:57.024475,Berlin-06d1,-12,14,Normal
2026-02-14 19:52:58.024475,Berlin-06d1,11,68,Normal
2026-02-14 19:52:59.024475,Berlin-06d1,1,82,Normal
2026-02-14 19:53:00.024475,Berlin-06d1,7,93,Normal
2026-02-14 19:53:01.024475,Berlin-06d1,-22,44,Normal
2026-02-14 19:53:02.024475,Berlin-06d1,34,74,Normal
2026-02-14 19:53:03.024475,Berlin-06d1,22,37,Normal
2026-02-14 19:53:04.024475,Berlin-06d1,44,8,Normal
2026-02-14 19:53:05.024475,Berlin-06d1,-29,64,Normal
2026-02-14 19:53:06.024475,Berlin-06d1,26,64,Normal
2026-02-14 19:53:07.024475,Berlin-06d1,-28,71,Normal
2026-02-14 19:53:08.024475,Berlin-06d1,14,77,Normal
2026-02-14 19:53:09.024475,Berlin-06d1,-7,65,Normal
2026-02-14 19:53:10.024475,Berlin-06d1,9,40,Normal
2026-02-14 19:53:11.024475,Berlin-06d1,-10,11,Normal
2026-02-14 19:53:12.024475,Berlin-06d1,-3,84,Normal
2026-02-14 19:53:13.024475,Berlin-06d1,18,75,Normal
2026-02-14 19:53:14.024475,Berlin-06d1,36,37,Normal
2026-02-14 19:53:15.024475,Berlin-06d1,24,32,Normal
2026-02-14 19:53:16.024475,Berlin-06d1,-17,98,Normal
2026-02-14 19:53:17.024475,Berlin-06d1,-5,27,Normal
2026-02-14 19:53:18.024475,Berlin-06d1,44,79,Normal
2026-02-14 19:53:19.024475,Berlin-06d1,2,42,Normal
2026-02-14 19:53:20.024475,Berlin-06d1,7,81,Normal
2026-02-14 19:53:21.024475,Berlin-06d1,30,97,Normal
2026-02-14 19:53:22.024475,Berlin-06d1,14,88,Normal
2026-02-14 19:53:23.024475,Berlin-06d1,-2,96,Normal
2026-02-14 19:53:24.024475,Berlin-06d1,21,10,Normal
2026-02-14 19:53:25.024475,Berlin-06d1,11,42,Normal
2026-02-14 19:53:26.024475,Berlin-06d1,-10,85,Normal
2026-02-14 19:53:27.024475,Berlin-06d1,-17,100,Normal
2026-02-14 19:53:28.024475,Berlin-06d1,27,4,Normal
2026-02-14 19:53:29.024475,Berlin-06d1,-7,60,Normal
2026-02-14 19:53:30.024475,Berlin-06d1,-5,32,Normal
2026-02-14 19:53:31.024475,Berlin-06d1,32,79,Normal
2026-02-14 19:53:32.024475,Berlin-06d1,23,2,Normal
2026-02-14 19:53:33.024475,Berlin-06d1,42,84,Normal
2026-02-14 19:53:34.024475,Berlin-06d1,29,72,Normal
2026-02-14 19:53:35.024475,Berlin-06d1,19,69,Normal
2026-02-14 19:53:36.024475,Berlin-06d1,-29,2,Normal
2026-02-14 19:53:37.024475,Berlin-06d1,-8,48,Normal
2026-02-14 19:53:38.024475,Berlin-06d1,-27,54,Normal
2026-02-14 19:53:39.024475,Berlin-06d1,-16,31,Normal
2026-02-14 19:53:40.024475,Berlin-06d1,5,8,Normal
2026-02-14 19:53:41.024475,Berlin-06d1,46,83,Normal
2026-02-14 19:53:42.024475,Berlin-06d1,-30,51,Normal
2026-02-14 19:53:43.024475,Berlin-06d1,-20,98,Normal
2026-02-14 19:53:44.024475,Berlin-06d1,43,86,Normal
2026-02-14 19:53:45.024475,Berlin-06d1,-15,35,Normal
2026-02-14 19:53:46.024475,Berlin-06d1,18,54,Normal
2026-02-14 19:53:47.024475,Berlin-06d1,21,38,Normal
2026-02-14 19:53:48.024475,Berlin-06d1,36,57,Normal
2026-02-14 19:53:49.024475,Berlin-06d1,-30,50,Normal
2026-02-14 19:53:50.024475,Berlin-06d1,-12,32,Normal
2026-02-14 19:53:51.024475,Berlin-06d1,-25,58,Normal
2026-02-14 19:53:52.024475,Berlin-06d1,9,67,Normal
2026-02-14 19:53:53.024475,Berlin-06d1,-4,19,Normal
2026-02-14 19:53:54.024475,Berlin-06d1,48,5,Normal
2026-02-14 19:53:55.024475,Berlin-06d1,10,92,Normal
2026-02-14 19:53:56.024475,Berlin-06d1,13,91,Normal
2026-02-14 19:53:57.024475,Berlin-06d1,-8,58,Normal
2026-02-14 19:53:58.024475,Berlin-06d1,30,3,Normal
2026-02-14 19:53:59.024475,Berlin-06d1,-23,69,Normal
2026-02-14 19:54:00.024475,Berlin-06d1,18,75,Normal
2026-02-14 19:54:01.024475,Berlin-06d1,-14,19,Normal
2026-02-14 19:54:02.024475,Berlin-06d1,45,63,Normal
2026-02-14 19:54:03.024475,Berlin-06d1,33,51,Normal
2026-02-14 19:54:04.024475,Berlin-06d1,-19,20,Normal
2026-02-14 19:54:05.024475,Berlin-06d1,-10,53,Normal
2026-02-14 19:54:06.024475,Berlin-06d1,-30,34,Normal
2026-02-14 19:54:07.024475,Berlin-06d1,-17,37,Normal
2026-02-14 19:54:08.024475,Berlin-06d1,24,41,Normal
2026-02-14 19:54:09.024475,Berlin-06d1,12,36,Normal
2026-02-14 19:54:10.024475,Berlin-06d1,1,73,Normal
2026-02-14 19:54:11.024475,Berlin-06d1,-15,49,Normal
2026-02-14 19:54:12.024475,Berlin-06d1,-28,84,Normal
2026-02-14 19:54:13.024475,Berlin-06d1,42,83,Normal
2026-02-14 19:54:14.024475,Berlin-06d1,29,35,Normal
2026-02-14 19:54:15.024475,Berlin-06d1,41,87,Normal
2026-02-14 19:54:16.024475,Berlin-06d1,33,56,Normal
2026-02-14 19:54:17.024475,Berlin-06d1,21,31,Normal
2026-02-14 19:54:18.024475,Berlin-06d1,4,19,Normal
2026-02-14 19:54:19.024475,Berlin-06d1,-17,69,Normal
2026-02-14 19:54:20.024475,Berlin-06d1,3,90,Normal
2026-02-14 19:54:21.024475,Berlin-06d1,-2,66,Normal
2026-02-14 19:54:22.024475,Berlin-06d1,24,58,Normal
2026-02-14 19:54:23.024475,Berlin-06d1,27,65,Normal
2026-02-14 19:54:24.024475,Berlin-06d1,30,67,Normal
2026-02-14 19:54:25.024475,Berlin-06d1,24,84,Normal
2026-02-14 19:54:26.024475,Berlin-06d1,38,17,Normal
2026-02-14 19:54:27.024475,Berlin-06d1,46,87,Normal
2026-02-14 19:54:28.024475,Berlin-06d1,-14,31,Normal
2026-02-14 19:54:29.024475,Berlin-06d1,-28,55,Normal
2026-02-14 19:54:30.024475,Berlin-06d1,47,46,Normal
2026-02-14 19:54:31.024475,Berlin-06d1,-23,83,Normal
2026-02-14 19:54:32.024475,Berlin-06d1,38,96,Normal
2026-02-14 19:54:33.024475,Berlin-06d1,7,76,Normal
2026-02-14 19:54:34.024475,Berlin-06d1,8,45,Normal
2026-02-14 19:54:35.024475,Berlin-06d1,38,100,Normal
2026-02-14 19:54:36.024475,Berlin-06d1,12,25,Normal
2026-02-14 19:54:37.024475,Berlin-06d1,13,45,Normal
2026-02-14 19:54:38.024475,Berlin-06d1,47,11,Normal
2026-02-14 19:54:39.024475,Berlin-06d1,3,16,Normal
2026-02-14 19:54:40.024475,Berlin-06d1,38,18,Normal
2026-02-14 19:54:41.024475,Berlin-06d1,36,60,Normal
2026-02-14 19:54:42.024475,Berlin-06d1,33,16,Normal
2026-02-14 19:54:43.024475,Berlin-06d1,-18,57,Normal
2026-02-14 19:54:44.024475,Berlin-06d1,-18,98,Normal
2026-02-14 19:54:45.024475,Berlin-06d1,-11,22,Normal
2026-02-14 19:54:46.024475,Berlin-06d1,27,13,Normal
2026-02-14 19:54:47.024475,Berlin-06d1,-23,13,Normal
2026-02-14 19:54:48.024475,Berlin-06d1,-27,82,Normal
2026-02-14 19:54:49.024475,Berlin-06d1,5,28,Normal
2026-02-14 19:54:50.024475,Berlin-06d1,0,95,Normal
2026-02-14 19:54:51.024475,Berlin-06d1,-24,74,Normal
2026-02-14 19:54:52.024475,Berlin-06d1,-29,23,Normal
2026-02-14 19:54:53.024475,Berlin-06d1,-15,97,Normal
2026-02-14 19:54:54.024475,Berlin-06d1,38,11,Normal
2026-02-14 19:54:55.024475,Berlin-06d1,-11,85,Normal
2026-02-14 19:54:56.024475,Berlin-06d1,12,4,Normal
2026-02-14 19:54:57.024475,Berlin-06d1,27,74,Normal
2026-02-14 19:54:58.024475,Berlin-06d1,-13,24,Normal
2026-02-14 19:54:59.024475,Berlin-06d1,12,75,Normal
2026-02-14 19:55:00.024475,Berlin-06d1,46,34,Normal
2026-02-14 19:55:01.024475,Berlin-06d1,20,66,Normal
2026-02-14 19:55:02.024475,Berlin-06d1,-8,56,Normal
2026-02-14 19:55:03.024475,Berlin-06d1,-14,3,Normal
2026-02-14 19:55:04.024475,Berlin-06d1,4,15,Normal
2026-02-14 19:55:05.024475,Berlin-06d1,26,4,Normal
2026-02-14 19:55:06.024475,Berlin-06d1,49,75,Normal
2026-02-14 19:55:07.024475,Berlin-06d1,-7,56,Normal
2026-02-14 19:55:08.024475,Berlin-06d1,-20,40,Normal
2026-02-14 19:55:09.024475,Berlin-06d1,43,14,Normal
2026-02-14 19:55:10.024475,Berlin-06d1,-28,35,Normal
2026-02-14 19:55:11.024475,Berlin-06d1,-23,73,Normal
2026-02-14 19:55:12.024475,Berlin-06d1,3,0,Normal
2026-02-14 19:55:13.024475,Berlin-06d1,45,42,Normal
2026-02-14 19:55:14.024475,Berlin-06d1,9,14,Normal
2026-02-14 19:55:15.024475,Berlin-06d1,32,82,Normal
2026-02-14 19:55:16.024475,Berlin-06d1,47,38,Normal
2026-02-14 19:55:17.024475,Berlin-06d1,14,2,Normal
2026-02-14 19:55:18.024475,Berlin-06d1,-19,30,Normal
2026-02-14 19:55:19.024475,Berlin-06d1,-18,2,Normal
2026-02-14 19:55:20.024475,Berlin-06d1,7,14,Normal
2026-02-14 19:55:21.024475,Berlin-06d1,22,92,Normal
2026-02-14 19:55:22.024475,Berlin-06d1,13,19,Normal
2026-02-14 19:55:23.024475,Berlin-06d1,25,9,Normal
2026-02-14 19:55:24.024475,Berlin-06d1,20,3,Normal
2026-02-14 19:55:25.024475,Berlin-06d1,47,41,Normal
2026-02-14 19:55:26.024475,Berlin-06d1,31,84,Normal
2026-02-14 19:55:27.024475,Berlin-06d1,0,11,Normal
2026-02-14 19:55:28.024475,Berlin-06d1,49,70,Normal
2026-02-14 19:55:29.024475,Berlin-06d1,-10,74,Normal
2026-02-14 19:55:30.024475,Berlin-06d1,-14,83,Normal
2026-02-14 19:55:31.024475,Berlin-06d1,-21,23,Normal
2026-02-14 19:55:32.024475,Berlin-06d1,29,18,Normal
2026-02-14 19:55:33.024475,Berlin-06d1,11,66,Normal
2026-02-14 19:55:34.024475,Berlin-06d1,-8,88,Normal
2026-02-14 19:55:35.024475,Berlin-06d1,-29,76,Normal
2026-02-14 19:55:36.024475,Berlin-06d1,-19,14,Normal
2026-02-14 19:55:37.024475,Berlin-06d1,27,1,Normal
2026-02-14 19:55:38.024475,Berlin-06d1,28,33,Normal
2026-02-14 19:55:39.024475,Berlin-06d1,3,1,Normal
2026-02-14 19:55:40.024475,Berlin-06d1,44,47,Normal
2026-02-14 19:55:41.024475,Berlin-06d1,37,1,Normal
2026-02-14 19:55:42.024475,Berlin-06d1,-29,30,Normal
2026-02-14 19:55:43.024475,Berlin-06d1,-20,38,Normal
2026-02-14 19:55:44.024475,Berlin-06d1,26,26,Normal
2026-02-14 19:55:45.024475,Berlin-06d1,-6,96,Normal
2026-02-14 19:55:46.024475,Berlin-06d1,24,87,Normal
2026-02-14 19:55:47.024475,Berlin-06d1,32,1,Normal
2026-02-14 19:55:48.024475,Berlin-06d1,43,30,Normal
2026-02-14 19:55:49.024475,Berlin-06d1,33,12,Normal
2026-02-14 19:55:50.024475,Berlin-06d1,-18,97,Normal
2026-02-14 19:55:51.024475,Berlin-06d1,47,81,Normal
2026-02-14 19:55:52.024475,Berlin-06d1,41,43,Normal
2026-02-14 19:55:53.024475,Berlin-06d1,6,23,Normal
2026-02-14 19:55:54.024475,Berlin-06d1,-27,31,Normal
2026-02-14 19:55:55.024475,Berlin-06d1,-14,91,Normal
2026-02-14 19:55:56.024475,Berlin-06d1,17,39,Normal
2026-02-14 19:55:57.024475,Berlin-06d1,-8,3,Normal
2026-02-14 19:55:58.024475,Berlin-06d1,-13,17,Normal
2026-02-14 19:55:59.024475,Berlin-06d1,11,72,Normal
2026-02-14 19:56:00.024475,Berlin-06d1,35,54,Normal
2026-02-14 19:56:01.024475,Berlin-06d1,42,10,Normal
2026-02-14 19:56:02.024475,Berlin-06d1,-21,15,Normal
2026-02-14 19:56:03.024475,Berlin-06d1,32,4,Normal
2026-02-14 19:56:04.024475,Berlin-06d1,-17,25,Normal
2026-02-14 19:56:05.024475,Berlin-06d1,16,84,Normal
2026-02-14 19:56:06.024475,Berlin-06d1,28,4,Normal
2026-02-14 19:56:07.024475,Berlin-06d1,-10,36,Normal
2026-02-14 19:56:08.024475,Berlin-06d1,24,95,Normal
2026-02-14 19:56:09.024475,Berlin-06d1,8,94,Normal
2026-02-14 19:56:10.024475,Berlin-06d1,21,13,Normal
2026-02-14 19:56:11.024475,Berlin-06d1,-14,2,Normal
2026-02-14 19:56:12.024475,Berlin-06d1,-16,81,Normal
2026-02-14 19:56:13.024475,Berlin-06d1,-9,9,Normal
2026-02-14 19:56:14.024475,Berlin-06d1,16,43,Normal
2026-02-14 19:56:15.024475,Berlin-06d1,25,75,Normal
2026-02-14 19:56:16.024475,Berlin-06d1,-24,49,Normal
2026-02-14 19:56:17.024475,Berlin-06d1,11,24,Normal
2026-02-14 19:56:18.024475,Berlin-06d1,33,20,Normal
2026-02-14 19:56:19.024475,Berlin-06d1,-10,58,Normal
2026-02-14 19:56:20.024475,Berlin-06d1,-2,3,Normal
2026-02-14 19:56:21.024475,Berlin-06d1,23,54,Normal
2026-02-14 19:56:22.024475,Berlin-06d1,19,19,Normal
2026-02-14 19:56:23.024475,Berlin-06d1,22,12,Normal
2026-02-14 19:56:24.024475,Berlin-06d1,40,48,Normal
2026-02-14 19:56:25.024475,Berlin-06d1,-7,88,Normal
2026-02-14 19:56:26.024475,Berlin-06d1,29,39,Normal
2026-02-14 19:56:27.024475,Berlin-06d1,45,50,Normal
2026-02-14 19:56:28.024475,Berlin-06d1,50,43,Normal
2026-02-14 19:56:29.024475,Berlin-06d1,-14,29,Normal
2026-02-14 19:56:30.024475,Berlin-06d1,17,46,Normal
2026-02-14 19:56:31.024475,Berlin-06d1,0,76,Normal
2026-02-14 19:56:32.024475,Berlin-06d1,-12,43,Normal
2026-02-14 19:56:33.024475,Berlin-06d1,14,24,Normal
2026-02-14 19:56:34.024475,Berlin-06d1,20,68,Normal
2026-02-14 19:56:35.024475,Berlin-06d1,26,97,Normal
2026-02-14 19:56:36.024475,Berlin-06d1,19,37,Normal
2026-02-14 19:56:37.024475,Berlin-06d1,-28,70,Normal
2026-02-14 19:56:38.024475,Berlin-06d1,6,36,Normal
2026-02-14 19:56:39.024475,Berlin-06d1,-10,79,Normal
2026-02-14 19:56:40.024475,Berlin-06d1,36,100,Normal
2026-02-14 19:56:41.024475,Berlin-06d1,26,50,Normal
2026-02-14 19:56:42.024475,Berlin-06d1,15,32,Normal
2026-02-14 19:56:43.024475,Berlin-06d1,38,77,Normal
2026-02-14 19:56:44.024475,Berlin-06d1,0,14,Normal
2026-02-14 19:56:45.024475,Berlin-06d1,43,73,Normal
2026-02-14 19:56:46.024475,Berlin-06d1,-17,70,Normal
2026-02-14 19:56:47.024475,Berlin-06d1,27,14,Normal
2026-02-14 19:56:48.024475,Berlin-06d1,39,93,Normal
2026-02-14 19:56:49.024475,Berlin-06d1,12,11,Normal
2026-02-14 19:56:50.024475,Berlin-06d1,-25,99,Normal
2026-02-14 19:56:51.024475,Berlin-06d1,33,94,Normal
2026-02-14 19:56:52.024475,Berlin-06d1,37,45,Normal
2026-02-14 19:56:53.024475,Berlin-06d1,20,92,Normal
2026-02-14 19:56:54.024475,Berlin-06d1,6,90,Normal
2026-02-14 19:56:55.024475,Berlin-06d1,45,45,Normal
2026-02-14 19:56:56.024475,Berlin-06d1,9,78,Normal
2026-02-14 19:56:57.024475,Berlin-06d1,1,47,Normal
2026-02-14 19:56:58.024475,Berlin-06d1,35,59,Normal
2026-02-14 19:56:59.024475,Berlin-06d1,-11,70,Normal
2026-02-14 19:57:00.024475,Berlin-06d1,-30,69,Normal
2026-02-14 19:57:01.024475,Berlin-06d1,37,94,Normal
2026-02-14 19:57:02.024475,Berlin-06d1,16,60,Normal
2026-02-14 19:57:03.024475,Berlin-06d1,8,40,Normal
2026-02-14 19:57:04.024475,Berlin-06d1,4,1,Normal
2026-02-14 19:57:05.024475,Berlin-06d1,21,84,Normal
2026-02-14 19:57:06.024475,Berlin-06d1,-12,55,Normal
2026-02-14 19:57:07.024475,Berlin-06d1,38,19,Normal
2026-02-14 19:57:08.024475,Berlin-06d1,3,71,Normal
2026-02-14 19:57:09.024475,Berlin-06d1,28,57,Normal
2026-02-14 19:57:10.024475,Berlin-06d1,-11,14,Normal
2026-02-14 19:57:11.024475,Berlin-06d1,11,26,Normal
2026-02-14 19:57:12.024475,Berlin-06d1,-18,84,Normal
2026-02-14 19:57:13.024475,Berlin-06d1,36,97,Normal
2026-02-14 19:57:14.024475,Berlin-06d1,22,17,Normal
2026-02-14 19:57:15.024475,Berlin-06d1,-13,97,Normal
2026-02-14 19:57:16.024475,Berlin-06d1,31,61,Normal
2026-02-14 19:57:17.024475,Berlin-06d1,-10,19,Normal
2026-02-14 19:57:18.024475,Berlin-06d1,10,36,Normal
2026-02-14 19:57:19.024475,Berlin-06d1,-7,29,Normal
2026-02-14 19:57:20.024475,Berlin-06d1,7,7,Normal
2026-02-14 19:57:21.024475,Berlin-06d1,7,80,Normal
2026-02-14 19:57:22.024475,Berlin-06d1,39,24,Normal
2026-02-14 19:57:23.024475,Berlin-06d1,26,42,Normal
2026-02-14 19:57:24.024475,Berlin-06d1,-1,87,Normal
2026-02-14 19:57:25.024475,Berlin-06d1,50,48,Normal
2026-02-14 19:57:26.024475,Berlin-06d1,-23,58,Normal
2026-02-14 19:57:27.024475,Berlin-06d1,-13,31,Normal
2026-02-14 19:57:28.024475,Berlin-06d1,20,71,Normal
2026-02-14 19:57:29.024475,Berlin-06d1,24,100,Normal
2026-02-14 19:57:30.024475,Berlin-06d1,17,24,Normal
2026-02-14 19:57:31.024475,Berlin-06d1,-22,1,Normal
2026-02-14 19:57:32.024475,Berlin-06d1,36,95,Normal
2026-02-14 19:57:33.024475,Berlin-06d1,-22,14,Normal
2026-02-14 19:57:34.024475,Berlin-06d1,34,68,Normal
2026-02-14 19:57:35.024475,Berlin-06d1,5,14,Normal
2026-02-14 19:57:36.024475,Berlin-06d1,-23,79,Normal
2026-02-14 19:57:37.024475,Berlin-06d1,-8,35,Normal
2026-02-14 19:57:38.024475,Berlin-06d1,45,12,Normal
2026-02-14 19:57:39.024475,Berlin-06d1,27,14,Normal
2026-02-14 19:57:40.024475,Berlin-06d1,25,37,Normal
2026-02-14 19:57:41.024475,Berlin-06d1,-4,46,Normal
2026-02-14 19:57:42.024475,Berlin-06d1,-27,4,Normal
2026-02-14 19:57:43.024475,Berlin-06d1,11,78,Normal
2026-02-14 19:57:44.024475,Berlin-06d1,46,90,Normal
2026-02-14 19:57:45.024475,Berlin-06d1,-6,32,Normal
2026-02-14 19:57:46.024475,Berlin-06d1,-20,56,Normal
2026-02-14 19:57:47.024475,Berlin-06d1,42,56,Normal
2026-02-14 19:57:48.024475,Berlin-06d1,-26,99,Normal
2026-02-14 19:57:49.024475,Berlin-06d1,-3,61,Normal
2026-02-14 19:57:50.024475,Berlin-06d1,24,19,Normal
2026-02-14 19:57:51.024475,Berlin-06d1,10,11,Normal
2026-02-14 19:57:52.024475,Berlin-06d1,13,19,Normal
2026-02-14 19:57:53.024475,Berlin-06d1,0,8,Normal
2026-02-14 19:57:54.024475,Berlin-06d1,27,98,Normal
2026-02-14 19:57:55.024475,Berlin-06d1,22,10,Normal
2026-02-14 19:57:56.024475,Berlin-06d1,-15,99,Normal
2026-02-14 19:57:57.024475,Berlin-06d1,2,96,Normal
2026-02-14 19:57:58.024475,Berlin-06d1,-2,69,Normal
2026-02-14 19:57:59.024475,Berlin-06d1,-6,22,Normal
2026-02-14 19:58:00.024475,Berlin-06d1,-30,72,Normal
2026-02-14 19:58:01.024475,Berlin-06d1,20,22,Normal
2026-02-14 19:58:02.024475,Berlin-06d1,18,47,Normal
2026-02-14 19:58:03.024475,Berlin-06d1,45,6,Normal
2026-02-14 19:58:04.024475,Berlin-06d1,34,73,Normal
2026-02-14 19:58:05.024475,Berlin-06d1,43,18,Normal
2026-02-14 19:58:06.024475,Berlin-06d1,16,56,Normal
2026-02-14 19:58:07.024475,Berlin-06d1,-23,57,Normal
2026-02-14 19:58:08.024475,Berlin-06d1,38,2,Normal
2026-02-14 19:58:09.024475,Berlin-06d1,4,95,Normal
2026-02-14 19:58:10.024475,Berlin-06d1,-7,12,Normal
2026-02-14 19:58:11.024475,Berlin-06d1,41,65,Normal
2026-02-14 19:58:12.024475,Berlin-06d1,-22,37,Normal
2026-02-14 19:58:13.024475,Berlin-06d1,-23,86,Normal
2026-02-14 19:58:14.024475,Berlin-06d1,48,65,Normal
2026-02-14 19:58:15.024475,Berlin-06d1,25,37,Normal
2026-02-14 19:58:16.024475,Berlin-06d1,10,19,Normal
2026-02-14 19:58:17.024475,Berlin-06d1,1,31,Normal
2026-02-14 19:58:18.024475,Berlin-06d1,8,10,Normal
2026-02-14 19:58:19.024475,Berlin-06d1,22,54,Normal
2026-02-14 19:58:20.024475,Berlin-06d1,-29,40,Normal
2026-02-14 19:58:21.024475,Berlin-06d1,38,26,Normal
2026-02-14 19:58:22.024475,Berlin-06d1,43,43,Normal
2026-02-14 19:58:23.024475,Berlin-06d1,19,18,Normal
2026-02-14 19:58:24.024475,Berlin-06d1,40,94,Normal
2026-02-14 19:58:25.024475,Berlin-06d1,-14,20,Normal
2026-02-14 19:58:26.024475,Berlin-06d1,36,91,Normal
2026-02-14 19:58:27.024475,Berlin-06d1,50,31,Normal
2026-02-14 19:58:28.024475,Berlin-06d1,47,46,Normal
2026-02-14 19:58:29.024475,Berlin-06d1,14,71,Normal
2026-02-14 19:58:30.024475,Berlin-06d1,-5,31,Normal
2026-02-14 19:58:31.024475,Berlin-06d1,28,71,Normal
2026-02-14 19:58:32.024475,Berlin-06d1,16,65,Normal
2026-02-14 19:58:33.024475,Berlin-06d1,41,92,Normal
2026-02-14 19:58:34.024475,Berlin-06d1,-20,80,Normal
2026-02-14 19:58:35.024475,Berlin-06d1,-23,26,Normal
2026-02-14 19:58:36.024475,Berlin-06d1,-8,64,Normal
2026-02-14 19:58:37.024475,Berlin-06d1,-21,84,Normal
2026-02-14 19:58:38.024475,Berlin-06d1,7,34,Normal
2026-02-14 19:58:39.024475,Berlin-06d1,-26,51,Normal
2026-02-14 19:58:40.024475,Berlin-06d1,-30,33,Normal
2026-02-14 19:58:41.024475,Berlin-06d1,37,42,Normal
2026-02-14 19:58:42.024475,Berlin-06d1,48,32,Normal
2026-02-14 19:58:43.024475,Berlin-06d1,5,76,Normal
2026-02-14 19:58:44.024475,Berlin-06d1,-24,7,Normal
2026-02-14 19:58:45.024475,Berlin-06d1,-1,76,Normal
2026-02-14 19:58:46.024475,Berlin-06d1,48,90,Normal
2026-02-14 19:58:47.024475,Berlin-06d1,41,69,Normal
2026-02-14 19:58:48.024475,Berlin-06d1,21,87,Normal
2026-02-14 19:58:49.024475,Berlin-06d1,20,39,Normal
2026-02-14 19:58:50.024475,Berlin-06d1,-11,45,Normal
2026-02-14 19:58:51.024475,Berlin-06d1,18,52,Normal
2026-02-14 19:58:52.024475,Berlin-06d1,45,44,Normal
2026-02-14 19:58:53.024475,Berlin-06d1,-4,14,Normal
2026-02-14 19:58:54.024475,Berlin-06d1,-16,72,Normal
2026-02-14 19:58:55.024475,Berlin-06d1,-4,73,Normal
2026-02-14 19:58:56.024475,Berlin-06d1,-11,60,Normal
2026-02-14 19:58:57.024475,Berlin-06d1,38,12,Normal
2026-02-14 19:58:58.024475,Berlin-06d1,19,25,Normal
2026-02-14 19:58:59.024475,Berlin-06d1,3,41,Normal
2026-02-14 19:59:00.024475,Berlin-06d1,-10,0,Normal
2026-02-14 19:59:01.024475,Berlin-06d1,-4,89,Normal
2026-02-14 19:59:02.024475,Berlin-06d1,-18,21,Normal
2026-02-14 19:59:03.024475,Berlin-06d1,-8,2,Normal
2026-02-14 19:59:04.024475,Berlin-06d1,-1,97,Normal
2026-02-14 19:59:05.024475,Berlin-06d1,7,77,Normal
2026-02-14 19:59:06.024475,Berlin-06d1,1,62,Normal
2026-02-14 19:59:07.024475,Berlin-06d1,31,96,Normal
2026-02-14 19:59:08.024475,Berlin-06d1,-7,50,Normal
2026-02-14 19:59:09.024475,Berlin-06d1,44,83,Normal
2026-02-14 19:59:10.024475,Berlin-06d1,41,34,Normal
2026-02-14 19:59:11.024475,Berlin-06d1,-21,70,Normal
2026-02-14 19:59:12.024475,Berlin-06d1,2,54,Normal
2026-02-14 19:59:13.024475,Berlin-06d1,1,21,Normal
2026-02-14 19:59:14.024475,Berlin-06d1,48,14,Normal
2026-02-14 19:59:15.024475,Berlin-06d1,11,14,Normal
2026-02-14 19:59:16.024475,Berlin-06d1,7,77,Normal
2026-02-14 19:59:17.024475,Berlin-06d1,24,7,Normal
2026-02-14 19:59:18.024475,Berlin-06d1,34,65,Normal
2026-02-14 19:59:19.024475,Berlin-06d1,8,15,Normal
2026-02-14 19:59:20.024475,Berlin-06d1,-22,24,Normal
2026-02-14 19:59:21.024475,Berlin-06d1,19,47,Normal
2026-02-14 19:59:22.024475,Berlin-06d1,-11,59,Normal
2026-02-14 19:59:23.024475,Berlin-06d1,40,2,Normal
2026-02-14 19:59:24.024475,Berlin-06d1,43,0,Normal
2026-02-14 19:59:25.024475,Berlin-06d1,36,47,Normal
2026-02-14 19:59:26.024475,Berlin-06d1,35,62,Normal
2026-02-14 19:59:27.024475,Berlin-06d1,28,79,Normal
2026-02-14 19:59:28.024475,Berlin-06d1,41,99,Normal
2026-02-14 19:59:29.024475,Berlin-06d1,38,51,Normal
2026-02-14 19:59:30.024475,Berlin-06d1,48,58,Normal
2026-02-14 19:59:31.024475,Berlin-06d1,-14,24,Normal
2026-02-14 19:59:32.024475,Berlin-06d1,-20,62,Normal
2026-02-14 19:59:33.024475,Berlin-06d1,4,70,Normal
2026-02-14 19:59:34.024475,Berlin-06d1,-11,2,Normal
2026-02-14 19:59:35.024475,Berlin-06d1,7,65,Normal
2026-02-14 19:59:36.024475,Berlin-06d1,12,68,Normal
2026-02-14 19:59:37.024475,Berlin-06d1,12,28,Normal
2026-02-14 19:59:38.024475,Berlin-06d1,-16,7,Normal
2026-02-14 19:59:39.024475,Berlin-06d1,3,9,Normal
2026-02-14 19:59:40.024475,Berlin-06d1,-11,36,Normal
2026-02-14 19:59:41.024475,Berlin-06d1,30,90,Normal
2026-02-14 19:59:42.024475,Berlin-06d1,-22,83,Normal
2026-02-14 19:59:43.024475,Berlin-06d1,9,35,Normal
2026-02-14 19:59:44.024475,Berlin-06d1,-2,13,Normal
2026-02-14 19:59:45.024475,Berlin-06d1,22,53,Normal
2026-02-14 19:59:46.024475,Berlin-06d1,10,41,Normal
2026-02-14 19:59:47.024475,Berlin-06d1,31,88,Normal
2026-02-14 19:59:48.024475,Berlin-06d1,-22,27,Normal
2026-02-14 19:59:49.024475,Berlin-06d1,-13,24,Normal
2026-02-14 19:59:50.024475,Berlin-06d1,17,5,Normal
2026-02-14 19:59:51.024475,Berlin-06d1,-14,24,Normal
2026-02-14 19:59:52.024475,Berlin-06d1,-20,56,Normal
2026-02-14 19:59:53.024475,Berlin-06d1,26,71,Normal
2026-02-14 19:59:54.024475,Berlin-06d1,33,86,Normal
2026-02-14 19:59:55.024475,Berlin-06d1,3,26,Normal
2026-02-14 19:59:56.024475,Berlin-06d1,10,91,Normal
2026-02-14 19:59:57.024475,Berlin-06d1,-1,29,Normal
2026-02-14 19:59:58.024475,Berlin-06d1,43,19,Normal
2026-02-14 19:59:59.024475,Berlin-06d1,4,59,Normal
2026-02-14 20:00:00.024475,Berlin-06d1,8,41,Normal
2026-02-14 20:00:01.024475,Berlin-06d1,35,31,Normal
2026-02-14 20:00:02.024475,Berlin-06d1,-21,9,Normal
2026-02-14 20:00:03.024475,Berlin-06d1,47,14,Normal
2026-02-14 20:00:04.024475,Berlin-06d1,3,7,Normal
2026-02-14 20:00:05.024475,Berlin-06d1,36,45,Normal
2026-02-14 20:00:06.024475,Berlin-06d1,35,19,Normal
2026-02-14 20:00:07.024475,Berlin-06d1,36,62,Normal
2026-02-14 20:00:08.024475,Berlin-06d1,17,11,Normal
2026-02-14 20:00:09.024475,Berlin-06d1,-15,26,Normal
2026-02-14 20:00:10.024475,Berlin-06d1,-5,1,Normal
2026-02-14 20:00:11.024475,Berlin-06d1,7,95,Normal
2026-02-14 20:00:12.024475,Berlin-06d1,-22,64,Normal
2026-02-14 20:00:13.024475,Berlin-06d1,-1,37,Normal
2026-02-14 20:00:14.024475,Berlin-06d1,25,64,Normal
2026-02-14 20:00:15.024475,Berlin-06d1,43,95,Normal
2026-02-14 20:00:16.024475,Berlin-06d1,17,46,Normal
2026-02-14 20:00:17.024475,Berlin-06d1,46,15,Normal
2026-02-14 20:00:18.024475,Berlin-06d1,10,38,Normal
2026-02-14 20:00:19.024475,Berlin-06d1,-1,98,Normal
2026-02-14 20:00:20.024475,Berlin-06d1,-24,53,Normal
2026-02-14 20:00:21.024475,Berlin-06d1,7,65,Normal
2026-02-14 20:00:22.024475,Berlin-06d1,49,40,Normal
2026-02-14 20:00:23.024475,Berlin-06d1,27,87,Normal
2026-02-14 20:00:24.024475,Berlin-06d1,29,55,Normal
2026-02-14 20:00:25.024475,Berlin-06d1,29,12,Normal
2026-02-14 20:00:26.024475,Berlin-06d1,-20,39,Normal
2026-02-14 20:00:27.024475,Berlin-06d1,35,54,Normal
2026-02-14 20:00:28.024475,Berlin-06d1,37,61,Normal
2026-02-14 20:00:29.024475,Berlin-06d1,3,32,Normal
2026-02-14 20:00:30.024475,Berlin-06d1,-21,64,Normal
2026-02-14 20:00:31.024475,Berlin-06d1,32,54,Normal
2026-02-14 20:00:32.024475,Berlin-06d1,-1,69,Normal
2026-02-14 20:00:33.024475,Berlin-06d1,5,53,Normal
2026-02-14 20:00:34.024475,Berlin-06d1,-7,23,Normal
2026-02-14 20:00:35.024475,Berlin-06d1,-4,23,Normal
2026-02-14 20:00:36.024475,Berlin-06d1,22,67,Normal
2026-02-14 20:00:37.024475,Berlin-06d1,47,58,Normal
2026-02-14 20:00:38.024475,Berlin-06d1,-18,6,Normal
2026-02-14 20:00:39.024475,Berlin-06d1,12,90,Normal
2026-02-14 20:00:40.024475,Berlin-06d1,8,99,Normal
2026-02-14 20:00:41.024475,Berlin-06d1,-26,29,Normal
2026-02-14 20:00:42.024475,Berlin-06d1,-10,56,Normal
2026-02-14 20:00:43.024475,Berlin-06d1,-9,53,Normal
2026-02-14 20:00:44.024475,Berlin-06d1,22,2,Normal
2026-02-14 20:00:45.024475,Berlin-06d1,-24,9,Normal
2026-02-14 20:00:46.024475,Berlin-06d1,-29,95,Normal
2026-02-14 20:00:47.024475,Berlin-06d1,42,77,Normal
2026-02-14 20:00:48.024475,Berlin-06d1,45,87,Normal
2026-02-14 20:00:49.024475,Berlin-06d1,-12,44,Normal
2026-02-14 20:00:50.024475,Berlin-06d1,-9,89,Normal
2026-02-14 20:00:51.024475,Berlin-06d1,23,79,Normal
2026-02-14 20:00:52.024475,Berlin-06d1,44,32,Normal
2026-02-14 20:00:53.024475,Berlin-06d1,38,66,Normal
2026-02-14 20:00:54.024475,Berlin-06d1,8,96,Normal
2026-02-14 20:00:55.024475,Berlin-06d1,3,25,Normal
2026-02-14 20:00:56.024475,Berlin-06d1,24,46,Normal
2026-02-14 20:00:57.024475,Berlin-06d1,36,53,Normal
2026-02-14 20:00:58.024475,Berlin-06d1,-6,36,Normal
2026-02-14 20:00:59.024475,Berlin-06d1,-5,33,Normal
2026-02-14 20:01:00.024475,Berlin-06d1,-24,56,Normal
2026-02-14 20:01:01.024475,Berlin-06d1,30,81,Normal
2026-02-14 20:01:02.024475,Berlin-06d1,9,37,Normal
2026-02-14 20:01:03.024475,Berlin-06d1,-28,33,Normal
2026-02-14 20:01:04.024475,Berlin-06d1,-9,70,Normal
2026-02-14 20:01:05.024475,Berlin-06d1,22,67,Normal
2026-02-14 20:01:06.024475,Berlin-06d1,-24,38,Normal
2026-02-14 20:01:07.024475,Berlin-06d1,15,9,Normal
2026-02-14 20:01:08.024475,Berlin-06d1,-9,45,Normal
2026-02-14 20:01:09.024475,Berlin-06d1,-17,22,Normal
2026-02-14 20:01:10.024475,Berlin-06d1,29,96,Normal
2026-02-14 20:01:11.024475,Berlin-06d1,-26,50,Normal
2026-02-14 20:01:12.024475,Berlin-06d1,44,99,Normal
2026-02-14 20:01:13.024475,Berlin-06d1,-12,43,Normal
2026-02-14 20:01:14.024475,Berlin-06d1,-30,58,Normal
2026-02-14 20:01:15.024475,Berlin-06d1,47,4,Normal
2026-02-14 20:01:16.024475,Berlin-06d1,25,45,Normal
2026-02-14 20:01:17.024475,Berlin-06d1,28,66,Normal
2026-02-14 20:01:18.024475,Berlin-06d1,-10,50,Normal
2026-02-14 20:01:19.024475,Berlin-06d1,-23,75,Normal
2026-02-14 20:01:20.024475,Berlin-06d1,-4,24,Normal
2026-02-14 20:01:21.024475,Berlin-06d1,-22,75,Normal
2026-02-14 20:01:22.024475,Berlin-06d1,-9,29,Normal
2026-02-14 20:01:23.024475,Berlin-06d1,2,44,Normal
2026-02-14 20:01:24.024475,Berlin-06d1,-18,78,Normal
2026-02-14 20:01:25.024475,Berlin-06d1,4,40,Normal
2026-02-14 20:01:26.024475,Berlin-06d1,10,10,Normal
2026-02-14 20:01:27.024475,Berlin-06d1,9,4,Normal
2026-02-14 20:01:28.024475,Berlin-06d1,44,95,Normal
2026-02-14 20:01:29.024475,Berlin-06d1,-24,0,Normal
2026-02-14 20:01:30.024475,Berlin-06d1,16,82,Normal
2026-02-14 20:01:31.024475,Berlin-06d1,-13,35,Normal
2026-02-14 20:01:32.024475,Berlin-06d1,44,80,Normal
2026-02-14 20:01:33.024475,Berlin-06d1,13,85,Normal
2026-02-14 20:01:34.024475,Berlin-06d1,11,60,Normal
2026-02-14 20:01:35.024475,Berlin-06d1,5,82,Normal
2026-02-14 20:01:36.024475,Berlin-06d1,18,61,Normal
2026-02-14 20:01:37.024475,Berlin-06d1,-20,61,Normal
2026-02-14 20:01:38.024475,Berlin-06d1,4,9,Normal
2026-02-14 20:01:39.024475,Berlin-06d1,39,3,Normal
2026-02-14 20:01:40.024475,Berlin-06d1,38,43,Normal
2026-02-14 20:01:41.024475,Berlin-06d1,15,17,Normal
2026-02-14 20:01:42.024475,Berlin-06d1,-5,26,Normal
2026-02-14 20:01:43.024475,Berlin-06d1,46,50,Normal
2026-02-14 20:01:44.024475,Berlin-06d1,-23,85,Normal
2026-02-14 20:01:45.024475,Berlin-06d1,32,32,Normal
2026-02-14 20:01:46.024475,Berlin-06d1,0,96,Normal
2026-02-14 20:01:47.024475,Berlin-06d1,-9,46,Normal
2026-02-14 20:01:48.024475,Berlin-06d1,-5,20,Normal
2026-02-14 20:01:49.024475,Berlin-06d1,3,61,Normal
2026-02-14 20:01:50.024475,Berlin-06d1,28,100,Normal
2026-02-14 20:01:51.024475,Berlin-06d1,-9,64,Normal
2026-02-14 20:01:52.024475,Berlin-06d1,-27,38,Normal
2026-02-14 20:01:53.024475,Berlin-06d1,-25,46,Normal
2026-02-14 20:01:54.024475,Berlin-06d1,-4,70,Normal
2026-02-14 20:01:55.024475,Berlin-06d1,12,75,Normal
2026-02-14 20:01:56.024475,Berlin-06d1,13,84,Normal
2026-02-14 20:01:57.024475,Berlin-06d1,2,15,Normal
2026-02-14 20:01:58.024475,Berlin-06d1,9,77,Normal
2026-02-14 20:01:59.024475,Berlin-06d1,2,1,Normal
2026-02-14 20:02:00.024475,Berlin-06d1,9,91,Normal
2026-02-14 20:02:01.024475,Berlin-06d1,-26,75,Normal
2026-02-14 20:02:02.024475,Berlin-06d1,32,97,Normal
2026-02-14 20:02:03.024475,Berlin-06d1,-4,100,Normal
2026-02-14 20:02:04.024475,Berlin-06d1,36,5,Normal
2026-02-14 20:02:05.024475,Berlin-06d1,-20,82,Normal
2026-02-14 20:02:06.024475,Berlin-06d1,46,86,Normal
2026-02-14 20:02:07.024475,Berlin-06d1,-8,82,Normal
2026-02-14 20:02:08.024475,Berlin-06d1,-15,19,Normal
2026-02-14 20:02:09.024475,Berlin-06d1,-25,88,Normal
2026-02-14 20:02:10.024475,Berlin-06d1,30,70,Normal
2026-02-14 20:02:11.024475,Berlin-06d1,35,21,Normal
2026-02-14 20:02:12.024475,Berlin-06d1,-19,3,Normal
2026-02-14 20:02:13.024475,Berlin-06d1,-17,88,Normal
2026-02-14 20:02:14.024475,Berlin-06d1,6,79,Normal
2026-02-14 20:02:15.024475,Berlin-06d1,10,77,Normal
2026-02-14 20:02:16.024475,Berlin-06d1,-24,22,Normal
2026-02-14 20:02:17.024475,Berlin-06d1,46,44,Normal
2026-02-14 20:02:18.024475,Berlin-06d1,-4,15,Normal
2026-02-14 20:02:19.024475,Berlin-06d1,-27,60,Normal
2026-02-14 20:02:20.024475,Berlin-06d1,38,16,Normal
2026-02-14 20:02:21.024475,Berlin-06d1,44,63,Normal
2026-02-14 20:02:22.024475,Berlin-06d1,30,27,Normal
2026-02-14 20:02:23.024475,Berlin-06d1,21,45,Normal
2026-02-14 20:02:24.024475,Berlin-06d1,-28,11,Normal
2026-02-14 20:02:25.024475,Berlin-06d1,-10,96,Normal
2026-02-14 20:02:26.024475,Berlin-06d1,-29,69,Normal
2026-02-14 20:02:27.024475,Berlin-06d1,5,47,Normal
2026-02-14 20:02:28.024475,Berlin-06d1,-7,85,Normal
2026-02-14 20:02:29.024475,Berlin-06d1,13,82,Normal
2026-02-14 20:02:30.024475,Berlin-06d1,-1,34,Normal
2026-02-14 20:02:31.024475,Berlin-06d1,49,0,Normal
2026-02-14 20:02:32.024475,Berlin-06d1,-6,0,Normal
2026-02-14 20:02:33.024475,Berlin-06d1,9,81,Normal
2026-02-14 20:02:34.024475,Berlin-06d1,-26,10,Normal
2026-02-14 20:02:35.024475,Berlin-06d1,-28,74,Normal
2026-02-14 20:02:36.024475,Berlin-06d1,-26,99,Normal
2026-02-14 20:02:37.024475,Berlin-06d1,48,62,Normal
2026-02-14 20:02:38.024475,Berlin-06d1,-1,86,Normal
2026-02-14 20:02:39.024475,Berlin-06d1,-6,61,Normal
2026-02-14 20:02:40.024475,Berlin-06d1,-3,20,Normal
2026-02-14 20:02:41.024475,Berlin-06d1,29,25,Normal
2026-02-14 20:02:42.024475,Berlin-06d1,34,0,Normal
2026-02-14 20:02:43.024475,Berlin-06d1,-21,43,Normal
2026-02-14 20:02:44.024475,Berlin-06d1,35,76,Normal
2026-02-14 20:02:45.024475,Berlin-06d1,-5,47,Normal
2026-02-14 20:02:46.024475,Berlin-06d1,3,80,Normal
2026-02-14 20:02:47.024475,Berlin-06d1,37,46,Normal
2026-02-14 20:02:48.024475,Berlin-06d1,39,21,Normal
2026-02-14 20:02:49.024475,Berlin-06d1,-4,64,Normal
2026-02-14 20:02:50.024475,Berlin-06d1,-3,4,Normal
2026-02-14 20:02:51.024475,Berlin-06d1,0,98,Normal
2026-02-14 20:02:52.024475,Berlin-06d1,-16,98,Normal
2026-02-14 20:02:53.024475,Berlin-06d1,15,57,Normal
2026-02-14 20:02:54.024475,Berlin-06d1,-11,37,Normal
2026-02-14 20:02:55.024475,Berlin-06d1,39,29,Normal
2026-02-14 20:02:56.024475,Berlin-06d1,31,39,Normal
2026-02-14 20:02:57.024475,Berlin-06d1,5,60,Normal
2026-02-14 20:02:58.024475,Berlin-06d1,1,41,Normal
2026-02-14 20:02:59.024475,Berlin-06d1,39,76,Normal
2026-02-14 20:03:00.024475,Berlin-06d1,46,44,Normal
2026-02-14 20:03:01.024475,Berlin-06d1,29,66,Normal
2026-02-14 20:03:02.024475,Berlin-06d1,13,52,Normal
2026-02-14 20:03:03.024475,Berlin-06d1,-11,54,Normal
2026-02-14 20:03:04.024475,Berlin-06d1,7,71,Normal
2026-02-14 20:03:05.024475,Berlin-06d1,37,63,Normal
2026-02-14 20:03:06.024475,Berlin-06d1,19,70,Normal
2026-02-14 20:03:07.024475,Berlin-06d1,-13,72,Normal
2026-02-14 20:03:08.024475,Berlin-06d1,50,28,Normal
2026-02-14 20:03:09.024475,Berlin-06d1,22,1,Normal
2026-02-14 20:03:10.024475,Berlin-06d1,22,70,Normal
2026-02-14 20:03:11.024475,Berlin-06d1,-16,6,Normal
2026-02-14 20:03:12.024475,Berlin-06d1,-1,66,Normal
2026-02-14 20:03:13.024475,Berlin-06d1,22,23,Normal
2026-02-14 20:03:14.024475,Berlin-06d1,-28,90,Normal
2026-02-14 20:03:15.024475,Berlin-06d1,-24,78,Normal
2026-02-14 20:03:16.024475,Berlin-06d1,-17,4,Normal
2026-02-14 20:03:17.024475,Berlin-06d1,18,18,Normal
2026-02-14 20:03:18.024475,Berlin-06d1,23,41,Normal
2026-02-14 20:03:19.024475,Berlin-06d1,-19,42,Normal
2026-02-14 20:03:20.024475,Berlin-06d1,-20,15,Normal
2026-02-14 20:03:21.024475,Berlin-06d1,-5,2,Normal
2026-02-14 20:03:22.024475,Berlin-06d1,24,78,Normal
2026-02-14 20:03:23.024475,Berlin-06d1,15,88,Normal
2026-02-14 20:03:24.024475,Berlin-06d1,-23,86,Normal
2026-02-14 20:03:25.024475,Berlin-06d1,46,10,Normal
2026-02-14 20:03:26.024475,Berlin-06d1,50,30,Normal
2026-02-14 20:03:27.024475,Berlin-06d1,-7,11,Normal
2026-02-14 20:03:28.024475,Berlin-06d1,42,41,Normal
2026-02-14 20:03:29.024475,Berlin-06d1,-21,67,Normal
2026-02-14 20:03:30.024475,Berlin-06d1,27,34,Normal
2026-02-14 20:03:31.024475,Berlin-06d1,2,100,Normal
2026-02-14 20:03:32.024475,Berlin-06d1,-20,15,Normal
2026-02-14 20:03:33.024475,Berlin-06d1,-30,75,Normal
2026-02-14 20:03:34.024475,Berlin-06d1,47,27,Normal
2026-02-14 20:03:35.024475,Berlin-06d1,-29,90,Normal
2026-02-14 20:03:36.024475,Berlin-06d1,41,70,Normal
2026-02-14 20:03:37.024475,Berlin-06d1,6,31,Normal
2026-02-14 20:03:38.024475,Berlin-06d1,17,50,Normal
2026-02-14 20:03:39.024475,Berlin-06d1,6,22,Normal
2026-02-14 20:03:40.024475,Berlin-06d1,34,22,Normal
2026-02-14 20:03:41.024475,Berlin-06d1,11,12,Normal
2026-02-14 20:03:42.024475,Berlin-06d1,-15,100,Normal
2026-02-14 20:03:43.024475,Berlin-06d1,-24,66,Normal
2026-02-14 20:03:44.024475,Berlin-06d1,-8,19,Normal
2026-02-14 20:03:45.024475,Berlin-06d1,6,99,Normal
2026-02-14 20:03:46.024475,Berlin-06d1,-13,93,Normal
2026-02-14 20:03:47.024475,Berlin-06d1,49,88,Normal
2026-02-14 20:03:48.024475,Berlin-06d1,49,99,Normal
2026-02-14 20:03:49.024475,Berlin-06d1,1,22,Normal
2026-02-14 20:03:50.024475,Berlin-06d1,14,8,Normal
2026-02-14 20:03:51.024475,Berlin-06d1,43,88,Normal
2026-02-14 20:03:52.024475,Berlin-06d1,21,20,Normal
2026-02-14 20:03:53.024475,Berlin-06d1,3,51,Normal
2026-02-14 20:03:54.024475,Berlin-06d1,-13,96,Normal
2026-02-14 20:03:55.024475,Berlin-06d1,30,85,Normal
2026-02-14 20:03:56.024475,Berlin-06d1,46,32,Normal
2026-02-14 20:03:57.024475,Berlin-06d1,-29,63,Normal
2026-02-14 20:03:58.024475,Berlin-06d1,7,68,Normal
2026-02-14 20:03:59.024475,Berlin-06d1,12,12,Normal
2026-02-14 20:04:00.024475,Berlin-06d1,1,11,Normal
2026-02-14 20:04:01.024475,Berlin-06d1,-18,68,Normal
2026-02-14 20:04:02.024475,Berlin-06d1,49,88,Normal
2026-02-14 20:04:03.024475,Berlin-06d1,9,49,Normal
2026-02-14 20:04:04.024475,Berlin-06d1,-9,54,Normal
2026-02-14 20:04:05.024475,Berlin-06d1,-12,38,Normal
2026-02-14 20:04:06.024475,Berlin-06d1,-6,55,Normal
2026-02-14 20:04:07.024475,Berlin-06d1,11,25,Normal
2026-02-14 20:04:08.024475,Berlin-06d1,-16,30,Normal
2026-02-14 20:04:09.024475,Berlin-06d1,31,7,Normal
2026-02-14 20:04:10.024475,Berlin-06d1,-8,81,Normal
2026-02-14 20:04:11.024475,Berlin-06d1,-24,46,Normal
2026-02-14 20:04:12.024475,Berlin-06d1,-16,8,Normal
2026-02-14 20:04:13.024475,Berlin-06d1,45,42,Normal
2026-02-14 20:04:14.024475,Berlin-06d1,13,79,Normal
2026-02-14 20:04:15.024475,Berlin-06d1,7,59,Normal
2026-02-14 20:04:16.024475,Berlin-06d1,1,79,Normal
2026-02-14 20:04:17.024475,Berlin-06d1,13,15,Normal
2026-02-14 20:04:18.024475,Berlin-06d1,12,57,Normal
2026-02-14 20:04:19.024475,Berlin-06d1,-16,88,Normal
2026-02-14 20:04:20.024475,Berlin-06d1,28,81,Normal
2026-02-14 20:04:21.024475,Berlin-06d1,-20,65,Normal
2026-02-14 20:04:22.024475,Berlin-06d1,44,56,Normal
2026-02-14 20:04:23.024475,Berlin-06d1,7,8,Normal
2026-02-14 20:04:24.024475,Berlin-06d1,35,41,Normal
2026-02-14 20:04:25.024475,Berlin-06d1,3,35,Normal
2026-02-14 20:04:26.024475,Berlin-06d1,24,51,Normal
2026-02-14 20:04:27.024475,Berlin-06d1,26,58,Normal
2026-02-14 20:04:28.024475,Berlin-06d1,1,69,Normal
2026-02-14 20:04:29.024475,Berlin-06d1,50,56,Normal
2026-02-14 20:04:30.024475,Berlin-06d1,9,38,Normal
2026-02-14 20:04:31.024475,Berlin-06d1,38,10,Normal
2026-02-14 20:04:32.024475,Berlin-06d1,18,25,Normal
2026-02-14 20:04:33.024475,Berlin-06d1,9,46,Normal
2026-02-14 20:04:34.024475,Berlin-06d1,40,97,Normal
2026-02-14 20:04:35.024475,Berlin-06d1,15,79,Normal
2026-02-14 20:04:36.024475,Berlin-06d1,30,80,Normal
2026-02-14 20:04:37.024475,Berlin-06d1,34,22,Normal
2026-02-14 20:04:38.024475,Berlin-06d1,6,42,Normal
2026-02-14 20:04:39.024475,Berlin-06d1,45,5,Normal
2026-02-14 20:04:40.024475,Berlin-06d1,-23,43,Normal
2026-02-14 20:04:41.024475,Berlin-06d1,8,4,Normal
2026-02-14 20:04:42.024475,Berlin-06d1,36,80,Normal
2026-02-14 20:04:43.024475,Berlin-06d1,-26,54,Normal
2026-02-14 20:04:44.024475,Berlin-06d1,47,1,Normal
2026-02-14 20:04:45.024475,Berlin-06d1,18,73,Normal
2026-02-14 20:04:46.024475,Berlin-06d1,-28,85,Normal
2026-02-14 20:04:47.024475,Berlin-06d1,15,15,Normal
2026-02-14 20:04:48.024475,Berlin-06d1,49,45,Normal
2026-02-14 20:04:49.024475,Berlin-06d1,14,69,Normal
2026-02-14 20:04:50.024475,Berlin-06d1,21,38,Normal
2026-02-14 20:04:51.024475,Berlin-06d1,-17,81,Normal
2026-02-14 20:04:52.024475,Berlin-06d1,29,0,Normal
2026-02-14 20:04:53.024475,Berlin-06d1,-18,85,Normal
2026-02-14 20:04:54.024475,Berlin-06d1,39,31,Normal
2026-02-14 20:04:55.024475,Berlin-06d1,17,25,Normal
2026-02-14 20:04:56.024475,Berlin-06d1,26,10,Normal
2026-02-14 20:04:57.024475,Berlin-06d1,39,69,Normal
2026-02-14 20:04:58.024475,Berlin-06d1,9,66,Normal
2026-02-14 20:04:59.024475,Berlin-06d1,31,29,Normal
2026-02-14 20:05:00.024475,Berlin-06d1,-8,24,Normal
2026-02-14 20:05:01.024475,Berlin-06d1,15,91,Normal
2026-02-14 20:05:02.024475,Berlin-06d1,26,25,Normal
2026-02-14 20:05:03.024475,Berlin-06d1,-26,28,Normal
2026-02-14 20:05:04.024475,Berlin-06d1,27,98,Normal
2026-02-14 20:05:05.024475,Berlin-06d1,39,11,Normal
2026-02-14 20:05:06.024475,Berlin-06d1,6,6,Normal
2026-02-14 20:05:07.024475,Berlin-06d1,38,84,Normal
2026-02-14 20:05:08.024475,Berlin-06d1,26,82,Normal
2026-02-14 20:05:09.024475,Berlin-06d1,16,31,Normal
2026-02-14 20:05:10.024475,Berlin-06d1,19,72,Normal
2026-02-14 20:05:11.024475,Berlin-06d1,-5,80,Normal
2026-02-14 20:05:12.024475,Berlin-06d1,20,49,Normal
2026-02-14 20:05:13.024475,Berlin-06d1,1,16,Normal
2026-02-14 20:05:14.024475,Berlin-06d1,14,88,Normal
2026-02-14 20:05:15.024475,Berlin-06d1,22,80,Normal
2026-02-14 20:05:16.024475,Berlin-06d1,36,78,Normal
2026-02-14 20:05:17.024475,Berlin-06d1,40,80,Normal
2026-02-14 20:05:18.024475,Berlin-06d1,39,13,Normal
2026-02-14 20:05:19.024475,Berlin-06d1,-12,78,Normal
2026-02-14 20:05:20.024475,Berlin-06d1,4,15,Normal
2026-02-14 20:05:21.024475,Berlin-06d1,-15,42,Normal
2026-02-14 20:05:22.024475,Berlin-06d1,-26,71,Normal
2026-02-14 20:05:23.024475,Berlin-06d1,11,60,Normal
2026-02-14 20:05:24.024475,Berlin-06d1,-15,98,Normal
2026-02-14 20:05:25.024475,Berlin-06d1,30,1,Normal
2026-02-14 20:05:26.024475,Berlin-06d1,37,98,Normal
2026-02-14 20:05:27.024475,Berlin-06d1,36,46,Normal
2026-02-14 20:05:28.024475,Berlin-06d1,-2,44,Normal
2026-02-14 20:05:29.024475,Berlin-06d1,12,16,Normal
2026-02-14 20:05:30.024475,Berlin-06d1,-6,26,Normal
2026-02-14 20:05:31.024475,Berlin-06d1,43,15,Normal
2026-02-14 20:05:32.024475,Berlin-06d1,-28,97,Normal
2026-02-14 20:05:33.024475,Berlin-06d1,-12,70,Normal
2026-02-14 20:05:34.024475,Berlin-06d1,-16,7,Normal
2026-02-14 20:05:35.024475,Berlin-06d1,36,77,Normal
2026-02-14 20:05:36.024475,Berlin-06d1,42,12,Normal
2026-02-14 20:05:37.024475,Berlin-06d1,6,62,Normal
2026-02-14 20:05:38.024475,Berlin-06d1,29,76,Normal
2026-02-14 20:05:39.024475,Berlin-06d1,41,49,Normal
2026-02-14 20:05:40.024475,Berlin-06d1,36,26,Normal
2026-02-14 20:05:41.024475,Berlin-06d1,17,17,Normal
2026-02-14 20:05:42.024475,Berlin-06d1,-28,82,Normal
2026-02-14 20:05:43.024475,Berlin-06d1,33,89,Normal
2026-02-14 20:05:44.024475,Berlin-06d1,-23,18,Normal
2026-02-14 20:05:45.024475,Berlin-06d1,-2,35,Normal
2026-02-14 20:05:46.024475,Berlin-06d1,14,26,Normal
2026-02-14 20:05:47.024475,Berlin-06d1,-24,91,Normal
2026-02-14 20:05:48.024475,Berlin-06d1,21,3,Normal
2026-02-14 20:05:49.024475,Berlin-06d1,-19,58,Normal
2026-02-14 20:05:50.024475,Berlin-06d1,-5,92,Normal
2026-02-14 20:05:51.024475,Berlin-06d1,1,65,Normal
2026-02-14 20:05:52.024475,Berlin-06d1,30,96,Normal
2026-02-14 20:05:53.024475,Berlin-06d1,-5,90,Normal
2026-02-14 20:05:54.024475,Berlin-06d1,-9,77,Normal
2026-02-14 20:05:55.024475,Berlin-06d1,-28,63,Normal
2026-02-14 20:05:56.024475,Berlin-06d1,-18,8,Normal
2026-02-14 20:05:57.024475,Berlin-06d1,39,29,Normal
2026-02-14 20:05:58.024475,Berlin-06d1,42,67,Normal
2026-02-14 20:05:59.024475,Berlin-06d1,50,55,Normal
2026-02-14 20:06:00.024475,Berlin-06d1,-10,65,Normal
2026-02-14 20:06:01.024475,Berlin-06d1,17,21,Normal
2026-02-14 20:06:02.024475,Berlin-06d1,-4,42,Normal
2026-02-14 20:06:03.024475,Berlin-06d1,8,90,Normal
2026-02-14 20:06:04.024475,Berlin-06d1,16,14,Normal
2026-02-14 20:06:05.024475,Berlin-06d1,25,4,Normal
2026-02-14 20:06:06.024475,Berlin-06d1,-3,22,Normal
2026-02-14 20:06:07.024475,Berlin-06d1,-19,30,Normal
2026-02-14 20:06:08.024475,Berlin-06d1,7,45,Normal
2026-02-14 20:06:09.024475,Berlin-06d1,15,50,Normal
2026-02-14 20:06:10.024475,Berlin-06d1,39,71,Normal
2026-02-14 20:06:11.024475,Berlin-06d1,19,82,Normal
2026-02-14 20:06:12.024475,Berlin-06d1,3,30,Normal
2026-02-14 20:06:13.024475,Berlin-06d1,31,0,Normal
2026-02-14 20:06:14.024475,Berlin-06d1,3,19,Normal
2026-02-14 20:06:15.024475,Berlin-06d1,3,15,Normal
2026-02-14 20:06:16.024475,Berlin-06d1,47,94,Normal
2026-02-14 20:06:17.024475,Berlin-06d1,31,9,Normal
2026-02-14 20:06:18.024475,Berlin-06d1,-16,25,Normal
2026-02-14 20:06:19.024475,Berlin-06d1,-10,78,Normal
2026-02-14 20:06:20.024475,Berlin-06d1,-6,15,Normal
2026-02-14 20:06:21.024475,Berlin-06d1,-23,60,Normal
2026-02-14 20:06:22.024475,Berlin-06d1,-14,46,Normal
2026-02-14 20:06:23.024475,Berlin-06d1,46,4,Normal
2026-02-14 20:06:24.024475,Berlin-06d1,49,77,Normal
2026-02-14 20:06:25.024475,Berlin-06d1,8,52,Normal
2026-02-14 20:06:26.024475,Berlin-06d1,-19,63,Normal
2026-02-14 20:06:27.024475,Berlin-06d1,20,33,Normal
2026-02-14 20:06:28.024475,Berlin-06d1,-15,100,Normal
2026-02-14 20:06:29.024475,Berlin-06d1,5,56,Normal
2026-02-14 20:06:30.024475,Berlin-06d1,-7,72,Normal
2026-02-14 20:06:31.024475,Berlin-06d1,-15,64,Normal
2026-02-14 20:06:32.024475,Berlin-06d1,41,1,Normal
2026-02-14 20:06:33.024475,Berlin-06d1,39,16,Normal
2026-02-14 20:06:34.024475,Berlin-06d1,-14,70,Normal
2026-02-14 20:06:35.024475,Berlin-06d1,49,74,Normal
2026-02-14 20:06:36.024475,Berlin-06d1,19,47,Normal
2026-02-14 20:06:37.024475,Berlin-06d1,-1,24,Normal
2026-02-14 20:06:38.024475,Berlin-06d1,44,11,Normal
2026-02-14 20:06:39.024475,Berlin-06d1,-21,5,Normal
2026-02-14 20:06:40.024475,Berlin-06d1,35,76,Normal
2026-02-14 20:06:41.024475,Berlin-06d1,25,37,Normal
2026-02-14 20:06:42.024475,Berlin-06d1,26,79,Normal
2026-02-14 20:06:43.024475,Berlin-06d1,-28,49,Normal
2026-02-14 20:06:44.024475,Berlin-06d1,46,55,Normal
2026-02-14 20:06:45.024475,Berlin-06d1,-29,96,Normal
2026-02-14 20:06:46.024475,Berlin-06d1,1,82,Normal
2026-02-14 20:06:47.024475,Berlin-06d1,-20,85,Normal
2026-02-14 20:06:48.024475,Berlin-06d1,48,69,Normal
2026-02-14 20:06:49.024475,Berlin-06d1,-10,41,Normal
2026-02-14 20:06:50.024475,Berlin-06d1,27,88,Normal
2026-02-14 20:06:51.024475,Berlin-06d1,-23,37,Normal
2026-02-14 20:06:52.024475,Berlin-06d1,39,72,Normal
2026-02-14 20:06:53.024475,Berlin-06d1,-14,55,Normal
2026-02-14 20:06:54.024475,Berlin-06d1,-15,20,Normal
2026-02-14 20:06:55.024475,Berlin-06d1,26,66,Normal
2026-02-14 20:06:56.024475,Berlin-06d1,-28,89,Normal
2026-02-14 20:06:57.024475,Berlin-06d1,-8,47,Normal
2026-02-14 20:06:58.024475,Berlin-06d1,1,26,Normal
2026-02-14 20:06:59.024475,Berlin-06d1,5,96,Normal
2026-02-14 20:07:00.024475,Berlin-06d1,7,2,Normal
2026-02-14 20:07:01.024475,Berlin-06d1,-28,13,Normal
2026-02-14 20:07:02.024475,Berlin-06d1,36,77,Normal
2026-02-14 20:07:03.024475,Berlin-06d1,50,54,Normal
2026-02-14 20:07:04.024475,Berlin-06d1,7,9,Normal
2026-02-14 20:07:05.024475,Berlin-06d1,-8,38,Normal
2026-02-14 20:07:06.024475,Berlin-06d1,6,58,Normal
2026-02-14 20:07:07.024475,Berlin-06d1,15,70,Normal
2026-02-14 20:07:08.024475,Berlin-06d1,-27,34,Normal
2026-02-14 20:07:09.024475,Berlin-06d1,2,44,Normal
2026-02-14 20:07:10.024475,Berlin-06d1,-10,82,Normal
2026-02-14 20:07:11.024475,Berlin-06d1,-3,62,Normal
2026-02-14 20:07:12.024475,Berlin-06d1,50,91,Normal
2026-02-14 20:07:13.024475,Berlin-06d1,-30,73,Normal
2026-02-14 20:07:14.024475,Berlin-06d1,15,58,Normal
2026-02-14 20:07:15.024475,Berlin-06d1,12,54,Normal
2026-02-14 20:07:16.024475,Berlin-06d1,49,74,Normal
2026-02-14 20:07:17.024475,Berlin-06d1,23,36,Normal
2026-02-14 20:07:18.024475,Berlin-06d1,-17,65,Normal
2026-02-14 20:07:19.024475,Berlin-06d1,-22,72,Normal
2026-02-14 20:07:20.024475,Berlin-06d1,-6,1,Normal
2026-02-14 20:07:21.024475,Berlin-06d1,50,27,Normal
2026-02-14 20:07:22.024475,Berlin-06d1,-18,98,Normal
2026-02-14 20:07:23.024475,Berlin-06d1,-30,92,Normal
2026-02-14 20:07:24.024475,Berlin-06d1,-19,16,Normal
2026-02-14 20:07:25.024475,Berlin-06d1,-11,67,Normal
2026-02-14 20:07:26.024475,Berlin-06d1,-21,39,Normal
2026-02-14 20:07:27.024475,Berlin-06d1,-3,57,Normal
2026-02-14 20:07:28.024475,Berlin-06d1,35,12,Normal
2026-02-14 20:07:29.024475,Berlin-06d1,15,4,Normal
2026-02-14 20:07:30.024475,Berlin-06d1,-1,39,Normal
2026-02-14 20:07:31.024475,Berlin-06d1,-1,68,Normal
2026-02-14 20:07:32.024475,Berlin-06d1,4,45,Normal
2026-02-14 20:07:33.024475,Berlin-06d1,-16,64,Normal
2026-02-14 20:07:34.024475,Berlin-06d1,27,25,Normal
2026-02-14 20:07:35.024475,Berlin-06d1,-2,54,Normal
2026-02-14 20:07:36.024475,Berlin-06d1,34,2,Normal
2026-02-14 20:07:37.024475,Berlin-06d1,21,43,Normal
2026-02-14 20:07:38.024475,Berlin-06d1,2,56,Normal
2026-02-14 20:07:39.024475,Berlin-06d1,-10,46,Normal
2026-02-14 20:07:40.024475,Berlin-06d1,-9,80,Normal
2026-02-14 20:07:41.024475,Berlin-06d1,-24,11,Normal
2026-02-14 20:07:42.024475,Berlin-06d1,-29,36,Normal
2026-02-14 20:07:43.024475,Berlin-06d1,43,98,Normal
2026-02-14 20:07:44.024475,Berlin-06d1,33,55,Normal
2026-02-14 20:07:45.024475,Berlin-06d1,16,72,Normal
2026-02-14 20:07:46.024475,Berlin-06d1,-28,57,Normal
2026-02-14 20:07:47.024475,Berlin-06d1,-12,94,Normal
2026-02-14 20:07:48.024475,Berlin-06d1,13,100,Normal
2026-02-14 20:07:49.024475,Berlin-06d1,17,51,Normal
2026-02-14 20:07:50.024475,Berlin-06d1,-26,87,Normal
2026-02-14 20:07:51.024475,Berlin-06d1,3,98,Normal
2026-02-14 20:07:52.024475,Berlin-06d1,19,33,Normal
2026-02-14 20:07:53.024475,Berlin-06d1,45,59,Normal
2026-02-14 20:07:54.024475,Berlin-06d1,-29,51,Normal
2026-02-14 20:07:55.024475,Berlin-06d1,3,37,Normal
2026-02-14 20:07:56.024475,Berlin-06d1,23,60,Normal
2026-02-14 20:07:57.024475,Berlin-06d1,-6,17,Normal
2026-02-14 20:07:58.024475,Berlin-06d1,6,79,Normal
2026-02-14 20:07:59.024475,Berlin-06d1,41,39,Normal
2026-02-14 20:08:00.024475,Berlin-06d1,-23,60,Normal
2026-02-14 20:08:01.024475,Berlin-06d1,-13,49,Normal
2026-02-14 20:08:02.024475,Berlin-06d1,17,53,Normal
2026-02-14 20:08:03.024475,Berlin-06d1,34,56,Normal
2026-02-14 20:08:04.024475,Berlin-06d1,46,74,Normal
2026-02-14 20:08:05.024475,Berlin-06d1,47,52,Normal
2026-02-14 20:08:06.024475,Berlin-06d1,34,96,Normal
2026-02-14 20:08:07.024475,Berlin-06d1,17,87,Normal
2026-02-14 20:08:08.024475,Berlin-06d1,37,45,Normal
2026-02-14 20:08:09.024475,Berlin-06d1,41,41,Normal
2026-02-14 20:08:10.024475,Berlin-06d1,14,39,Normal
2026-02-14 20:08:11.024475,Berlin-06d1,-19,37,Normal
2026-02-14 20:08:12.024475,Berlin-06d1,-7,61,Normal
2026-02-14 20:08:13.024475,Berlin-06d1,47,10,Normal
2026-02-14 20:08:14.024475,Berlin-06d1,39,38,Normal
2026-02-14 20:08:15.024475,Berlin-06d1,7,66,Normal
2026-02-14 20:08:16.024475,Berlin-06d1,14,92,Normal
2026-02-14 20:08:17.024475,Berlin-06d1,45,56,Normal
2026-02-14 20:08:18.024475,Berlin-06d1,46,60,Normal
2026-02-14 20:08:19.024475,Berlin-06d1,28,90,Normal
2026-02-14 20:08:20.024475,Berlin-06d1,39,88,Normal
2026-02-14 20:08:21.024475,Berlin-06d1,26,84,Normal
2026-02-14 20:08:22.024475,Berlin-06d1,42,29,Normal
2026-02-14 20:08:23.024475,Berlin-06d1,34,46,Normal
2026-02-14 20:08:24.024475,Berlin-06d1,-7,60,Normal
2026-02-14 20:08:25.024475,Berlin-06d1,-6,92,Normal
2026-02-14 20:08:26.024475,Berlin-06d1,29,94,Normal
2026-02-14 20:08:27.024475,Berlin-06d1,-13,49,Normal
2026-02-14 20:08:28.024475,Berlin-06d1,-4,55,Normal
2026-02-14 20:08:29.024475,Berlin-06d1,-12,31,Normal
2026-02-14 20:08:30.024475,Berlin-06d1,-8,36,Normal
2026-02-14 20:08:31.024475,Berlin-06d1,17,36,Normal
2026-02-14 20:08:32.024475,Berlin-06d1,-30,17,Normal
2026-02-14 20:08:33.024475,Berlin-06d1,21,99,Normal
2026-02-14 20:08:34.024475,Berlin-06d1,-15,32,Normal
2026-02-14 20:08:35.024475,Berlin-06d1,-29,81,Normal
2026-02-14 20:08:36.024475,Berlin-06d1,12,84,Normal
2026-02-14 20:08:37.024475,Berlin-06d1,-1,21,Normal
2026-02-14 20:08:38.024475,Berlin-06d1,-10,52,Normal
2026-02-14 20:08:39.024475,Berlin-06d1,16,30,Normal
2026-02-14 20:08:40.024475,Berlin-06d1,-16,5,Normal
2026-02-14 20:08:41.024475,Berlin-06d1,-12,18,Normal
2026-02-14 20:08:42.024475,Berlin-06d1,-12,62,Normal
2026-02-14 20:08:43.024475,Berlin-06d1,-23,11,Normal
2026-02-14 20:08:44.024475,Berlin-06d1,-1,58,Normal
2026-02-14 20:08:45.024475,Berlin-06d1,25,4,Normal
2026-02-14 20:08:46.024475,Berlin-06d1,35,19,Normal
2026-02-14 20:08:47.024475,Berlin-06d1,21,24,Normal
2026-02-14 20:08:48.024475,Berlin-06d1,46,41,Normal
2026-02-14 20:08:49.024475,Berlin-06d1,39,46,Normal
2026-02-14 20:08:50.024475,Berlin-06d1,41,82,Normal
2026-02-14 20:08:51.024475,Berlin-06d1,40,80,Normal
2026-02-14 20:08:52.024475,Berlin-06d1,8,71,Normal
2026-02-14 20:08:53.024475,Berlin-06d1,-14,94,Normal
2026-02-14 20:08:54.024475,Berlin-06d1,40,96,Normal
2026-02-14 20:08:55.024475,Berlin-06d1,-4,10,Normal
2026-02-14 20:08:56.024475,Berlin-06d1,20,17,Normal
2026-02-14 20:08:57.024475,Berlin-06d1,21,36,Normal
2026-02-14 20:08:58.024475,Berlin-06d1,30,14,Normal
2026-02-14 20:08:59.024475,Berlin-06d1,19,36,Normal
2026-02-14 20:09:00.024475,Berlin-06d1,15,61,Normal
2026-02-14 20:09:01.024475,Berlin-06d1,4,70,Normal
2026-02-14 20:09:02.024475,Berlin-06d1,31,13,Normal
2026-02-14 20:09:03.024475,Berlin-06d1,-5,64,Normal
2026-02-14 20:09:04.024475,Berlin-06d1,8,30,Normal
2026-02-14 20:09:05.024475,Berlin-06d1,-6,100,Normal
2026-02-14 20:09:06.024475,Berlin-06d1,27,80,Normal
2026-02-14 20:09:07.024475,Berlin-06d1,20,87,Normal
2026-02-14 20:09:08.024475,Berlin-06d1,35,8,Normal
2026-02-14 20:09:09.024475,Berlin-06d1,46,86,Normal
2026-02-14 20:09:10.024475,Berlin-06d1,-29,97,Normal
2026-02-14 20:09:11.024475,Berlin-06d1,22,27,Normal
2026-02-14 20:09:12.024475,Berlin-06d1,48,97,Normal
2026-02-14 20:09:13.024475,Berlin-06d1,6,9,Normal
2026-02-14 20:09:14.024475,Berlin-06d1,48,40,Normal
2026-02-14 20:09:15.024475,Berlin-06d1,29,95,Normal
2026-02-14 20:09:16.024475,Berlin-06d1,44,50,Normal
2026-02-14 20:09:17.024475,Berlin-06d1,-4,81,Normal
2026-02-14 20:09:18.024475,Berlin-06d1,-9,76,Normal
2026-02-14 20:09:19.024475,Berlin-06d1,-9,56,Normal
2026-02-14 20:09:20.024475,Berlin-06d1,45,63,Normal
2026-02-14 20:09:21.024475,Berlin-06d1,27,1,Normal
2026-02-14 20:09:22.024475,Berlin-06d1,19,77,Normal
2026-02-14 20:09:23.024475,Berlin-06d1,6,91,Normal
2026-02-14 20:09:24.024475,Berlin-06d1,27,9,Normal
2026-02-14 20:09:25.024475,Berlin-06d1,-7,83,Normal
2026-02-14 20:09:26.024475,Berlin-06d1,37,17,Normal
2026-02-14 20:09:27.024475,Berlin-06d1,20,44,Normal
2026-02-14 20:09:28.024475,Berlin-06d1,7,83,Normal
2026-02-14 20:09:29.024475,Berlin-06d1,-22,15,Normal
2026-02-14 20:09:30.024475,Berlin-06d1,48,99,Normal
2026-02-14 20:09:31.024475,Berlin-06d1,13,14,Normal
2026-02-14 20:09:32.024475,Berlin-06d1,-3,57,Normal
2026-02-14 20:09:33.024475,Berlin-06d1,15,58,Normal
2026-02-14 20:09:34.024475,Berlin-06d1,1,99,Normal
2026-02-14 20:09:35.024475,Berlin-06d1,-10,60,Normal
2026-02-14 20:09:36.024475,Berlin-06d1,-17,89,Normal
2026-02-14 20:09:37.024475,Berlin-06d1,8,16,Normal
2026-02-14 20:09:38.024475,Berlin-06d1,-5,25,Normal
2026-02-14 20:09:39.024475,Berlin-06d1,-8,99,Normal
2026-02-14 20:09:40.024475,Berlin-06d1,-17,71,Normal
2026-02-14 20:09:41.024475,Berlin-06d1,40,12,Normal
2026-02-14 20:09:42.024475,Berlin-06d1,-30,86,Normal
2026-02-14 20:09:43.024475,Berlin-06d1,38,71,Normal
2026-02-14 20:09:44.024475,Berlin-06d1,-15,46,Normal
2026-02-14 20:09:45.024475,Berlin-06d1,-18,45,Normal
2026-02-14 20:09:46.024475,Berlin-06d1,-17,54,Normal
2026-02-14 20:09:47.024475,Berlin-06d1,-26,4,Normal
2026-02-14 20:09:48.024475,Berlin-06d1,-26,7,Normal
2026-02-14 20:09:49.024475,Berlin-06d1,-13,63,Normal
2026-02-14 20:09:50.024475,Berlin-06d1,43,2,Normal
2026-02-14 20:09:51.024475,Berlin-06d1,-5,43,Normal
2026-02-14 20:09:52.024475,Berlin-06d1,18,87,Normal
2026-02-14 20:09:53.024475,Berlin-06d1,14,74,Normal
2026-02-14 20:09:54.024475,Berlin-06d1,-4,11,Normal
2026-02-14 20:09:55.024475,Berlin-06d1,17,58,Normal
2026-02-14 20:09:56.024475,Berlin-06d1,-27,100,Normal
2026-02-14 20:09:57.024475,Berlin-06d1,18,52,Normal
2026-02-14 20:09:58.024475,Berlin-06d1,34,80,Normal
2026-02-14 20:09:59.024475,Berlin-06d1,-28,58,Normal
2026-02-14 20:10:00.024475,Berlin-06d1,22,52,Normal
2026-02-14 20:10:01.024475,Berlin-06d1,-29,32,Normal
2026-02-14 20:10:02.024475,Berlin-06d1,28,31,Normal
2026-02-14 20:10:03.024475,Berlin-06d1,-9,98,Normal
2026-02-14 20:10:04.024475,Berlin-06d1,-3,75,Normal
2026-02-14 20:10:05.024475,Berlin-06d1,-1,69,Normal
2026-02-14 20:10:06.024475,Berlin-06d1,49,84,Normal
2026-02-14 20:10:07.024475,Berlin-06d1,28,16,Normal
2026-02-14 20:10:08.024475,Berlin-06d1,30,36,Normal
2026-02-14 20:10:09.024475,Berlin-06d1,10,94,Normal
2026-02-14 20:10:10.024475,Berlin-06d1,34,68,Normal
2026-02-14 20:10:11.024475,Berlin-06d1,-27,66,Normal
2026-02-14 20:10:12.024475,Berlin-06d1,0,54,Normal
2026-02-14 20:10:13.024475,Berlin-06d1,23,7,Normal
2026-02-14 20:10:14.024475,Berlin-06d1,5,34,Normal
2026-02-14 20:10:15.024475,Berlin-06d1,18,1,Normal
2026-02-14 20:10:16.024475,Berlin-06d1,43,88,Normal
2026-02-14 20:10:17.024475,Berlin-06d1,33,16,Normal
2026-02-14 20:10:18.024475,Berlin-06d1,4,41,Normal
2026-02-14 20:10:19.024475,Berlin-06d1,49,69,Normal
2026-02-14 20:10:20.024475,Berlin-06d1,31,58,Normal
2026-02-14 20:10:21.024475,Berlin-06d1,33,15,Normal
2026-02-14 20:10:22.024475,Berlin-06d1,22,81,Normal
2026-02-14 20:10:23.024475,Berlin-06d1,-29,84,Normal
2026-02-14 20:10:24.024475,Berlin-06d1,20,24,Normal
2026-02-14 20:10:25.024475,Berlin-06d1,10,83,Normal
2026-02-14 20:10:26.024475,Berlin-06d1,35,97,Normal
2026-02-14 20:10:27.024475,Berlin-06d1,38,55,Normal
2026-02-14 20:10:28.024475,Berlin-06d1,38,17,Normal
2026-02-14 20:10:29.024475,Berlin-06d1,43,43,Normal
2026-02-14 20:10:30.024475,Berlin-06d1,50,4,Normal
2026-02-14 20:10:31.024475,Berlin-06d1,-8,65,Normal
2026-02-14 20:10:32.024475,Berlin-06d1,34,99,Normal
2026-02-14 20:10:33.024475,Berlin-06d1,41,18,Normal
2026-02-14 20:10:34.024475,Berlin-06d1,21,13,Normal
2026-02-14 20:10:35.024475,Berlin-06d1,-15,1,Normal
2026-02-14 20:10:36.024475,Berlin-06d1,-7,5,Normal
2026-02-14 20:10:37.024475,Berlin-06d1,-7,32,Normal
2026-02-14 20:10:38.024475,Berlin-06d1,-13,66,Normal
2026-02-14 20:10:39.024475,Berlin-06d1,-19,61,Normal
2026-02-14 20:10:40.024475,Berlin-06d1,11,92,Normal
2026-02-14 20:10:41.024475,Berlin-06d1,30,33,Normal
2026-02-14 20:10:42.024475,Berlin-06d1,-8,70,Normal
2026-02-14 20:10:43.024475,Berlin-06d1,4,96,Normal
2026-02-14 20:10:44.024475,Berlin-06d1,-2,67,Normal
2026-02-14 20:10:45.024475,Berlin-06d1,43,7,Normal
2026-02-14 20:10:46.024475,Berlin-06d1,8,47,Normal
2026-02-14 20:10:47.024475,Berlin-06d1,-20,33,Normal
2026-02-14 20:10:48.024475,Berlin-06d1,4,22,Normal
2026-02-14 20:10:49.024475,Berlin-06d1,2,78,Normal
2026-02-14 20:10:50.024475,Berlin-06d1,32,2,Normal
2026-02-14 20:10:51.024475,Berlin-06d1,-22,14,Normal
2026-02-14 20:10:52.024475,Berlin-06d1,-15,98,Normal
2026-02-14 20:10:53.024475,Berlin-06d1,-5,84,Normal
2026-02-14 20:10:54.024475,Berlin-06d1,7,9,Normal
2026-02-14 20:10:55.024475,Berlin-06d1,-10,2,Normal
2026-02-14 20:10:56.024475,Berlin-06d1,-21,85,Normal
2026-02-14 20:10:57.024475,Berlin-06d1,35,65,Normal
2026-02-14 20:10:58.024475,Berlin-06d1,20,99,Normal
2026-02-14 20:10:59.024475,Berlin-06d1,-3,35,Normal
2026-02-14 20:11:00.024475,Berlin-06d1,41,84,Normal
2026-02-14 20:11:01.024475,Berlin-06d1,29,13,Normal
2026-02-14 20:11:02.024475,Berlin-06d1,36,33,Normal
2026-02-14 20:11:03.024475,Berlin-06d1,-4,54,Normal
2026-02-14 20:11:04.024475,Berlin-06d1,38,61,Normal
2026-02-14 20:11:05.024475,Berlin-06d1,-11,48,Normal
2026-02-14 20:11:06.024475,Berlin-06d1,21,91,Normal
2026-02-14 20:11:07.024475,Berlin-06d1,43,54,Normal
2026-02-14 20:11:08.024475,Berlin-06d1,-4,90,Normal
2026-02-14 20:11:09.024475,Berlin-06d1,14,84,Normal
2026-02-14 20:11:10.024475,Berlin-06d1,-30,43,Normal
2026-02-14 20:11:11.024475,Berlin-06d1,5,41,Normal
2026-02-14 20:11:12.024475,Berlin-06d1,-10,20,Normal
2026-02-14 20:11:13.024475,Berlin-06d1,41,56,Normal
2026-02-14 20:11:14.024475,Berlin-06d1,8,30,Normal
2026-02-14 20:11:15.024475,Berlin-06d1,16,7,Normal
2026-02-14 20:11:16.024475,Berlin-06d1,-30,13,Normal
2026-02-14 20:11:17.024475,Berlin-06d1,47,62,Normal
2026-02-14 20:11:18.024475,Berlin-06d1,8,41,Normal
2026-02-14 20:11:19.024475,Berlin-06d1,14,83,Normal
2026-02-14 20:11:20.024475,Berlin-06d1,42,46,Normal
2026-02-14 20:11:21.024475,Berlin-06d1,39,89,Normal
2026-02-14 20:11:22.024475,Berlin-06d1,39,90,Normal
2026-02-14 20:11:23.024475,Berlin-06d1,21,59,Normal
2026-02-14 20:11:24.024475,Berlin-06d1,-26,81,Normal
2026-02-14 20:11:25.024475,Berlin-06d1,45,56,Normal
2026-02-14 20:11:26.024475,Berlin-06d1,31,9,Normal
2026-02-14 20:11:27.024475,Berlin-06d1,45,71,Normal
2026-02-14 20:11:28.024475,Berlin-06d1,-15,27,Normal
2026-02-14 20:11:29.024475,Berlin-06d1,49,37,Normal
2026-02-14 20:11:30.024475,Berlin-06d1,34,51,Normal
2026-02-14 20:11:31.024475,Berlin-06d1,-29,25,Normal
2026-02-14 20:11:32.024475,Berlin-06d1,4,19,Normal
2026-02-14 20:11:33.024475,Berlin-06d1,32,95,Normal
2026-02-14 20:11:34.024475,Berlin-06d1,-5,51,Normal
2026-02-14 20:11:35.024475,Berlin-06d1,-2,99,Normal
2026-02-14 20:11:36.024475,Berlin-06d1,-6,4,Normal
2026-02-14 20:11:37.024475,Berlin-06d1,24,27,Normal
2026-02-14 20:11:38.024475,Berlin-06d1,31,57,Normal
2026-02-14 20:11:39.024475,Berlin-06d1,2,49,Normal
2026-02-14 20:11:40.024475,Berlin-06d1,7,70,Normal
2026-02-14 20:11:41.024475,Berlin-06d1,-7,77,Normal
2026-02-14 20:11:42.024475,Berlin-06d1,45,50,Normal
2026-02-14 20:11:43.024475,Berlin-06d1,28,79,Normal
2026-02-14 20:11:44.024475,Berlin-06d1,2,53,Normal
2026-02-14 20:11:45.024475,Berlin-06d1,-6,83,Normal
2026-02-14 20:11:46.024475,Berlin-06d1,-17,42,Normal
2026-02-14 20:11:47.024475,Berlin-06d1,25,41,Normal
2026-02-14 20:11:48.024475,Berlin-06d1,31,12,Normal
2026-02-14 20:11:49.024475,Berlin-06d1,3,3,Normal
2026-02-14 20:11:50.024475,Berlin-06d1,18,61,Normal
2026-02-14 20:11:51.024475,Berlin-06d1,4,38,Normal
2026-02-14 20:11:52.024475,Berlin-06d1,-1,58,Normal
2026-02-14 20:11:53.024475,Berlin-06d1,-10,7,Normal
2026-02-14 20:11:54.024475,Berlin-06d1,-18,82,Normal
2026-02-14 20:11:55.024475,Berlin-06d1,-1,70,Normal
2026-02-14 20:11:56.024475,Berlin-06d1,39,62,Normal
2026-02-14 20:11:57.024475,Berlin-06d1,6,3,Normal
2026-02-14 20:11:58.024475,Berlin-06d1,50,32,Normal
2026-02-14 20:11:59.024475,Berlin-06d1,36,12,Normal
2026-02-14 20:12:00.024475,Berlin-06d1,39,69,Normal
2026-02-14 20:12:01.024475,Berlin-06d1,13,29,Normal
2026-02-14 20:12:02.024475,Berlin-06d1,27,81,Normal
2026-02-14 20:12:03.024475,Berlin-06d1,50,89,Normal
2026-02-14 20:12:04.024475,Berlin-06d1,-1,10,Normal
2026-02-14 20:12:05.024475,Berlin-06d1,46,66,Normal
2026-02-14 20:12:06.024475,Berlin-06d1,33,18,Normal
2026-02-14 20:12:07.024475,Berlin-06d1,30,52,Normal
2026-02-14 20:12:08.024475,Berlin-06d1,3,86,Normal
2026-02-14 20:12:09.024475,Berlin-06d1,10,14,Normal
2026-02-14 20:12:10.024475,Berlin-06d1,-16,47,Normal
2026-02-14 20:12:11.024475,Berlin-06d1,12,99,Normal
2026-02-14 20:12:12.024475,Berlin-06d1,41,45,Normal
2026-02-14 20:12:13.024475,Berlin-06d1,0,62,Normal
2026-02-14 20:12:14.024475,Berlin-06d1,-19,52,Normal
2026-02-14 20:12:15.024475,Berlin-06d1,13,73,Normal
2026-02-14 20:12:16.024475,Berlin-06d1,50,0,Normal
2026-02-14 20:12:17.024475,Berlin-06d1,17,69,Normal
2026-02-14 20:12:18.024475,Berlin-06d1,10,7,Normal
2026-02-14 20:12:19.024475,Berlin-06d1,-17,6,Normal
2026-02-14 20:12:20.024475,Berlin-06d1,37,95,Normal
2026-02-14 20:12:21.024475,Berlin-06d1,8,92,Normal
2026-02-14 20:12:22.024475,Berlin-06d1,0,33,Normal
2026-02-14 20:12:23.024475,Berlin-06d1,7,26,Normal
2026-02-14 20:12:24.024475,Berlin-06d1,1,99,Normal
2026-02-14 20:12:25.024475,Berlin-06d1,-12,12,Normal
2026-02-14 20:12:26.024475,Berlin-06d1,0,51,Normal
2026-02-14 20:12:27.024475,Berlin-06d1,0,74,Normal
2026-02-14 20:12:28.024475,Berlin-06d1,-13,79,Normal
2026-02-14 20:12:29.024475,Berlin-06d1,16,73,Normal
2026-02-14 20:12:30.024475,Berlin-06d1,-29,30,Normal
2026-02-14 20:12:31.024475,Berlin-06d1,-20,49,Normal
2026-02-14 20:12:32.024475,Berlin-06d1,27,1,Normal
2026-02-14 20:12:33.024475,Berlin-06d1,44,95,Normal
2026-02-14 20:12:34.024475,Berlin-06d1,31,41,Normal
2026-02-14 20:12:35.024475,Berlin-06d1,27,31,Normal
2026-02-14 20:12:36.024475,Berlin-06d1,-25,71,Normal
2026-02-14 20:12:37.024475,Berlin-06d1,43,22,Normal
2026-02-14 20:12:38.024475,Berlin-06d1,-17,76,Normal
2026-02-14 20:12:39.024475,Berlin-06d1,35,59,Normal
2026-02-14 20:12:40.024475,Berlin-06d1,-30,14,Normal
2026-02-14 20:12:41.024475,Berlin-06d1,23,53,Normal
2026-02-14 20:12:42.024475,Berlin-06d1,17,56,Normal
2026-02-14 20:12:43.024475,Berlin-06d1,9,80,Normal
2026-02-14 20:12:44.024475,Berlin-06d1,31,21,Normal
2026-02-14 20:12:45.024475,Berlin-06d1,40,78,Normal
2026-02-14 20:12:46.024475,Berlin-06d1,-2,73,Normal
2026-02-14 20:12:47.024475,Berlin-06d1,20,52,Normal
2026-02-14 20:12:48.024475,Berlin-06d1,-18,94,Normal
2026-02-14 20:12:49.024475,Berlin-06d1,9,25,Normal
2026-02-14 20:12:50.024475,Berlin-06d1,14,46,Normal
2026-02-14 20:12:51.024475,Berlin-06d1,13,93,Normal
2026-02-14 20:12:52.024475,Berlin-06d1,38,37,Normal
2026-02-14 20:12:53.024475,Berlin-06d1,-23,70,Normal
2026-02-14 20:12:54.024475,Berlin-06d1,25,54,Normal
2026-02-14 20:12:55.024475,Berlin-06d1,-20,40,Normal
2026-02-14 20:12:56.024475,Berlin-06d1,15,56,Normal
2026-02-14 20:12:57.024475,Berlin-06d1,15,49,Normal
2026-02-14 20:12:58.024475,Berlin-06d1,48,8,Normal
2026-02-14 20:12:59.024475,Berlin-06d1,16,37,Normal
2026-02-14 20:13:00.024475,Berlin-06d1,22,66,Normal
2026-02-14 20:13:01.024475,Berlin-06d1,47,42,Normal
2026-02-14 20:13:02.024475,Berlin-06d1,-24,36,Normal
2026-02-14 20:13:03.024475,Berlin-06d1,-23,36,Normal
2026-02-14 20:13:04.024475,Berlin-06d1,47,63,Normal
2026-02-14 20:13:05.024475,Berlin-06d1,14,93,Normal
2026-02-14 20:13:06.024475,Berlin-06d1,13,90,Normal
2026-02-14 20:13:07.024475,Berlin-06d1,-9,99,Normal
2026-02-14 20:13:08.024475,Berlin-06d1,12,38,Normal
2026-02-14 20:13:09.024475,Berlin-06d1,-26,41,Normal
2026-02-14 20:13:10.024475,Berlin-06d1,6,28,Normal
2026-02-14 20:13:11.024475,Berlin-06d1,22,26,Normal
2026-02-14 20:13:12.024475,Berlin-06d1,7,13,Normal
2026-02-14 20:13:13.024475,Berlin-06d1,-25,13,Normal
2026-02-14 20:13:14.024475,Berlin-06d1,24,6,Normal
2026-02-14 20:13:15.024475,Berlin-06d1,-4,13,Normal
2026-02-14 20:13:16.024475,Berlin-06d1,1,73,Normal
2026-02-14 20:13:17.024475,Berlin-06d1,-24,76,Normal
2026-02-14 20:13:18.024475,Berlin-06d1,6,39,Normal
2026-02-14 20:13:19.024475,Berlin-06d1,-22,23,Normal
2026-02-14 20:13:20.024475,Berlin-06d1,-25,45,Normal
2026-02-14 20:13:21.024475,Berlin-06d1,-22,32,Normal
2026-02-14 20:13:22.024475,Berlin-06d1,-5,49,Normal
2026-02-14 20:13:23.024475,Berlin-06d1,-21,58,Normal
2026-02-14 20:13:24.024475,Berlin-06d1,45,88,Normal
2026-02-14 20:13:25.024475,Berlin-06d1,-3,27,Normal
2026-02-14 20:13:26.024475,Berlin-06d1,48,88,Normal
2026-02-14 20:13:27.024475,Berlin-06d1,-24,52,Normal
2026-02-14 20:13:28.024475,Berlin-06d1,-30,1,Normal
2026-02-14 20:13:29.024475,Berlin-06d1,48,5,Normal
2026-02-14 20:13:30.024475,Berlin-06d1,-29,61,Normal
2026-02-14 20:13:31.024475,Berlin-06d1,-12,58,Normal
2026-02-14 20:13:32.024475,Berlin-06d1,-7,31,Normal
2026-02-14 20:13:33.024475,Berlin-06d1,5,20,Normal
2026-02-14 20:13:34.024475,Berlin-06d1,20,40,Normal
2026-02-14 20:13:35.024475,Berlin-06d1,33,8,Normal
2026-02-14 20:13:36.024475,Berlin-06d1,-10,4,Normal
2026-02-14 20:13:37.024475,Berlin-06d1,3,87,Normal
2026-02-14 20:13:38.024475,Berlin-06d1,49,1,Normal
2026-02-14 20:13:39.024475,Berlin-06d1,7,41,Normal
2026-02-14 20:13:40.024475,Berlin-06d1,50,54,Normal
2026-02-14 20:13:41.024475,Berlin-06d1,-2,67,Normal
2026-02-14 20:13:42.024475,Berlin-06d1,3,28,Normal
2026-02-14 20:13:43.024475,Berlin-06d1,-6,20,Normal
2026-02-14 20:13:44.024475,Berlin-06d1,44,12,Normal
2026-02-14 20:13:45.024475,Berlin-06d1,11,12,Normal
2026-02-14 20:13:46.024475,Berlin-06d1,7,95,Normal
2026-02-14 20:13:47.024475,Berlin-06d1,-15,79,Normal
2026-02-14 20:13:48.024475,Berlin-06d1,-5,31,Normal
2026-02-14 20:13:49.024475,Berlin-06d1,11,92,Normal
2026-02-14 20:13:50.024475,Berlin-06d1,50,92,Normal
2026-02-14 20:13:51.024475,Berlin-06d1,13,1,Normal
2026-02-14 20:13:52.024475,Berlin-06d1,50,96,Normal
2026-02-14 20:13:53.024475,Berlin-06d1,-27,33,Normal
2026-02-14 20:13:54.024475,Berlin-06d1,29,27,Normal
2026-02-14 20:13:55.024475,Berlin-06d1,7,50,Normal
2026-02-14 20:13:56.024475,Berlin-06d1,42,59,Normal
2026-02-14 20:13:57.024475,Berlin-06d1,6,14,Normal
2026-02-14 20:13:58.024475,Berlin-06d1,-2,32,Normal
2026-02-14 20:13:59.024475,Berlin-06d1,-11,26,Normal
2026-02-14 20:14:00.024475,Berlin-06d1,36,81,Normal
2026-02-14 20:14:01.024475,Berlin-06d1,-27,70,Normal
2026-02-14 20:14:02.024475,Berlin-06d1,11,93,Normal
2026-02-14 20:14:03.024475,Berlin-06d1,32,9,Normal
2026-02-14 20:14:04.024475,Berlin-06d1,32,71,Normal
2026-02-14 20:14:05.024475,Berlin-06d1,-11,33,Normal
2026-02-14 20:14:06.024475,Berlin-06d1,39,64,Normal
2026-02-14 20:14:07.024475,Berlin-06d1,34,91,Normal
2026-02-14 20:14:08.024475,Berlin-06d1,-1,50,Normal
2026-02-14 20:14:09.024475,Berlin-06d1,39,84,Normal
2026-02-14 20:14:10.024475,Berlin-06d1,-8,48,Normal
2026-02-14 20:14:11.024475,Berlin-06d1,-7,66,Normal
2026-02-14 20:14:12.024475,Berlin-06d1,49,99,Normal
2026-02-14 20:14:13.024475,Berlin-06d1,28,62,Normal
2026-02-14 20:14:14.024475,Berlin-06d1,31,90,Normal
2026-02-14 20:14:15.024475,Berlin-06d1,8,54,Normal
2026-02-14 20:14:16.024475,Berlin-06d1,24,70,Normal
2026-02-14 20:14:17.024475,Berlin-06d1,10,87,Normal
2026-02-14 20:14:18.024475,Berlin-06d1,35,84,Normal
2026-02-14 20:14:19.024475,Berlin-06d1,39,25,Normal
2026-02-14 20:14:20.024475,Berlin-06d1,-6,12,Normal
2026-02-14 20:14:21.024475,Berlin-06d1,-4,18,Normal
2026-02-14 20:14:22.024475,Berlin-06d1,21,27,Normal
2026-02-14 20:14:23.024475,Berlin-06d1,-28,50,Normal
2026-02-14 20:14:24.024475,Berlin-06d1,-14,84,Normal
2026-02-14 20:14:25.024475,Berlin-06d1,-28,9,Normal
2026-02-14 20:14:26.024475,Berlin-06d1,1,58,Normal
2026-02-14 20:14:27.024475,Berlin-06d1,-22,20,Normal
2026-02-14 20:14:28.024475,Berlin-06d1,41,85,Normal
2026-02-14 20:14:29.024475,Berlin-06d1,5,100,Normal
2026-02-14 20:14:30.024475,Berlin-06d1,-15,38,Normal
2026-02-14 20:14:31.024475,Berlin-06d1,36,43,Normal
2026-02-14 20:14:32.024475,Berlin-06d1,19,40,Normal
2026-02-14 20:14:33.024475,Berlin-06d1,34,91,Normal
2026-02-14 20:14:34.024475,Berlin-06d1,34,32,Normal
2026-02-14 20:14:35.024475,Berlin-06d1,-4,71,Normal
2026-02-14 20:14:36.024475,Berlin-06d1,-18,93,Normal
2026-02-14 20:14:37.024475,Berlin-06d1,50,99,Normal
2026-02-14 20:14:38.024475,Berlin-06d1,-19,29,Normal
2026-02-14 20:14:39.024475,Berlin-06d1,35,62,Normal
2026-02-14 20:14:40.024475,Berlin-06d1,-22,54,Normal
2026-02-14 20:14:41.024475,Berlin-06d1,-18,34,Normal
2026-02-14 20:14:42.024475,Berlin-06d1,37,46,Normal
2026-02-14 20:14:43.024475,Berlin-06d1,14,60,Normal
2026-02-14 20:14:44.024475,Berlin-06d1,9,39,Normal
2026-02-14 20:14:45.024475,Berlin-06d1,6,74,Normal
2026-02-14 20:14:46.024475,Berlin-06d1,1,48,Normal
2026-02-14 20:14:47.024475,Berlin-06d1,-3,91,Normal
2026-02-14 20:14:48.024475,Berlin-06d1,-11,63,Normal
2026-02-14 20:14:49.024475,Berlin-06d1,14,70,Normal
2026-02-14 20:14:50.024475,Berlin-06d1,-19,91,Normal
2026-02-14 20:14:51.024475,Berlin-06d1,36,6,Normal
2026-02-14 20:14:52.024475,Berlin-06d1,29,30,Normal
2026-02-14 20:14:53.024475,Berlin-06d1,10,45,Normal
2026-02-14 20:14:54.024475,Berlin-06d1,19,41,Normal
2026-02-14 20:14:55.024475,Berlin-06d1,17,61,Normal
2026-02-14 20:14:56.024475,Berlin-06d1,46,59,Normal
2026-02-14 20:14:57.024475,Berlin-06d1,7,3,Normal
2026-02-14 20:14:58.024475,Berlin-06d1,12,85,Normal
2026-02-14 20:14:59.024475,Berlin-06d1,-15,76,Normal
2026-02-14 20:15:00.024475,Berlin-06d1,26,64,Normal
2026-02-14 20:15:01.024475,Berlin-06d1,-13,13,Normal
2026-02-14 20:15:02.024475,Berlin-06d1,9,89,Normal
2026-02-14 20:15:03.024475,Berlin-06d1,11,79,Normal
2026-02-14 20:15:04.024475,Berlin-06d1,-3,35,Normal
2026-02-14 20:15:05.024475,Berlin-06d1,23,48,Normal
2026-02-14 20:15:06.024475,Berlin-06d1,41,46,Normal
2026-02-14 20:15:07.024475,Berlin-06d1,-17,65,Normal
2026-02-14 20:15:08.024475,Berlin-06d1,-19,29,Normal
2026-02-14 20:15:09.024475,Berlin-06d1,50,57,Normal
2026-02-14 20:15:10.024475,Berlin-06d1,-23,30,Normal
2026-02-14 20:15:11.024475,Berlin-06d1,-25,37,Normal
2026-02-14 20:15:12.024475,Berlin-06d1,3,53,Normal
2026-02-14 20:15:13.024475,Berlin-06d1,21,98,Normal
2026-02-14 20:15:14.024475,Berlin-06d1,26,43,Normal
2026-02-14 20:15:15.024475,Berlin-06d1,2,34,Normal
2026-02-14 20:15:16.024475,Berlin-06d1,23,2,Normal
2026-02-14 20:15:17.024475,Berlin-06d1,6,9,Normal
2026-02-14 20:15:18.024475,Berlin-06d1,35,18,Normal
2026-02-14 20:15:19.024475,Berlin-06d1,23,75,Normal
2026-02-14 20:15:20.024475,Berlin-06d1,47,0,Normal
2026-02-14 20:15:21.024475,Berlin-06d1,20,60,Normal
2026-02-14 20:15:22.024475,Berlin-06d1,17,4,Normal
2026-02-14 20:15:23.024475,Berlin-06d1,30,16,Normal
2026-02-14 20:15:24.024475,Berlin-06d1,47,5,Normal
2026-02-14 20:15:25.024475,Berlin-06d1,27,49,Normal
2026-02-14 20:15:26.024475,Berlin-06d1,33,44,Normal
2026-02-14 20:15:27.024475,Berlin-06d1,-12,72,Normal
2026-02-14 20:15:28.024475,Berlin-06d1,-20,85,Normal
2026-02-14 20:15:29.024475,Berlin-06d1,22,73,Normal
2026-02-14 20:15:30.024475,Berlin-06d1,19,91,Normal
2026-02-14 20:15:31.024475,Berlin-06d1,23,41,Normal
2026-02-14 20:15:32.024475,Berlin-06d1,-12,79,Normal
2026-02-14 20:15:33.024475,Berlin-06d1,42,96,Normal
2026-02-14 20:15:34.024475,Berlin-06d1,45,47,Normal
2026-02-14 20:15:35.024475,Berlin-06d1,-14,51,Normal
2026-02-14 20:15:36.024475,Berlin-06d1,46,28,Normal
2026-02-14 20:15:37.024475,Berlin-06d1,46,61,Normal
2026-02-14 20:15:38.024475,Berlin-06d1,-21,48,Normal
2026-02-14 20:15:39.024475,Berlin-06d1,-21,100,Normal
2026-02-14 20:15:40.024475,Berlin-06d1,30,44,Normal
2026-02-14 20:15:41.024475,Berlin-06d1,6,27,Normal
2026-02-14 20:15:42.024475,Berlin-06d1,-23,1,Normal
2026-02-14 20:15:43.024475,Berlin-06d1,6,42,Normal
2026-02-14 20:15:44.024475,Berlin-06d1,31,71,Normal
2026-02-14 20:15:45.024475,Berlin-06d1,-22,75,Normal
2026-02-14 20:15:46.024475,Berlin-06d1,4,25,Normal
2026-02-14 20:15:47.024475,Berlin-06d1,32,100,Normal
2026-02-14 20:15:48.024475,Berlin-06d1,-27,16,Normal
2026-02-14 20:15:49.024475,Berlin-06d1,42,72,Normal
2026-02-14 20:15:50.024475,Berlin-06d1,11,25,Normal
2026-02-14 20:15:51.024475,Berlin-06d1,-6,51,Normal
2026-02-14 20:15:52.024475,Berlin-06d1,24,82,Normal
2026-02-14 20:15:53.024475,Berlin-06d1,16,50,Normal
2026-02-14 20:15:54.024475,Berlin-06d1,5,69,Normal
2026-02-14 20:15:55.024475,Berlin-06d1,-19,34,Normal
2026-02-14 20:15:56.024475,Berlin-06d1,8,12,Normal
2026-02-14 20:15:57.024475,Berlin-06d1,39,39,Normal
2026-02-14 20:15:58.024475,Berlin-06d1,3,80,Normal
2026-02-14 20:15:59.024475,Berlin-06d1,-14,23,Normal
2026-02-14 20:16:00.024475,Berlin-06d1,29,95,Normal
2026-02-14 20:16:01.024475,Berlin-06d1,15,35,Normal
2026-02-14 20:16:02.024475,Berlin-06d1,19,62,Normal
2026-02-14 20:16:03.024475,Berlin-06d1,-15,91,Normal
2026-02-14 20:16:04.024475,Berlin-06d1,-21,74,Normal
2026-02-14 20:16:05.024475,Berlin-06d1,-12,8,Normal
2026-02-14 20:16:06.024475,Berlin-06d1,-24,43,Normal
2026-02-14 20:16:07.024475,Berlin-06d1,47,17,Normal
2026-02-14 20:16:08.024475,Berlin-06d1,37,95,Normal
2026-02-14 20:16:09.024475,Berlin-06d1,14,50,Normal
2026-02-14 20:16:10.024475,Berlin-06d1,-28,95,Normal
2026-02-14 20:16:11.024475,Berlin-06d1,4,52,Normal
2026-02-14 20:16:12.024475,Berlin-06d1,43,42,Normal
2026-02-14 20:16:13.024475,Berlin-06d1,42,26,Normal
2026-02-14 20:16:14.024475,Berlin-06d1,37,55,Normal
2026-02-14 20:16:15.024475,Berlin-06d1,-29,44,Normal
2026-02-14 20:16:16.024475,Berlin-06d1,2,28,Normal
2026-02-14 20:16:17.024475,Berlin-06d1,50,77,Normal
2026-02-14 20:16:18.024475,Berlin-06d1,-15,63,Normal
2026-02-14 20:16:19.024475,Berlin-06d1,-10,5,Normal
2026-02-14 20:16:20.024475,Berlin-06d1,-12,83,Normal
2026-02-14 20:16:21.024475,Berlin-06d1,4,70,Normal
2026-02-14 20:16:22.024475,Berlin-06d1,7,11,Normal
2026-02-14 20:16:23.024475,Berlin-06d1,31,76,Normal
2026-02-14 20:16:24.024475,Berlin-06d1,46,24,Normal
2026-02-14 20:16:25.024475,Berlin-06d1,48,61,Normal
2026-02-14 20:16:26.024475,Berlin-06d1,-10,41,Normal
2026-02-14 20:16:27.024475,Berlin-06d1,-23,64,Normal
2026-02-14 20:16:28.024475,Berlin-06d1,20,17,Normal
2026-02-14 20:16:29.024475,Berlin-06d1,-3,86,Normal
2026-02-14 20:16:30.024475,Berlin-06d1,17,69,Normal
2026-02-14 20:16:31.024475,Berlin-06d1,-20,87,Normal
2026-02-14 20:16:32.024475,Berlin-06d1,15,69,Normal
2026-02-14 20:16:33.024475,Berlin-06d1,12,75,Normal
2026-02-14 20:16:34.024475,Berlin-06d1,6,15,Normal
2026-02-14 20:16:35.024475,Berlin-06d1,-1,92,Normal
2026-02-14 20:16:36.024475,Berlin-06d1,33,23,Normal
2026-02-14 20:16:37.024475,Berlin-06d1,27,86,Normal
2026-02-14 20:16:38.024475,Berlin-06d1,-6,85,Normal
2026-02-14 20:16:39.024475,Berlin-06d1,-4,71,Normal
2026-02-14 20:16:40.024475,Berlin-06d1,23,85,Normal
2026-02-14 20:16:41.024475,Berlin-06d1,-29,38,Normal
2026-02-14 20:16:42.024475,Berlin-06d1,18,19,Normal
2026-02-14 20:16:43.024475,Berlin-06d1,3,59,Normal
2026-02-14 20:16:44.024475,Berlin-06d1,41,46,Normal
2026-02-14 20:16:45.024475,Berlin-06d1,-11,49,Normal
2026-02-14 20:16:46.024475,Berlin-06d1,22,96,Normal
2026-02-14 20:16:47.024475,Berlin-06d1,41,93,Normal
2026-02-14 20:16:48.024475,Berlin-06d1,44,55,Normal
2026-02-14 20:16:49.024475,Berlin-06d1,6,39,Normal
2026-02-14 20:16:50.024475,Berlin-06d1,49,97,Normal
2026-02-14 20:16:51.024475,Berlin-06d1,34,26,Normal
2026-02-14 20:16:52.024475,Berlin-06d1,15,59,Normal
2026-02-14 20:16:53.024475,Berlin-06d1,5,91,Normal
2026-02-14 20:16:54.024475,Berlin-06d1,21,25,Normal
2026-02-14 20:16:55.024475,Berlin-06d1,-28,74,Normal
2026-02-14 20:16:56.024475,Berlin-06d1,-21,87,Normal
2026-02-14 20:16:57.024475,Berlin-06d1,42,7,Normal
2026-02-14 20:16:58.024475,Berlin-06d1,42,51,Normal
2026-02-14 20:16:59.024475,Berlin-06d1,-23,27,Normal
2026-02-14 20:17:00.024475,Berlin-06d1,15,17,Normal
2026-02-14 20:17:01.024475,Berlin-06d1,28,87,Normal
2026-02-14 20:17:02.024475,Berlin-06d1,11,67,Normal
2026-02-14 20:17:03.024475,Berlin-06d1,28,70,Normal
2026-02-14 20:17:04.024475,Berlin-06d1,-10,4,Normal
2026-02-14 20:17:05.024475,Berlin-06d1,25,71,Normal
2026-02-14 20:17:06.024475,Berlin-06d1,-6,36,Normal
2026-02-14 20:17:07.024475,Berlin-06d1,-7,48,Normal
2026-02-14 20:17:08.024475,Berlin-06d1,-24,86,Normal
2026-02-14 20:17:09.024475,Berlin-06d1,-18,45,Normal
2026-02-14 20:17:10.024475,Berlin-06d1,20,100,Normal
2026-02-14 20:17:11.024475,Berlin-06d1,32,61,Normal
2026-02-14 20:17:12.024475,Berlin-06d1,10,70,Normal
2026-02-14 20:17:13.024475,Berlin-06d1,-3,55,Normal
2026-02-14 20:17:14.024475,Berlin-06d1,-30,41,Normal
2026-02-14 20:17:15.024475,Berlin-06d1,50,73,Normal
2026-02-14 20:17:16.024475,Berlin-06d1,-1,80,Normal
2026-02-14 20:17:17.024475,Berlin-06d1,37,93,Normal
2026-02-14 20:17:18.024475,Berlin-06d1,-12,77,Normal
2026-02-14 20:17:19.024475,Berlin-06d1,1,55,Normal
2026-02-14 20:17:20.024475,Berlin-06d1,19,45,Normal
2026-02-14 20:17:21.024475,Berlin-06d1,15,54,Normal
2026-02-14 20:17:22.024475,Berlin-06d1,-29,9,Normal
2026-02-14 20:17:23.024475,Berlin-06d1,40,69,Normal
2026-02-14 20:17:24.024475,Berlin-06d1,39,73,Normal
2026-02-14 20:17:25.024475,Berlin-06d1,-15,31,Normal
2026-02-14 20:17:26.024475,Berlin-06d1,-22,91,Normal
2026-02-14 20:17:27.024475,Berlin-06d1,49,16,Normal
2026-02-14 20:17:28.024475,Berlin-06d1,1,58,Normal
2026-02-14 20:17:29.024475,Berlin-06d1,10,94,Normal
2026-02-14 20:17:30.024475,Berlin-06d1,1,91,Normal
2026-02-14 20:17:31.024475,Berlin-06d1,41,18,Normal
2026-02-14 20:17:32.024475,Berlin-06d1,5,53,Normal
2026-02-14 20:17:33.024475,Berlin-06d1,-12,52,Normal
2026-02-14 20:17:34.024475,Berlin-06d1,46,94,Normal
2026-02-14 20:17:35.024475,Berlin-06d1,11,10,Normal
2026-02-14 20:17:36.024475,Berlin-06d1,37,53,Normal
2026-02-14 20:17:37.024475,Berlin-06d1,14,35,Normal
2026-02-14 20:17:38.024475,Berlin-06d1,31,50,Normal
2026-02-14 20:17:39.024475,Berlin-06d1,4,23,Normal
2026-02-14 20:17:40.024475,Berlin-06d1,39,83,Normal
2026-02-14 20:17:41.024475,Berlin-06d1,-19,49,Normal
2026-02-14 20:17:42.024475,Berlin-06d1,17,60,Normal
2026-02-14 20:17:43.024475,Berlin-06d1,-13,15,Normal
2026-02-14 20:17:44.024475,Berlin-06d1,-27,94,Normal
2026-02-14 20:17:45.024475,Berlin-06d1,-12,96,Normal
2026-02-14 20:17:46.024475,Berlin-06d1,14,88,Normal
2026-02-14 20:17:47.024475,Berlin-06d1,-14,88,Normal
2026-02-14 20:17:48.024475,Berlin-06d1,15,40,Normal
2026-02-14 20:17:49.024475,Berlin-06d1,-8,61,Normal
2026-02-14 20:17:50.024475,Berlin-06d1,13,1,Normal
2026-02-14 20:17:51.024475,Berlin-06d1,6,24,Normal
2026-02-14 20:17:52.024475,Berlin-06d1,42,57,Normal
2026-02-14 20:17:53.024475,Berlin-06d1,-14,17,Normal
2026-02-14 20:17:54.024475,Berlin-06d1,42,73,Normal
2026-02-14 20:17:55.024475,Berlin-06d1,12,0,Normal
2026-02-14 20:17:56.024475,Berlin-06d1,28,50,Normal
2026-02-14 20:17:57.024475,Berlin-06d1,-8,35,Normal
2026-02-14 20:17:58.024475,Berlin-06d1,41,88,Normal
2026-02-14 20:17:59.024475,Berlin-06d1,19,13,Normal
2026-02-14 20:18:00.024475,Berlin-06d1,-22,0,Normal
2026-02-14 20:18:01.024475,Berlin-06d1,18,26,Normal
2026-02-14 20:18:02.024475,Berlin-06d1,44,71,Normal
2026-02-14 20:18:03.024475,Berlin-06d1,-23,3,Normal
2026-02-14 20:18:04.024475,Berlin-06d1,19,56,Normal
2026-02-14 20:18:05.024475,Berlin-06d1,25,37,Normal
2026-02-14 20:18:06.024475,Berlin-06d1,26,38,Normal
2026-02-14 20:18:07.024475,Berlin-06d1,1,79,Normal
2026-02-14 20:18:08.024475,Berlin-06d1,46,94,Normal
2026-02-14 20:18:09.024475,Berlin-06d1,43,76,Normal
2026-02-14 20:18:10.024475,Berlin-06d1,19,20,Normal
2026-02-14 20:18:11.024475,Berlin-06d1,14,23,Normal
2026-02-14 20:18:12.024475,Berlin-06d1,50,94,Normal
2026-02-14 20:18:13.024475,Berlin-06d1,16,28,Normal
2026-02-14 20:18:14.024475,Berlin-06d1,34,42,Normal
2026-02-14 20:18:15.024475,Berlin-06d1,46,56,Normal
2026-02-14 20:18:16.024475,Berlin-06d1,39,60,Normal
2026-02-14 20:18:17.024475,Berlin-06d1,24,51,Normal
2026-02-14 20:18:18.024475,Berlin-06d1,-13,81,Normal
2026-02-14 20:18:19.024475,Berlin-06d1,-11,20,Normal
2026-02-14 20:18:20.024475,Berlin-06d1,30,45,Normal
2026-02-14 20:18:21.024475,Berlin-06d1,35,69,Normal
2026-02-14 20:18:22.024475,Berlin-06d1,20,13,Normal
2026-02-14 20:18:23.024475,Berlin-06d1,-19,91,Normal
2026-02-14 20:18:24.024475,Berlin-06d1,33,46,Normal
2026-02-14 20:18:25.024475,Berlin-06d1,-19,59,Normal
2026-02-14 20:18:26.024475,Berlin-06d1,10,25,Normal
2026-02-14 20:18:27.024475,Berlin-06d1,23,57,Normal
2026-02-14 20:18:28.024475,Berlin-06d1,-19,18,Normal
2026-02-14 20:18:29.024475,Berlin-06d1,39,89,Normal
2026-02-14 20:18:30.024475,Berlin-06d1,-1,53,Normal
2026-02-14 20:18:31.024475,Berlin-06d1,50,80,Normal
2026-02-14 20:18:32.024475,Berlin-06d1,28,59,Normal
2026-02-14 20:18:33.024475,Berlin-06d1,2,42,Normal
2026-02-14 20:18:34.024475,Berlin-06d1,38,25,Normal
2026-02-14 20:18:35.024475,Berlin-06d1,29,99,Normal
2026-02-14 20:18:36.024475,Berlin-06d1,-15,36,Normal
2026-02-14 20:18:37.024475,Berlin-06d1,-8,61,Normal
2026-02-14 20:18:38.024475,Berlin-06d1,-9,85,Normal
2026-02-14 20:18:39.024475,Berlin-06d1,3,61,Normal
2026-02-14 20:18:40.024475,Berlin-06d1,13,21,Normal
2026-02-14 20:18:41.024475,Berlin-06d1,7,89,Normal
2026-02-14 20:18:42.024475,Berlin-06d1,23,65,Normal
2026-02-14 20:18:43.024475,Berlin-06d1,1,92,Normal
2026-02-14 20:18:44.024475,Berlin-06d1,-12,30,Normal
2026-02-14 20:18:45.024475,Berlin-06d1,28,2,Normal
2026-02-14 20:18:46.024475,Berlin-06d1,26,74,Normal
2026-02-14 20:18:47.024475,Berlin-06d1,14,32,Normal
2026-02-14 20:18:48.024475,Berlin-06d1,-29,79,Normal
2026-02-14 20:18:49.024475,Berlin-06d1,50,92,Normal
2026-02-14 20:18:50.024475,Berlin-06d1,17,55,Normal
2026-02-14 20:18:51.024475,Berlin-06d1,50,43,Normal
2026-02-14 20:18:52.024475,Berlin-06d1,-3,13,Normal
2026-02-14 20:18:53.024475,Berlin-06d1,-11,93,Normal
2026-02-14 20:18:54.024475,Berlin-06d1,2,2,Normal
2026-02-14 20:18:55.024475,Berlin-06d1,-3,42,Normal
2026-02-14 20:18:56.024475,Berlin-06d1,-4,70,Normal
2026-02-14 20:18:57.024475,Berlin-06d1,31,16,Normal
2026-02-14 20:18:58.024475,Berlin-06d1,20,100,Normal
2026-02-14 20:18:59.024475,Berlin-06d1,27,4,Normal
2026-02-14 20:19:00.024475,Berlin-06d1,-3,9,Normal
2026-02-14 20:19:01.024475,Berlin-06d1,49,60,Normal
2026-02-14 20:19:02.024475,Berlin-06d1,-14,56,Normal
2026-02-14 20:19:03.024475,Berlin-06d1,22,3,Normal
2026-02-14 20:19:04.024475,Berlin-06d1,-5,86,Normal
2026-02-14 20:19:05.024475,Berlin-06d1,-25,49,Normal
2026-02-14 20:19:06.024475,Berlin-06d1,15,49,Normal
2026-02-14 20:19:07.024475,Berlin-06d1,17,44,Normal
2026-02-14 20:19:08.024475,Berlin-06d1,9,42,Normal
2026-02-14 20:19:09.024475,Berlin-06d1,44,69,Normal
2026-02-14 20:19:10.024475,Berlin-06d1,1,77,Normal
2026-02-14 20:19:11.024475,Berlin-06d1,41,40,Normal
2026-02-14 20:19:12.024475,Berlin-06d1,7,36,Normal
2026-02-14 20:19:13.024475,Berlin-06d1,-20,37,Normal
2026-02-14 20:19:14.024475,Berlin-06d1,-26,72,Normal
2026-02-14 20:19:15.024475,Berlin-06d1,-23,20,Normal
2026-02-14 20:19:16.024475,Berlin-06d1,-15,40,Normal
2026-02-14 20:19:17.024475,Berlin-06d1,-11,38,Normal
2026-02-14 20:19:18.024475,Berlin-06d1,50,63,Normal
2026-02-14 20:19:19.024475,Berlin-06d1,-4,19,Normal
2026-02-14 20:19:20.024475,Berlin-06d1,8,34,Normal
2026-02-14 20:19:21.024475,Berlin-06d1,-2,89,Normal
2026-02-14 20:19:22.024475,Berlin-06d1,47,42,Normal
2026-02-14 20:19:23.024475,Berlin-06d1,45,19,Normal
2026-02-14 20:19:24.024475,Berlin-06d1,15,53,Normal
2026-02-14 20:19:25.024475,Berlin-06d1,-16,48,Normal
2026-02-14 20:19:26.024475,Berlin-06d1,-7,27,Normal
2026-02-14 20:19:27.024475,Berlin-06d1,-25,89,Normal
2026-02-14 20:19:28.024475,Berlin-06d1,-1,10,Normal
2026-02-14 20:19:29.024475,Berlin-06d1,-13,56,Normal
2026-02-14 20:19:30.024475,Berlin-06d1,-24,14,Normal
2026-02-14 20:19:31.024475,Berlin-06d1,42,95,Normal
2026-02-14 20:19:32.024475,Berlin-06d1,-11,28,Normal
2026-02-14 20:19:33.024475,Berlin-06d1,-7,57,Normal
2026-02-14 20:19:34.024475,Berlin-06d1,-26,17,Normal
2026-02-14 20:19:35.024475,Berlin-06d1,7,82,Normal
2026-02-14 20:19:36.024475,Berlin-06d1,-23,48,Normal
2026-02-14 20:19:37.024475,Berlin-06d1,-22,62,Normal
2026-02-14 20:19:38.024475,Berlin-06d1,-22,4,Normal
2026-02-14 20:19:39.024475,Berlin-06d1,14,9,Normal
2026-02-14 20:19:40.024475,Berlin-06d1,7,3,Normal
2026-02-14 20:19:41.024475,Berlin-06d1,-9,65,Normal
2026-02-14 20:19:42.024475,Berlin-06d1,-3,56,Normal
2026-02-14 20:19:43.024475,Berlin-06d1,13,42,Normal
2026-02-14 20:19:44.024475,Berlin-06d1,-29,61,Normal
2026-02-14 20:19:45.024475,Berlin-06d1,28,85,Normal
2026-02-14 20:19:46.024475,Berlin-06d1,43,83,Normal
2026-02-14 20:19:47.024475,Berlin-06d1,6,95,Normal
2026-02-14 20:19:48.024475,Berlin-06d1,10,1,Normal
2026-02-14 20:19:49.024475,Berlin-06d1,5,82,Normal
2026-02-14 20:19:50.024475,Berlin-06d1,-9,4,Normal
2026-02-14 20:19:51.024475,Berlin-06d1,9,2,Normal
2026-02-14 20:19:52.024475,Berlin-06d1,-18,99,Normal
2026-02-14 20:19:53.024475,Berlin-06d1,-30,47,Normal
2026-02-14 20:19:54.024475,Berlin-06d1,-22,48,Normal
2026-02-14 20:19:55.024475,Berlin-06d1,-8,87,Normal
2026-02-14 20:19:56.024475,Berlin-06d1,2,83,Normal
2026-02-14 20:19:57.024475,Berlin-06d1,2,8,Normal
2026-02-14 20:19:58.024475,Berlin-06d1,30,49,Normal
2026-02-14 20:19:59.024475,Berlin-06d1,1,91,Normal
2026-02-14 20:20:00.024475,Berlin-06d1,-18,37,Normal
2026-02-14 20:20:01.024475,Berlin-06d1,-18,47,Normal
2026-02-14 20:20:02.024475,Berlin-06d1,-24,56,Normal
2026-02-14 20:20:03.024475,Berlin-06d1,-2,75,Normal
2026-02-14 20:20:04.024475,Berlin-06d1,32,35,Normal
2026-02-14 20:20:05.024475,Berlin-06d1,7,53,Normal
2026-02-14 20:20:06.024475,Berlin-06d1,1,93,Normal
2026-02-14 20:20:07.024475,Berlin-06d1,0,11,Normal
2026-02-14 20:20:08.024475,Berlin-06d1,24,18,Normal
2026-02-14 20:20:09.024475,Berlin-06d1,24,40,Normal
2026-02-14 20:20:10.024475,Berlin-06d1,-9,59,Normal
2026-02-14 20:20:11.024475,Berlin-06d1,40,25,Normal
2026-02-14 20:20:12.024475,Berlin-06d1,36,62,Normal
2026-02-14 20:20:13.024475,Berlin-06d1,36,29,Normal
2026-02-14 20:20:14.024475,Berlin-06d1,1,55,Normal
2026-02-14 20:20:15.024475,Berlin-06d1,-29,30,Normal
2026-02-14 20:20:16.024475,Berlin-06d1,8,15,Normal
2026-02-14 20:20:17.024475,Berlin-06d1,-19,96,Normal
2026-02-14 20:20:18.024475,Berlin-06d1,-11,45,Normal
2026-02-14 20:20:19.024475,Berlin-06d1,43,90,Normal
2026-02-14 20:20:20.024475,Berlin-06d1,36,44,Normal
2026-02-14 20:20:21.024475,Berlin-06d1,49,51,Normal
2026-02-14 20:20:22.024475,Berlin-06d1,36,98,Normal
2026-02-14 20:20:23.024475,Berlin-06d1,36,50,Normal
2026-02-14 20:20:24.024475,Berlin-06d1,-17,94,Normal
2026-02-14 20:20:25.024475,Berlin-06d1,-11,86,Normal
2026-02-14 20:20:26.024475,Berlin-06d1,43,71,Normal
2026-02-14 20:20:27.024475,Berlin-06d1,33,74,Normal
2026-02-14 20:20:28.024475,Berlin-06d1,-28,96,Normal
2026-02-14 20:20:29.024475,Berlin-06d1,41,23,Normal
2026-02-14 20:20:30.024475,Berlin-06d1,-8,83,Normal
2026-02-14 20:20:31.024475,Berlin-06d1,-18,41,Normal
2026-02-14 20:20:32.024475,Berlin-06d1,14,65,Normal
2026-02-14 20:20:33.024475,Berlin-06d1,-27,34,Normal
2026-02-14 20:20:34.024475,Berlin-06d1,-19,31,Normal
2026-02-14 20:20:35.024475,Berlin-06d1,4,54,Normal
2026-02-14 20:20:36.024475,Berlin-06d1,43,95,Normal
2026-02-14 20:20:37.024475,Berlin-06d1,11,13,Normal
2026-02-14 20:20:38.024475,Berlin-06d1,19,76,Normal
2026-02-14 20:20:39.024475,Berlin-06d1,1,46,Normal
2026-02-14 20:20:40.024475,Berlin-06d1,42,29,Normal
2026-02-14 20:20:41.024475,Berlin-06d1,48,63,Normal
2026-02-14 20:20:42.024475,Berlin-06d1,11,30,Normal
2026-02-14 20:20:43.024475,Berlin-06d1,-9,62,Normal
2026-02-14 20:20:44.024475,Berlin-06d1,2,69,Normal
2026-02-14 20:20:45.024475,Berlin-06d1,17,80,Normal
2026-02-14 20:20:46.024475,Berlin-06d1,-3,2,Normal
2026-02-14 20:20:47.024475,Berlin-06d1,47,64,Normal
2026-02-14 20:20:48.024475,Berlin-06d1,-27,87,Normal
2026-02-14 20:20:49.024475,Berlin-06d1,25,28,Normal
2026-02-14 20:20:50.024475,Berlin-06d1,0,84,Normal
2026-02-14 20:20:51.024475,Berlin-06d1,-2,35,Normal
2026-02-14 20:20:52.024475,Berlin-06d1,-9,50,Normal
2026-02-14 20:20:53.024475,Berlin-06d1,-27,90,Normal
2026-02-14 20:20:54.024475,Berlin-06d1,-15,24,Normal
2026-02-14 20:20:55.024475,Berlin-06d1,23,71,Normal
2026-02-14 20:20:56.024475,Berlin-06d1,-13,25,Normal
2026-02-14 20:20:57.024475,Berlin-06d1,18,8,Normal
2026-02-14 20:20:58.024475,Berlin-06d1,21,68,Normal
2026-02-14 20:20:59.024475,Berlin-06d1,32,75,Normal
2026-02-14 20:21:00.024475,Berlin-06d1,50,41,Normal
2026-02-14 20:21:01.024475,Berlin-06d1,23,67,Normal
2026-02-14 20:21:02.024475,Berlin-06d1,-9,68,Normal
2026-02-14 20:21:03.024475,Berlin-06d1,-30,29,Normal
2026-02-14 20:21:04.024475,Berlin-06d1,40,5,Normal
2026-02-14 20:21:05.024475,Berlin-06d1,29,56,Normal
2026-02-14 20:21:06.024475,Berlin-06d1,3,62,Normal
2026-02-14 20:21:07.024475,Berlin-06d1,-30,29,Normal
2026-02-14 20:21:08.024475,Berlin-06d1,6,61,Normal
2026-02-14 20:21:09.024475,Berlin-06d1,17,24,Normal
2026-02-14 20:21:10.024475,Berlin-06d1,19,39,Normal
2026-02-14 20:21:11.024475,Berlin-06d1,35,96,Normal
2026-02-14 20:21:12.024475,Berlin-06d1,45,74,Normal
2026-02-14 20:21:13.024475,Berlin-06d1,-12,99,Normal
2026-02-14 20:21:14.024475,Berlin-06d1,6,73,Normal
2026-02-14 20:21:15.024475,Berlin-06d1,27,12,Normal
2026-02-14 20:21:16.024475,Berlin-06d1,18,4,Normal
2026-02-14 20:21:17.024475,Berlin-06d1,-9,17,Normal
2026-02-14 20:21:18.024475,Berlin-06d1,-19,77,Normal
2026-02-14 20:21:19.024475,Berlin-06d1,39,89,Normal
2026-02-14 20:21:20.024475,Berlin-06d1,-7,40,Normal
2026-02-14 20:21:21.024475,Berlin-06d1,17,95,Normal
2026-02-14 20:21:22.024475,Berlin-06d1,15,14,Normal
2026-02-14 20:21:23.024475,Berlin-06d1,15,62,Normal
2026-02-14 20:21:24.024475,Berlin-06d1,32,57,Normal
2026-02-14 20:21:25.024475,Berlin-06d1,17,24,Normal
2026-02-14 20:21:26.024475,Berlin-06d1,8,0,Normal
2026-02-14 20:21:27.024475,Berlin-06d1,4,64,Normal
2026-02-14 20:21:28.024475,Berlin-06d1,43,4,Normal
2026-02-14 20:21:29.024475,Berlin-06d1,26,78,Normal
2026-02-14 20:21:30.024475,Berlin-06d1,-12,78,Normal
2026-02-14 20:21:31.024475,Berlin-06d1,-1,4,Normal
2026-02-14 20:21:32.024475,Berlin-06d1,29,51,Normal
2026-02-14 20:21:33.024475,Berlin-06d1,-11,55,Normal
2026-02-14 20:21:34.024475,Berlin-06d1,15,40,Normal
2026-02-14 20:21:35.024475,Berlin-06d1,38,15,Normal
2026-02-14 20:21:36.024475,Berlin-06d1,5,43,Normal
2026-02-14 20:21:37.024475,Berlin-06d1,19,97,Normal
2026-02-14 20:21:38.024475,Berlin-06d1,6,77,Normal
2026-02-14 20:21:39.024475,Berlin-06d1,23,78,Normal
2026-02-14 20:21:40.024475,Berlin-06d1,41,70,Normal
2026-02-14 20:21:41.024475,Berlin-06d1,-13,19,Normal
2026-02-14 20:21:42.024475,Berlin-06d1,7,96,Normal
2026-02-14 20:21:43.024475,Berlin-06d1,17,39,Normal
2026-02-14 20:21:44.024475,Berlin-06d1,6,39,Normal
2026-02-14 20:21:45.024475,Berlin-06d1,36,86,Normal
2026-02-14 20:21:46.024475,Berlin-06d1,43,13,Normal
2026-02-14 20:21:47.024475,Berlin-06d1,5,69,Normal
2026-02-14 20:21:48.024475,Berlin-06d1,-7,83,Normal
2026-02-14 20:21:49.024475,Berlin-06d1,15,17,Normal
2026-02-14 20:21:50.024475,Berlin-06d1,43,31,Normal
2026-02-14 20:21:51.024475,Berlin-06d1,-7,8,Normal
2026-02-14 20:21:52.024475,Berlin-06d1,48,69,Normal
2026-02-14 20:21:53.024475,Berlin-06d1,-18,43,Normal
2026-02-14 20:21:54.024475,Berlin-06d1,28,57,Normal
2026-02-14 20:21:55.024475,Berlin-06d1,12,43,Normal
2026-02-14 20:21:56.024475,Berlin-06d1,-16,41,Normal
2026-02-14 20:21:57.024475,Berlin-06d1,-13,45,Normal
2026-02-14 20:21:58.024475,Berlin-06d1,0,85,Normal
2026-02-14 20:21:59.024475,Berlin-06d1,27,20,Normal
2026-02-14 20:22:00.024475,Berlin-06d1,35,84,Normal
2026-02-14 20:22:01.024475,Berlin-06d1,-18,74,Normal
2026-02-14 20:22:02.024475,Berlin-06d1,30,75,Normal
2026-02-14 20:22:03.024475,Berlin-06d1,23,75,Normal
2026-02-14 20:22:04.024475,Berlin-06d1,-13,2,Normal
2026-02-14 20:22:05.024475,Berlin-06d1,-13,76,Normal
2026-02-14 20:22:06.024475,Berlin-06d1,-13,38,Normal
2026-02-14 20:22:07.024475,Berlin-06d1,-28,22,Normal
2026-02-14 20:22:08.024475,Berlin-06d1,-24,60,Normal
2026-02-14 20:22:09.024475,Berlin-06d1,41,50,Normal
2026-02-14 20:22:10.024475,Berlin-06d1,-20,56,Normal
2026-02-14 20:22:11.024475,Berlin-06d1,42,0,Normal
2026-02-14 20:22:12.024475,Berlin-06d1,48,87,Normal
2026-02-14 20:22:13.024475,Berlin-06d1,47,72,Normal
2026-02-14 20:22:14.024475,Berlin-06d1,0,19,Normal
2026-02-14 20:22:15.024475,Berlin-06d1,49,82,Normal
2026-02-14 20:22:16.024475,Berlin-06d1,9,66,Normal
2026-02-14 20:22:17.024475,Berlin-06d1,37,86,Normal
2026-02-14 20:22:18.024475,Berlin-06d1,-24,64,Normal
2026-02-14 20:22:19.024475,Berlin-06d1,13,14,Normal
2026-02-14 20:22:20.024475,Berlin-06d1,29,54,Normal
2026-02-14 20:22:21.024475,Berlin-06d1,29,30,Normal
2026-02-14 20:22:22.024475,Berlin-06d1,25,11,Normal
2026-02-14 20:22:23.024475,Berlin-06d1,10,54,Normal
2026-02-14 20:22:24.024475,Berlin-06d1,46,75,Normal
2026-02-14 20:22:25.024475,Berlin-06d1,-26,87,Normal
2026-02-14 20:22:26.024475,Berlin-06d1,-3,63,Normal
2026-02-14 20:22:27.024475,Berlin-06d1,-11,97,Normal
2026-02-14 20:22:28.024475,Berlin-06d1,-18,63,Normal
2026-02-14 20:22:29.024475,Berlin-06d1,12,38,Normal
2026-02-14 20:22:30.024475,Berlin-06d1,50,5,Normal
2026-02-14 20:22:31.024475,Berlin-06d1,4,60,Normal
2026-02-14 20:22:32.024475,Berlin-06d1,45,38,Normal
2026-02-14 20:22:33.024475,Berlin-06d1,47,2,Normal
2026-02-14 20:22:34.024475,Berlin-06d1,6,84,Normal
2026-02-14 20:22:35.024475,Berlin-06d1,3,81,Normal
2026-02-14 20:22:36.024475,Berlin-06d1,20,95,Normal
2026-02-14 20:22:37.024475,Berlin-06d1,-8,1,Normal
2026-02-14 20:22:38.024475,Berlin-06d1,0,4,Normal
2026-02-14 20:22:39.024475,Berlin-06d1,-1,96,Normal
2026-02-14 20:22:40.024475,Berlin-06d1,25,53,Normal
2026-02-14 20:22:41.024475,Berlin-06d1,33,74,Normal
2026-02-14 20:22:42.024475,Berlin-06d1,7,39,Normal
2026-02-14 20:22:43.024475,Berlin-06d1,-4,78,Normal
2026-02-14 20:22:44.024475,Berlin-06d1,36,8,Normal
2026-02-14 20:22:45.024475,Berlin-06d1,-28,14,Normal
2026-02-14 20:22:46.024475,Berlin-06d1,-1,27,Normal
2026-02-14 20:22:47.024475,Berlin-06d1,-20,86,Normal
2026-02-14 20:22:48.024475,Berlin-06d1,-14,6,Normal
2026-02-14 20:22:49.024475,Berlin-06d1,50,18,Normal
2026-02-14 20:22:50.024475,Berlin-06d1,34,91,Normal
2026-02-14 20:22:51.024475,Berlin-06d1,21,4,Normal
2026-02-14 20:22:52.024475,Berlin-06d1,19,31,Normal
2026-02-14 20:22:53.024475,Berlin-06d1,32,68,Normal
2026-02-14 20:22:54.024475,Berlin-06d1,29,33,Normal
2026-02-14 20:22:55.024475,Berlin-06d1,-6,92,Normal
2026-02-14 20:22:56.024475,Berlin-06d1,-4,68,Normal
2026-02-14 20:22:57.024475,Berlin-06d1,18,6,Normal
2026-02-14 20:22:58.024475,Berlin-06d1,-26,38,Normal
2026-02-14 20:22:59.024475,Berlin-06d1,39,41,Normal
2026-02-14 20:23:00.024475,Berlin-06d1,18,3,Normal
2026-02-14 20:23:01.024475,Berlin-06d1,-1,32,Normal
2026-02-14 20:23:02.024475,Berlin-06d1,-11,88,Normal
2026-02-14 20:23:03.024475,Berlin-06d1,37,42,Normal
2026-02-14 20:23:04.024475,Berlin-06d1,-17,24,Normal
2026-02-14 20:23:05.024475,Berlin-06d1,-9,25,Normal
2026-02-14 20:23:06.024475,Berlin-06d1,-27,26,Normal
2026-02-14 20:23:07.024475,Berlin-06d1,11,26,Normal
2026-02-14 20:23:08.024475,Berlin-06d1,18,31,Normal
2026-02-14 20:23:09.024475,Berlin-06d1,22,64,Normal
2026-02-14 20:23:10.024475,Berlin-06d1,1,49,Normal
2026-02-14 20:23:11.024475,Berlin-06d1,5,60,Normal
2026-02-14 20:23:12.024475,Berlin-06d1,50,20,Normal
2026-02-14 20:23:13.024475,Berlin-06d1,29,55,Normal
2026-02-14 20:23:14.024475,Berlin-06d1,34,14,Normal
