timestamp,station_id,temp,humid,condition
2026-02-14 06:57:50.092902,Seoul-1d37,-14,96,Normal
2026-02-14 06:57:51.092902,Seoul-1d37,43,51,Normal
2026-02-14 06:57:52.092902,Seoul-1d37,39,24,Normal
2026-02-14 06:57:53.092902,Seoul-1d37,32,43,Normal
2026-02-14 06:57:54.092902,Seoul-1d37,25,9,Normal
2026-02-14 06:57:55.092902,Seoul-1d37,20,13,Normal
2026-02-14 06:57:56.092902,Seoul-1d37,-13,55,Normal
2026-02-14 06:57:57.092902,Seoul-1d37,12,21,Normal
2026-02-14 06:57:58.092902,Seoul-1d37,-3,0,Normal
2026-02-14 06:57:59.092902,Seoul-1d37,15,73,Normal
2026-02-14 06:58:00.092902,Seoul-1d37,39,60,Normal
2026-02-14 06:58:01.092902,Seoul-1d37,24,17,Normal
2026-02-14 06:58:02.092902,Seoul-1d37,11,56,Normal
2026-02-14 06:58:03.092902,Seoul-1d37,-3,97,Normal
2026-02-14 06:58:04.092902,Seoul-1d37,47,78,Normal
2026-02-14 06:58:05.092902,Seoul-1d37,-24,85,Normal
2026-02-14 06:58:06.092902,Seoul-1d37,46,39,Normal
2026-02-14 06:58:07.092902,Seoul-1d37,-2,47,Normal
2026-02-14 06:58:08.092902,Seoul-1d37,5,60,Normal
2026-02-14 06:58:09.092902,Seoul-1d37,5,80,Normal
2026-02-14 06:58:10.092902,Seoul-1d37,-19,50,Normal
2026-02-14 06:58:11.092902,Seoul-1d37,28,61,Normal
2026-02-14 06:58:12.092902,Seoul-1d37,35,63,Normal
2026-02-14 06:58:13.092902,Seoul-1d37,8,37,Normal
2026-02-14 06:58:14.092902,Seoul-1d37,42,70,Normal
2026-02-14 06:58:15.092902,Seoul-1d37,-12,18,Normal
2026-02-14 06:58:16.092902,Seoul-1d37,31,6,Normal
2026-02-14 06:58:17.092902,Seoul-1d37,-3,84,Normal
2026-02-14 06:58:18.092902,Seoul-1d37,-26,27,Normal
2026-02-14 06:58:19.092902,Seoul-1d37,-5,32,Normal
2026-02-14 06:58:20.092902,Seoul-1d37,22,22,Normal
2026-02-14 06:58:21.092902,Seoul-1d37,0,64,Normal
2026-02-14 06:58:22.092902,Seoul-1d37,-13,93,Normal
2026-02-14 06:58:23.092902,Seoul-1d37,44,77,Normal
2026-02-14 06:58:24.092902,Seoul-1d37,21,82,Normal
2026-02-14 06:58:25.092902,Seoul-1d37,30,81,Normal
2026-02-14 06:58:26.092902,Seoul-1d37,38,42,Normal
2026-02-14 06:58:27.092902,Seoul-1d37,-19,29,Normal
2026-02-14 06:58:28.092902,Seoul-1d37,26,30,Normal
2026-02-14 06:58:29.092902,Seoul-1d37,5,3,Normal
2026-02-14 06:58:30.092902,Seoul-1d37,-29,87,Normal
2026-02-14 06:58:31.092902,Seoul-1d37,44,29,Normal
2026-02-14 06:58:32.092902,Seoul-1d37,47,2,Normal
2026-02-14 06:58:33.092902,Seoul-1d37,-7,46,Normal
2026-02-14 06:58:34.092902,Seoul-1d37,-28,17,Normal
2026-02-14 06:58:35.092902,Seoul-1d37,24,75,Normal
2026-02-14 06:58:36.092902,Seoul-1d37,-5,99,Normal
2026-02-14 06:58:37.092902,Seoul-1d37,43,4,Normal
2026-02-14 06:58:38.092902,Seoul-1d37,34,15,Normal
2026-02-14 06:58:39.092902,Seoul-1d37,-23,53,Normal
2026-02-14 06:58:40.092902,Seoul-1d37,-2,100,Normal
2026-02-14 06:58:41.092902,Seoul-1d37,27,50,Normal
2026-02-14 06:58:42.092902,Seoul-1d37,37,29,Normal
2026-02-14 06:58:43.092902,Seoul-1d37,44,99,Normal
2026-02-14 06:58:44.092902,Seoul-1d37,32,92,Normal
2026-02-14 06:58:45.092902,Seoul-1d37,42,8,Normal
2026-02-14 06:58:46.092902,Seoul-1d37,39,54,Normal
2026-02-14 06:58:47.092902,Seoul-1d37,32,37,Normal
2026-02-14 06:58:48.092902,Seoul-1d37,34,47,Normal
2026-02-14 06:58:49.092902,Seoul-1d37,-9,79,Normal
2026-02-14 06:58:50.092902,Seoul-1d37,7,26,Normal
2026-02-14 06:58:51.092902,Seoul-1d37,38,16,Normal
2026-02-14 06:58:52.092902,Seoul-1d37,20,54,Normal
2026-02-14 06:58:53.092902,Seoul-1d37,-19,25,Normal
2026-02-14 06:58:54.092902,Seoul-1d37,37,74,Normal
2026-02-14 06:58:55.092902,Seoul-1d37,28,52,Normal
2026-02-14 06:58:56.092902,Seoul-1d37,38,89,Normal
2026-02-14 06:58:57.092902,Seoul-1d37,-27,49,Normal
2026-02-14 06:58:58.092902,Seoul-1d37,3,73,Normal
2026-02-14 06:58:59.092902,Seoul-1d37,18,41,Normal
2026-02-14 06:59:00.092902,Seoul-1d37,-11,56,Normal
2026-02-14 06:59:01.092902,Seoul-1d37,27,79,Normal
2026-02-14 06:59:02.092902,Seoul-1d37,-18,86,Normal
2026-02-14 06:59:03.092902,Seoul-1d37,20,39,Normal
2026-02-14 06:59:04.092902,Seoul-1d37,17,43,Normal
2026-02-14 06:59:05.092902,Seoul-1d37,29,89,Normal
2026-02-14 06:59:06.092902,Seoul-1d37,40,44,Normal
2026-02-14 06:59:07.092902,Seoul-1d37,19,32,Normal
2026-02-14 06:59:08.092902,Seoul-1d37,20,46,Normal
2026-02-14 06:59:09.092902,Seoul-1d37,-19,91,Normal
2026-02-14 06:59:10.092902,Seoul-1d37,50,35,Normal
2026-02-14 06:59:11.092902,Seoul-1d37,17,80,Normal
2026-02-14 06:59:12.092902,Seoul-1d37,23,4,Normal
2026-02-14 06:59:13.092902,Seoul-1d37,48,39,Normal
2026-02-14 06:59:14.092902,Seoul-1d37,-26,39,Normal
2026-02-14 06:59:15.092902,Seoul-1d37,11,82,Normal
2026-02-14 06:59:16.092902,Seoul-1d37,47,33,Normal
2026-02-14 06:59:17.092902,Seoul-1d37,-21,17,Normal
2026-02-14 06:59:18.092902,Seoul-1d37,15,63,Normal
2026-02-14 06:59:19.092902,Seoul-1d37,19,20,Normal
2026-02-14 06:59:20.092902,Seoul-1d37,0,73,Normal
2026-02-14 06:59:21.092902,Seoul-1d37,18,38,Normal
2026-02-14 06:59:22.092902,Seoul-1d37,-1,19,Normal
2026-02-14 06:59:23.092902,Seoul-1d37,34,39,Normal
2026-02-14 06:59:24.092902,Seoul-1d37,26,50,Normal
2026-02-14 06:59:25.092902,Seoul-1d37,7,50,Normal
2026-02-14 06:59:26.092902,Seoul-1d37,20,58,Normal
2026-02-14 06:59:27.092902,Seoul-1d37,32,28,Normal
2026-02-14 06:59:28.092902,Seoul-1d37,44,13,Normal
2026-02-14 06:59:29.092902,Seoul-1d37,44,23,Normal
2026-02-14 06:59:30.092902,Seoul-1d37,0,8,Normal
2026-02-14 06:59:31.092902,Seoul-1d37,11,22,Normal
2026-02-14 06:59:32.092902,Seoul-1d37,50,22,Normal
2026-02-14 06:59:33.092902,Seoul-1d37,26,40,Normal
2026-02-14 06:59:34.092902,Seoul-1d37,33,99,Normal
2026-02-14 06:59:35.092902,Seoul-1d37,-12,48,Normal
2026-02-14 06:59:36.092902,Seoul-1d37,38,36,Normal
2026-02-14 06:59:37.092902,Seoul-1d37,38,87,Normal
2026-02-14 06:59:38.092902,Seoul-1d37,2,63,Normal
2026-02-14 06:59:39.092902,Seoul-1d37,-15,20,Normal
2026-02-14 06:59:40.092902,Seoul-1d37,46,54,Normal
2026-02-14 06:59:41.092902,Seoul-1d37,43,22,Normal
2026-02-14 06:59:42.092902,Seoul-1d37,-30,53,Normal
2026-02-14 06:59:43.092902,Seoul-1d37,49,86,Normal
2026-02-14 06:59:44.092902,Seoul-1d37,36,87,Normal
2026-02-14 06:59:45.092902,Seoul-1d37,3,13,Normal
2026-02-14 06:59:46.092902,Seoul-1d37,-8,9,Normal
2026-02-14 06:59:47.092902,Seoul-1d37,5,59,Normal
2026-02-14 06:59:48.092902,Seoul-1d37,41,80,Normal
2026-02-14 06:59:49.092902,Seoul-1d37,1,83,Normal
2026-02-14 06:59:50.092902,Seoul-1d37,18,98,Normal
2026-02-14 06:59:51.092902,Seoul-1d37,46,85,Normal
2026-02-14 06:59:52.092902,Seoul-1d37,45,76,Normal
2026-02-14 06:59:53.092902,Seoul-1d37,-5,70,Normal
2026-02-14 06:59:54.092902,Seoul-1d37,14,11,Normal
2026-02-14 06:59:55.092902,Seoul-1d37,-12,9,Normal
2026-02-14 06:59:56.092902,Seoul-1d37,7,36,Normal
2026-02-14 06:59:57.092902,Seoul-1d37,38,7,Normal
2026-02-14 06:59:58.092902,Seoul-1d37,11,1,Normal
2026-02-14 06:59:59.092902,Seoul-1d37,-22,63,Normal
2026-02-14 07:00:00.092902,Seoul-1d37,-24,69,Normal
2026-02-14 07:00:01.092902,Seoul-1d37,30,56,Normal
2026-02-14 07:00:02.092902,Seoul-1d37,32,62,Normal
2026-02-14 07:00:03.092902,Seoul-1d37,26,15,Normal
2026-02-14 07:00:04.092902,Seoul-1d37,-28,35,Normal
2026-02-14 07:00:05.092902,Seoul-1d37,-24,31,Normal
2026-02-14 07:00:06.092902,Seoul-1d37,-7,31,Normal
2026-02-14 07:00:07.092902,Seoul-1d37,6,100,Normal
2026-02-14 07:00:08.092902,Seoul-1d37,-25,65,Normal
2026-02-14 07:00:09.092902,Seoul-1d37,38,19,Normal
2026-02-14 07:00:10.092902,Seoul-1d37,-28,78,Normal
2026-02-14 07:00:11.092902,Seoul-1d37,-18,96,Normal
2026-02-14 07:00:12.092902,Seoul-1d37,4,22,Normal
2026-02-14 07:00:13.092902,Seoul-1d37,10,19,Normal
2026-02-14 07:00:14.092902,Seoul-1d37,21,73,Normal
2026-02-14 07:00:15.092902,Seoul-1d37,49,5,Normal
2026-02-14 07:00:16.092902,Seoul-1d37,-15,66,Normal
2026-02-14 07:00:17.092902,Seoul-1d37,-16,71,Normal
2026-02-14 07:00:18.092902,Seoul-1d37,-5,55,Normal
2026-02-14 07:00:19.092902,Seoul-1d37,-13,15,Normal
2026-02-14 07:00:20.092902,Seoul-1d37,-29,66,Normal
2026-02-14 07:00:21.092902,Seoul-1d37,-23,17,Normal
2026-02-14 07:00:22.092902,Seoul-1d37,39,67,Normal
2026-02-14 07:00:23.092902,Seoul-1d37,-26,16,Normal
2026-02-14 07:00:24.092902,Seoul-1d37,28,96,Normal
2026-02-14 07:00:25.092902,Seoul-1d37,-19,64,Normal
2026-02-14 07:00:26.092902,Seoul-1d37,12,3,Normal
2026-02-14 07:00:27.092902,Seoul-1d37,6,70,Normal
2026-02-14 07:00:28.092902,Seoul-1d37,1,70,Normal
2026-02-14 07:00:29.092902,Seoul-1d37,29,7,Normal
2026-02-14 07:00:30.092902,Seoul-1d37,1,59,Normal
2026-02-14 07:00:31.092902,Seoul-1d37,-3,97,Normal
2026-02-14 07:00:32.092902,Seoul-1d37,25,2,Normal
2026-02-14 07:00:33.092902,Seoul-1d37,-26,85,Normal
2026-02-14 07:00:34.092902,Seoul-1d37,-6,75,Normal
2026-02-14 07:00:35.092902,Seoul-1d37,7,8,Normal
2026-02-14 07:00:36.092902,Seoul-1d37,-8,92,Normal
2026-02-14 07:00:37.092902,Seoul-1d37,17,23,Normal
2026-02-14 07:00:38.092902,Seoul-1d37,-29,80,Normal
2026-02-14 07:00:39.092902,Seoul-1d37,-19,43,Normal
2026-02-14 07:00:40.092902,Seoul-1d37,-16,42,Normal
2026-02-14 07:00:41.092902,Seoul-1d37,-29,85,Normal
2026-02-14 07:00:42.092902,Seoul-1d37,-18,67,Normal
2026-02-14 07:00:43.092902,Seoul-1d37,14,88,Normal
2026-02-14 07:00:44.092902,Seoul-1d37,-1,97,Normal
2026-02-14 07:00:45.092902,Seoul-1d37,35,17,Normal
2026-02-14 07:00:46.092902,Seoul-1d37,-12,87,Normal
2026-02-14 07:00:47.092902,Seoul-1d37,-18,43,Normal
2026-02-14 07:00:48.092902,Seoul-1d37,20,98,Normal
2026-02-14 07:00:49.092902,Seoul-1d37,-25,40,Normal
2026-02-14 07:00:50.092902,Seoul-1d37,-20,21,Normal
2026-02-14 07:00:51.092902,Seoul-1d37,6,84,Normal
2026-02-14 07:00:52.092902,Seoul-1d37,27,14,Normal
2026-02-14 07:00:53.092902,Seoul-1d37,1,31,Normal
2026-02-14 07:00:54.092902,Seoul-1d37,-10,25,Normal
2026-02-14 07:00:55.092902,Seoul-1d37,28,44,Normal
2026-02-14 07:00:56.092902,Seoul-1d37,21,69,Normal
2026-02-14 07:00:57.092902,Seoul-1d37,17,93,Normal
2026-02-14 07:00:58.092902,Seoul-1d37,-23,45,Normal
2026-02-14 07:00:59.092902,Seoul-1d37,1,23,Normal
2026-02-14 07:01:00.092902,Seoul-1d37,17,66,Normal
2026-02-14 07:01:01.092902,Seoul-1d37,50,8,Normal
2026-02-14 07:01:02.092902,Seoul-1d37,-18,58,Normal
2026-02-14 07:01:03.092902,Seoul-1d37,0,56,Normal
2026-02-14 07:01:04.092902,Seoul-1d37,-10,26,Normal
2026-02-14 07:01:05.092902,Seoul-1d37,40,3,Normal
2026-02-14 07:01:06.092902,Seoul-1d37,48,10,Normal
2026-02-14 07:01:07.092902,Seoul-1d37,3,7,Normal
2026-02-14 07:01:08.092902,Seoul-1d37,37,80,Normal
2026-02-14 07:01:09.092902,Seoul-1d37,39,86,Normal
2026-02-14 07:01:10.092902,Seoul-1d37,16,10,Normal
2026-02-14 07:01:11.092902,Seoul-1d37,-28,42,Normal
2026-02-14 07:01:12.092902,Seoul-1d37,-10,18,Normal
2026-02-14 07:01:13.092902,Seoul-1d37,-4,82,Normal
2026-02-14 07:01:14.092902,Seoul-1d37,-9,25,Normal
2026-02-14 07:01:15.092902,Seoul-1d37,-7,44,Normal
2026-02-14 07:01:16.092902,Seoul-1d37,6,65,Normal
2026-02-14 07:01:17.092902,Seoul-1d37,38,46,Normal
2026-02-14 07:01:18.092902,Seoul-1d37,9,22,Normal
2026-02-14 07:01:19.092902,Seoul-1d37,-4,45,Normal
2026-02-14 07:01:20.092902,Seoul-1d37,-17,81,Normal
2026-02-14 07:01:21.092902,Seoul-1d37,46,10,Normal
2026-02-14 07:01:22.092902,Seoul-1d37,-10,72,Normal
2026-02-14 07:01:23.092902,Seoul-1d37,-21,68,Normal
2026-02-14 07:01:24.092902,Seoul-1d37,28,69,Normal
2026-02-14 07:01:25.092902,Seoul-1d37,10,12,Normal
2026-02-14 07:01:26.092902,Seoul-1d37,29,22,Normal
2026-02-14 07:01:27.092902,Seoul-1d37,-18,10,Normal
2026-02-14 07:01:28.092902,Seoul-1d37,45,33,Normal
2026-02-14 07:01:29.092902,Seoul-1d37,-15,5,Normal
2026-02-14 07:01:30.092902,Seoul-1d37,7,50,Normal
2026-02-14 07:01:31.092902,Seoul-1d37,32,63,Normal
2026-02-14 07:01:32.092902,Seoul-1d37,33,53,Normal
2026-02-14 07:01:33.092902,Seoul-1d37,27,74,Normal
2026-02-14 07:01:34.092902,Seoul-1d37,25,85,Normal
2026-02-14 07:01:35.092902,Seoul-1d37,-23,6,Normal
2026-02-14 07:01:36.092902,Seoul-1d37,-22,93,Normal
2026-02-14 07:01:37.092902,Seoul-1d37,-7,0,Normal
2026-02-14 07:01:38.092902,Seoul-1d37,10,90,Normal
2026-02-14 07:01:39.092902,Seoul-1d37,-28,56,Normal
2026-02-14 07:01:40.092902,Seoul-1d37,6,36,Normal
2026-02-14 07:01:41.092902,Seoul-1d37,7,45,Normal
2026-02-14 07:01:42.092902,Seoul-1d37,24,64,Normal
2026-02-14 07:01:43.092902,Seoul-1d37,-1,70,Normal
2026-02-14 07:01:44.092902,Seoul-1d37,-8,50,Normal
2026-02-14 07:01:45.092902,Seoul-1d37,37,86,Normal
2026-02-14 07:01:46.092902,Seoul-1d37,-26,91,Normal
2026-02-14 07:01:47.092902,Seoul-1d37,-22,90,Normal
2026-02-14 07:01:48.092902,Seoul-1d37,11,19,Normal
2026-02-14 07:01:49.092902,Seoul-1d37,39,16,Normal
2026-02-14 07:01:50.092902,Seoul-1d37,33,41,Normal
2026-02-14 07:01:51.092902,Seoul-1d37,14,22,Normal
2026-02-14 07:01:52.092902,Seoul-1d37,31,7,Normal
2026-02-14 07:01:53.092902,Seoul-1d37,-24,77,Normal
2026-02-14 07:01:54.092902,Seoul-1d37,20,75,Normal
2026-02-14 07:01:55.092902,Seoul-1d37,25,5,Normal
2026-02-14 07:01:56.092902,Seoul-1d37,43,89,Normal
2026-02-14 07:01:57.092902,Seoul-1d37,15,88,Normal
2026-02-14 07:01:58.092902,Seoul-1d37,-29,14,Normal
2026-02-14 07:01:59.092902,Seoul-1d37,5,43,Normal
2026-02-14 07:02:00.092902,Seoul-1d37,44,4,Normal
2026-02-14 07:02:01.092902,Seoul-1d37,-26,49,Normal
2026-02-14 07:02:02.092902,Seoul-1d37,-6,81,Normal
2026-02-14 07:02:03.092902,Seoul-1d37,18,21,Normal
2026-02-14 07:02:04.092902,Seoul-1d37,32,18,Normal
2026-02-14 07:02:05.092902,Seoul-1d37,-8,10,Normal
2026-02-14 07:02:06.092902,Seoul-1d37,48,14,Normal
2026-02-14 07:02:07.092902,Seoul-1d37,41,57,Normal
2026-02-14 07:02:08.092902,Seoul-1d37,45,20,Normal
2026-02-14 07:02:09.092902,Seoul-1d37,18,13,Normal
2026-02-14 07:02:10.092902,Seoul-1d37,5,35,Normal
2026-02-14 07:02:11.092902,Seoul-1d37,5,78,Normal
2026-02-14 07:02:12.092902,Seoul-1d37,32,11,Normal
2026-02-14 07:02:13.092902,Seoul-1d37,31,11,Normal
2026-02-14 07:02:14.092902,Seoul-1d37,46,35,Normal
2026-02-14 07:02:15.092902,Seoul-1d37,45,5,Normal
2026-02-14 07:02:16.092902,Seoul-1d37,20,63,Normal
2026-02-14 07:02:17.092902,Seoul-1d37,-3,72,Normal
2026-02-14 07:02:18.092902,Seoul-1d37,8,72,Normal
2026-02-14 07:02:19.092902,Seoul-1d37,-15,62,Normal
2026-02-14 07:02:20.092902,Seoul-1d37,24,49,Normal
2026-02-14 07:02:21.092902,Seoul-1d37,41,27,Normal
2026-02-14 07:02:22.092902,Seoul-1d37,36,81,Normal
2026-02-14 07:02:23.092902,Seoul-1d37,-11,10,Normal
2026-02-14 07:02:24.092902,Seoul-1d37,-20,70,Normal
2026-02-14 07:02:25.092902,Seoul-1d37,0,8,Normal
2026-02-14 07:02:26.092902,Seoul-1d37,47,0,Normal
2026-02-14 07:02:27.092902,Seoul-1d37,32,44,Normal
2026-02-14 07:02:28.092902,Seoul-1d37,5,97,Normal
2026-02-14 07:02:29.092902,Seoul-1d37,49,44,Normal
2026-02-14 07:02:30.092902,Seoul-1d37,30,16,Normal
2026-02-14 07:02:31.092902,Seoul-1d37,-11,100,Normal
2026-02-14 07:02:32.092902,Seoul-1d37,-19,77,Normal
2026-02-14 07:02:33.092902,Seoul-1d37,45,62,Normal
2026-02-14 07:02:34.092902,Seoul-1d37,-14,1,Normal
2026-02-14 07:02:35.092902,Seoul-1d37,6,85,Normal
2026-02-14 07:02:36.092902,Seoul-1d37,-20,3,Normal
2026-02-14 07:02:37.092902,Seoul-1d37,-23,89,Normal
2026-02-14 07:02:38.092902,Seoul-1d37,3,56,Normal
2026-02-14 07:02:39.092902,Seoul-1d37,3,93,Normal
2026-02-14 07:02:40.092902,Seoul-1d37,13,55,Normal
2026-02-14 07:02:41.092902,Seoul-1d37,2,36,Normal
2026-02-14 07:02:42.092902,Seoul-1d37,49,88,Normal
2026-02-14 07:02:43.092902,Seoul-1d37,-16,30,Normal
2026-02-14 07:02:44.092902,Seoul-1d37,-11,6,Normal
2026-02-14 07:02:45.092902,Seoul-1d37,21,49,Normal
2026-02-14 07:02:46.092902,Seoul-1d37,-12,75,Normal
2026-02-14 07:02:47.092902,Seoul-1d37,15,10,Normal
2026-02-14 07:02:48.092902,Seoul-1d37,-10,48,Normal
2026-02-14 07:02:49.092902,Seoul-1d37,-22,17,Normal
2026-02-14 07:02:50.092902,Seoul-1d37,9,7,Normal
2026-02-14 07:02:51.092902,Seoul-1d37,-18,66,Normal
2026-02-14 07:02:52.092902,Seoul-1d37,-25,87,Normal
2026-02-14 07:02:53.092902,Seoul-1d37,-21,15,Normal
2026-02-14 07:02:54.092902,Seoul-1d37,20,42,Normal
2026-02-14 07:02:55.092902,Seoul-1d37,16,0,Normal
2026-02-14 07:02:56.092902,Seoul-1d37,3,0,Normal
2026-02-14 07:02:57.092902,Seoul-1d37,-11,33,Normal
2026-02-14 07:02:58.092902,Seoul-1d37,-14,95,Normal
2026-02-14 07:02:59.092902,Seoul-1d37,25,97,Normal
2026-02-14 07:03:00.092902,Seoul-1d37,-10,12,Normal
2026-02-14 07:03:01.092902,Seoul-1d37,38,0,Normal
2026-02-14 07:03:02.092902,Seoul-1d37,28,19,Normal
2026-02-14 07:03:03.092902,Seoul-1d37,10,85,Normal
2026-02-14 07:03:04.092902,Seoul-1d37,31,60,Normal
2026-02-14 07:03:05.092902,Seoul-1d37,9,44,Normal
2026-02-14 07:03:06.092902,Seoul-1d37,14,3,Normal
2026-02-14 07:03:07.092902,Seoul-1d37,49,34,Normal
2026-02-14 07:03:08.092902,Seoul-1d37,-11,89,Normal
2026-02-14 07:03:09.092902,Seoul-1d37,-2,25,Normal
2026-02-14 07:03:10.092902,Seoul-1d37,3,92,Normal
2026-02-14 07:03:11.092902,Seoul-1d37,46,78,Normal
2026-02-14 07:03:12.092902,Seoul-1d37,-28,30,Normal
2026-02-14 07:03:13.092902,Seoul-1d37,24,39,Normal
2026-02-14 07:03:14.092902,Seoul-1d37,50,63,Normal
2026-02-14 07:03:15.092902,Seoul-1d37,9,23,Normal
2026-02-14 07:03:16.092902,Seoul-1d37,39,44,Normal
2026-02-14 07:03:17.092902,Seoul-1d37,10,81,Normal
2026-02-14 07:03:18.092902,Seoul-1d37,-8,94,Normal
2026-02-14 07:03:19.092902,Seoul-1d37,-21,4,Normal
2026-02-14 07:03:20.092902,Seoul-1d37,1,57,Normal
2026-02-14 07:03:21.092902,Seoul-1d37,-20,84,Normal
2026-02-14 07:03:22.092902,Seoul-1d37,28,75,Normal
2026-02-14 07:03:23.092902,Seoul-1d37,48,92,Normal
2026-02-14 07:03:24.092902,Seoul-1d37,5,24,Normal
2026-02-14 07:03:25.092902,Seoul-1d37,-26,28,Normal
2026-02-14 07:03:26.092902,Seoul-1d37,1,72,Normal
2026-02-14 07:03:27.092902,Seoul-1d37,-15,28,Normal
2026-02-14 07:03:28.092902,Seoul-1d37,15,99,Normal
2026-02-14 07:03:29.092902,Seoul-1d37,36,71,Normal
2026-02-14 07:03:30.092902,Seoul-1d37,38,39,Normal
2026-02-14 07:03:31.092902,Seoul-1d37,-25,2,Normal
2026-02-14 07:03:32.092902,Seoul-1d37,-23,84,Normal
2026-02-14 07:03:33.092902,Seoul-1d37,-29,5,Normal
2026-02-14 07:03:34.092902,Seoul-1d37,4,87,Normal
2026-02-14 07:03:35.092902,Seoul-1d37,-19,24,Normal
2026-02-14 07:03:36.092902,Seoul-1d37,-21,4,Normal
2026-02-14 07:03:37.092902,Seoul-1d37,42,38,Normal
2026-02-14 07:03:38.092902,Seoul-1d37,-3,40,Normal
2026-02-14 07:03:39.092902,Seoul-1d37,-28,87,Normal
2026-02-14 07:03:40.092902,Seoul-1d37,3,78,Normal
2026-02-14 07:03:41.092902,Seoul-1d37,-22,21,Normal
2026-02-14 07:03:42.092902,Seoul-1d37,24,93,Normal
2026-02-14 07:03:43.092902,Seoul-1d37,-20,6,Normal
2026-02-14 07:03:44.092902,Seoul-1d37,1,70,Normal
2026-02-14 07:03:45.092902,Seoul-1d37,-24,15,Normal
2026-02-14 07:03:46.092902,Seoul-1d37,-12,92,Normal
2026-02-14 07:03:47.092902,Seoul-1d37,29,48,Normal
2026-02-14 07:03:48.092902,Seoul-1d37,22,100,Normal
2026-02-14 07:03:49.092902,Seoul-1d37,13,79,Normal
2026-02-14 07:03:50.092902,Seoul-1d37,44,91,Normal
2026-02-14 07:03:51.092902,Seoul-1d37,-4,25,Normal
2026-02-14 07:03:52.092902,Seoul-1d37,-18,80,Normal
2026-02-14 07:03:53.092902,Seoul-1d37,44,12,Normal
2026-02-14 07:03:54.092902,Seoul-1d37,-2,97,Normal
2026-02-14 07:03:55.092902,Seoul-1d37,32,3,Normal
2026-02-14 07:03:56.092902,Seoul-1d37,-19,16,Normal
2026-02-14 07:03:57.092902,Seoul-1d37,20,79,Normal
2026-02-14 07:03:58.092902,Seoul-1d37,48,33,Normal
2026-02-14 07:03:59.092902,Seoul-1d37,19,29,Normal
2026-02-14 07:04:00.092902,Seoul-1d37,45,38,Normal
2026-02-14 07:04:01.092902,Seoul-1d37,14,55,Normal
2026-02-14 07:04:02.092902,Seoul-1d37,44,16,Normal
2026-02-14 07:04:03.092902,Seoul-1d37,34,0,Normal
2026-02-14 07:04:04.092902,Seoul-1d37,-10,70,Normal
2026-02-14 07:04:05.092902,Seoul-1d37,-29,39,Normal
2026-02-14 07:04:06.092902,Seoul-1d37,5,69,Normal
2026-02-14 07:04:07.092902,Seoul-1d37,48,61,Normal
2026-02-14 07:04:08.092902,Seoul-1d37,-18,20,Normal
2026-02-14 07:04:09.092902,Seoul-1d37,48,7,Normal
2026-02-14 07:04:10.092902,Seoul-1d37,45,43,Normal
2026-02-14 07:04:11.092902,Seoul-1d37,31,76,Normal
2026-02-14 07:04:12.092902,Seoul-1d37,41,36,Normal
2026-02-14 07:04:13.092902,Seoul-1d37,-26,53,Normal
2026-02-14 07:04:14.092902,Seoul-1d37,-29,52,Normal
2026-02-14 07:04:15.092902,Seoul-1d37,36,17,Normal
2026-02-14 07:04:16.092902,Seoul-1d37,-17,40,Normal
2026-02-14 07:04:17.092902,Seoul-1d37,43,70,Normal
2026-02-14 07:04:18.092902,Seoul-1d37,40,44,Normal
2026-02-14 07:04:19.092902,Seoul-1d37,2,92,Normal
2026-02-14 07:04:20.092902,Seoul-1d37,0,75,Normal
2026-02-14 07:04:21.092902,Seoul-1d37,35,26,Normal
2026-02-14 07:04:22.092902,Seoul-1d37,47,1,Normal
2026-02-14 07:04:23.092902,Seoul-1d37,-29,19,Normal
2026-02-14 07:04:24.092902,Seoul-1d37,6,26,Normal
2026-02-14 07:04:25.092902,Seoul-1d37,-29,1,Normal
2026-02-14 07:04:26.092902,Seoul-1d37,-13,21,Normal
2026-02-14 07:04:27.092902,Seoul-1d37,-10,100,Normal
2026-02-14 07:04:28.092902,Seoul-1d37,29,85,Normal
2026-02-14 07:04:29.092902,Seoul-1d37,25,27,Normal
2026-02-14 07:04:30.092902,Seoul-1d37,10,62,Normal
2026-02-14 07:04:31.092902,Seoul-1d37,-3,73,Normal
2026-02-14 07:04:32.092902,Seoul-1d37,27,39,Normal
2026-02-14 07:04:33.092902,Seoul-1d37,26,92,Normal
2026-02-14 07:04:34.092902,Seoul-1d37,-14,80,Normal
2026-02-14 07:04:35.092902,Seoul-1d37,47,21,Normal
2026-02-14 07:04:36.092902,Seoul-1d37,16,86,Normal
2026-02-14 07:04:37.092902,Seoul-1d37,40,80,Normal
2026-02-14 07:04:38.092902,Seoul-1d37,-10,100,Normal
2026-02-14 07:04:39.092902,Seoul-1d37,0,94,Normal
2026-02-14 07:04:40.092902,Seoul-1d37,35,19,Normal
2026-02-14 07:04:41.092902,Seoul-1d37,31,88,Normal
2026-02-14 07:04:42.092902,Seoul-1d37,28,13,Normal
2026-02-14 07:04:43.092902,Seoul-1d37,8,80,Normal
2026-02-14 07:04:44.092902,Seoul-1d37,27,33,Normal
2026-02-14 07:04:45.092902,Seoul-1d37,2,1,Normal
2026-02-14 07:04:46.092902,Seoul-1d37,0,95,Normal
2026-02-14 07:04:47.092902,Seoul-1d37,49,91,Normal
2026-02-14 07:04:48.092902,Seoul-1d37,4,59,Normal
2026-02-14 07:04:49.092902,Seoul-1d37,7,60,Normal
2026-02-14 07:04:50.092902,Seoul-1d37,9,38,Normal
2026-02-14 07:04:51.092902,Seoul-1d37,-12,11,Normal
2026-02-14 07:04:52.092902,Seoul-1d37,34,68,Normal
2026-02-14 07:04:53.092902,Seoul-1d37,7,58,Normal
2026-02-14 07:04:54.092902,Seoul-1d37,-3,78,Normal
2026-02-14 07:04:55.092902,Seoul-1d37,2,22,Normal
2026-02-14 07:04:56.092902,Seoul-1d37,19,95,Normal
2026-02-14 07:04:57.092902,Seoul-1d37,26,54,Normal
2026-02-14 07:04:58.092902,Seoul-1d37,-18,31,Normal
2026-02-14 07:04:59.092902,Seoul-1d37,28,66,Normal
2026-02-14 07:05:00.092902,Seoul-1d37,29,22,Normal
2026-02-14 07:05:01.092902,Seoul-1d37,28,93,Normal
2026-02-14 07:05:02.092902,Seoul-1d37,18,55,Normal
2026-02-14 07:05:03.092902,Seoul-1d37,41,98,Normal
2026-02-14 07:05:04.092902,Seoul-1d37,27,59,Normal
2026-02-14 07:05:05.092902,Seoul-1d37,-18,100,Normal
2026-02-14 07:05:06.092902,Seoul-1d37,-18,24,Normal
2026-02-14 07:05:07.092902,Seoul-1d37,15,21,Normal
2026-02-14 07:05:08.092902,Seoul-1d37,17,56,Normal
2026-02-14 07:05:09.092902,Seoul-1d37,-13,95,Normal
2026-02-14 07:05:10.092902,Seoul-1d37,35,59,Normal
2026-02-14 07:05:11.092902,Seoul-1d37,24,48,Normal
2026-02-14 07:05:12.092902,Seoul-1d37,17,7,Normal
2026-02-14 07:05:13.092902,Seoul-1d37,1,92,Normal
2026-02-14 07:05:14.092902,Seoul-1d37,48,84,Normal
2026-02-14 07:05:15.092902,Seoul-1d37,-14,1,Normal
2026-02-14 07:05:16.092902,Seoul-1d37,-22,33,Normal
2026-02-14 07:05:17.092902,Seoul-1d37,48,45,Normal
2026-02-14 07:05:18.092902,Seoul-1d37,30,79,Normal
2026-02-14 07:05:19.092902,Seoul-1d37,13,88,Normal
2026-02-14 07:05:20.092902,Seoul-1d37,-9,39,Normal
2026-02-14 07:05:21.092902,Seoul-1d37,14,26,Normal
2026-02-14 07:05:22.092902,Seoul-1d37,20,11,Normal
2026-02-14 07:05:23.092902,Seoul-1d37,3,90,Normal
2026-02-14 07:05:24.092902,Seoul-1d37,-27,89,Normal
2026-02-14 07:05:25.092902,Seoul-1d37,-11,84,Normal
2026-02-14 07:05:26.092902,Seoul-1d37,-3,98,Normal
2026-02-14 07:05:27.092902,Seoul-1d37,31,78,Normal
2026-02-14 07:05:28.092902,Seoul-1d37,34,22,Normal
2026-02-14 07:05:29.092902,Seoul-1d37,24,44,Normal
2026-02-14 07:05:30.092902,Seoul-1d37,33,31,Normal
2026-02-14 07:05:31.092902,Seoul-1d37,-26,65,Normal
2026-02-14 07:05:32.092902,Seoul-1d37,-6,6,Normal
2026-02-14 07:05:33.092902,Seoul-1d37,36,45,Normal
2026-02-14 07:05:34.092902,Seoul-1d37,3,5,Normal
2026-02-14 07:05:35.092902,Seoul-1d37,-28,39,Normal
2026-02-14 07:05:36.092902,Seoul-1d37,-18,27,Normal
2026-02-14 07:05:37.092902,Seoul-1d37,47,23,Normal
2026-02-14 07:05:38.092902,Seoul-1d37,8,67,Normal
2026-02-14 07:05:39.092902,Seoul-1d37,26,87,Normal
2026-02-14 07:05:40.092902,Seoul-1d37,40,57,Normal
2026-02-14 07:05:41.092902,Seoul-1d37,-8,47,Normal
2026-02-14 07:05:42.092902,Seoul-1d37,-9,57,Normal
2026-02-14 07:05:43.092902,Seoul-1d37,20,35,Normal
2026-02-14 07:05:44.092902,Seoul-1d37,-12,52,Normal
2026-02-14 07:05:45.092902,Seoul-1d37,28,16,Normal
2026-02-14 07:05:46.092902,Seoul-1d37,-2,77,Normal
2026-02-14 07:05:47.092902,Seoul-1d37,0,86,Normal
2026-02-14 07:05:48.092902,Seoul-1d37,36,73,Normal
2026-02-14 07:05:49.092902,Seoul-1d37,8,99,Normal
2026-02-14 07:05:50.092902,Seoul-1d37,-4,13,Normal
2026-02-14 07:05:51.092902,Seoul-1d37,11,1,Normal
2026-02-14 07:05:52.092902,Seoul-1d37,18,13,Normal
2026-02-14 07:05:53.092902,Seoul-1d37,25,26,Normal
2026-02-14 07:05:54.092902,Seoul-1d37,42,36,Normal
2026-02-14 07:05:55.092902,Seoul-1d37,17,80,Normal
2026-02-14 07:05:56.092902,Seoul-1d37,2,85,Normal
2026-02-14 07:05:57.092902,Seoul-1d37,22,69,Normal
2026-02-14 07:05:58.092902,Seoul-1d37,-17,47,Normal
2026-02-14 07:05:59.092902,Seoul-1d37,-1,85,Normal
2026-02-14 07:06:00.092902,Seoul-1d37,34,31,Normal
2026-02-14 07:06:01.092902,Seoul-1d37,33,7,Normal
2026-02-14 07:06:02.092902,Seoul-1d37,2,26,Normal
2026-02-14 07:06:03.092902,Seoul-1d37,6,80,Normal
2026-02-14 07:06:04.092902,Seoul-1d37,-11,74,Normal
2026-02-14 07:06:05.092902,Seoul-1d37,17,81,Normal
2026-02-14 07:06:06.092902,Seoul-1d37,1,49,Normal
2026-02-14 07:06:07.092902,Seoul-1d37,46,28,Normal
2026-02-14 07:06:08.092902,Seoul-1d37,9,16,Normal
2026-02-14 07:06:09.092902,Seoul-1d37,-26,45,Normal
2026-02-14 07:06:10.092902,Seoul-1d37,-7,84,Normal
2026-02-14 07:06:11.092902,Seoul-1d37,-26,60,Normal
2026-02-14 07:06:12.092902,Seoul-1d37,2,26,Normal
2026-02-14 07:06:13.092902,Seoul-1d37,16,86,Normal
2026-02-14 07:06:14.092902,Seoul-1d37,18,77,Normal
2026-02-14 07:06:15.092902,Seoul-1d37,-22,79,Normal
2026-02-14 07:06:16.092902,Seoul-1d37,29,32,Normal
2026-02-14 07:06:17.092902,Seoul-1d37,33,55,Normal
2026-02-14 07:06:18.092902,Seoul-1d37,16,63,Normal
2026-02-14 07:06:19.092902,Seoul-1d37,18,57,Normal
2026-02-14 07:06:20.092902,Seoul-1d37,27,26,Normal
2026-02-14 07:06:21.092902,Seoul-1d37,-24,73,Normal
2026-02-14 07:06:22.092902,Seoul-1d37,18,82,Normal
2026-02-14 07:06:23.092902,Seoul-1d37,-5,86,Normal
2026-02-14 07:06:24.092902,Seoul-1d37,16,20,Normal
2026-02-14 07:06:25.092902,Seoul-1d37,38,11,Normal
2026-02-14 07:06:26.092902,Seoul-1d37,-16,67,Normal
2026-02-14 07:06:27.092902,Seoul-1d37,32,8,Normal
2026-02-14 07:06:28.092902,Seoul-1d37,4,28,Normal
2026-02-14 07:06:29.092902,Seoul-1d37,23,42,Normal
2026-02-14 07:06:30.092902,Seoul-1d37,-23,52,Normal
2026-02-14 07:06:31.092902,Seoul-1d37,25,85,Normal
2026-02-14 07:06:32.092902,Seoul-1d37,49,99,Normal
2026-02-14 07:06:33.092902,Seoul-1d37,-18,55,Normal
2026-02-14 07:06:34.092902,Seoul-1d37,24,34,Normal
2026-02-14 07:06:35.092902,Seoul-1d37,21,81,Normal
2026-02-14 07:06:36.092902,Seoul-1d37,-5,59,Normal
2026-02-14 07:06:37.092902,Seoul-1d37,19,69,Normal
2026-02-14 07:06:38.092902,Seoul-1d37,-23,9,Normal
2026-02-14 07:06:39.092902,Seoul-1d37,7,98,Normal
2026-02-14 07:06:40.092902,Seoul-1d37,2,52,Normal
2026-02-14 07:06:41.092902,Seoul-1d37,-3,57,Normal
2026-02-14 07:06:42.092902,Seoul-1d37,-27,74,Normal
2026-02-14 07:06:43.092902,Seoul-1d37,-19,99,Normal
2026-02-14 07:06:44.092902,Seoul-1d37,4,77,Normal
2026-02-14 07:06:45.092902,Seoul-1d37,35,21,Normal
2026-02-14 07:06:46.092902,Seoul-1d37,39,21,Normal
2026-02-14 07:06:47.092902,Seoul-1d37,-5,17,Normal
2026-02-14 07:06:48.092902,Seoul-1d37,49,32,Normal
2026-02-14 07:06:49.092902,Seoul-1d37,45,51,Normal
2026-02-14 07:06:50.092902,Seoul-1d37,0,23,Normal
2026-02-14 07:06:51.092902,Seoul-1d37,-25,30,Normal
2026-02-14 07:06:52.092902,Seoul-1d37,29,44,Normal
2026-02-14 07:06:53.092902,Seoul-1d37,33,7,Normal
2026-02-14 07:06:54.092902,Seoul-1d37,2,14,Normal
2026-02-14 07:06:55.092902,Seoul-1d37,-2,37,Normal
2026-02-14 07:06:56.092902,Seoul-1d37,12,47,Normal
2026-02-14 07:06:57.092902,Seoul-1d37,26,92,Normal
2026-02-14 07:06:58.092902,Seoul-1d37,29,33,Normal
2026-02-14 07:06:59.092902,Seoul-1d37,-18,60,Normal
2026-02-14 07:07:00.092902,Seoul-1d37,10,7,Normal
2026-02-14 07:07:01.092902,Seoul-1d37,20,51,Normal
2026-02-14 07:07:02.092902,Seoul-1d37,2,50,Normal
2026-02-14 07:07:03.092902,Seoul-1d37,5,99,Normal
2026-02-14 07:07:04.092902,Seoul-1d37,7,45,Normal
2026-02-14 07:07:05.092902,Seoul-1d37,-11,42,Normal
2026-02-14 07:07:06.092902,Seoul-1d37,2,84,Normal
2026-02-14 07:07:07.092902,Seoul-1d37,32,31,Normal
2026-02-14 07:07:08.092902,Seoul-1d37,46,44,Normal
2026-02-14 07:07:09.092902,Seoul-1d37,-12,15,Normal
2026-02-14 07:07:10.092902,Seoul-1d37,20,96,Normal
2026-02-14 07:07:11.092902,Seoul-1d37,23,45,Normal
2026-02-14 07:07:12.092902,Seoul-1d37,31,34,Normal
2026-02-14 07:07:13.092902,Seoul-1d37,27,3,Normal
2026-02-14 07:07:14.092902,Seoul-1d37,-21,65,Normal
2026-02-14 07:07:15.092902,Seoul-1d37,-13,4,Normal
2026-02-14 07:07:16.092902,Seoul-1d37,34,38,Normal
2026-02-14 07:07:17.092902,Seoul-1d37,-7,91,Normal
2026-02-14 07:07:18.092902,Seoul-1d37,8,14,Normal
2026-02-14 07:07:19.092902,Seoul-1d37,41,39,Normal
2026-02-14 07:07:20.092902,Seoul-1d37,45,6,Normal
2026-02-14 07:07:21.092902,Seoul-1d37,-18,49,Normal
2026-02-14 07:07:22.092902,Seoul-1d37,-22,0,Normal
2026-02-14 07:07:23.092902,Seoul-1d37,5,57,Normal
2026-02-14 07:07:24.092902,Seoul-1d37,26,83,Normal
2026-02-14 07:07:25.092902,Seoul-1d37,-20,25,Normal
2026-02-14 07:07:26.092902,Seoul-1d37,-1,65,Normal
2026-02-14 07:07:27.092902,Seoul-1d37,17,74,Normal
2026-02-14 07:07:28.092902,Seoul-1d37,-7,71,Normal
2026-02-14 07:07:29.092902,Seoul-1d37,-12,94,Normal
2026-02-14 07:07:30.092902,Seoul-1d37,-16,81,Normal
2026-02-14 07:07:31.092902,Seoul-1d37,14,72,Normal
2026-02-14 07:07:32.092902,Seoul-1d37,5,99,Normal
2026-02-14 07:07:33.092902,Seoul-1d37,36,99,Normal
2026-02-14 07:07:34.092902,Seoul-1d37,-21,37,Normal
2026-02-14 07:07:35.092902,Seoul-1d37,48,22,Normal
2026-02-14 07:07:36.092902,Seoul-1d37,15,55,Normal
2026-02-14 07:07:37.092902,Seoul-1d37,-14,68,Normal
2026-02-14 07:07:38.092902,Seoul-1d37,15,44,Normal
2026-02-14 07:07:39.092902,Seoul-1d37,14,67,Normal
2026-02-14 07:07:40.092902,Seoul-1d37,33,100,Normal
2026-02-14 07:07:41.092902,Seoul-1d37,33,8,Normal
2026-02-14 07:07:42.092902,Seoul-1d37,12,12,Normal
2026-02-14 07:07:43.092902,Seoul-1d37,30,50,Normal
2026-02-14 07:07:44.092902,Seoul-1d37,8,44,Normal
2026-02-14 07:07:45.092902,Seoul-1d37,20,50,Normal
2026-02-14 07:07:46.092902,Seoul-1d37,-19,69,Normal
2026-02-14 07:07:47.092902,Seoul-1d37,32,68,Normal
2026-02-14 07:07:48.092902,Seoul-1d37,26,77,Normal
2026-02-14 07:07:49.092902,Seoul-1d37,-13,10,Normal
2026-02-14 07:07:50.092902,Seoul-1d37,26,35,Normal
2026-02-14 07:07:51.092902,Seoul-1d37,-22,44,Normal
2026-02-14 07:07:52.092902,Seoul-1d37,20,38,Normal
2026-02-14 07:07:53.092902,Seoul-1d37,38,4,Normal
2026-02-14 07:07:54.092902,Seoul-1d37,31,49,Normal
2026-02-14 07:07:55.092902,Seoul-1d37,-7,35,Normal
2026-02-14 07:07:56.092902,Seoul-1d37,6,55,Normal
2026-02-14 07:07:57.092902,Seoul-1d37,-27,47,Normal
2026-02-14 07:07:58.092902,Seoul-1d37,-9,37,Normal
2026-02-14 07:07:59.092902,Seoul-1d37,45,67,Normal
2026-02-14 07:08:00.092902,Seoul-1d37,8,35,Normal
2026-02-14 07:08:01.092902,Seoul-1d37,35,45,Normal
2026-02-14 07:08:02.092902,Seoul-1d37,30,14,Normal
2026-02-14 07:08:03.092902,Seoul-1d37,-17,83,Normal
2026-02-14 07:08:04.092902,Seoul-1d37,34,72,Normal
2026-02-14 07:08:05.092902,Seoul-1d37,16,45,Normal
2026-02-14 07:08:06.092902,Seoul-1d37,-28,72,Normal
2026-02-14 07:08:07.092902,Seoul-1d37,-20,90,Normal
2026-02-14 07:08:08.092902,Seoul-1d37,40,26,Normal
2026-02-14 07:08:09.092902,Seoul-1d37,-22,58,Normal
2026-02-14 07:08:10.092902,Seoul-1d37,-10,26,Normal
2026-02-14 07:08:11.092902,Seoul-1d37,18,91,Normal
2026-02-14 07:08:12.092902,Seoul-1d37,-10,13,Normal
2026-02-14 07:08:13.092902,Seoul-1d37,36,58,Normal
2026-02-14 07:08:14.092902,Seoul-1d37,34,22,Normal
2026-02-14 07:08:15.092902,Seoul-1d37,8,12,Normal
2026-02-14 07:08:16.092902,Seoul-1d37,18,49,Normal
2026-02-14 07:08:17.092902,Seoul-1d37,-17,50,Normal
2026-02-14 07:08:18.092902,Seoul-1d37,42,55,Normal
2026-02-14 07:08:19.092902,Seoul-1d37,-7,26,Normal
2026-02-14 07:08:20.092902,Seoul-1d37,18,1,Normal
2026-02-14 07:08:21.092902,Seoul-1d37,-6,66,Normal
2026-02-14 07:08:22.092902,Seoul-1d37,27,1,Normal
2026-02-14 07:08:23.092902,Seoul-1d37,25,88,Normal
2026-02-14 07:08:24.092902,Seoul-1d37,-12,73,Normal
2026-02-14 07:08:25.092902,Seoul-1d37,-25,61,Normal
2026-02-14 07:08:26.092902,Seoul-1d37,14,59,Normal
2026-02-14 07:08:27.092902,Seoul-1d37,11,84,Normal
2026-02-14 07:08:28.092902,Seoul-1d37,-3,6,Normal
2026-02-14 07:08:29.092902,Seoul-1d37,44,43,Normal
2026-02-14 07:08:30.092902,Seoul-1d37,33,10,Normal
2026-02-14 07:08:31.092902,Seoul-1d37,-18,68,Normal
2026-02-14 07:08:32.092902,Seoul-1d37,31,98,Normal
2026-02-14 07:08:33.092902,Seoul-1d37,34,88,Normal
2026-02-14 07:08:34.092902,Seoul-1d37,-10,39,Normal
2026-02-14 07:08:35.092902,Seoul-1d37,36,8,Normal
2026-02-14 07:08:36.092902,Seoul-1d37,26,52,Normal
2026-02-14 07:08:37.092902,Seoul-1d37,31,16,Normal
2026-02-14 07:08:38.092902,Seoul-1d37,15,39,Normal
2026-02-14 07:08:39.092902,Seoul-1d37,37,57,Normal
2026-02-14 07:08:40.092902,Seoul-1d37,-14,54,Normal
2026-02-14 07:08:41.092902,Seoul-1d37,37,78,Normal
2026-02-14 07:08:42.092902,Seoul-1d37,13,8,Normal
2026-02-14 07:08:43.092902,Seoul-1d37,-13,37,Normal
2026-02-14 07:08:44.092902,Seoul-1d37,-8,82,Normal
2026-02-14 07:08:45.092902,Seoul-1d37,-24,99,Normal
2026-02-14 07:08:46.092902,Seoul-1d37,43,67,Normal
2026-02-14 07:08:47.092902,Seoul-1d37,-9,49,Normal
2026-02-14 07:08:48.092902,Seoul-1d37,-25,15,Normal
2026-02-14 07:08:49.092902,Seoul-1d37,29,7,Normal
2026-02-14 07:08:50.092902,Seoul-1d37,-23,16,Normal
2026-02-14 07:08:51.092902,Seoul-1d37,24,93,Normal
2026-02-14 07:08:52.092902,Seoul-1d37,22,69,Normal
2026-02-14 07:08:53.092902,Seoul-1d37,48,72,Normal
2026-02-14 07:08:54.092902,Seoul-1d37,-28,6,Normal
2026-02-14 07:08:55.092902,Seoul-1d37,-1,3,Normal
2026-02-14 07:08:56.092902,Seoul-1d37,3,3,Normal
2026-02-14 07:08:57.092902,Seoul-1d37,-22,46,Normal
2026-02-14 07:08:58.092902,Seoul-1d37,31,87,Normal
2026-02-14 07:08:59.092902,Seoul-1d37,23,89,Normal
2026-02-14 07:09:00.092902,Seoul-1d37,-2,18,Normal
2026-02-14 07:09:01.092902,Seoul-1d37,38,95,Normal
2026-02-14 07:09:02.092902,Seoul-1d37,39,16,Normal
2026-02-14 07:09:03.092902,Seoul-1d37,12,30,Normal
2026-02-14 07:09:04.092902,Seoul-1d37,17,60,Normal
2026-02-14 07:09:05.092902,Seoul-1d37,-7,22,Normal
2026-02-14 07:09:06.092902,Seoul-1d37,26,6,Normal
2026-02-14 07:09:07.092902,Seoul-1d37,14,3,Normal
2026-02-14 07:09:08.092902,Seoul-1d37,10,18,Normal
2026-02-14 07:09:09.092902,Seoul-1d37,-7,95,Normal
2026-02-14 07:09:10.092902,Seoul-1d37,6,66,Normal
2026-02-14 07:09:11.092902,Seoul-1d37,24,97,Normal
2026-02-14 07:09:12.092902,Seoul-1d37,-17,48,Normal
2026-02-14 07:09:13.092902,Seoul-1d37,22,50,Normal
2026-02-14 07:09:14.092902,Seoul-1d37,14,32,Normal
2026-02-14 07:09:15.092902,Seoul-1d37,9,19,Normal
2026-02-14 07:09:16.092902,Seoul-1d37,17,39,Normal
2026-02-14 07:09:17.092902,Seoul-1d37,-27,12,Normal
2026-02-14 07:09:18.092902,Seoul-1d37,30,4,Normal
2026-02-14 07:09:19.092902,Seoul-1d37,9,81,Normal
2026-02-14 07:09:20.092902,Seoul-1d37,22,35,Normal
2026-02-14 07:09:21.092902,Seoul-1d37,33,87,Normal
2026-02-14 07:09:22.092902,Seoul-1d37,3,91,Normal
2026-02-14 07:09:23.092902,Seoul-1d37,4,58,Normal
2026-02-14 07:09:24.092902,Seoul-1d37,-5,34,Normal
2026-02-14 07:09:25.092902,Seoul-1d37,28,97,Normal
2026-02-14 07:09:26.092902,Seoul-1d37,-4,45,Normal
2026-02-14 07:09:27.092902,Seoul-1d37,21,77,Normal
2026-02-14 07:09:28.092902,Seoul-1d37,-29,42,Normal
2026-02-14 07:09:29.092902,Seoul-1d37,5,39,Normal
2026-02-14 07:09:30.092902,Seoul-1d37,4,19,Normal
2026-02-14 07:09:31.092902,Seoul-1d37,8,60,Normal
2026-02-14 07:09:32.092902,Seoul-1d37,-15,89,Normal
2026-02-14 07:09:33.092902,Seoul-1d37,11,61,Normal
2026-02-14 07:09:34.092902,Seoul-1d37,27,34,Normal
2026-02-14 07:09:35.092902,Seoul-1d37,1,83,Normal
2026-02-14 07:09:36.092902,Seoul-1d37,30,46,Normal
2026-02-14 07:09:37.092902,Seoul-1d37,34,98,Normal
2026-02-14 07:09:38.092902,Seoul-1d37,50,73,Normal
2026-02-14 07:09:39.092902,Seoul-1d37,26,72,Normal
2026-02-14 07:09:40.092902,Seoul-1d37,-10,36,Normal
2026-02-14 07:09:41.092902,Seoul-1d37,49,16,Normal
2026-02-14 07:09:42.092902,Seoul-1d37,-6,44,Normal
2026-02-14 07:09:43.092902,Seoul-1d37,11,64,Normal
2026-02-14 07:09:44.092902,Seoul-1d37,10,51,Normal
2026-02-14 07:09:45.092902,Seoul-1d37,3,18,Normal
2026-02-14 07:09:46.092902,Seoul-1d37,-3,57,Normal
2026-02-14 07:09:47.092902,Seoul-1d37,2,11,Normal
2026-02-14 07:09:48.092902,Seoul-1d37,34,9,Normal
2026-02-14 07:09:49.092902,Seoul-1d37,35,26,Normal
2026-02-14 07:09:50.092902,Seoul-1d37,37,34,Normal
2026-02-14 07:09:51.092902,Seoul-1d37,5,28,Normal
2026-02-14 07:09:52.092902,Seoul-1d37,43,89,Normal
2026-02-14 07:09:53.092902,Seoul-1d37,31,51,Normal
2026-02-14 07:09:54.092902,Seoul-1d37,5,86,Normal
2026-02-14 07:09:55.092902,Seoul-1d37,17,12,Normal
2026-02-14 07:09:56.092902,Seoul-1d37,-25,91,Normal
2026-02-14 07:09:57.092902,Seoul-1d37,-15,67,Normal
2026-02-14 07:09:58.092902,Seoul-1d37,-26,28,Normal
2026-02-14 07:09:59.092902,Seoul-1d37,10,25,Normal
2026-02-14 07:10:00.092902,Seoul-1d37,2,45,Normal
2026-02-14 07:10:01.092902,Seoul-1d37,8,96,Normal
2026-02-14 07:10:02.092902,Seoul-1d37,19,75,Normal
2026-02-14 07:10:03.092902,Seoul-1d37,50,42,Normal
2026-02-14 07:10:04.092902,Seoul-1d37,-27,99,Normal
2026-02-14 07:10:05.092902,Seoul-1d37,-5,88,Normal
2026-02-14 07:10:06.092902,Seoul-1d37,7,81,Normal
2026-02-14 07:10:07.092902,Seoul-1d37,-1,99,Normal
2026-02-14 07:10:08.092902,Seoul-1d37,23,60,Normal
2026-02-14 07:10:09.092902,Seoul-1d37,16,90,Normal
2026-02-14 07:10:10.092902,Seoul-1d37,-19,30,Normal
2026-02-14 07:10:11.092902,Seoul-1d37,-29,90,Normal
2026-02-14 07:10:12.092902,Seoul-1d37,28,1,Normal
2026-02-14 07:10:13.092902,Seoul-1d37,-23,46,Normal
2026-02-14 07:10:14.092902,Seoul-1d37,-7,22,Normal
2026-02-14 07:10:15.092902,Seoul-1d37,28,82,Normal
2026-02-14 07:10:16.092902,Seoul-1d37,28,67,Normal
2026-02-14 07:10:17.092902,Seoul-1d37,-9,3,Normal
2026-02-14 07:10:18.092902,Seoul-1d37,26,8,Normal
2026-02-14 07:10:19.092902,Seoul-1d37,-23,0,Normal
2026-02-14 07:10:20.092902,Seoul-1d37,43,40,Normal
2026-02-14 07:10:21.092902,Seoul-1d37,36,39,Normal
2026-02-14 07:10:22.092902,Seoul-1d37,6,50,Normal
2026-02-14 07:10:23.092902,Seoul-1d37,50,55,Normal
2026-02-14 07:10:24.092902,Seoul-1d37,13,4,Normal
2026-02-14 07:10:25.092902,Seoul-1d37,-17,1,Normal
2026-02-14 07:10:26.092902,Seoul-1d37,26,51,Normal
2026-02-14 07:10:27.092902,Seoul-1d37,16,46,Normal
2026-02-14 07:10:28.092902,Seoul-1d37,27,76,Normal
2026-02-14 07:10:29.092902,Seoul-1d37,42,35,Normal
2026-02-14 07:10:30.092902,Seoul-1d37,-14,2,Normal
2026-02-14 07:10:31.092902,Seoul-1d37,43,90,Normal
2026-02-14 07:10:32.092902,Seoul-1d37,21,89,Normal
2026-02-14 07:10:33.092902,Seoul-1d37,45,79,Normal
2026-02-14 07:10:34.092902,Seoul-1d37,-10,5,Normal
2026-02-14 07:10:35.092902,Seoul-1d37,-18,14,Normal
2026-02-14 07:10:36.092902,Seoul-1d37,-15,20,Normal
2026-02-14 07:10:37.092902,Seoul-1d37,6,44,Normal
2026-02-14 07:10:38.092902,Seoul-1d37,4,22,Normal
2026-02-14 07:10:39.092902,Seoul-1d37,-3,53,Normal
2026-02-14 07:10:40.092902,Seoul-1d37,-28,47,Normal
2026-02-14 07:10:41.092902,Seoul-1d37,-18,31,Normal
2026-02-14 07:10:42.092902,Seoul-1d37,-4,98,Normal
2026-02-14 07:10:43.092902,Seoul-1d37,-10,56,Normal
2026-02-14 07:10:44.092902,Seoul-1d37,40,17,Normal
2026-02-14 07:10:45.092902,Seoul-1d37,27,29,Normal
2026-02-14 07:10:46.092902,Seoul-1d37,14,64,Normal
2026-02-14 07:10:47.092902,Seoul-1d37,-17,23,Normal
2026-02-14 07:10:48.092902,Seoul-1d37,-7,60,Normal
2026-02-14 07:10:49.092902,Seoul-1d37,43,14,Normal
2026-02-14 07:10:50.092902,Seoul-1d37,-27,58,Normal
2026-02-14 07:10:51.092902,Seoul-1d37,9,86,Normal
2026-02-14 07:10:52.092902,Seoul-1d37,34,54,Normal
2026-02-14 07:10:53.092902,Seoul-1d37,-1,47,Normal
2026-02-14 07:10:54.092902,Seoul-1d37,-29,68,Normal
2026-02-14 07:10:55.092902,Seoul-1d37,-29,63,Normal
2026-02-14 07:10:56.092902,Seoul-1d37,50,62,Normal
2026-02-14 07:10:57.092902,Seoul-1d37,45,37,Normal
2026-02-14 07:10:58.092902,Seoul-1d37,26,14,Normal
2026-02-14 07:10:59.092902,Seoul-1d37,34,22,Normal
2026-02-14 07:11:00.092902,Seoul-1d37,31,1,Normal
2026-02-14 07:11:01.092902,Seoul-1d37,15,4,Normal
2026-02-14 07:11:02.092902,Seoul-1d37,29,15,Normal
2026-02-14 07:11:03.092902,Seoul-1d37,-11,33,Normal
2026-02-14 07:11:04.092902,Seoul-1d37,0,100,Normal
2026-02-14 07:11:05.092902,Seoul-1d37,46,34,Normal
2026-02-14 07:11:06.092902,Seoul-1d37,1,45,Normal
2026-02-14 07:11:07.092902,Seoul-1d37,31,75,Normal
2026-02-14 07:11:08.092902,Seoul-1d37,25,80,Normal
2026-02-14 07:11:09.092902,Seoul-1d37,20,18,Normal
2026-02-14 07:11:10.092902,Seoul-1d37,-18,63,Normal
2026-02-14 07:11:11.092902,Seoul-1d37,11,61,Normal
2026-02-14 07:11:12.092902,Seoul-1d37,32,68,Normal
2026-02-14 07:11:13.092902,Seoul-1d37,1,1,Normal
2026-02-14 07:11:14.092902,Seoul-1d37,37,32,Normal
2026-02-14 07:11:15.092902,Seoul-1d37,47,40,Normal
2026-02-14 07:11:16.092902,Seoul-1d37,-26,18,Normal
2026-02-14 07:11:17.092902,Seoul-1d37,13,11,Normal
2026-02-14 07:11:18.092902,Seoul-1d37,40,22,Normal
2026-02-14 07:11:19.092902,Seoul-1d37,10,5,Normal
2026-02-14 07:11:20.092902,Seoul-1d37,-13,89,Normal
2026-02-14 07:11:21.092902,Seoul-1d37,22,59,Normal
2026-02-14 07:11:22.092902,Seoul-1d37,-23,21,Normal
2026-02-14 07:11:23.092902,Seoul-1d37,15,98,Normal
2026-02-14 07:11:24.092902,Seoul-1d37,-12,63,Normal
2026-02-14 07:11:25.092902,Seoul-1d37,49,54,Normal
2026-02-14 07:11:26.092902,Seoul-1d37,11,17,Normal
2026-02-14 07:11:27.092902,Seoul-1d37,-24,53,Normal
2026-02-14 07:11:28.092902,Seoul-1d37,24,64,Normal
2026-02-14 07:11:29.092902,Seoul-1d37,-8,46,Normal
2026-02-14 07:11:30.092902,Seoul-1d37,28,81,Normal
2026-02-14 07:11:31.092902,Seoul-1d37,-26,43,Normal
2026-02-14 07:11:32.092902,Seoul-1d37,2,52,Normal
2026-02-14 07:11:33.092902,Seoul-1d37,44,48,Normal
2026-02-14 07:11:34.092902,Seoul-1d37,27,52,Normal
2026-02-14 07:11:35.092902,Seoul-1d37,18,74,Normal
2026-02-14 07:11:36.092902,Seoul-1d37,47,16,Normal
2026-02-14 07:11:37.092902,Seoul-1d37,-25,9,Normal
2026-02-14 07:11:38.092902,Seoul-1d37,-30,41,Normal
2026-02-14 07:11:39.092902,Seoul-1d37,44,61,Normal
2026-02-14 07:11:40.092902,Seoul-1d37,-16,31,Normal
2026-02-14 07:11:41.092902,Seoul-1d37,-25,88,Normal
2026-02-14 07:11:42.092902,Seoul-1d37,10,17,Normal
2026-02-14 07:11:43.092902,Seoul-1d37,-23,73,Normal
2026-02-14 07:11:44.092902,Seoul-1d37,19,92,Normal
2026-02-14 07:11:45.092902,Seoul-1d37,35,95,Normal
2026-02-14 07:11:46.092902,Seoul-1d37,26,83,Normal
2026-02-14 07:11:47.092902,Seoul-1d37,-17,81,Normal
2026-02-14 07:11:48.092902,Seoul-1d37,-8,15,Normal
2026-02-14 07:11:49.092902,Seoul-1d37,50,47,Normal
2026-02-14 07:11:50.092902,Seoul-1d37,-3,77,Normal
2026-02-14 07:11:51.092902,Seoul-1d37,11,36,Normal
2026-02-14 07:11:52.092902,Seoul-1d37,-13,12,Normal
2026-02-14 07:11:53.092902,Seoul-1d37,37,69,Normal
2026-02-14 07:11:54.092902,Seoul-1d37,-13,67,Normal
2026-02-14 07:11:55.092902,Seoul-1d37,15,52,Normal
2026-02-14 07:11:56.092902,Seoul-1d37,6,29,Normal
2026-02-14 07:11:57.092902,Seoul-1d37,10,42,Normal
2026-02-14 07:11:58.092902,Seoul-1d37,47,26,Normal
2026-02-14 07:11:59.092902,Seoul-1d37,38,81,Normal
2026-02-14 07:12:00.092902,Seoul-1d37,5,49,Normal
2026-02-14 07:12:01.092902,Seoul-1d37,39,60,Normal
2026-02-14 07:12:02.092902,Seoul-1d37,-22,56,Normal
2026-02-14 07:12:03.092902,Seoul-1d37,1,5,Normal
2026-02-14 07:12:04.092902,Seoul-1d37,-25,98,Normal
2026-02-14 07:12:05.092902,Seoul-1d37,-23,80,Normal
2026-02-14 07:12:06.092902,Seoul-1d37,41,89,Normal
2026-02-14 07:12:07.092902,Seoul-1d37,28,66,Normal
2026-02-14 07:12:08.092902,Seoul-1d37,44,86,Normal
2026-02-14 07:12:09.092902,Seoul-1d37,-12,27,Normal
2026-02-14 07:12:10.092902,Seoul-1d37,36,0,Normal
2026-02-14 07:12:11.092902,Seoul-1d37,11,29,Normal
2026-02-14 07:12:12.092902,Seoul-1d37,-25,97,Normal
2026-02-14 07:12:13.092902,Seoul-1d37,-18,44,Normal
2026-02-14 07:12:14.092902,Seoul-1d37,46,52,Normal
2026-02-14 07:12:15.092902,Seoul-1d37,29,58,Normal
2026-02-14 07:12:16.092902,Seoul-1d37,45,14,Normal
2026-02-14 07:12:17.092902,Seoul-1d37,45,99,Normal
2026-02-14 07:12:18.092902,Seoul-1d37,-2,25,Normal
2026-02-14 07:12:19.092902,Seoul-1d37,4,46,Normal
2026-02-14 07:12:20.092902,Seoul-1d37,49,45,Normal
2026-02-14 07:12:21.092902,Seoul-1d37,33,17,Normal
2026-02-14 07:12:22.092902,Seoul-1d37,33,41,Normal
2026-02-14 07:12:23.092902,Seoul-1d37,-10,76,Normal
2026-02-14 07:12:24.092902,Seoul-1d37,21,75,Normal
2026-02-14 07:12:25.092902,Seoul-1d37,7,97,Normal
2026-02-14 07:12:26.092902,Seoul-1d37,31,65,Normal
2026-02-14 07:12:27.092902,Seoul-1d37,5,84,Normal
2026-02-14 07:12:28.092902,Seoul-1d37,37,98,Normal
2026-02-14 07:12:29.092902,Seoul-1d37,-17,55,Normal
2026-02-14 07:12:30.092902,Seoul-1d37,-21,40,Normal
2026-02-14 07:12:31.092902,Seoul-1d37,19,36,Normal
2026-02-14 07:12:32.092902,Seoul-1d37,-12,31,Normal
2026-02-14 07:12:33.092902,Seoul-1d37,-9,42,Normal
2026-02-14 07:12:34.092902,Seoul-1d37,-26,32,Normal
2026-02-14 07:12:35.092902,Seoul-1d37,23,34,Normal
2026-02-14 07:12:36.092902,Seoul-1d37,-26,40,Normal
2026-02-14 07:12:37.092902,Seoul-1d37,20,71,Normal
2026-02-14 07:12:38.092902,Seoul-1d37,11,5,Normal
2026-02-14 07:12:39.092902,Seoul-1d37,-4,62,Normal
2026-02-14 07:12:40.092902,Seoul-1d37,-19,77,Normal
2026-02-14 07:12:41.092902,Seoul-1d37,-23,42,Normal
2026-02-14 07:12:42.092902,Seoul-1d37,-6,6,Normal
2026-02-14 07:12:43.092902,Seoul-1d37,-14,37,Normal
2026-02-14 07:12:44.092902,Seoul-1d37,27,18,Normal
2026-02-14 07:12:45.092902,Seoul-1d37,0,60,Normal
2026-02-14 07:12:46.092902,Seoul-1d37,22,44,Normal
2026-02-14 07:12:47.092902,Seoul-1d37,-8,32,Normal
2026-02-14 07:12:48.092902,Seoul-1d37,12,2,Normal
2026-02-14 07:12:49.092902,Seoul-1d37,-29,46,Normal
2026-02-14 07:12:50.092902,Seoul-1d37,0,72,Normal
2026-02-14 07:12:51.092902,Seoul-1d37,4,72,Normal
2026-02-14 07:12:52.092902,Seoul-1d37,26,35,Normal
2026-02-14 07:12:53.092902,Seoul-1d37,-26,55,Normal
2026-02-14 07:12:54.092902,Seoul-1d37,31,97,Normal
2026-02-14 07:12:55.092902,Seoul-1d37,11,73,Normal
2026-02-14 07:12:56.092902,Seoul-1d37,50,92,Normal
2026-02-14 07:12:57.092902,Seoul-1d37,-28,27,Normal
2026-02-14 07:12:58.092902,Seoul-1d37,0,94,Normal
2026-02-14 07:12:59.092902,Seoul-1d37,37,42,Normal
2026-02-14 07:13:00.092902,Seoul-1d37,30,76,Normal
2026-02-14 07:13:01.092902,Seoul-1d37,16,54,Normal
2026-02-14 07:13:02.092902,Seoul-1d37,-1,73,Normal
2026-02-14 07:13:03.092902,Seoul-1d37,50,30,Normal
2026-02-14 07:13:04.092902,Seoul-1d37,37,97,Normal
2026-02-14 07:13:05.092902,Seoul-1d37,-16,35,Normal
2026-02-14 07:13:06.092902,Seoul-1d37,44,54,Normal
2026-02-14 07:13:07.092902,Seoul-1d37,-7,79,Normal
2026-02-14 07:13:08.092902,Seoul-1d37,-26,17,Normal
2026-02-14 07:13:09.092902,Seoul-1d37,-14,28,Normal
2026-02-14 07:13:10.092902,Seoul-1d37,-23,92,Normal
2026-02-14 07:13:11.092902,Seoul-1d37,5,79,Normal
2026-02-14 07:13:12.092902,Seoul-1d37,-22,40,Normal
2026-02-14 07:13:13.092902,Seoul-1d37,45,46,Normal
2026-02-14 07:13:14.092902,Seoul-1d37,12,26,Normal
2026-02-14 07:13:15.092902,Seoul-1d37,37,30,Normal
2026-02-14 07:13:16.092902,Seoul-1d37,23,91,Normal
2026-02-14 07:13:17.092902,Seoul-1d37,22,39,Normal
2026-02-14 07:13:18.092902,Seoul-1d37,-22,33,Normal
2026-02-14 07:13:19.092902,Seoul-1d37,11,61,Normal
2026-02-14 07:13:20.092902,Seoul-1d37,-6,62,Normal
2026-02-14 07:13:21.092902,Seoul-1d37,-4,59,Normal
2026-02-14 07:13:22.092902,Seoul-1d37,-22,57,Normal
2026-02-14 07:13:23.092902,Seoul-1d37,6,71,Normal
2026-02-14 07:13:24.092902,Seoul-1d37,28,79,Normal
2026-02-14 07:13:25.092902,Seoul-1d37,-7,12,Normal
2026-02-14 07:13:26.092902,Seoul-1d37,-21,26,Normal
2026-02-14 07:13:27.092902,Seoul-1d37,16,91,Normal
2026-02-14 07:13:28.092902,Seoul-1d37,-22,82,Normal
2026-02-14 07:13:29.092902,Seoul-1d37,-30,6,Normal
2026-02-14 07:13:30.092902,Seoul-1d37,31,2,Normal
2026-02-14 07:13:31.092902,Seoul-1d37,18,41,Normal
2026-02-14 07:13:32.092902,Seoul-1d37,7,3,Normal
2026-02-14 07:13:33.092902,Seoul-1d37,37,62,Normal
2026-02-14 07:13:34.092902,Seoul-1d37,0,9,Normal
2026-02-14 07:13:35.092902,Seoul-1d37,1,87,Normal
2026-02-14 07:13:36.092902,Seoul-1d37,30,50,Normal
2026-02-14 07:13:37.092902,Seoul-1d37,-15,89,Normal
2026-02-14 07:13:38.092902,Seoul-1d37,43,41,Normal
2026-02-14 07:13:39.092902,Seoul-1d37,-13,39,Normal
2026-02-14 07:13:40.092902,Seoul-1d37,30,10,Normal
2026-02-14 07:13:41.092902,Seoul-1d37,33,84,Normal
2026-02-14 07:13:42.092902,Seoul-1d37,-9,84,Normal
2026-02-14 07:13:43.092902,Seoul-1d37,-28,36,Normal
2026-02-14 07:13:44.092902,Seoul-1d37,-16,73,Normal
2026-02-14 07:13:45.092902,Seoul-1d37,0,49,Normal
2026-02-14 07:13:46.092902,Seoul-1d37,21,50,Normal
2026-02-14 07:13:47.092902,Seoul-1d37,15,76,Normal
2026-02-14 07:13:48.092902,Seoul-1d37,-26,21,Normal
2026-02-14 07:13:49.092902,Seoul-1d37,17,19,Normal
2026-02-14 07:13:50.092902,Seoul-1d37,-10,78,Normal
2026-02-14 07:13:51.092902,Seoul-1d37,19,100,Normal
2026-02-14 07:13:52.092902,Seoul-1d37,23,43,Normal
2026-02-14 07:13:53.092902,Seoul-1d37,40,40,Normal
2026-02-14 07:13:54.092902,Seoul-1d37,38,9,Normal
2026-02-14 07:13:55.092902,Seoul-1d37,-30,78,Normal
2026-02-14 07:13:56.092902,Seoul-1d37,-13,16,Normal
2026-02-14 07:13:57.092902,Seoul-1d37,31,16,Normal
2026-02-14 07:13:58.092902,Seoul-1d37,32,35,Normal
2026-02-14 07:13:59.092902,Seoul-1d37,-15,14,Normal
2026-02-14 07:14:00.092902,Seoul-1d37,43,68,Normal
2026-02-14 07:14:01.092902,Seoul-1d37,29,50,Normal
2026-02-14 07:14:02.092902,Seoul-1d37,38,7,Normal
2026-02-14 07:14:03.092902,Seoul-1d37,-27,14,Normal
2026-02-14 07:14:04.092902,Seoul-1d37,48,55,Normal
2026-02-14 07:14:05.092902,Seoul-1d37,12,86,Normal
2026-02-14 07:14:06.092902,Seoul-1d37,2,67,Normal
2026-02-14 07:14:07.092902,Seoul-1d37,10,44,Normal
2026-02-14 07:14:08.092902,Seoul-1d37,-19,15,Normal
2026-02-14 07:14:09.092902,Seoul-1d37,-10,35,Normal
2026-02-14 07:14:10.092902,Seoul-1d37,-15,72,Normal
2026-02-14 07:14:11.092902,Seoul-1d37,-4,42,Normal
2026-02-14 07:14:12.092902,Seoul-1d37,40,33,Normal
2026-02-14 07:14:13.092902,Seoul-1d37,-10,26,Normal
2026-02-14 07:14:14.092902,Seoul-1d37,5,61,Normal
2026-02-14 07:14:15.092902,Seoul-1d37,-28,34,Normal
2026-02-14 07:14:16.092902,Seoul-1d37,6,79,Normal
2026-02-14 07:14:17.092902,Seoul-1d37,25,81,Normal
2026-02-14 07:14:18.092902,Seoul-1d37,39,93,Normal
2026-02-14 07:14:19.092902,Seoul-1d37,-29,29,Normal
2026-02-14 07:14:20.092902,Seoul-1d37,-9,75,Normal
2026-02-14 07:14:21.092902,Seoul-1d37,29,82,Normal
2026-02-14 07:14:22.092902,Seoul-1d37,21,60,Normal
2026-02-14 07:14:23.092902,Seoul-1d37,-17,61,Normal
2026-02-14 07:14:24.092902,Seoul-1d37,47,32,Normal
2026-02-14 07:14:25.092902,Seoul-1d37,22,14,Normal
2026-02-14 07:14:26.092902,Seoul-1d37,-30,81,Normal
2026-02-14 07:14:27.092902,Seoul-1d37,1,23,Normal
2026-02-14 07:14:28.092902,Seoul-1d37,0,54,Normal
2026-02-14 07:14:29.092902,Seoul-1d37,44,95,Normal
2026-02-14 07:14:30.092902,Seoul-1d37,2,71,Normal
2026-02-14 07:14:31.092902,Seoul-1d37,28,0,Normal
2026-02-14 07:14:32.092902,Seoul-1d37,40,16,Normal
2026-02-14 07:14:33.092902,Seoul-1d37,5,47,Normal
2026-02-14 07:14:34.092902,Seoul-1d37,-19,96,Normal
2026-02-14 07:14:35.092902,Seoul-1d37,11,77,Normal
2026-02-14 07:14:36.092902,Seoul-1d37,-20,71,Normal
2026-02-14 07:14:37.092902,Seoul-1d37,1,70,Normal
2026-02-14 07:14:38.092902,Seoul-1d37,-15,31,Normal
2026-02-14 07:14:39.092902,Seoul-1d37,-21,45,Normal
2026-02-14 07:14:40.092902,Seoul-1d37,-27,92,Normal
2026-02-14 07:14:41.092902,Seoul-1d37,27,80,Normal
2026-02-14 07:14:42.092902,Seoul-1d37,24,27,Normal
2026-02-14 07:14:43.092902,Seoul-1d37,-5,80,Normal
2026-02-14 07:14:44.092902,Seoul-1d37,34,19,Normal
2026-02-14 07:14:45.092902,Seoul-1d37,11,70,Normal
2026-02-14 07:14:46.092902,Seoul-1d37,14,81,Normal
2026-02-14 07:14:47.092902,Seoul-1d37,48,24,Normal
2026-02-14 07:14:48.092902,Seoul-1d37,8,8,Normal
2026-02-14 07:14:49.092902,Seoul-1d37,7,2,Normal
2026-02-14 07:14:50.092902,Seoul-1d37,5,77,Normal
2026-02-14 07:14:51.092902,Seoul-1d37,25,0,Normal
2026-02-14 07:14:52.092902,Seoul-1d37,10,99,Normal
2026-02-14 07:14:53.092902,Seoul-1d37,5,3,Normal
2026-02-14 07:14:54.092902,Seoul-1d37,-10,100,Normal
2026-02-14 07:14:55.092902,Seoul-1d37,32,57,Normal
2026-02-14 07:14:56.092902,Seoul-1d37,19,63,Normal
2026-02-14 07:14:57.092902,Seoul-1d37,17,83,Normal
2026-02-14 07:14:58.092902,Seoul-1d37,-4,31,Normal
2026-02-14 07:14:59.092902,Seoul-1d37,-3,6,Normal
2026-02-14 07:15:00.092902,Seoul-1d37,16,41,Normal
2026-02-14 07:15:01.092902,Seoul-1d37,29,60,Normal
2026-02-14 07:15:02.092902,Seoul-1d37,-27,14,Normal
2026-02-14 07:15:03.092902,Seoul-1d37,34,99,Normal
2026-02-14 07:15:04.092902,Seoul-1d37,-3,35,Normal
2026-02-14 07:15:05.092902,Seoul-1d37,-17,100,Normal
2026-02-14 07:15:06.092902,Seoul-1d37,-16,17,Normal
2026-02-14 07:15:07.092902,Seoul-1d37,5,82,Normal
2026-02-14 07:15:08.092902,Seoul-1d37,-6,71,Normal
2026-02-14 07:15:09.092902,Seoul-1d37,34,49,Normal
2026-02-14 07:15:10.092902,Seoul-1d37,4,0,Normal
2026-02-14 07:15:11.092902,Seoul-1d37,-19,43,Normal
2026-02-14 07:15:12.092902,Seoul-1d37,-27,68,Normal
2026-02-14 07:15:13.092902,Seoul-1d37,4,96,Normal
2026-02-14 07:15:14.092902,Seoul-1d37,-18,74,Normal
2026-02-14 07:15:15.092902,Seoul-1d37,5,75,Normal
2026-02-14 07:15:16.092902,Seoul-1d37,-3,19,Normal
2026-02-14 07:15:17.092902,Seoul-1d37,-2,98,Normal
2026-02-14 07:15:18.092902,Seoul-1d37,-2,27,Normal
2026-02-14 07:15:19.092902,Seoul-1d37,-24,44,Normal
2026-02-14 07:15:20.092902,Seoul-1d37,32,17,Normal
2026-02-14 07:15:21.092902,Seoul-1d37,-30,35,Normal
2026-02-14 07:15:22.092902,Seoul-1d37,48,91,Normal
2026-02-14 07:15:23.092902,Seoul-1d37,49,95,Normal
2026-02-14 07:15:24.092902,Seoul-1d37,12,91,Normal
2026-02-14 07:15:25.092902,Seoul-1d37,35,29,Normal
2026-02-14 07:15:26.092902,Seoul-1d37,38,99,Normal
2026-02-14 07:15:27.092902,Seoul-1d37,18,62,Normal
2026-02-14 07:15:28.092902,Seoul-1d37,-10,72,Normal
2026-02-14 07:15:29.092902,Seoul-1d37,-21,48,Normal
2026-02-14 07:15:30.092902,Seoul-1d37,21,84,Normal
2026-02-14 07:15:31.092902,Seoul-1d37,-11,17,Normal
2026-02-14 07:15:32.092902,Seoul-1d37,29,10,Normal
2026-02-14 07:15:33.092902,Seoul-1d37,-5,5,Normal
2026-02-14 07:15:34.092902,Seoul-1d37,10,84,Normal
2026-02-14 07:15:35.092902,Seoul-1d37,5,41,Normal
2026-02-14 07:15:36.092902,Seoul-1d37,-17,82,Normal
2026-02-14 07:15:37.092902,Seoul-1d37,-4,14,Normal
2026-02-14 07:15:38.092902,Seoul-1d37,-11,45,Normal
2026-02-14 07:15:39.092902,Seoul-1d37,37,68,Normal
2026-02-14 07:15:40.092902,Seoul-1d37,42,87,Normal
2026-02-14 07:15:41.092902,Seoul-1d37,19,48,Normal
2026-02-14 07:15:42.092902,Seoul-1d37,48,100,Normal
2026-02-14 07:15:43.092902,Seoul-1d37,33,93,Normal
2026-02-14 07:15:44.092902,Seoul-1d37,-12,30,Normal
2026-02-14 07:15:45.092902,Seoul-1d37,21,18,Normal
2026-02-14 07:15:46.092902,Seoul-1d37,42,99,Normal
2026-02-14 07:15:47.092902,Seoul-1d37,0,56,Normal
2026-02-14 07:15:48.092902,Seoul-1d37,-29,61,Normal
2026-02-14 07:15:49.092902,Seoul-1d37,-11,65,Normal
2026-02-14 07:15:50.092902,Seoul-1d37,48,5,Normal
2026-02-14 07:15:51.092902,Seoul-1d37,-17,5,Normal
2026-02-14 07:15:52.092902,Seoul-1d37,-23,13,Normal
2026-02-14 07:15:53.092902,Seoul-1d37,-4,13,Normal
2026-02-14 07:15:54.092902,Seoul-1d37,24,6,Normal
2026-02-14 07:15:55.092902,Seoul-1d37,45,31,Normal
2026-02-14 07:15:56.092902,Seoul-1d37,-13,40,Normal
2026-02-14 07:15:57.092902,Seoul-1d37,14,77,Normal
2026-02-14 07:15:58.092902,Seoul-1d37,5,54,Normal
2026-02-14 07:15:59.092902,Seoul-1d37,22,15,Normal
2026-02-14 07:16:00.092902,Seoul-1d37,27,91,Normal
2026-02-14 07:16:01.092902,Seoul-1d37,13,4,Normal
2026-02-14 07:16:02.092902,Seoul-1d37,-7,25,Normal
2026-02-14 07:16:03.092902,Seoul-1d37,5,64,Normal
2026-02-14 07:16:04.092902,Seoul-1d37,46,19,Normal
2026-02-14 07:16:05.092902,Seoul-1d37,41,68,Normal
2026-02-14 07:16:06.092902,Seoul-1d37,-29,84,Normal
2026-02-14 07:16:07.092902,Seoul-1d37,-19,84,Normal
2026-02-14 07:16:08.092902,Seoul-1d37,1,36,Normal
2026-02-14 07:16:09.092902,Seoul-1d37,44,95,Normal
2026-02-14 07:16:10.092902,Seoul-1d37,28,87,Normal
2026-02-14 07:16:11.092902,Seoul-1d37,1,8,Normal
2026-02-14 07:16:12.092902,Seoul-1d37,24,51,Normal
2026-02-14 07:16:13.092902,Seoul-1d37,41,17,Normal
2026-02-14 07:16:14.092902,Seoul-1d37,45,33,Normal
2026-02-14 07:16:15.092902,Seoul-1d37,35,57,Normal
2026-02-14 07:16:16.092902,Seoul-1d37,-22,12,Normal
2026-02-14 07:16:17.092902,Seoul-1d37,36,24,Normal
2026-02-14 07:16:18.092902,Seoul-1d37,22,67,Normal
2026-02-14 07:16:19.092902,Seoul-1d37,34,58,Normal
2026-02-14 07:16:20.092902,Seoul-1d37,8,35,Normal
2026-02-14 07:16:21.092902,Seoul-1d37,16,97,Normal
2026-02-14 07:16:22.092902,Seoul-1d37,-30,79,Normal
2026-02-14 07:16:23.092902,Seoul-1d37,39,27,Normal
2026-02-14 07:16:24.092902,Seoul-1d37,4,3,Normal
2026-02-14 07:16:25.092902,Seoul-1d37,27,41,Normal
2026-02-14 07:16:26.092902,Seoul-1d37,17,47,Normal
2026-02-14 07:16:27.092902,Seoul-1d37,-3,63,Normal
2026-02-14 07:16:28.092902,Seoul-1d37,-4,7,Normal
2026-02-14 07:16:29.092902,Seoul-1d37,4,52,Normal
2026-02-14 07:16:30.092902,Seoul-1d37,-10,82,Normal
2026-02-14 07:16:31.092902,Seoul-1d37,-22,27,Normal
2026-02-14 07:16:32.092902,Seoul-1d37,37,89,Normal
2026-02-14 07:16:33.092902,Seoul-1d37,13,30,Normal
2026-02-14 07:16:34.092902,Seoul-1d37,17,94,Normal
2026-02-14 07:16:35.092902,Seoul-1d37,25,12,Normal
2026-02-14 07:16:36.092902,Seoul-1d37,19,34,Normal
2026-02-14 07:16:37.092902,Seoul-1d37,49,86,Normal
2026-02-14 07:16:38.092902,Seoul-1d37,21,19,Normal
2026-02-14 07:16:39.092902,Seoul-1d37,36,57,Normal
2026-02-14 07:16:40.092902,Seoul-1d37,28,35,Normal
2026-02-14 07:16:41.092902,Seoul-1d37,35,62,Normal
2026-02-14 07:16:42.092902,Seoul-1d37,-21,44,Normal
2026-02-14 07:16:43.092902,Seoul-1d37,10,44,Normal
2026-02-14 07:16:44.092902,Seoul-1d37,-24,70,Normal
2026-02-14 07:16:45.092902,Seoul-1d37,10,78,Normal
2026-02-14 07:16:46.092902,Seoul-1d37,-26,93,Normal
2026-02-14 07:16:47.092902,Seoul-1d37,28,59,Normal
2026-02-14 07:16:48.092902,Seoul-1d37,30,17,Normal
2026-02-14 07:16:49.092902,Seoul-1d37,24,58,Normal
2026-02-14 07:16:50.092902,Seoul-1d37,-8,16,Normal
2026-02-14 07:16:51.092902,Seoul-1d37,19,61,Normal
2026-02-14 07:16:52.092902,Seoul-1d37,37,65,Normal
2026-02-14 07:16:53.092902,Seoul-1d37,40,46,Normal
2026-02-14 07:16:54.092902,Seoul-1d37,32,59,Normal
2026-02-14 07:16:55.092902,Seoul-1d37,-7,34,Normal
2026-02-14 07:16:56.092902,Seoul-1d37,-21,32,Normal
2026-02-14 07:16:57.092902,Seoul-1d37,-9,68,Normal
2026-02-14 07:16:58.092902,Seoul-1d37,22,22,Normal
2026-02-14 07:16:59.092902,Seoul-1d37,14,28,Normal
2026-02-14 07:17:00.092902,Seoul-1d37,5,3,Normal
2026-02-14 07:17:01.092902,Seoul-1d37,-10,79,Normal
2026-02-14 07:17:02.092902,Seoul-1d37,-4,50,Normal
2026-02-14 07:17:03.092902,Seoul-1d37,41,30,Normal
2026-02-14 07:17:04.092902,Seoul-1d37,-6,61,Normal
2026-02-14 07:17:05.092902,Seoul-1d37,48,20,Normal
2026-02-14 07:17:06.092902,Seoul-1d37,-23,59,Normal
2026-02-14 07:17:07.092902,Seoul-1d37,-17,55,Normal
2026-02-14 07:17:08.092902,Seoul-1d37,-5,28,Normal
2026-02-14 07:17:09.092902,Seoul-1d37,-19,29,Normal
2026-02-14 07:17:10.092902,Seoul-1d37,-17,33,Normal
2026-02-14 07:17:11.092902,Seoul-1d37,-28,14,Normal
2026-02-14 07:17:12.092902,Seoul-1d37,21,59,Normal
2026-02-14 07:17:13.092902,Seoul-1d37,50,91,Normal
2026-02-14 07:17:14.092902,Seoul-1d37,39,85,Normal
2026-02-14 07:17:15.092902,Seoul-1d37,44,57,Normal
2026-02-14 07:17:16.092902,Seoul-1d37,-1,61,Normal
2026-02-14 07:17:17.092902,Seoul-1d37,-21,30,Normal
2026-02-14 07:17:18.092902,Seoul-1d37,-4,61,Normal
2026-02-14 07:17:19.092902,Seoul-1d37,-9,6,Normal
2026-02-14 07:17:20.092902,Seoul-1d37,-23,59,Normal
2026-02-14 07:17:21.092902,Seoul-1d37,-2,85,Normal
2026-02-14 07:17:22.092902,Seoul-1d37,24,1,Normal
2026-02-14 07:17:23.092902,Seoul-1d37,46,24,Normal
2026-02-14 07:17:24.092902,Seoul-1d37,30,87,Normal
2026-02-14 07:17:25.092902,Seoul-1d37,-20,95,Normal
2026-02-14 07:17:26.092902,Seoul-1d37,32,74,Normal
2026-02-14 07:17:27.092902,Seoul-1d37,31,64,Normal
2026-02-14 07:17:28.092902,Seoul-1d37,46,6,Normal
2026-02-14 07:17:29.092902,Seoul-1d37,-5,85,Normal
2026-02-14 07:17:30.092902,Seoul-1d37,-18,38,Normal
2026-02-14 07:17:31.092902,Seoul-1d37,-12,39,Normal
2026-02-14 07:17:32.092902,Seoul-1d37,6,45,Normal
2026-02-14 07:17:33.092902,Seoul-1d37,-25,6,Normal
2026-02-14 07:17:34.092902,Seoul-1d37,33,1,Normal
2026-02-14 07:17:35.092902,Seoul-1d37,17,90,Normal
2026-02-14 07:17:36.092902,Seoul-1d37,12,17,Normal
2026-02-14 07:17:37.092902,Seoul-1d37,8,89,Normal
2026-02-14 07:17:38.092902,Seoul-1d37,33,11,Normal
2026-02-14 07:17:39.092902,Seoul-1d37,29,51,Normal
2026-02-14 07:17:40.092902,Seoul-1d37,4,56,Normal
2026-02-14 07:17:41.092902,Seoul-1d37,31,21,Normal
2026-02-14 07:17:42.092902,Seoul-1d37,6,9,Normal
2026-02-14 07:17:43.092902,Seoul-1d37,6,64,Normal
2026-02-14 07:17:44.092902,Seoul-1d37,49,34,Normal
2026-02-14 07:17:45.092902,Seoul-1d37,19,9,Normal
2026-02-14 07:17:46.092902,Seoul-1d37,47,68,Normal
2026-02-14 07:17:47.092902,Seoul-1d37,2,22,Normal
2026-02-14 07:17:48.092902,Seoul-1d37,37,20,Normal
2026-02-14 07:17:49.092902,Seoul-1d37,2,27,Normal
2026-02-14 07:17:50.092902,Seoul-1d37,-2,82,Normal
2026-02-14 07:17:51.092902,Seoul-1d37,-24,22,Normal
2026-02-14 07:17:52.092902,Seoul-1d37,45,75,Normal
2026-02-14 07:17:53.092902,Seoul-1d37,-5,73,Normal
2026-02-14 07:17:54.092902,Seoul-1d37,50,12,Normal
2026-02-14 07:17:55.092902,Seoul-1d37,38,72,Normal
2026-02-14 07:17:56.092902,Seoul-1d37,50,94,Normal
2026-02-14 07:17:57.092902,Seoul-1d37,-30,22,Normal
2026-02-14 07:17:58.092902,Seoul-1d37,16,55,Normal
2026-02-14 07:17:59.092902,Seoul-1d37,15,13,Normal
2026-02-14 07:18:00.092902,Seoul-1d37,15,23,Normal
2026-02-14 07:18:01.092902,Seoul-1d37,30,7,Normal
2026-02-14 07:18:02.092902,Seoul-1d37,44,21,Normal
2026-02-14 07:18:03.092902,Seoul-1d37,7,52,Normal
2026-02-14 07:18:04.092902,Seoul-1d37,18,7,Normal
2026-02-14 07:18:05.092902,Seoul-1d37,-25,31,Normal
2026-02-14 07:18:06.092902,Seoul-1d37,-11,12,Normal
2026-02-14 07:18:07.092902,Seoul-1d37,0,87,Normal
2026-02-14 07:18:08.092902,Seoul-1d37,21,47,Normal
2026-02-14 07:18:09.092902,Seoul-1d37,-26,5,Normal
2026-02-14 07:18:10.092902,Seoul-1d37,6,82,Normal
2026-02-14 07:18:11.092902,Seoul-1d37,1,39,Normal
2026-02-14 07:18:12.092902,Seoul-1d37,17,40,Normal
2026-02-14 07:18:13.092902,Seoul-1d37,35,77,Normal
2026-02-14 07:18:14.092902,Seoul-1d37,-18,19,Normal
2026-02-14 07:18:15.092902,Seoul-1d37,38,17,Normal
2026-02-14 07:18:16.092902,Seoul-1d37,14,39,Normal
2026-02-14 07:18:17.092902,Seoul-1d37,-17,57,Normal
2026-02-14 07:18:18.092902,Seoul-1d37,38,31,Normal
2026-02-14 07:18:19.092902,Seoul-1d37,8,11,Normal
2026-02-14 07:18:20.092902,Seoul-1d37,7,24,Normal
2026-02-14 07:18:21.092902,Seoul-1d37,-27,45,Normal
2026-02-14 07:18:22.092902,Seoul-1d37,-15,64,Normal
2026-02-14 07:18:23.092902,Seoul-1d37,-6,19,Normal
2026-02-14 07:18:24.092902,Seoul-1d37,-11,95,Normal
2026-02-14 07:18:25.092902,Seoul-1d37,9,26,Normal
2026-02-14 07:18:26.092902,Seoul-1d37,-3,39,Normal
2026-02-14 07:18:27.092902,Seoul-1d37,2,40,Normal
2026-02-14 07:18:28.092902,Seoul-1d37,8,16,Normal
2026-02-14 07:18:29.092902,Seoul-1d37,15,82,Normal
2026-02-14 07:18:30.092902,Seoul-1d37,-25,58,Normal
2026-02-14 07:18:31.092902,Seoul-1d37,-23,36,Normal
2026-02-14 07:18:32.092902,Seoul-1d37,-9,70,Normal
2026-02-14 07:18:33.092902,Seoul-1d37,12,38,Normal
2026-02-14 07:18:34.092902,Seoul-1d37,20,91,Normal
2026-02-14 07:18:35.092902,Seoul-1d37,50,83,Normal
2026-02-14 07:18:36.092902,Seoul-1d37,-19,76,Normal
2026-02-14 07:18:37.092902,Seoul-1d37,-24,0,Normal
2026-02-14 07:18:38.092902,Seoul-1d37,36,36,Normal
2026-02-14 07:18:39.092902,Seoul-1d37,11,45,Normal
2026-02-14 07:18:40.092902,Seoul-1d37,29,78,Normal
2026-02-14 07:18:41.092902,Seoul-1d37,-4,86,Normal
2026-02-14 07:18:42.092902,Seoul-1d37,-27,73,Normal
2026-02-14 07:18:43.092902,Seoul-1d37,-26,64,Normal
2026-02-14 07:18:44.092902,Seoul-1d37,37,80,Normal
2026-02-14 07:18:45.092902,Seoul-1d37,33,54,Normal
2026-02-14 07:18:46.092902,Seoul-1d37,-27,6,Normal
2026-02-14 07:18:47.092902,Seoul-1d37,39,19,Normal
2026-02-14 07:18:48.092902,Seoul-1d37,32,91,Normal
2026-02-14 07:18:49.092902,Seoul-1d37,25,79,Normal
2026-02-14 07:18:50.092902,Seoul-1d37,30,77,Normal
2026-02-14 07:18:51.092902,Seoul-1d37,21,9,Normal
2026-02-14 07:18:52.092902,Seoul-1d37,-3,72,Normal
2026-02-14 07:18:53.092902,Seoul-1d37,-20,44,Normal
2026-02-14 07:18:54.092902,Seoul-1d37,-29,23,Normal
2026-02-14 07:18:55.092902,Seoul-1d37,33,92,Normal
2026-02-14 07:18:56.092902,Seoul-1d37,0,89,Normal
2026-02-14 07:18:57.092902,Seoul-1d37,-9,100,Normal
2026-02-14 07:18:58.092902,Seoul-1d37,10,31,Normal
2026-02-14 07:18:59.092902,Seoul-1d37,-2,47,Normal
2026-02-14 07:19:00.092902,Seoul-1d37,50,73,Normal
2026-02-14 07:19:01.092902,Seoul-1d37,40,38,Normal
2026-02-14 07:19:02.092902,Seoul-1d37,21,7,Normal
2026-02-14 07:19:03.092902,Seoul-1d37,26,81,Normal
2026-02-14 07:19:04.092902,Seoul-1d37,-15,79,Normal
2026-02-14 07:19:05.092902,Seoul-1d37,-3,14,Normal
2026-02-14 07:19:06.092902,Seoul-1d37,-23,24,Normal
2026-02-14 07:19:07.092902,Seoul-1d37,12,9,Normal
2026-02-14 07:19:08.092902,Seoul-1d37,5,37,Normal
2026-02-14 07:19:09.092902,Seoul-1d37,49,33,Normal
2026-02-14 07:19:10.092902,Seoul-1d37,-27,30,Normal
2026-02-14 07:19:11.092902,Seoul-1d37,39,87,Normal
2026-02-14 07:19:12.092902,Seoul-1d37,46,86,Normal
2026-02-14 07:19:13.092902,Seoul-1d37,4,95,Normal
2026-02-14 07:19:14.092902,Seoul-1d37,7,31,Normal
2026-02-14 07:19:15.092902,Seoul-1d37,16,25,Normal
2026-02-14 07:19:16.092902,Seoul-1d37,-21,35,Normal
2026-02-14 07:19:17.092902,Seoul-1d37,-3,52,Normal
2026-02-14 07:19:18.092902,Seoul-1d37,9,19,Normal
2026-02-14 07:19:19.092902,Seoul-1d37,30,4,Normal
2026-02-14 07:19:20.092902,Seoul-1d37,50,94,Normal
2026-02-14 07:19:21.092902,Seoul-1d37,41,6,Normal
2026-02-14 07:19:22.092902,Seoul-1d37,-20,73,Normal
2026-02-14 07:19:23.092902,Seoul-1d37,37,48,Normal
2026-02-14 07:19:24.092902,Seoul-1d37,-24,29,Normal
2026-02-14 07:19:25.092902,Seoul-1d37,42,30,Normal
2026-02-14 07:19:26.092902,Seoul-1d37,36,33,Normal
2026-02-14 07:19:27.092902,Seoul-1d37,17,41,Normal
2026-02-14 07:19:28.092902,Seoul-1d37,-19,8,Normal
2026-02-14 07:19:29.092902,Seoul-1d37,-28,96,Normal
2026-02-14 07:19:30.092902,Seoul-1d37,45,44,Normal
2026-02-14 07:19:31.092902,Seoul-1d37,13,86,Normal
2026-02-14 07:19:32.092902,Seoul-1d37,18,59,Normal
2026-02-14 07:19:33.092902,Seoul-1d37,1,44,Normal
2026-02-14 07:19:34.092902,Seoul-1d37,44,100,Normal
2026-02-14 07:19:35.092902,Seoul-1d37,-15,56,Normal
2026-02-14 07:19:36.092902,Seoul-1d37,-14,91,Normal
2026-02-14 07:19:37.092902,Seoul-1d37,29,24,Normal
2026-02-14 07:19:38.092902,Seoul-1d37,48,96,Normal
2026-02-14 07:19:39.092902,Seoul-1d37,44,95,Normal
2026-02-14 07:19:40.092902,Seoul-1d37,-17,68,Normal
2026-02-14 07:19:41.092902,Seoul-1d37,23,78,Normal
2026-02-14 07:19:42.092902,Seoul-1d37,24,47,Normal
2026-02-14 07:19:43.092902,Seoul-1d37,-7,11,Normal
2026-02-14 07:19:44.092902,Seoul-1d37,32,34,Normal
2026-02-14 07:19:45.092902,Seoul-1d37,-22,46,Normal
2026-02-14 07:19:46.092902,Seoul-1d37,41,99,Normal
2026-02-14 07:19:47.092902,Seoul-1d37,-20,68,Normal
2026-02-14 07:19:48.092902,Seoul-1d37,24,51,Normal
2026-02-14 07:19:49.092902,Seoul-1d37,-8,66,Normal
2026-02-14 07:19:50.092902,Seoul-1d37,3,31,Normal
2026-02-14 07:19:51.092902,Seoul-1d37,13,48,Normal
2026-02-14 07:19:52.092902,Seoul-1d37,49,19,Normal
2026-02-14 07:19:53.092902,Seoul-1d37,39,12,Normal
2026-02-14 07:19:54.092902,Seoul-1d37,21,62,Normal
2026-02-14 07:19:55.092902,Seoul-1d37,-15,25,Normal
2026-02-14 07:19:56.092902,Seoul-1d37,5,96,Normal
2026-02-14 07:19:57.092902,Seoul-1d37,-6,15,Normal
2026-02-14 07:19:58.092902,Seoul-1d37,39,5,Normal
2026-02-14 07:19:59.092902,Seoul-1d37,24,54,Normal
2026-02-14 07:20:00.092902,Seoul-1d37,44,15,Normal
2026-02-14 07:20:01.092902,Seoul-1d37,-13,51,Normal
2026-02-14 07:20:02.092902,Seoul-1d37,-8,61,Normal
2026-02-14 07:20:03.092902,Seoul-1d37,-24,56,Normal
2026-02-14 07:20:04.092902,Seoul-1d37,28,85,Normal
2026-02-14 07:20:05.092902,Seoul-1d37,8,46,Normal
2026-02-14 07:20:06.092902,Seoul-1d37,25,12,Normal
2026-02-14 07:20:07.092902,Seoul-1d37,-22,43,Normal
2026-02-14 07:20:08.092902,Seoul-1d37,-30,71,Normal
2026-02-14 07:20:09.092902,Seoul-1d37,21,44,Normal
2026-02-14 07:20:10.092902,Seoul-1d37,-14,93,Normal
2026-02-14 07:20:11.092902,Seoul-1d37,9,67,Normal
2026-02-14 07:20:12.092902,Seoul-1d37,-27,52,Normal
2026-02-14 07:20:13.092902,Seoul-1d37,25,43,Normal
2026-02-14 07:20:14.092902,Seoul-1d37,33,77,Normal
2026-02-14 07:20:15.092902,Seoul-1d37,-5,33,Normal
2026-02-14 07:20:16.092902,Seoul-1d37,-18,60,Normal
2026-02-14 07:20:17.092902,Seoul-1d37,2,99,Normal
2026-02-14 07:20:18.092902,Seoul-1d37,48,35,Normal
2026-02-14 07:20:19.092902,Seoul-1d37,-1,32,Normal
2026-02-14 07:20:20.092902,Seoul-1d37,7,94,Normal
2026-02-14 07:20:21.092902,Seoul-1d37,-3,9,Normal
2026-02-14 07:20:22.092902,Seoul-1d37,-2,5,Normal
2026-02-14 07:20:23.092902,Seoul-1d37,1,40,Normal
2026-02-14 07:20:24.092902,Seoul-1d37,24,48,Normal
2026-02-14 07:20:25.092902,Seoul-1d37,9,69,Normal
2026-02-14 07:20:26.092902,Seoul-1d37,16,14,Normal
2026-02-14 07:20:27.092902,Seoul-1d37,19,73,Normal
2026-02-14 07:20:28.092902,Seoul-1d37,16,25,Normal
2026-02-14 07:20:29.092902,Seoul-1d37,10,63,Normal
2026-02-14 07:20:30.092902,Seoul-1d37,37,4,Normal
2026-02-14 07:20:31.092902,Seoul-1d37,-10,16,Normal
2026-02-14 07:20:32.092902,Seoul-1d37,-27,24,Normal
2026-02-14 07:20:33.092902,Seoul-1d37,-2,92,Normal
2026-02-14 07:20:34.092902,Seoul-1d37,-15,79,Normal
2026-02-14 07:20:35.092902,Seoul-1d37,-21,51,Normal
2026-02-14 07:20:36.092902,Seoul-1d37,21,7,Normal
2026-02-14 07:20:37.092902,Seoul-1d37,11,87,Normal
2026-02-14 07:20:38.092902,Seoul-1d37,-24,23,Normal
2026-02-14 07:20:39.092902,Seoul-1d37,50,21,Normal
2026-02-14 07:20:40.092902,Seoul-1d37,26,22,Normal
2026-02-14 07:20:41.092902,Seoul-1d37,3,39,Normal
2026-02-14 07:20:42.092902,Seoul-1d37,19,35,Normal
2026-02-14 07:20:43.092902,Seoul-1d37,-2,94,Normal
2026-02-14 07:20:44.092902,Seoul-1d37,12,58,Normal
2026-02-14 07:20:45.092902,Seoul-1d37,5,93,Normal
2026-02-14 07:20:46.092902,Seoul-1d37,-3,53,Normal
2026-02-14 07:20:47.092902,Seoul-1d37,29,66,Normal
2026-02-14 07:20:48.092902,Seoul-1d37,-6,33,Normal
2026-02-14 07:20:49.092902,Seoul-1d37,43,54,Normal
2026-02-14 07:20:50.092902,Seoul-1d37,-19,92,Normal
2026-02-14 07:20:51.092902,Seoul-1d37,11,99,Normal
2026-02-14 07:20:52.092902,Seoul-1d37,-5,63,Normal
2026-02-14 07:20:53.092902,Seoul-1d37,11,89,Normal
2026-02-14 07:20:54.092902,Seoul-1d37,-4,92,Normal
2026-02-14 07:20:55.092902,Seoul-1d37,-7,78,Normal
2026-02-14 07:20:56.092902,Seoul-1d37,-10,74,Normal
2026-02-14 07:20:57.092902,Seoul-1d37,41,90,Normal
2026-02-14 07:20:58.092902,Seoul-1d37,26,39,Normal
2026-02-14 07:20:59.092902,Seoul-1d37,26,4,Normal
2026-02-14 07:21:00.092902,Seoul-1d37,-11,27,Normal
2026-02-14 07:21:01.092902,Seoul-1d37,8,55,Normal
2026-02-14 07:21:02.092902,Seoul-1d37,-21,41,Normal
2026-02-14 07:21:03.092902,Seoul-1d37,46,46,Normal
2026-02-14 07:21:04.092902,Seoul-1d37,-26,35,Normal
2026-02-14 07:21:05.092902,Seoul-1d37,48,62,Normal
2026-02-14 07:21:06.092902,Seoul-1d37,16,71,Normal
2026-02-14 07:21:07.092902,Seoul-1d37,2,21,Normal
2026-02-14 07:21:08.092902,Seoul-1d37,45,85,Normal
2026-02-14 07:21:09.092902,Seoul-1d37,-14,91,Normal
2026-02-14 07:21:10.092902,Seoul-1d37,37,8,Normal
2026-02-14 07:21:11.092902,Seoul-1d37,21,90,Normal
2026-02-14 07:21:12.092902,Seoul-1d37,11,81,Normal
2026-02-14 07:21:13.092902,Seoul-1d37,15,98,Normal
2026-02-14 07:21:14.092902,Seoul-1d37,25,2,Normal
2026-02-14 07:21:15.092902,Seoul-1d37,-29,4,Normal
2026-02-14 07:21:16.092902,Seoul-1d37,-24,33,Normal
2026-02-14 07:21:17.092902,Seoul-1d37,45,29,Normal
2026-02-14 07:21:18.092902,Seoul-1d37,45,73,Normal
2026-02-14 07:21:19.092902,Seoul-1d37,2,64,Normal
2026-02-14 07:21:20.092902,Seoul-1d37,-22,0,Normal
2026-02-14 07:21:21.092902,Seoul-1d37,-10,38,Normal
2026-02-14 07:21:22.092902,Seoul-1d37,47,77,Normal
2026-02-14 07:21:23.092902,Seoul-1d37,-27,91,Normal
2026-02-14 07:21:24.092902,Seoul-1d37,20,22,Normal
2026-02-14 07:21:25.092902,Seoul-1d37,19,41,Normal
2026-02-14 07:21:26.092902,Seoul-1d37,48,80,Normal
2026-02-14 07:21:27.092902,Seoul-1d37,-28,85,Normal
2026-02-14 07:21:28.092902,Seoul-1d37,-17,80,Normal
2026-02-14 07:21:29.092902,Seoul-1d37,-28,51,Normal
2026-02-14 07:21:30.092902,Seoul-1d37,-12,16,Normal
2026-02-14 07:21:31.092902,Seoul-1d37,-19,55,Normal
2026-02-14 07:21:32.092902,Seoul-1d37,21,47,Normal
2026-02-14 07:21:33.092902,Seoul-1d37,19,47,Normal
2026-02-14 07:21:34.092902,Seoul-1d37,49,60,Normal
2026-02-14 07:21:35.092902,Seoul-1d37,15,48,Normal
2026-02-14 07:21:36.092902,Seoul-1d37,-3,39,Normal
2026-02-14 07:21:37.092902,Seoul-1d37,-9,79,Normal
2026-02-14 07:21:38.092902,Seoul-1d37,32,23,Normal
2026-02-14 07:21:39.092902,Seoul-1d37,14,86,Normal
2026-02-14 07:21:40.092902,Seoul-1d37,1,31,Normal
2026-02-14 07:21:41.092902,Seoul-1d37,46,70,Normal
2026-02-14 07:21:42.092902,Seoul-1d37,-17,15,Normal
2026-02-14 07:21:43.092902,Seoul-1d37,14,21,Normal
2026-02-14 07:21:44.092902,Seoul-1d37,9,26,Normal
2026-02-14 07:21:45.092902,Seoul-1d37,-30,12,Normal
2026-02-14 07:21:46.092902,Seoul-1d37,33,83,Normal
2026-02-14 07:21:47.092902,Seoul-1d37,-10,10,Normal
2026-02-14 07:21:48.092902,Seoul-1d37,11,54,Normal
2026-02-14 07:21:49.092902,Seoul-1d37,49,13,Normal
2026-02-14 07:21:50.092902,Seoul-1d37,25,37,Normal
2026-02-14 07:21:51.092902,Seoul-1d37,18,64,Normal
2026-02-14 07:21:52.092902,Seoul-1d37,13,27,Normal
2026-02-14 07:21:53.092902,Seoul-1d37,9,22,Normal
2026-02-14 07:21:54.092902,Seoul-1d37,26,75,Normal
2026-02-14 07:21:55.092902,Seoul-1d37,-29,3,Normal
2026-02-14 07:21:56.092902,Seoul-1d37,40,34,Normal
2026-02-14 07:21:57.092902,Seoul-1d37,38,4,Normal
2026-02-14 07:21:58.092902,Seoul-1d37,38,52,Normal
2026-02-14 07:21:59.092902,Seoul-1d37,-19,1,Normal
2026-02-14 07:22:00.092902,Seoul-1d37,38,81,Normal
2026-02-14 07:22:01.092902,Seoul-1d37,46,17,Normal
2026-02-14 07:22:02.092902,Seoul-1d37,37,7,Normal
2026-02-14 07:22:03.092902,Seoul-1d37,26,45,Normal
2026-02-14 07:22:04.092902,Seoul-1d37,31,71,Normal
2026-02-14 07:22:05.092902,Seoul-1d37,-5,60,Normal
2026-02-14 07:22:06.092902,Seoul-1d37,-25,40,Normal
2026-02-14 07:22:07.092902,Seoul-1d37,19,12,Normal
2026-02-14 07:22:08.092902,Seoul-1d37,-23,63,Normal
2026-02-14 07:22:09.092902,Seoul-1d37,18,13,Normal
2026-02-14 07:22:10.092902,Seoul-1d37,-2,87,Normal
2026-02-14 07:22:11.092902,Seoul-1d37,-10,90,Normal
2026-02-14 07:22:12.092902,Seoul-1d37,-23,66,Normal
2026-02-14 07:22:13.092902,Seoul-1d37,23,54,Normal
2026-02-14 07:22:14.092902,Seoul-1d37,-28,77,Normal
2026-02-14 07:22:15.092902,Seoul-1d37,41,22,Normal
2026-02-14 07:22:16.092902,Seoul-1d37,35,5,Normal
2026-02-14 07:22:17.092902,Seoul-1d37,-20,88,Normal
2026-02-14 07:22:18.092902,Seoul-1d37,-1,31,Normal
2026-02-14 07:22:19.092902,Seoul-1d37,49,45,Normal
2026-02-14 07:22:20.092902,Seoul-1d37,-16,84,Normal
2026-02-14 07:22:21.092902,Seoul-1d37,-27,87,Normal
2026-02-14 07:22:22.092902,Seoul-1d37,-10,33,Normal
2026-02-14 07:22:23.092902,Seoul-1d37,23,87,Normal
2026-02-14 07:22:24.092902,Seoul-1d37,-28,29,Normal
2026-02-14 07:22:25.092902,Seoul-1d37,18,39,Normal
2026-02-14 07:22:26.092902,Seoul-1d37,-14,65,Normal
2026-02-14 07:22:27.092902,Seoul-1d37,-27,25,Normal
2026-02-14 07:22:28.092902,Seoul-1d37,40,82,Normal
2026-02-14 07:22:29.092902,Seoul-1d37,-21,85,Normal
2026-02-14 07:22:30.092902,Seoul-1d37,40,24,Normal
2026-02-14 07:22:31.092902,Seoul-1d37,-26,69,Normal
2026-02-14 07:22:32.092902,Seoul-1d37,32,0,Normal
2026-02-14 07:22:33.092902,Seoul-1d37,-12,0,Normal
2026-02-14 07:22:34.092902,Seoul-1d37,6,10,Normal
2026-02-14 07:22:35.092902,Seoul-1d37,47,13,Normal
2026-02-14 07:22:36.092902,Seoul-1d37,-21,3,Normal
2026-02-14 07:22:37.092902,Seoul-1d37,-27,49,Normal
2026-02-14 07:22:38.092902,Seoul-1d37,-25,3,Normal
2026-02-14 07:22:39.092902,Seoul-1d37,-17,4,Normal
2026-02-14 07:22:40.092902,Seoul-1d37,-16,22,Normal
2026-02-14 07:22:41.092902,Seoul-1d37,2,66,Normal
2026-02-14 07:22:42.092902,Seoul-1d37,27,1,Normal
2026-02-14 07:22:43.092902,Seoul-1d37,43,39,Normal
2026-02-14 07:22:44.092902,Seoul-1d37,20,49,Normal
2026-02-14 07:22:45.092902,Seoul-1d37,-22,73,Normal
2026-02-14 07:22:46.092902,Seoul-1d37,38,95,Normal
2026-02-14 07:22:47.092902,Seoul-1d37,27,60,Normal
2026-02-14 07:22:48.092902,Seoul-1d37,-4,86,Normal
2026-02-14 07:22:49.092902,Seoul-1d37,34,53,Normal
2026-02-14 07:22:50.092902,Seoul-1d37,40,84,Normal
2026-02-14 07:22:51.092902,Seoul-1d37,43,73,Normal
2026-02-14 07:22:52.092902,Seoul-1d37,1,44,Normal
2026-02-14 07:22:53.092902,Seoul-1d37,40,29,Normal
2026-02-14 07:22:54.092902,Seoul-1d37,-15,97,Normal
2026-02-14 07:22:55.092902,Seoul-1d37,-6,37,Normal
2026-02-14 07:22:56.092902,Seoul-1d37,26,22,Normal
2026-02-14 07:22:57.092902,Seoul-1d37,6,80,Normal
2026-02-14 07:22:58.092902,Seoul-1d37,40,98,Normal
2026-02-14 07:22:59.092902,Seoul-1d37,38,88,Normal
2026-02-14 07:23:00.092902,Seoul-1d37,16,68,Normal
2026-02-14 07:23:01.092902,Seoul-1d37,10,14,Normal
2026-02-14 07:23:02.092902,Seoul-1d37,18,56,Normal
2026-02-14 07:23:03.092902,Seoul-1d37,-5,80,Normal
2026-02-14 07:23:04.092902,Seoul-1d37,6,89,Normal
2026-02-14 07:23:05.092902,Seoul-1d37,39,35,Normal
2026-02-14 07:23:06.092902,Seoul-1d37,11,28,Normal
2026-02-14 07:23:07.092902,Seoul-1d37,34,29,Normal
2026-02-14 07:23:08.092902,Seoul-1d37,20,70,Normal
2026-02-14 07:23:09.092902,Seoul-1d37,21,26,Normal
2026-02-14 07:23:10.092902,Seoul-1d37,49,33,Normal
2026-02-14 07:23:11.092902,Seoul-1d37,-21,40,Normal
2026-02-14 07:23:12.092902,Seoul-1d37,14,57,Normal
2026-02-14 07:23:13.092902,Seoul-1d37,45,6,Normal
2026-02-14 07:23:14.092902,Seoul-1d37,-24,89,Normal
2026-02-14 07:23:15.092902,Seoul-1d37,-30,49,Normal
2026-02-14 07:23:16.092902,Seoul-1d37,-2,20,Normal
2026-02-14 07:23:17.092902,Seoul-1d37,-18,27,Normal
2026-02-14 07:23:18.092902,Seoul-1d37,30,56,Normal
2026-02-14 07:23:19.092902,Seoul-1d37,29,81,Normal
2026-02-14 07:23:20.092902,Seoul-1d37,13,78,Normal
2026-02-14 07:23:21.092902,Seoul-1d37,-9,21,Normal
2026-02-14 07:23:22.092902,Seoul-1d37,-24,39,Normal
2026-02-14 07:23:23.092902,Seoul-1d37,3,45,Normal
2026-02-14 07:23:24.092902,Seoul-1d37,40,8,Normal
2026-02-14 07:23:25.092902,Seoul-1d37,-25,84,Normal
2026-02-14 07:23:26.092902,Seoul-1d37,9,82,Normal
2026-02-14 07:23:27.092902,Seoul-1d37,31,79,Normal
2026-02-14 07:23:28.092902,Seoul-1d37,37,44,Normal
2026-02-14 07:23:29.092902,Seoul-1d37,40,3,Normal
2026-02-14 07:23:30.092902,Seoul-1d37,7,69,Normal
2026-02-14 07:23:31.092902,Seoul-1d37,25,0,Normal
2026-02-14 07:23:32.092902,Seoul-1d37,-9,72,Normal
2026-02-14 07:23:33.092902,Seoul-1d37,33,75,Normal
2026-02-14 07:23:34.092902,Seoul-1d37,10,97,Normal
2026-02-14 07:23:35.092902,Seoul-1d37,-4,54,Normal
2026-02-14 07:23:36.092902,Seoul-1d37,14,67,Normal
2026-02-14 07:23:37.092902,Seoul-1d37,47,83,Normal
2026-02-14 07:23:38.092902,Seoul-1d37,16,70,Normal
2026-02-14 07:23:39.092902,Seoul-1d37,4,29,Normal
2026-02-14 07:23:40.092902,Seoul-1d37,43,5,Normal
2026-02-14 07:23:41.092902,Seoul-1d37,0,54,Normal
2026-02-14 07:23:42.092902,Seoul-1d37,-30,90,Normal
2026-02-14 07:23:43.092902,Seoul-1d37,46,54,Normal
2026-02-14 07:23:44.092902,Seoul-1d37,17,88,Normal
2026-02-14 07:23:45.092902,Seoul-1d37,41,1,Normal
2026-02-14 07:23:46.092902,Seoul-1d37,7,17,Normal
2026-02-14 07:23:47.092902,Seoul-1d37,41,81,Normal
2026-02-14 07:23:48.092902,Seoul-1d37,-19,76,Normal
2026-02-14 07:23:49.092902,Seoul-1d37,41,61,Normal
2026-02-14 07:23:50.092902,Seoul-1d37,-24,73,Normal
2026-02-14 07:23:51.092902,Seoul-1d37,-5,0,Normal
2026-02-14 07:23:52.092902,Seoul-1d37,40,77,Normal
2026-02-14 07:23:53.092902,Seoul-1d37,-17,65,Normal
2026-02-14 07:23:54.092902,Seoul-1d37,-2,2,Normal
2026-02-14 07:23:55.092902,Seoul-1d37,41,63,Normal
2026-02-14 07:23:56.092902,Seoul-1d37,10,23,Normal
2026-02-14 07:23:57.092902,Seoul-1d37,35,20,Normal
2026-02-14 07:23:58.092902,Seoul-1d37,14,46,Normal
2026-02-14 07:23:59.092902,Seoul-1d37,-4,20,Normal
2026-02-14 07:24:00.092902,Seoul-1d37,-21,21,Normal
2026-02-14 07:24:01.092902,Seoul-1d37,-15,85,Normal
2026-02-14 07:24:02.092902,Seoul-1d37,31,41,Normal
2026-02-14 07:24:03.092902,Seoul-1d37,40,4,Normal
2026-02-14 07:24:04.092902,Seoul-1d37,0,76,Normal
2026-02-14 07:24:05.092902,Seoul-1d37,30,11,Normal
2026-02-14 07:24:06.092902,Seoul-1d37,23,21,Normal
2026-02-14 07:24:07.092902,Seoul-1d37,38,93,Normal
2026-02-14 07:24:08.092902,Seoul-1d37,31,84,Normal
2026-02-14 07:24:09.092902,Seoul-1d37,-22,85,Normal
2026-02-14 07:24:10.092902,Seoul-1d37,13,43,Normal
2026-02-14 07:24:11.092902,Seoul-1d37,28,19,Normal
2026-02-14 07:24:12.092902,Seoul-1d37,35,45,Normal
2026-02-14 07:24:13.092902,Seoul-1d37,27,19,Normal
2026-02-14 07:24:14.092902,Seoul-1d37,34,26,Normal
2026-02-14 07:24:15.092902,Seoul-1d37,14,9,Normal
2026-02-14 07:24:16.092902,Seoul-1d37,30,93,Normal
2026-02-14 07:24:17.092902,Seoul-1d37,19,56,Normal
2026-02-14 07:24:18.092902,Seoul-1d37,17,75,Normal
2026-02-14 07:24:19.092902,Seoul-1d37,-30,86,Normal
2026-02-14 07:24:20.092902,Seoul-1d37,-30,54,Normal
2026-02-14 07:24:21.092902,Seoul-1d37,-28,84,Normal
2026-02-14 07:24:22.092902,Seoul-1d37,12,75,Normal
2026-02-14 07:24:23.092902,Seoul-1d37,14,43,Normal
2026-02-14 07:24:24.092902,Seoul-1d37,5,37,Normal
2026-02-14 07:24:25.092902,Seoul-1d37,-23,31,Normal
2026-02-14 07:24:26.092902,Seoul-1d37,-6,53,Normal
2026-02-14 07:24:27.092902,Seoul-1d37,10,99,Normal
2026-02-14 07:24:28.092902,Seoul-1d37,7,45,Normal
2026-02-14 07:24:29.092902,Seoul-1d37,-3,100,Normal
2026-02-14 07:24:30.092902,Seoul-1d37,-26,15,Normal
2026-02-14 07:24:31.092902,Seoul-1d37,5,37,Normal
2026-02-14 07:24:32.092902,Seoul-1d37,21,21,Normal
2026-02-14 07:24:33.092902,Seoul-1d37,-12,74,Normal
2026-02-14 07:24:34.092902,Seoul-1d37,-11,30,Normal
2026-02-14 07:24:35.092902,Seoul-1d37,26,66,Normal
2026-02-14 07:24:36.092902,Seoul-1d37,27,52,Normal
2026-02-14 07:24:37.092902,Seoul-1d37,25,88,Normal
2026-02-14 07:24:38.092902,Seoul-1d37,-30,25,Normal
2026-02-14 07:24:39.092902,Seoul-1d37,38,77,Normal
2026-02-14 07:24:40.092902,Seoul-1d37,4,41,Normal
2026-02-14 07:24:41.092902,Seoul-1d37,-2,73,Normal
2026-02-14 07:24:42.092902,Seoul-1d37,21,51,Normal
2026-02-14 07:24:43.092902,Seoul-1d37,36,60,Normal
2026-02-14 07:24:44.092902,Seoul-1d37,-26,34,Normal
2026-02-14 07:24:45.092902,Seoul-1d37,27,51,Normal
2026-02-14 07:24:46.092902,Seoul-1d37,8,35,Normal
2026-02-14 07:24:47.092902,Seoul-1d37,7,99,Normal
2026-02-14 07:24:48.092902,Seoul-1d37,24,44,Normal
2026-02-14 07:24:49.092902,Seoul-1d37,-5,53,Normal
2026-02-14 07:24:50.092902,Seoul-1d37,20,28,Normal
2026-02-14 07:24:51.092902,Seoul-1d37,-26,41,Normal
2026-02-14 07:24:52.092902,Seoul-1d37,-21,31,Normal
2026-02-14 07:24:53.092902,Seoul-1d37,-16,72,Normal
2026-02-14 07:24:54.092902,Seoul-1d37,14,48,Normal
2026-02-14 07:24:55.092902,Seoul-1d37,50,52,Normal
2026-02-14 07:24:56.092902,Seoul-1d37,3,87,Normal
2026-02-14 07:24:57.092902,Seoul-1d37,-4,45,Normal
2026-02-14 07:24:58.092902,Seoul-1d37,22,70,Normal
2026-02-14 07:24:59.092902,Seoul-1d37,18,21,Normal
2026-02-14 07:25:00.092902,Seoul-1d37,-18,100,Normal
2026-02-14 07:25:01.092902,Seoul-1d37,41,29,Normal
2026-02-14 07:25:02.092902,Seoul-1d37,-24,9,Normal
2026-02-14 07:25:03.092902,Seoul-1d37,42,7,Normal
2026-02-14 07:25:04.092902,Seoul-1d37,39,98,Normal
2026-02-14 07:25:05.092902,Seoul-1d37,-22,91,Normal
2026-02-14 07:25:06.092902,Seoul-1d37,10,42,Normal
2026-02-14 07:25:07.092902,Seoul-1d37,6,12,Normal
2026-02-14 07:25:08.092902,Seoul-1d37,46,46,Normal
2026-02-14 07:25:09.092902,Seoul-1d37,-22,50,Normal
2026-02-14 07:25:10.092902,Seoul-1d37,-10,68,Normal
2026-02-14 07:25:11.092902,Seoul-1d37,34,91,Normal
2026-02-14 07:25:12.092902,Seoul-1d37,18,34,Normal
2026-02-14 07:25:13.092902,Seoul-1d37,26,56,Normal
2026-02-14 07:25:14.092902,Seoul-1d37,37,73,Normal
2026-02-14 07:25:15.092902,Seoul-1d37,-25,55,Normal
2026-02-14 07:25:16.092902,Seoul-1d37,-30,66,Normal
2026-02-14 07:25:17.092902,Seoul-1d37,31,61,Normal
2026-02-14 07:25:18.092902,Seoul-1d37,-22,37,Normal
2026-02-14 07:25:19.092902,Seoul-1d37,-28,69,Normal
2026-02-14 07:25:20.092902,Seoul-1d37,23,64,Normal
2026-02-14 07:25:21.092902,Seoul-1d37,27,80,Normal
2026-02-14 07:25:22.092902,Seoul-1d37,37,92,Normal
2026-02-14 07:25:23.092902,Seoul-1d37,13,57,Normal
2026-02-14 07:25:24.092902,Seoul-1d37,17,91,Normal
2026-02-14 07:25:25.092902,Seoul-1d37,45,96,Normal
2026-02-14 07:25:26.092902,Seoul-1d37,-9,54,Normal
2026-02-14 07:25:27.092902,Seoul-1d37,-11,5,Normal
2026-02-14 07:25:28.092902,Seoul-1d37,35,32,Normal
2026-02-14 07:25:29.092902,Seoul-1d37,-12,94,Normal
2026-02-14 07:25:30.092902,Seoul-1d37,36,0,Normal
2026-02-14 07:25:31.092902,Seoul-1d37,11,75,Normal
2026-02-14 07:25:32.092902,Seoul-1d37,-15,71,Normal
2026-02-14 07:25:33.092902,Seoul-1d37,5,73,Normal
2026-02-14 07:25:34.092902,Seoul-1d37,-15,32,Normal
2026-02-14 07:25:35.092902,Seoul-1d37,22,91,Normal
2026-02-14 07:25:36.092902,Seoul-1d37,-11,74,Normal
2026-02-14 07:25:37.092902,Seoul-1d37,-6,65,Normal
2026-02-14 07:25:38.092902,Seoul-1d37,-14,21,Normal
2026-02-14 07:25:39.092902,Seoul-1d37,-25,24,Normal
2026-02-14 07:25:40.092902,Seoul-1d37,19,42,Normal
2026-02-14 07:25:41.092902,Seoul-1d37,18,34,Normal
2026-02-14 07:25:42.092902,Seoul-1d37,2,10,Normal
2026-02-14 07:25:43.092902,Seoul-1d37,24,89,Normal
2026-02-14 07:25:44.092902,Seoul-1d37,4,9,Normal
2026-02-14 07:25:45.092902,Seoul-1d37,-14,25,Normal
2026-02-14 07:25:46.092902,Seoul-1d37,-6,7,Normal
2026-02-14 07:25:47.092902,Seoul-1d37,-24,53,Normal
2026-02-14 07:25:48.092902,Seoul-1d37,-14,31,Normal
2026-02-14 07:25:49.092902,Seoul-1d37,5,13,Normal
2026-02-14 07:25:50.092902,Seoul-1d37,40,42,Normal
2026-02-14 07:25:51.092902,Seoul-1d37,5,95,Normal
2026-02-14 07:25:52.092902,Seoul-1d37,-13,24,Normal
2026-02-14 07:25:53.092902,Seoul-1d37,-17,51,Normal
2026-02-14 07:25:54.092902,Seoul-1d37,37,76,Normal
2026-02-14 07:25:55.092902,Seoul-1d37,35,36,Normal
2026-02-14 07:25:56.092902,Seoul-1d37,25,87,Normal
2026-02-14 07:25:57.092902,Seoul-1d37,-1,30,Normal
2026-02-14 07:25:58.092902,Seoul-1d37,16,78,Normal
2026-02-14 07:25:59.092902,Seoul-1d37,8,97,Normal
2026-02-14 07:26:00.092902,Seoul-1d37,-27,31,Normal
2026-02-14 07:26:01.092902,Seoul-1d37,9,55,Normal
2026-02-14 07:26:02.092902,Seoul-1d37,5,73,Normal
2026-02-14 07:26:03.092902,Seoul-1d37,-22,94,Normal
2026-02-14 07:26:04.092902,Seoul-1d37,-22,91,Normal
2026-02-14 07:26:05.092902,Seoul-1d37,6,57,Normal
2026-02-14 07:26:06.092902,Seoul-1d37,17,80,Normal
2026-02-14 07:26:07.092902,Seoul-1d37,-4,9,Normal
2026-02-14 07:26:08.092902,Seoul-1d37,-17,75,Normal
2026-02-14 07:26:09.092902,Seoul-1d37,29,59,Normal
2026-02-14 07:26:10.092902,Seoul-1d37,-24,15,Normal
2026-02-14 07:26:11.092902,Seoul-1d37,-13,60,Normal
2026-02-14 07:26:12.092902,Seoul-1d37,49,40,Normal
2026-02-14 07:26:13.092902,Seoul-1d37,30,22,Normal
2026-02-14 07:26:14.092902,Seoul-1d37,32,83,Normal
2026-02-14 07:26:15.092902,Seoul-1d37,8,39,Normal
2026-02-14 07:26:16.092902,Seoul-1d37,-30,72,Normal
2026-02-14 07:26:17.092902,Seoul-1d37,21,38,Normal
2026-02-14 07:26:18.092902,Seoul-1d37,2,57,Normal
2026-02-14 07:26:19.092902,Seoul-1d37,31,91,Normal
2026-02-14 07:26:20.092902,Seoul-1d37,10,36,Normal
2026-02-14 07:26:21.092902,Seoul-1d37,37,69,Normal
2026-02-14 07:26:22.092902,Seoul-1d37,48,53,Normal
2026-02-14 07:26:23.092902,Seoul-1d37,-16,67,Normal
2026-02-14 07:26:24.092902,Seoul-1d37,8,26,Normal
2026-02-14 07:26:25.092902,Seoul-1d37,13,97,Normal
2026-02-14 07:26:26.092902,Seoul-1d37,-22,19,Normal
2026-02-14 07:26:27.092902,Seoul-1d37,10,67,Normal
2026-02-14 07:26:28.092902,Seoul-1d37,12,11,Normal
2026-02-14 07:26:29.092902,Seoul-1d37,33,65,Normal
2026-02-14 07:26:30.092902,Seoul-1d37,37,1,Normal
2026-02-14 07:26:31.092902,Seoul-1d37,37,43,Normal
2026-02-14 07:26:32.092902,Seoul-1d37,4,45,Normal
2026-02-14 07:26:33.092902,Seoul-1d37,13,40,Normal
2026-02-14 07:26:34.092902,Seoul-1d37,29,7,Normal
2026-02-14 07:26:35.092902,Seoul-1d37,39,66,Normal
2026-02-14 07:26:36.092902,Seoul-1d37,18,48,Normal
2026-02-14 07:26:37.092902,Seoul-1d37,-11,41,Normal
2026-02-14 07:26:38.092902,Seoul-1d37,9,57,Normal
2026-02-14 07:26:39.092902,Seoul-1d37,-21,83,Normal
2026-02-14 07:26:40.092902,Seoul-1d37,-3,4,Normal
2026-02-14 07:26:41.092902,Seoul-1d37,-2,91,Normal
2026-02-14 07:26:42.092902,Seoul-1d37,1,7,Normal
2026-02-14 07:26:43.092902,Seoul-1d37,6,60,Normal
2026-02-14 07:26:44.092902,Seoul-1d37,25,97,Normal
2026-02-14 07:26:45.092902,Seoul-1d37,-26,83,Normal
2026-02-14 07:26:46.092902,Seoul-1d37,46,45,Normal
2026-02-14 07:26:47.092902,Seoul-1d37,-30,16,Normal
2026-02-14 07:26:48.092902,Seoul-1d37,-9,84,Normal
2026-02-14 07:26:49.092902,Seoul-1d37,29,7,Normal
2026-02-14 07:26:50.092902,Seoul-1d37,44,49,Normal
2026-02-14 07:26:51.092902,Seoul-1d37,42,44,Normal
2026-02-14 07:26:52.092902,Seoul-1d37,5,27,Normal
2026-02-14 07:26:53.092902,Seoul-1d37,8,27,Normal
2026-02-14 07:26:54.092902,Seoul-1d37,19,56,Normal
2026-02-14 07:26:55.092902,Seoul-1d37,-5,8,Normal
2026-02-14 07:26:56.092902,Seoul-1d37,-8,14,Normal
2026-02-14 07:26:57.092902,Seoul-1d37,30,98,Normal
2026-02-14 07:26:58.092902,Seoul-1d37,-5,36,Normal
2026-02-14 07:26:59.092902,Seoul-1d37,32,36,Normal
2026-02-14 07:27:00.092902,Seoul-1d37,-7,94,Normal
2026-02-14 07:27:01.092902,Seoul-1d37,-4,47,Normal
2026-02-14 07:27:02.092902,Seoul-1d37,17,19,Normal
2026-02-14 07:27:03.092902,Seoul-1d37,9,59,Normal
2026-02-14 07:27:04.092902,Seoul-1d37,26,5,Normal
2026-02-14 07:27:05.092902,Seoul-1d37,7,71,Normal
2026-02-14 07:27:06.092902,Seoul-1d37,24,17,Normal
2026-02-14 07:27:07.092902,Seoul-1d37,15,6,Normal
2026-02-14 07:27:08.092902,Seoul-1d37,-20,67,Normal
2026-02-14 07:27:09.092902,Seoul-1d37,14,11,Normal
2026-02-14 07:27:10.092902,Seoul-1d37,15,26,Normal
2026-02-14 07:27:11.092902,Seoul-1d37,-20,4,Normal
2026-02-14 07:27:12.092902,Seoul-1d37,36,90,Normal
2026-02-14 07:27:13.092902,Seoul-1d37,5,26,Normal
2026-02-14 07:27:14.092902,Seoul-1d37,-28,24,Normal
2026-02-14 07:27:15.092902,Seoul-1d37,3,0,Normal
2026-02-14 07:27:16.092902,Seoul-1d37,49,11,Normal
2026-02-14 07:27:17.092902,Seoul-1d37,22,15,Normal
2026-02-14 07:27:18.092902,Seoul-1d37,5,41,Normal
2026-02-14 07:27:19.092902,Seoul-1d37,-5,63,Normal
2026-02-14 07:27:20.092902,Seoul-1d37,-6,20,Normal
2026-02-14 07:27:21.092902,Seoul-1d37,36,74,Normal
2026-02-14 07:27:22.092902,Seoul-1d37,-16,67,Normal
2026-02-14 07:27:23.092902,Seoul-1d37,18,77,Normal
2026-02-14 07:27:24.092902,Seoul-1d37,-29,69,Normal
2026-02-14 07:27:25.092902,Seoul-1d37,-25,98,Normal
2026-02-14 07:27:26.092902,Seoul-1d37,0,22,Normal
2026-02-14 07:27:27.092902,Seoul-1d37,30,64,Normal
2026-02-14 07:27:28.092902,Seoul-1d37,-15,45,Normal
2026-02-14 07:27:29.092902,Seoul-1d37,6,27,Normal
2026-02-14 07:27:30.092902,Seoul-1d37,-6,61,Normal
2026-02-14 07:27:31.092902,Seoul-1d37,30,76,Normal
2026-02-14 07:27:32.092902,Seoul-1d37,4,56,Normal
2026-02-14 07:27:33.092902,Seoul-1d37,47,45,Normal
2026-02-14 07:27:34.092902,Seoul-1d37,37,22,Normal
2026-02-14 07:27:35.092902,Seoul-1d37,31,39,Normal
2026-02-14 07:27:36.092902,Seoul-1d37,-1,36,Normal
2026-02-14 07:27:37.092902,Seoul-1d37,50,86,Normal
2026-02-14 07:27:38.092902,Seoul-1d37,45,68,Normal
2026-02-14 07:27:39.092902,Seoul-1d37,-2,39,Normal
2026-02-14 07:27:40.092902,Seoul-1d37,21,55,Normal
2026-02-14 07:27:41.092902,Seoul-1d37,42,100,Normal
2026-02-14 07:27:42.092902,Seoul-1d37,-29,81,Normal
2026-02-14 07:27:43.092902,Seoul-1d37,30,74,Normal
2026-02-14 07:27:44.092902,Seoul-1d37,12,77,Normal
2026-02-14 07:27:45.092902,Seoul-1d37,29,89,Normal
2026-02-14 07:27:46.092902,Seoul-1d37,35,16,Normal
2026-02-14 07:27:47.092902,Seoul-1d37,7,89,Normal
2026-02-14 07:27:48.092902,Seoul-1d37,46,63,Normal
2026-02-14 07:27:49.092902,Seoul-1d37,24,53,Normal
2026-02-14 07:27:50.092902,Seoul-1d37,-30,78,Normal
2026-02-14 07:27:51.092902,Seoul-1d37,10,36,Normal
2026-02-14 07:27:52.092902,Seoul-1d37,-15,22,Normal
2026-02-14 07:27:53.092902,Seoul-1d37,-22,97,Normal
2026-02-14 07:27:54.092902,Seoul-1d37,-30,78,Normal
2026-02-14 07:27:55.092902,Seoul-1d37,33,73,Normal
2026-02-14 07:27:56.092902,Seoul-1d37,49,17,Normal
2026-02-14 07:27:57.092902,Seoul-1d37,34,14,Normal
2026-02-14 07:27:58.092902,Seoul-1d37,19,55,Normal
2026-02-14 07:27:59.092902,Seoul-1d37,-27,86,Normal
2026-02-14 07:28:00.092902,Seoul-1d37,26,50,Normal
2026-02-14 07:28:01.092902,Seoul-1d37,39,8,Normal
2026-02-14 07:28:02.092902,Seoul-1d37,13,35,Normal
2026-02-14 07:28:03.092902,Seoul-1d37,20,71,Normal
2026-02-14 07:28:04.092902,Seoul-1d37,28,5,Normal
2026-02-14 07:28:05.092902,Seoul-1d37,-20,44,Normal
2026-02-14 07:28:06.092902,Seoul-1d37,-19,31,Normal
2026-02-14 07:28:07.092902,Seoul-1d37,39,77,Normal
2026-02-14 07:28:08.092902,Seoul-1d37,21,37,Normal
2026-02-14 07:28:09.092902,Seoul-1d37,-20,13,Normal
2026-02-14 07:28:10.092902,Seoul-1d37,-5,92,Normal
2026-02-14 07:28:11.092902,Seoul-1d37,-16,19,Normal
2026-02-14 07:28:12.092902,Seoul-1d37,-18,20,Normal
2026-02-14 07:28:13.092902,Seoul-1d37,-7,100,Normal
2026-02-14 07:28:14.092902,Seoul-1d37,44,24,Normal
2026-02-14 07:28:15.092902,Seoul-1d37,-19,34,Normal
2026-02-14 07:28:16.092902,Seoul-1d37,14,76,Normal
2026-02-14 07:28:17.092902,Seoul-1d37,-19,62,Normal
2026-02-14 07:28:18.092902,Seoul-1d37,-23,63,Normal
2026-02-14 07:28:19.092902,Seoul-1d37,18,37,Normal
2026-02-14 07:28:20.092902,Seoul-1d37,-9,29,Normal
2026-02-14 07:28:21.092902,Seoul-1d37,38,7,Normal
2026-02-14 07:28:22.092902,Seoul-1d37,14,71,Normal
2026-02-14 07:28:23.092902,Seoul-1d37,26,32,Normal
2026-02-14 07:28:24.092902,Seoul-1d37,42,19,Normal
2026-02-14 07:28:25.092902,Seoul-1d37,-24,22,Normal
2026-02-14 07:28:26.092902,Seoul-1d37,-30,73,Normal
2026-02-14 07:28:27.092902,Seoul-1d37,15,67,Normal
2026-02-14 07:28:28.092902,Seoul-1d37,4,78,Normal
2026-02-14 07:28:29.092902,Seoul-1d37,-18,89,Normal
2026-02-14 07:28:30.092902,Seoul-1d37,46,92,Normal
2026-02-14 07:28:31.092902,Seoul-1d37,-28,57,Normal
2026-02-14 07:28:32.092902,Seoul-1d37,6,29,Normal
2026-02-14 07:28:33.092902,Seoul-1d37,3,14,Normal
2026-02-14 07:28:34.092902,Seoul-1d37,40,41,Normal
2026-02-14 07:28:35.092902,Seoul-1d37,6,71,Normal
2026-02-14 07:28:36.092902,Seoul-1d37,5,46,Normal
2026-02-14 07:28:37.092902,Seoul-1d37,-6,56,Normal
2026-02-14 07:28:38.092902,Seoul-1d37,43,34,Normal
2026-02-14 07:28:39.092902,Seoul-1d37,-26,48,Normal
2026-02-14 07:28:40.092902,Seoul-1d37,35,95,Normal
2026-02-14 07:28:41.092902,Seoul-1d37,-21,53,Normal
2026-02-14 07:28:42.092902,Seoul-1d37,-14,57,Normal
2026-02-14 07:28:43.092902,Seoul-1d37,49,70,Normal
2026-02-14 07:28:44.092902,Seoul-1d37,19,32,Normal
2026-02-14 07:28:45.092902,Seoul-1d37,7,13,Normal
2026-02-14 07:28:46.092902,Seoul-1d37,26,6,Normal
2026-02-14 07:28:47.092902,Seoul-1d37,40,97,Normal
2026-02-14 07:28:48.092902,Seoul-1d37,-13,74,Normal
2026-02-14 07:28:49.092902,Seoul-1d37,-26,41,Normal
2026-02-14 07:28:50.092902,Seoul-1d37,12,99,Normal
2026-02-14 07:28:51.092902,Seoul-1d37,-28,57,Normal
2026-02-14 07:28:52.092902,Seoul-1d37,50,98,Normal
2026-02-14 07:28:53.092902,Seoul-1d37,-14,74,Normal
2026-02-14 07:28:54.092902,Seoul-1d37,22,49,Normal
2026-02-14 07:28:55.092902,Seoul-1d37,40,83,Normal
2026-02-14 07:28:56.092902,Seoul-1d37,15,74,Normal
2026-02-14 07:28:57.092902,Seoul-1d37,-15,92,Normal
2026-02-14 07:28:58.092902,Seoul-1d37,-18,69,Normal
2026-02-14 07:28:59.092902,Seoul-1d37,-23,73,Normal
2026-02-14 07:29:00.092902,Seoul-1d37,-8,80,Normal
2026-02-14 07:29:01.092902,Seoul-1d37,47,80,Normal
2026-02-14 07:29:02.092902,Seoul-1d37,29,70,Normal
2026-02-14 07:29:03.092902,Seoul-1d37,-8,78,Normal
2026-02-14 07:29:04.092902,Seoul-1d37,21,21,Normal
2026-02-14 07:29:05.092902,Seoul-1d37,6,61,Normal
2026-02-14 07:29:06.092902,Seoul-1d37,50,69,Normal
2026-02-14 07:29:07.092902,Seoul-1d37,35,5,Normal
2026-02-14 07:29:08.092902,Seoul-1d37,25,13,Normal
2026-02-14 07:29:09.092902,Seoul-1d37,42,70,Normal
2026-02-14 07:29:10.092902,Seoul-1d37,15,85,Normal
2026-02-14 07:29:11.092902,Seoul-1d37,46,69,Normal
2026-02-14 07:29:12.092902,Seoul-1d37,17,67,Normal
2026-02-14 07:29:13.092902,Seoul-1d37,46,27,Normal
2026-02-14 07:29:14.092902,Seoul-1d37,25,61,Normal
2026-02-14 07:29:15.092902,Seoul-1d37,1,73,Normal
2026-02-14 07:29:16.092902,Seoul-1d37,5,67,Normal
2026-02-14 07:29:17.092902,Seoul-1d37,-8,11,Normal
2026-02-14 07:29:18.092902,Seoul-1d37,-11,32,Normal
2026-02-14 07:29:19.092902,Seoul-1d37,27,21,Normal
2026-02-14 07:29:20.092902,Seoul-1d37,-10,63,Normal
2026-02-14 07:29:21.092902,Seoul-1d37,9,95,Normal
2026-02-14 07:29:22.092902,Seoul-1d37,31,94,Normal
2026-02-14 07:29:23.092902,Seoul-1d37,18,39,Normal
2026-02-14 07:29:24.092902,Seoul-1d37,-27,14,Normal
2026-02-14 07:29:25.092902,Seoul-1d37,-30,79,Normal
2026-02-14 07:29:26.092902,Seoul-1d37,23,79,Normal
2026-02-14 07:29:27.092902,Seoul-1d37,43,41,Normal
2026-02-14 07:29:28.092902,Seoul-1d37,-28,65,Normal
2026-02-14 07:29:29.092902,Seoul-1d37,38,62,Normal
2026-02-14 07:29:30.092902,Seoul-1d37,-3,25,Normal
2026-02-14 07:29:31.092902,Seoul-1d37,-16,56,Normal
2026-02-14 07:29:32.092902,Seoul-1d37,20,55,Normal
2026-02-14 07:29:33.092902,Seoul-1d37,46,28,Normal
2026-02-14 07:29:34.092902,Seoul-1d37,-7,73,Normal
2026-02-14 07:29:35.092902,Seoul-1d37,20,100,Normal
2026-02-14 07:29:36.092902,Seoul-1d37,-16,54,Normal
2026-02-14 07:29:37.092902,Seoul-1d37,-18,46,Normal
2026-02-14 07:29:38.092902,Seoul-1d37,-1,27,Normal
2026-02-14 07:29:39.092902,Seoul-1d37,46,27,Normal
2026-02-14 07:29:40.092902,Seoul-1d37,-21,65,Normal
2026-02-14 07:29:41.092902,Seoul-1d37,21,17,Normal
2026-02-14 07:29:42.092902,Seoul-1d37,27,98,Normal
2026-02-14 07:29:43.092902,Seoul-1d37,47,67,Normal
2026-02-14 07:29:44.092902,Seoul-1d37,9,97,Normal
2026-02-14 07:29:45.092902,Seoul-1d37,2,6,Normal
2026-02-14 07:29:46.092902,Seoul-1d37,14,43,Normal
2026-02-14 07:29:47.092902,Seoul-1d37,16,71,Normal
2026-02-14 07:29:48.092902,Seoul-1d37,5,22,Normal
2026-02-14 07:29:49.092902,Seoul-1d37,-4,34,Normal
2026-02-14 07:29:50.092902,Seoul-1d37,-20,13,Normal
2026-02-14 07:29:51.092902,Seoul-1d37,-24,50,Normal
2026-02-14 07:29:52.092902,Seoul-1d37,47,31,Normal
2026-02-14 07:29:53.092902,Seoul-1d37,35,60,Normal
2026-02-14 07:29:54.092902,Seoul-1d37,40,38,Normal
2026-02-14 07:29:55.092902,Seoul-1d37,48,6,Normal
2026-02-14 07:29:56.092902,Seoul-1d37,46,51,Normal
2026-02-14 07:29:57.092902,Seoul-1d37,-16,63,Normal
2026-02-14 07:29:58.092902,Seoul-1d37,-14,89,Normal
2026-02-14 07:29:59.092902,Seoul-1d37,-24,58,Normal
2026-02-14 07:30:00.092902,Seoul-1d37,-8,27,Normal
2026-02-14 07:30:01.092902,Seoul-1d37,-9,74,Normal
2026-02-14 07:30:02.092902,Seoul-1d37,-7,65,Normal
2026-02-14 07:30:03.092902,Seoul-1d37,19,33,Normal
2026-02-14 07:30:04.092902,Seoul-1d37,-23,11,Normal
2026-02-14 07:30:05.092902,Seoul-1d37,28,8,Normal
2026-02-14 07:30:06.092902,Seoul-1d37,47,66,Normal
2026-02-14 07:30:07.092902,Seoul-1d37,-23,84,Normal
2026-02-14 07:30:08.092902,Seoul-1d37,22,94,Normal
2026-02-14 07:30:09.092902,Seoul-1d37,10,65,Normal
2026-02-14 07:30:10.092902,Seoul-1d37,9,99,Normal
2026-02-14 07:30:11.092902,Seoul-1d37,25,32,Normal
2026-02-14 07:30:12.092902,Seoul-1d37,31,95,Normal
2026-02-14 07:30:13.092902,Seoul-1d37,-19,74,Normal
2026-02-14 07:30:14.092902,Seoul-1d37,-7,86,Normal
2026-02-14 07:30:15.092902,Seoul-1d37,-17,18,Normal
2026-02-14 07:30:16.092902,Seoul-1d37,-19,80,Normal
2026-02-14 07:30:17.092902,Seoul-1d37,14,89,Normal
2026-02-14 07:30:18.092902,Seoul-1d37,-6,78,Normal
2026-02-14 07:30:19.092902,Seoul-1d37,3,63,Normal
2026-02-14 07:30:20.092902,Seoul-1d37,-24,5,Normal
2026-02-14 07:30:21.092902,Seoul-1d37,17,83,Normal
2026-02-14 07:30:22.092902,Seoul-1d37,15,38,Normal
2026-02-14 07:30:23.092902,Seoul-1d37,-28,10,Normal
2026-02-14 07:30:24.092902,Seoul-1d37,-26,6,Normal
2026-02-14 07:30:25.092902,Seoul-1d37,-4,3,Normal
2026-02-14 07:30:26.092902,Seoul-1d37,2,23,Normal
2026-02-14 07:30:27.092902,Seoul-1d37,6,28,Normal
2026-02-14 07:30:28.092902,Seoul-1d37,42,63,Normal
2026-02-14 07:30:29.092902,Seoul-1d37,0,85,Normal
2026-02-14 07:30:30.092902,Seoul-1d37,48,37,Normal
2026-02-14 07:30:31.092902,Seoul-1d37,-9,4,Normal
2026-02-14 07:30:32.092902,Seoul-1d37,32,25,Normal
2026-02-14 07:30:33.092902,Seoul-1d37,10,79,Normal
2026-02-14 07:30:34.092902,Seoul-1d37,18,99,Normal
2026-02-14 07:30:35.092902,Seoul-1d37,28,73,Normal
2026-02-14 07:30:36.092902,Seoul-1d37,37,65,Normal
2026-02-14 07:30:37.092902,Seoul-1d37,-22,6,Normal
2026-02-14 07:30:38.092902,Seoul-1d37,-6,29,Normal
2026-02-14 07:30:39.092902,Seoul-1d37,26,72,Normal
2026-02-14 07:30:40.092902,Seoul-1d37,-18,10,Normal
2026-02-14 07:30:41.092902,Seoul-1d37,-13,50,Normal
2026-02-14 07:30:42.092902,Seoul-1d37,5,27,Normal
2026-02-14 07:30:43.092902,Seoul-1d37,12,98,Normal
2026-02-14 07:30:44.092902,Seoul-1d37,14,22,Normal
2026-02-14 07:30:45.092902,Seoul-1d37,-22,23,Normal
2026-02-14 07:30:46.092902,Seoul-1d37,-20,65,Normal
2026-02-14 07:30:47.092902,Seoul-1d37,33,87,Normal
2026-02-14 07:30:48.092902,Seoul-1d37,13,73,Normal
2026-02-14 07:30:49.092902,Seoul-1d37,42,97,Normal
2026-02-14 07:30:50.092902,Seoul-1d37,23,27,Normal
2026-02-14 07:30:51.092902,Seoul-1d37,6,84,Normal
2026-02-14 07:30:52.092902,Seoul-1d37,-29,61,Normal
2026-02-14 07:30:53.092902,Seoul-1d37,-9,67,Normal
2026-02-14 07:30:54.092902,Seoul-1d37,-8,61,Normal
2026-02-14 07:30:55.092902,Seoul-1d37,41,69,Normal
2026-02-14 07:30:56.092902,Seoul-1d37,35,5,Normal
2026-02-14 07:30:57.092902,Seoul-1d37,8,18,Normal
2026-02-14 07:30:58.092902,Seoul-1d37,40,12,Normal
2026-02-14 07:30:59.092902,Seoul-1d37,-16,45,Normal
2026-02-14 07:31:00.092902,Seoul-1d37,-26,35,Normal
2026-02-14 07:31:01.092902,Seoul-1d37,-4,27,Normal
2026-02-14 07:31:02.092902,Seoul-1d37,37,70,Normal
2026-02-14 07:31:03.092902,Seoul-1d37,32,92,Normal
2026-02-14 07:31:04.092902,Seoul-1d37,1,39,Normal
2026-02-14 07:31:05.092902,Seoul-1d37,11,30,Normal
2026-02-14 07:31:06.092902,Seoul-1d37,22,26,Normal
2026-02-14 07:31:07.092902,Seoul-1d37,-18,49,Normal
2026-02-14 07:31:08.092902,Seoul-1d37,49,88,Normal
2026-02-14 07:31:09.092902,Seoul-1d37,28,69,Normal
