timestamp,station_id,temp,humid,condition
2026-02-09 13:59:13.593734,Seoul-c400,28,71,Normal
2026-02-09 13:59:14.593734,Seoul-c400,50,68,Normal
2026-02-09 13:59:15.593734,Seoul-c400,10,37,Normal
2026-02-09 13:59:16.593734,Seoul-c400,21,93,Normal
2026-02-09 13:59:17.593734,Seoul-c400,-28,91,Normal
2026-02-09 13:59:18.593734,Seoul-c400,18,94,Normal
2026-02-09 13:59:19.593734,Seoul-c400,-10,95,Normal
2026-02-09 13:59:20.593734,Seoul-c400,12,26,Normal
2026-02-09 13:59:21.593734,Seoul-c400,27,12,Normal
2026-02-09 13:59:22.593734,Seoul-c400,18,47,Normal
2026-02-09 13:59:23.593734,Seoul-c400,37,23,Normal
2026-02-09 13:59:24.593734,Seoul-c400,3,75,Normal
2026-02-09 13:59:25.593734,Seoul-c400,7,4,Normal
2026-02-09 13:59:26.593734,Seoul-c400,21,100,Normal
2026-02-09 13:59:27.593734,Seoul-c400,9,95,Normal
2026-02-09 13:59:28.593734,Seoul-c400,40,42,Normal
2026-02-09 13:59:29.593734,Seoul-c400,-28,43,Normal
2026-02-09 13:59:30.593734,Seoul-c400,49,16,Normal
2026-02-09 13:59:31.593734,Seoul-c400,30,82,Normal
2026-02-09 13:59:32.593734,Seoul-c400,32,7,Normal
2026-02-09 13:59:33.593734,Seoul-c400,34,64,Normal
2026-02-09 13:59:34.593734,Seoul-c400,-10,82,Normal
2026-02-09 13:59:35.593734,Seoul-c400,44,50,Normal
2026-02-09 13:59:36.593734,Seoul-c400,-6,52,Normal
2026-02-09 13:59:37.593734,Seoul-c400,11,84,Normal
2026-02-09 13:59:38.593734,Seoul-c400,6,22,Normal
2026-02-09 13:59:39.593734,Seoul-c400,41,12,Normal
2026-02-09 13:59:40.593734,Seoul-c400,-1,21,Normal
2026-02-09 13:59:41.593734,Seoul-c400,-4,11,Normal
2026-02-09 13:59:42.593734,Seoul-c400,47,58,Normal
2026-02-09 13:59:43.593734,Seoul-c400,0,17,Normal
2026-02-09 13:59:44.593734,Seoul-c400,31,99,Normal
2026-02-09 13:59:45.593734,Seoul-c400,40,75,Normal
2026-02-09 13:59:46.593734,Seoul-c400,37,49,Normal
2026-02-09 13:59:47.593734,Seoul-c400,35,43,Normal
2026-02-09 13:59:48.593734,Seoul-c400,44,9,Normal
2026-02-09 13:59:49.593734,Seoul-c400,0,10,Normal
2026-02-09 13:59:50.593734,Seoul-c400,31,75,Normal
2026-02-09 13:59:51.593734,Seoul-c400,6,73,Normal
2026-02-09 13:59:52.593734,Seoul-c400,35,18,Normal
2026-02-09 13:59:53.593734,Seoul-c400,-23,2,Normal
2026-02-09 13:59:54.593734,Seoul-c400,11,69,Normal
2026-02-09 13:59:55.593734,Seoul-c400,-8,62,Normal
2026-02-09 13:59:56.593734,Seoul-c400,36,63,Normal
2026-02-09 13:59:57.593734,Seoul-c400,-28,96,Normal
2026-02-09 13:59:58.593734,Seoul-c400,32,86,Normal
2026-02-09 13:59:59.593734,Seoul-c400,-5,24,Normal
2026-02-09 14:00:00.593734,Seoul-c400,1,71,Normal
2026-02-09 14:00:01.593734,Seoul-c400,-2,11,Normal
2026-02-09 14:00:02.593734,Seoul-c400,22,33,Normal
2026-02-09 14:00:03.593734,Seoul-c400,16,95,Normal
2026-02-09 14:00:04.593734,Seoul-c400,46,90,Normal
2026-02-09 14:00:05.593734,Seoul-c400,30,98,Normal
2026-02-09 14:00:06.593734,Seoul-c400,-1,46,Normal
2026-02-09 14:00:07.593734,Seoul-c400,38,69,Normal
2026-02-09 14:00:08.593734,Seoul-c400,-17,20,Normal
2026-02-09 14:00:09.593734,Seoul-c400,40,58,Normal
2026-02-09 14:00:10.593734,Seoul-c400,49,1,Normal
2026-02-09 14:00:11.593734,Seoul-c400,-27,17,Normal
2026-02-09 14:00:12.593734,Seoul-c400,11,72,Normal
2026-02-09 14:00:13.593734,Seoul-c400,2,41,Normal
2026-02-09 14:00:14.593734,Seoul-c400,35,29,Normal
2026-02-09 14:00:15.593734,Seoul-c400,47,24,Normal
2026-02-09 14:00:16.593734,Seoul-c400,27,92,Normal
2026-02-09 14:00:17.593734,Seoul-c400,-4,38,Normal
2026-02-09 14:00:18.593734,Seoul-c400,47,57,Normal
2026-02-09 14:00:19.593734,Seoul-c400,-27,68,Normal
2026-02-09 14:00:20.593734,Seoul-c400,31,65,Normal
2026-02-09 14:00:21.593734,Seoul-c400,-13,43,Normal
2026-02-09 14:00:22.593734,Seoul-c400,18,8,Normal
2026-02-09 14:00:23.593734,Seoul-c400,-28,13,Normal
2026-02-09 14:00:24.593734,Seoul-c400,-20,5,Normal
2026-02-09 14:00:25.593734,Seoul-c400,28,76,Normal
2026-02-09 14:00:26.593734,Seoul-c400,-19,17,Normal
2026-02-09 14:00:27.593734,Seoul-c400,7,35,Normal
2026-02-09 14:00:28.593734,Seoul-c400,-23,27,Normal
2026-02-09 14:00:29.593734,Seoul-c400,28,9,Normal
2026-02-09 14:00:30.593734,Seoul-c400,-14,34,Normal
2026-02-09 14:00:31.593734,Seoul-c400,-7,76,Normal
2026-02-09 14:00:32.593734,Seoul-c400,39,40,Normal
2026-02-09 14:00:33.593734,Seoul-c400,24,58,Normal
2026-02-09 14:00:34.593734,Seoul-c400,-20,15,Normal
2026-02-09 14:00:35.593734,Seoul-c400,-9,71,Normal
2026-02-09 14:00:36.593734,Seoul-c400,-1,58,Normal
2026-02-09 14:00:37.593734,Seoul-c400,37,64,Normal
2026-02-09 14:00:38.593734,Seoul-c400,-28,72,Normal
2026-02-09 14:00:39.593734,Seoul-c400,38,2,Normal
2026-02-09 14:00:40.593734,Seoul-c400,1,30,Normal
2026-02-09 14:00:41.593734,Seoul-c400,48,78,Normal
2026-02-09 14:00:42.593734,Seoul-c400,33,60,Normal
2026-02-09 14:00:43.593734,Seoul-c400,3,72,Normal
2026-02-09 14:00:44.593734,Seoul-c400,10,41,Normal
2026-02-09 14:00:45.593734,Seoul-c400,-17,42,Normal
2026-02-09 14:00:46.593734,Seoul-c400,-22,43,Normal
2026-02-09 14:00:47.593734,Seoul-c400,-4,7,Normal
2026-02-09 14:00:48.593734,Seoul-c400,44,78,Normal
2026-02-09 14:00:49.593734,Seoul-c400,41,26,Normal
2026-02-09 14:00:50.593734,Seoul-c400,50,92,Normal
2026-02-09 14:00:51.593734,Seoul-c400,3,63,Normal
2026-02-09 14:00:52.593734,Seoul-c400,-16,52,Normal
2026-02-09 14:00:53.593734,Seoul-c400,-2,33,Normal
2026-02-09 14:00:54.593734,Seoul-c400,-13,37,Normal
2026-02-09 14:00:55.593734,Seoul-c400,-22,11,Normal
2026-02-09 14:00:56.593734,Seoul-c400,15,58,Normal
2026-02-09 14:00:57.593734,Seoul-c400,40,1,Normal
2026-02-09 14:00:58.593734,Seoul-c400,42,61,Normal
2026-02-09 14:00:59.593734,Seoul-c400,28,57,Normal
2026-02-09 14:01:00.593734,Seoul-c400,40,41,Normal
2026-02-09 14:01:01.593734,Seoul-c400,-1,66,Normal
2026-02-09 14:01:02.593734,Seoul-c400,-23,78,Normal
2026-02-09 14:01:03.593734,Seoul-c400,-6,30,Normal
2026-02-09 14:01:04.593734,Seoul-c400,-25,42,Normal
2026-02-09 14:01:05.593734,Seoul-c400,20,35,Normal
2026-02-09 14:01:06.593734,Seoul-c400,38,36,Normal
2026-02-09 14:01:07.593734,Seoul-c400,50,67,Normal
2026-02-09 14:01:08.593734,Seoul-c400,-26,39,Normal
2026-02-09 14:01:09.593734,Seoul-c400,27,69,Normal
2026-02-09 14:01:10.593734,Seoul-c400,45,55,Normal
2026-02-09 14:01:11.593734,Seoul-c400,7,57,Normal
2026-02-09 14:01:12.593734,Seoul-c400,50,91,Normal
2026-02-09 14:01:13.593734,Seoul-c400,48,50,Normal
2026-02-09 14:01:14.593734,Seoul-c400,-24,67,Normal
2026-02-09 14:01:15.593734,Seoul-c400,6,43,Normal
2026-02-09 14:01:16.593734,Seoul-c400,13,54,Normal
2026-02-09 14:01:17.593734,Seoul-c400,32,98,Normal
2026-02-09 14:01:18.593734,Seoul-c400,27,46,Normal
2026-02-09 14:01:19.593734,Seoul-c400,-23,16,Normal
2026-02-09 14:01:20.593734,Seoul-c400,-29,64,Normal
2026-02-09 14:01:21.593734,Seoul-c400,-8,0,Normal
2026-02-09 14:01:22.593734,Seoul-c400,12,54,Normal
2026-02-09 14:01:23.593734,Seoul-c400,36,100,Normal
2026-02-09 14:01:24.593734,Seoul-c400,26,13,Normal
2026-02-09 14:01:25.593734,Seoul-c400,20,62,Normal
2026-02-09 14:01:26.593734,Seoul-c400,43,78,Normal
2026-02-09 14:01:27.593734,Seoul-c400,-20,70,Normal
2026-02-09 14:01:28.593734,Seoul-c400,26,7,Normal
2026-02-09 14:01:29.593734,Seoul-c400,-10,26,Normal
2026-02-09 14:01:30.593734,Seoul-c400,29,36,Normal
2026-02-09 14:01:31.593734,Seoul-c400,24,23,Normal
2026-02-09 14:01:32.593734,Seoul-c400,24,66,Normal
2026-02-09 14:01:33.593734,Seoul-c400,-14,93,Normal
2026-02-09 14:01:34.593734,Seoul-c400,38,35,Normal
2026-02-09 14:01:35.593734,Seoul-c400,34,84,Normal
2026-02-09 14:01:36.593734,Seoul-c400,-29,61,Normal
2026-02-09 14:01:37.593734,Seoul-c400,45,29,Normal
2026-02-09 14:01:38.593734,Seoul-c400,-25,10,Normal
2026-02-09 14:01:39.593734,Seoul-c400,-24,41,Normal
2026-02-09 14:01:40.593734,Seoul-c400,-6,88,Normal
2026-02-09 14:01:41.593734,Seoul-c400,-25,71,Normal
2026-02-09 14:01:42.593734,Seoul-c400,15,37,Normal
2026-02-09 14:01:43.593734,Seoul-c400,-23,13,Normal
2026-02-09 14:01:44.593734,Seoul-c400,41,94,Normal
2026-02-09 14:01:45.593734,Seoul-c400,-25,18,Normal
2026-02-09 14:01:46.593734,Seoul-c400,16,38,Normal
2026-02-09 14:01:47.593734,Seoul-c400,-2,18,Normal
2026-02-09 14:01:48.593734,Seoul-c400,11,94,Normal
2026-02-09 14:01:49.593734,Seoul-c400,42,15,Normal
2026-02-09 14:01:50.593734,Seoul-c400,0,64,Normal
2026-02-09 14:01:51.593734,Seoul-c400,11,94,Normal
2026-02-09 14:01:52.593734,Seoul-c400,10,70,Normal
2026-02-09 14:01:53.593734,Seoul-c400,26,3,Normal
2026-02-09 14:01:54.593734,Seoul-c400,-10,79,Normal
2026-02-09 14:01:55.593734,Seoul-c400,36,66,Normal
2026-02-09 14:01:56.593734,Seoul-c400,-20,62,Normal
2026-02-09 14:01:57.593734,Seoul-c400,47,82,Normal
2026-02-09 14:01:58.593734,Seoul-c400,7,36,Normal
2026-02-09 14:01:59.593734,Seoul-c400,17,29,Normal
2026-02-09 14:02:00.593734,Seoul-c400,3,51,Normal
2026-02-09 14:02:01.593734,Seoul-c400,13,0,Normal
2026-02-09 14:02:02.593734,Seoul-c400,48,56,Normal
2026-02-09 14:02:03.593734,Seoul-c400,13,10,Normal
2026-02-09 14:02:04.593734,Seoul-c400,-25,31,Normal
2026-02-09 14:02:05.593734,Seoul-c400,-19,50,Normal
2026-02-09 14:02:06.593734,Seoul-c400,21,29,Normal
2026-02-09 14:02:07.593734,Seoul-c400,27,28,Normal
2026-02-09 14:02:08.593734,Seoul-c400,34,55,Normal
2026-02-09 14:02:09.593734,Seoul-c400,2,83,Normal
2026-02-09 14:02:10.593734,Seoul-c400,4,16,Normal
2026-02-09 14:02:11.593734,Seoul-c400,50,95,Normal
2026-02-09 14:02:12.593734,Seoul-c400,-6,35,Normal
2026-02-09 14:02:13.593734,Seoul-c400,43,55,Normal
2026-02-09 14:02:14.593734,Seoul-c400,-15,98,Normal
2026-02-09 14:02:15.593734,Seoul-c400,-20,16,Normal
2026-02-09 14:02:16.593734,Seoul-c400,-27,4,Normal
2026-02-09 14:02:17.593734,Seoul-c400,10,57,Normal
2026-02-09 14:02:18.593734,Seoul-c400,-11,53,Normal
2026-02-09 14:02:19.593734,Seoul-c400,36,14,Normal
2026-02-09 14:02:20.593734,Seoul-c400,12,26,Normal
2026-02-09 14:02:21.593734,Seoul-c400,36,95,Normal
2026-02-09 14:02:22.593734,Seoul-c400,16,75,Normal
2026-02-09 14:02:23.593734,Seoul-c400,40,79,Normal
2026-02-09 14:02:24.593734,Seoul-c400,12,38,Normal
2026-02-09 14:02:25.593734,Seoul-c400,31,75,Normal
2026-02-09 14:02:26.593734,Seoul-c400,41,86,Normal
2026-02-09 14:02:27.593734,Seoul-c400,7,93,Normal
2026-02-09 14:02:28.593734,Seoul-c400,33,47,Normal
2026-02-09 14:02:29.593734,Seoul-c400,0,96,Normal
2026-02-09 14:02:30.593734,Seoul-c400,49,76,Normal
2026-02-09 14:02:31.593734,Seoul-c400,-16,26,Normal
2026-02-09 14:02:32.593734,Seoul-c400,-6,36,Normal
2026-02-09 14:02:33.593734,Seoul-c400,23,47,Normal
2026-02-09 14:02:34.593734,Seoul-c400,18,63,Normal
2026-02-09 14:02:35.593734,Seoul-c400,-20,33,Normal
2026-02-09 14:02:36.593734,Seoul-c400,30,10,Normal
2026-02-09 14:02:37.593734,Seoul-c400,-1,83,Normal
2026-02-09 14:02:38.593734,Seoul-c400,-16,48,Normal
2026-02-09 14:02:39.593734,Seoul-c400,40,43,Normal
2026-02-09 14:02:40.593734,Seoul-c400,3,26,Normal
2026-02-09 14:02:41.593734,Seoul-c400,-21,76,Normal
2026-02-09 14:02:42.593734,Seoul-c400,20,31,Normal
2026-02-09 14:02:43.593734,Seoul-c400,-15,95,Normal
2026-02-09 14:02:44.593734,Seoul-c400,41,65,Normal
2026-02-09 14:02:45.593734,Seoul-c400,48,74,Normal
2026-02-09 14:02:46.593734,Seoul-c400,28,74,Normal
2026-02-09 14:02:47.593734,Seoul-c400,-2,97,Normal
2026-02-09 14:02:48.593734,Seoul-c400,-20,53,Normal
2026-02-09 14:02:49.593734,Seoul-c400,22,67,Normal
2026-02-09 14:02:50.593734,Seoul-c400,23,43,Normal
2026-02-09 14:02:51.593734,Seoul-c400,-25,11,Normal
2026-02-09 14:02:52.593734,Seoul-c400,26,44,Normal
2026-02-09 14:02:53.593734,Seoul-c400,17,88,Normal
2026-02-09 14:02:54.593734,Seoul-c400,19,49,Normal
2026-02-09 14:02:55.593734,Seoul-c400,-17,42,Normal
2026-02-09 14:02:56.593734,Seoul-c400,41,25,Normal
2026-02-09 14:02:57.593734,Seoul-c400,42,33,Normal
2026-02-09 14:02:58.593734,Seoul-c400,-23,15,Normal
2026-02-09 14:02:59.593734,Seoul-c400,39,37,Normal
2026-02-09 14:03:00.593734,Seoul-c400,39,70,Normal
2026-02-09 14:03:01.593734,Seoul-c400,-29,34,Normal
2026-02-09 14:03:02.593734,Seoul-c400,35,35,Normal
2026-02-09 14:03:03.593734,Seoul-c400,-19,17,Normal
2026-02-09 14:03:04.593734,Seoul-c400,24,31,Normal
2026-02-09 14:03:05.593734,Seoul-c400,-19,80,Normal
2026-02-09 14:03:06.593734,Seoul-c400,11,36,Normal
2026-02-09 14:03:07.593734,Seoul-c400,3,57,Normal
2026-02-09 14:03:08.593734,Seoul-c400,30,32,Normal
2026-02-09 14:03:09.593734,Seoul-c400,-6,21,Normal
2026-02-09 14:03:10.593734,Seoul-c400,27,82,Normal
2026-02-09 14:03:11.593734,Seoul-c400,39,8,Normal
2026-02-09 14:03:12.593734,Seoul-c400,28,89,Normal
2026-02-09 14:03:13.593734,Seoul-c400,-29,12,Normal
2026-02-09 14:03:14.593734,Seoul-c400,5,61,Normal
2026-02-09 14:03:15.593734,Seoul-c400,-21,37,Normal
2026-02-09 14:03:16.593734,Seoul-c400,29,65,Normal
2026-02-09 14:03:17.593734,Seoul-c400,25,78,Normal
2026-02-09 14:03:18.593734,Seoul-c400,16,80,Normal
2026-02-09 14:03:19.593734,Seoul-c400,36,71,Normal
2026-02-09 14:03:20.593734,Seoul-c400,-13,95,Normal
2026-02-09 14:03:21.593734,Seoul-c400,32,42,Normal
2026-02-09 14:03:22.593734,Seoul-c400,-30,57,Normal
2026-02-09 14:03:23.593734,Seoul-c400,22,0,Normal
2026-02-09 14:03:24.593734,Seoul-c400,-1,15,Normal
2026-02-09 14:03:25.593734,Seoul-c400,41,79,Normal
2026-02-09 14:03:26.593734,Seoul-c400,2,5,Normal
2026-02-09 14:03:27.593734,Seoul-c400,-1,82,Normal
2026-02-09 14:03:28.593734,Seoul-c400,12,46,Normal
2026-02-09 14:03:29.593734,Seoul-c400,30,40,Normal
2026-02-09 14:03:30.593734,Seoul-c400,7,42,Normal
2026-02-09 14:03:31.593734,Seoul-c400,-7,82,Normal
2026-02-09 14:03:32.593734,Seoul-c400,-19,73,Normal
2026-02-09 14:03:33.593734,Seoul-c400,25,26,Normal
2026-02-09 14:03:34.593734,Seoul-c400,-3,22,Normal
2026-02-09 14:03:35.593734,Seoul-c400,-23,83,Normal
2026-02-09 14:03:36.593734,Seoul-c400,-23,29,Normal
2026-02-09 14:03:37.593734,Seoul-c400,8,2,Normal
2026-02-09 14:03:38.593734,Seoul-c400,-16,11,Normal
2026-02-09 14:03:39.593734,Seoul-c400,11,12,Normal
2026-02-09 14:03:40.593734,Seoul-c400,-17,44,Normal
2026-02-09 14:03:41.593734,Seoul-c400,41,53,Normal
2026-02-09 14:03:42.593734,Seoul-c400,10,36,Normal
2026-02-09 14:03:43.593734,Seoul-c400,29,68,Normal
2026-02-09 14:03:44.593734,Seoul-c400,16,91,Normal
2026-02-09 14:03:45.593734,Seoul-c400,-3,28,Normal
2026-02-09 14:03:46.593734,Seoul-c400,-6,44,Normal
2026-02-09 14:03:47.593734,Seoul-c400,-23,69,Normal
2026-02-09 14:03:48.593734,Seoul-c400,34,42,Normal
2026-02-09 14:03:49.593734,Seoul-c400,-24,49,Normal
2026-02-09 14:03:50.593734,Seoul-c400,46,13,Normal
2026-02-09 14:03:51.593734,Seoul-c400,31,13,Normal
2026-02-09 14:03:52.593734,Seoul-c400,50,9,Normal
2026-02-09 14:03:53.593734,Seoul-c400,-1,44,Normal
2026-02-09 14:03:54.593734,Seoul-c400,29,1,Normal
2026-02-09 14:03:55.593734,Seoul-c400,-17,38,Normal
2026-02-09 14:03:56.593734,Seoul-c400,20,88,Normal
2026-02-09 14:03:57.593734,Seoul-c400,-18,20,Normal
2026-02-09 14:03:58.593734,Seoul-c400,-14,64,Normal
2026-02-09 14:03:59.593734,Seoul-c400,25,95,Normal
2026-02-09 14:04:00.593734,Seoul-c400,40,82,Normal
2026-02-09 14:04:01.593734,Seoul-c400,-16,96,Normal
2026-02-09 14:04:02.593734,Seoul-c400,48,36,Normal
2026-02-09 14:04:03.593734,Seoul-c400,50,91,Normal
2026-02-09 14:04:04.593734,Seoul-c400,-5,87,Normal
2026-02-09 14:04:05.593734,Seoul-c400,39,99,Normal
2026-02-09 14:04:06.593734,Seoul-c400,42,36,Normal
2026-02-09 14:04:07.593734,Seoul-c400,-10,47,Normal
2026-02-09 14:04:08.593734,Seoul-c400,-29,58,Normal
2026-02-09 14:04:09.593734,Seoul-c400,32,28,Normal
2026-02-09 14:04:10.593734,Seoul-c400,-11,4,Normal
2026-02-09 14:04:11.593734,Seoul-c400,-23,39,Normal
2026-02-09 14:04:12.593734,Seoul-c400,24,0,Normal
2026-02-09 14:04:13.593734,Seoul-c400,25,70,Normal
2026-02-09 14:04:14.593734,Seoul-c400,-2,23,Normal
2026-02-09 14:04:15.593734,Seoul-c400,38,29,Normal
2026-02-09 14:04:16.593734,Seoul-c400,13,24,Normal
2026-02-09 14:04:17.593734,Seoul-c400,48,70,Normal
2026-02-09 14:04:18.593734,Seoul-c400,-22,5,Normal
2026-02-09 14:04:19.593734,Seoul-c400,31,42,Normal
2026-02-09 14:04:20.593734,Seoul-c400,-28,54,Normal
2026-02-09 14:04:21.593734,Seoul-c400,33,26,Normal
2026-02-09 14:04:22.593734,Seoul-c400,2,51,Normal
2026-02-09 14:04:23.593734,Seoul-c400,-6,44,Normal
2026-02-09 14:04:24.593734,Seoul-c400,2,15,Normal
2026-02-09 14:04:25.593734,Seoul-c400,40,41,Normal
2026-02-09 14:04:26.593734,Seoul-c400,4,62,Normal
2026-02-09 14:04:27.593734,Seoul-c400,2,65,Normal
2026-02-09 14:04:28.593734,Seoul-c400,-18,15,Normal
2026-02-09 14:04:29.593734,Seoul-c400,-18,40,Normal
2026-02-09 14:04:30.593734,Seoul-c400,37,56,Normal
2026-02-09 14:04:31.593734,Seoul-c400,-2,44,Normal
2026-02-09 14:04:32.593734,Seoul-c400,29,32,Normal
2026-02-09 14:04:33.593734,Seoul-c400,16,57,Normal
2026-02-09 14:04:34.593734,Seoul-c400,-28,59,Normal
2026-02-09 14:04:35.593734,Seoul-c400,14,95,Normal
2026-02-09 14:04:36.593734,Seoul-c400,-21,30,Normal
2026-02-09 14:04:37.593734,Seoul-c400,-29,16,Normal
2026-02-09 14:04:38.593734,Seoul-c400,-25,61,Normal
2026-02-09 14:04:39.593734,Seoul-c400,-27,81,Normal
2026-02-09 14:04:40.593734,Seoul-c400,-1,44,Normal
2026-02-09 14:04:41.593734,Seoul-c400,26,76,Normal
2026-02-09 14:04:42.593734,Seoul-c400,-14,76,Normal
2026-02-09 14:04:43.593734,Seoul-c400,6,40,Normal
2026-02-09 14:04:44.593734,Seoul-c400,27,16,Normal
2026-02-09 14:04:45.593734,Seoul-c400,-25,42,Normal
2026-02-09 14:04:46.593734,Seoul-c400,24,72,Normal
2026-02-09 14:04:47.593734,Seoul-c400,35,97,Normal
2026-02-09 14:04:48.593734,Seoul-c400,0,82,Normal
2026-02-09 14:04:49.593734,Seoul-c400,-26,36,Normal
2026-02-09 14:04:50.593734,Seoul-c400,38,59,Normal
2026-02-09 14:04:51.593734,Seoul-c400,46,49,Normal
2026-02-09 14:04:52.593734,Seoul-c400,-25,13,Normal
2026-02-09 14:04:53.593734,Seoul-c400,50,72,Normal
2026-02-09 14:04:54.593734,Seoul-c400,-12,93,Normal
2026-02-09 14:04:55.593734,Seoul-c400,-29,25,Normal
2026-02-09 14:04:56.593734,Seoul-c400,42,87,Normal
2026-02-09 14:04:57.593734,Seoul-c400,29,57,Normal
2026-02-09 14:04:58.593734,Seoul-c400,-3,35,Normal
2026-02-09 14:04:59.593734,Seoul-c400,-28,10,Normal
2026-02-09 14:05:00.593734,Seoul-c400,-3,47,Normal
2026-02-09 14:05:01.593734,Seoul-c400,17,41,Normal
2026-02-09 14:05:02.593734,Seoul-c400,-23,74,Normal
2026-02-09 14:05:03.593734,Seoul-c400,-12,9,Normal
2026-02-09 14:05:04.593734,Seoul-c400,-25,76,Normal
2026-02-09 14:05:05.593734,Seoul-c400,12,63,Normal
2026-02-09 14:05:06.593734,Seoul-c400,-29,95,Normal
2026-02-09 14:05:07.593734,Seoul-c400,11,46,Normal
2026-02-09 14:05:08.593734,Seoul-c400,-20,50,Normal
2026-02-09 14:05:09.593734,Seoul-c400,34,36,Normal
2026-02-09 14:05:10.593734,Seoul-c400,31,90,Normal
2026-02-09 14:05:11.593734,Seoul-c400,-11,78,Normal
2026-02-09 14:05:12.593734,Seoul-c400,50,52,Normal
2026-02-09 14:05:13.593734,Seoul-c400,24,93,Normal
2026-02-09 14:05:14.593734,Seoul-c400,-6,26,Normal
2026-02-09 14:05:15.593734,Seoul-c400,23,98,Normal
2026-02-09 14:05:16.593734,Seoul-c400,-7,3,Normal
2026-02-09 14:05:17.593734,Seoul-c400,-20,66,Normal
2026-02-09 14:05:18.593734,Seoul-c400,11,60,Normal
2026-02-09 14:05:19.593734,Seoul-c400,11,51,Normal
2026-02-09 14:05:20.593734,Seoul-c400,-27,42,Normal
2026-02-09 14:05:21.593734,Seoul-c400,-28,94,Normal
2026-02-09 14:05:22.593734,Seoul-c400,33,64,Normal
2026-02-09 14:05:23.593734,Seoul-c400,36,0,Normal
2026-02-09 14:05:24.593734,Seoul-c400,33,40,Normal
2026-02-09 14:05:25.593734,Seoul-c400,11,33,Normal
2026-02-09 14:05:26.593734,Seoul-c400,-27,53,Normal
2026-02-09 14:05:27.593734,Seoul-c400,-20,52,Normal
2026-02-09 14:05:28.593734,Seoul-c400,2,57,Normal
2026-02-09 14:05:29.593734,Seoul-c400,15,66,Normal
2026-02-09 14:05:30.593734,Seoul-c400,-10,83,Normal
2026-02-09 14:05:31.593734,Seoul-c400,-15,78,Normal
2026-02-09 14:05:32.593734,Seoul-c400,-11,53,Normal
2026-02-09 14:05:33.593734,Seoul-c400,43,22,Normal
2026-02-09 14:05:34.593734,Seoul-c400,26,23,Normal
2026-02-09 14:05:35.593734,Seoul-c400,23,78,Normal
2026-02-09 14:05:36.593734,Seoul-c400,16,21,Normal
2026-02-09 14:05:37.593734,Seoul-c400,-10,33,Normal
2026-02-09 14:05:38.593734,Seoul-c400,-27,11,Normal
2026-02-09 14:05:39.593734,Seoul-c400,-12,89,Normal
2026-02-09 14:05:40.593734,Seoul-c400,47,99,Normal
2026-02-09 14:05:41.593734,Seoul-c400,18,55,Normal
2026-02-09 14:05:42.593734,Seoul-c400,34,5,Normal
2026-02-09 14:05:43.593734,Seoul-c400,48,76,Normal
2026-02-09 14:05:44.593734,Seoul-c400,-6,31,Normal
2026-02-09 14:05:45.593734,Seoul-c400,41,45,Normal
2026-02-09 14:05:46.593734,Seoul-c400,0,90,Normal
2026-02-09 14:05:47.593734,Seoul-c400,10,67,Normal
2026-02-09 14:05:48.593734,Seoul-c400,22,54,Normal
2026-02-09 14:05:49.593734,Seoul-c400,16,16,Normal
2026-02-09 14:05:50.593734,Seoul-c400,-14,22,Normal
2026-02-09 14:05:51.593734,Seoul-c400,17,36,Normal
2026-02-09 14:05:52.593734,Seoul-c400,-30,80,Normal
2026-02-09 14:05:53.593734,Seoul-c400,-22,86,Normal
2026-02-09 14:05:54.593734,Seoul-c400,15,68,Normal
2026-02-09 14:05:55.593734,Seoul-c400,45,83,Normal
2026-02-09 14:05:56.593734,Seoul-c400,-27,28,Normal
2026-02-09 14:05:57.593734,Seoul-c400,0,77,Normal
2026-02-09 14:05:58.593734,Seoul-c400,35,17,Normal
2026-02-09 14:05:59.593734,Seoul-c400,9,15,Normal
2026-02-09 14:06:00.593734,Seoul-c400,-22,46,Normal
2026-02-09 14:06:01.593734,Seoul-c400,9,2,Normal
2026-02-09 14:06:02.593734,Seoul-c400,-14,84,Normal
2026-02-09 14:06:03.593734,Seoul-c400,18,67,Normal
2026-02-09 14:06:04.593734,Seoul-c400,-26,55,Normal
2026-02-09 14:06:05.593734,Seoul-c400,50,85,Normal
2026-02-09 14:06:06.593734,Seoul-c400,23,83,Normal
2026-02-09 14:06:07.593734,Seoul-c400,1,80,Normal
2026-02-09 14:06:08.593734,Seoul-c400,35,25,Normal
2026-02-09 14:06:09.593734,Seoul-c400,0,82,Normal
2026-02-09 14:06:10.593734,Seoul-c400,11,95,Normal
2026-02-09 14:06:11.593734,Seoul-c400,-21,43,Normal
2026-02-09 14:06:12.593734,Seoul-c400,4,95,Normal
2026-02-09 14:06:13.593734,Seoul-c400,33,90,Normal
2026-02-09 14:06:14.593734,Seoul-c400,-29,92,Normal
2026-02-09 14:06:15.593734,Seoul-c400,-19,57,Normal
2026-02-09 14:06:16.593734,Seoul-c400,-5,74,Normal
2026-02-09 14:06:17.593734,Seoul-c400,-15,28,Normal
2026-02-09 14:06:18.593734,Seoul-c400,33,50,Normal
2026-02-09 14:06:19.593734,Seoul-c400,-4,45,Normal
2026-02-09 14:06:20.593734,Seoul-c400,-16,13,Normal
2026-02-09 14:06:21.593734,Seoul-c400,-30,22,Normal
2026-02-09 14:06:22.593734,Seoul-c400,-1,7,Normal
2026-02-09 14:06:23.593734,Seoul-c400,33,80,Normal
2026-02-09 14:06:24.593734,Seoul-c400,-17,5,Normal
2026-02-09 14:06:25.593734,Seoul-c400,43,49,Normal
2026-02-09 14:06:26.593734,Seoul-c400,41,29,Normal
2026-02-09 14:06:27.593734,Seoul-c400,35,22,Normal
2026-02-09 14:06:28.593734,Seoul-c400,-22,17,Normal
2026-02-09 14:06:29.593734,Seoul-c400,9,20,Normal
2026-02-09 14:06:30.593734,Seoul-c400,-23,19,Normal
2026-02-09 14:06:31.593734,Seoul-c400,50,29,Normal
2026-02-09 14:06:32.593734,Seoul-c400,23,35,Normal
2026-02-09 14:06:33.593734,Seoul-c400,5,31,Normal
2026-02-09 14:06:34.593734,Seoul-c400,-29,36,Normal
2026-02-09 14:06:35.593734,Seoul-c400,23,76,Normal
2026-02-09 14:06:36.593734,Seoul-c400,17,71,Normal
2026-02-09 14:06:37.593734,Seoul-c400,-16,32,Normal
2026-02-09 14:06:38.593734,Seoul-c400,26,7,Normal
2026-02-09 14:06:39.593734,Seoul-c400,-3,16,Normal
2026-02-09 14:06:40.593734,Seoul-c400,-3,3,Normal
2026-02-09 14:06:41.593734,Seoul-c400,3,92,Normal
2026-02-09 14:06:42.593734,Seoul-c400,-5,29,Normal
2026-02-09 14:06:43.593734,Seoul-c400,22,81,Normal
2026-02-09 14:06:44.593734,Seoul-c400,-26,94,Normal
2026-02-09 14:06:45.593734,Seoul-c400,39,85,Normal
2026-02-09 14:06:46.593734,Seoul-c400,6,36,Normal
2026-02-09 14:06:47.593734,Seoul-c400,-20,88,Normal
2026-02-09 14:06:48.593734,Seoul-c400,42,69,Normal
2026-02-09 14:06:49.593734,Seoul-c400,9,24,Normal
2026-02-09 14:06:50.593734,Seoul-c400,-3,58,Normal
2026-02-09 14:06:51.593734,Seoul-c400,-19,42,Normal
2026-02-09 14:06:52.593734,Seoul-c400,-1,88,Normal
2026-02-09 14:06:53.593734,Seoul-c400,42,28,Normal
2026-02-09 14:06:54.593734,Seoul-c400,3,87,Normal
2026-02-09 14:06:55.593734,Seoul-c400,0,98,Normal
2026-02-09 14:06:56.593734,Seoul-c400,4,79,Normal
2026-02-09 14:06:57.593734,Seoul-c400,42,78,Normal
2026-02-09 14:06:58.593734,Seoul-c400,38,92,Normal
2026-02-09 14:06:59.593734,Seoul-c400,26,45,Normal
2026-02-09 14:07:00.593734,Seoul-c400,15,92,Normal
2026-02-09 14:07:01.593734,Seoul-c400,41,62,Normal
2026-02-09 14:07:02.593734,Seoul-c400,-12,53,Normal
2026-02-09 14:07:03.593734,Seoul-c400,48,80,Normal
2026-02-09 14:07:04.593734,Seoul-c400,22,67,Normal
2026-02-09 14:07:05.593734,Seoul-c400,45,30,Normal
2026-02-09 14:07:06.593734,Seoul-c400,44,5,Normal
2026-02-09 14:07:07.593734,Seoul-c400,6,95,Normal
2026-02-09 14:07:08.593734,Seoul-c400,0,28,Normal
2026-02-09 14:07:09.593734,Seoul-c400,20,40,Normal
2026-02-09 14:07:10.593734,Seoul-c400,31,27,Normal
2026-02-09 14:07:11.593734,Seoul-c400,35,91,Normal
2026-02-09 14:07:12.593734,Seoul-c400,-19,73,Normal
2026-02-09 14:07:13.593734,Seoul-c400,20,85,Normal
2026-02-09 14:07:14.593734,Seoul-c400,11,49,Normal
2026-02-09 14:07:15.593734,Seoul-c400,-10,75,Normal
2026-02-09 14:07:16.593734,Seoul-c400,26,81,Normal
2026-02-09 14:07:17.593734,Seoul-c400,5,19,Normal
2026-02-09 14:07:18.593734,Seoul-c400,22,17,Normal
2026-02-09 14:07:19.593734,Seoul-c400,14,61,Normal
2026-02-09 14:07:20.593734,Seoul-c400,-29,78,Normal
2026-02-09 14:07:21.593734,Seoul-c400,35,12,Normal
2026-02-09 14:07:22.593734,Seoul-c400,11,86,Normal
2026-02-09 14:07:23.593734,Seoul-c400,22,19,Normal
2026-02-09 14:07:24.593734,Seoul-c400,-22,80,Normal
2026-02-09 14:07:25.593734,Seoul-c400,42,63,Normal
2026-02-09 14:07:26.593734,Seoul-c400,44,46,Normal
2026-02-09 14:07:27.593734,Seoul-c400,20,51,Normal
2026-02-09 14:07:28.593734,Seoul-c400,30,77,Normal
2026-02-09 14:07:29.593734,Seoul-c400,27,24,Normal
2026-02-09 14:07:30.593734,Seoul-c400,16,25,Normal
2026-02-09 14:07:31.593734,Seoul-c400,44,8,Normal
2026-02-09 14:07:32.593734,Seoul-c400,11,58,Normal
2026-02-09 14:07:33.593734,Seoul-c400,-24,68,Normal
2026-02-09 14:07:34.593734,Seoul-c400,31,64,Normal
2026-02-09 14:07:35.593734,Seoul-c400,-11,35,Normal
2026-02-09 14:07:36.593734,Seoul-c400,-21,8,Normal
2026-02-09 14:07:37.593734,Seoul-c400,30,98,Normal
2026-02-09 14:07:38.593734,Seoul-c400,1,31,Normal
2026-02-09 14:07:39.593734,Seoul-c400,-15,35,Normal
2026-02-09 14:07:40.593734,Seoul-c400,49,35,Normal
2026-02-09 14:07:41.593734,Seoul-c400,-13,9,Normal
2026-02-09 14:07:42.593734,Seoul-c400,34,93,Normal
2026-02-09 14:07:43.593734,Seoul-c400,10,73,Normal
2026-02-09 14:07:44.593734,Seoul-c400,9,93,Normal
2026-02-09 14:07:45.593734,Seoul-c400,-1,99,Normal
2026-02-09 14:07:46.593734,Seoul-c400,43,31,Normal
2026-02-09 14:07:47.593734,Seoul-c400,49,53,Normal
2026-02-09 14:07:48.593734,Seoul-c400,6,41,Normal
2026-02-09 14:07:49.593734,Seoul-c400,-21,39,Normal
2026-02-09 14:07:50.593734,Seoul-c400,-5,73,Normal
2026-02-09 14:07:51.593734,Seoul-c400,23,0,Normal
2026-02-09 14:07:52.593734,Seoul-c400,-13,43,Normal
2026-02-09 14:07:53.593734,Seoul-c400,-29,77,Normal
2026-02-09 14:07:54.593734,Seoul-c400,17,40,Normal
2026-02-09 14:07:55.593734,Seoul-c400,20,24,Normal
2026-02-09 14:07:56.593734,Seoul-c400,9,55,Normal
2026-02-09 14:07:57.593734,Seoul-c400,13,37,Normal
2026-02-09 14:07:58.593734,Seoul-c400,35,38,Normal
2026-02-09 14:07:59.593734,Seoul-c400,11,54,Normal
2026-02-09 14:08:00.593734,Seoul-c400,46,37,Normal
2026-02-09 14:08:01.593734,Seoul-c400,30,67,Normal
2026-02-09 14:08:02.593734,Seoul-c400,-13,87,Normal
2026-02-09 14:08:03.593734,Seoul-c400,36,82,Normal
2026-02-09 14:08:04.593734,Seoul-c400,37,21,Normal
2026-02-09 14:08:05.593734,Seoul-c400,-22,13,Normal
2026-02-09 14:08:06.593734,Seoul-c400,35,60,Normal
2026-02-09 14:08:07.593734,Seoul-c400,10,72,Normal
2026-02-09 14:08:08.593734,Seoul-c400,46,23,Normal
2026-02-09 14:08:09.593734,Seoul-c400,37,41,Normal
2026-02-09 14:08:10.593734,Seoul-c400,46,64,Normal
2026-02-09 14:08:11.593734,Seoul-c400,-16,95,Normal
2026-02-09 14:08:12.593734,Seoul-c400,21,49,Normal
2026-02-09 14:08:13.593734,Seoul-c400,5,84,Normal
2026-02-09 14:08:14.593734,Seoul-c400,32,49,Normal
2026-02-09 14:08:15.593734,Seoul-c400,30,54,Normal
2026-02-09 14:08:16.593734,Seoul-c400,27,49,Normal
2026-02-09 14:08:17.593734,Seoul-c400,20,44,Normal
2026-02-09 14:08:18.593734,Seoul-c400,41,75,Normal
2026-02-09 14:08:19.593734,Seoul-c400,-6,35,Normal
2026-02-09 14:08:20.593734,Seoul-c400,42,59,Normal
2026-02-09 14:08:21.593734,Seoul-c400,35,30,Normal
2026-02-09 14:08:22.593734,Seoul-c400,-26,17,Normal
2026-02-09 14:08:23.593734,Seoul-c400,-4,73,Normal
2026-02-09 14:08:24.593734,Seoul-c400,45,12,Normal
2026-02-09 14:08:25.593734,Seoul-c400,36,39,Normal
2026-02-09 14:08:26.593734,Seoul-c400,-4,32,Normal
2026-02-09 14:08:27.593734,Seoul-c400,13,60,Normal
2026-02-09 14:08:28.593734,Seoul-c400,43,66,Normal
2026-02-09 14:08:29.593734,Seoul-c400,34,9,Normal
2026-02-09 14:08:30.593734,Seoul-c400,49,12,Normal
2026-02-09 14:08:31.593734,Seoul-c400,40,33,Normal
2026-02-09 14:08:32.593734,Seoul-c400,-25,13,Normal
2026-02-09 14:08:33.593734,Seoul-c400,-24,37,Normal
2026-02-09 14:08:34.593734,Seoul-c400,36,81,Normal
2026-02-09 14:08:35.593734,Seoul-c400,4,85,Normal
2026-02-09 14:08:36.593734,Seoul-c400,-24,50,Normal
2026-02-09 14:08:37.593734,Seoul-c400,31,83,Normal
2026-02-09 14:08:38.593734,Seoul-c400,32,73,Normal
2026-02-09 14:08:39.593734,Seoul-c400,30,74,Normal
2026-02-09 14:08:40.593734,Seoul-c400,11,25,Normal
2026-02-09 14:08:41.593734,Seoul-c400,25,39,Normal
2026-02-09 14:08:42.593734,Seoul-c400,-9,65,Normal
2026-02-09 14:08:43.593734,Seoul-c400,29,22,Normal
2026-02-09 14:08:44.593734,Seoul-c400,15,19,Normal
2026-02-09 14:08:45.593734,Seoul-c400,13,75,Normal
2026-02-09 14:08:46.593734,Seoul-c400,-25,37,Normal
2026-02-09 14:08:47.593734,Seoul-c400,28,59,Normal
2026-02-09 14:08:48.593734,Seoul-c400,-19,31,Normal
2026-02-09 14:08:49.593734,Seoul-c400,-23,94,Normal
2026-02-09 14:08:50.593734,Seoul-c400,18,52,Normal
2026-02-09 14:08:51.593734,Seoul-c400,-8,39,Normal
2026-02-09 14:08:52.593734,Seoul-c400,-18,24,Normal
2026-02-09 14:08:53.593734,Seoul-c400,-6,14,Normal
2026-02-09 14:08:54.593734,Seoul-c400,-6,65,Normal
2026-02-09 14:08:55.593734,Seoul-c400,-5,100,Normal
2026-02-09 14:08:56.593734,Seoul-c400,50,78,Normal
2026-02-09 14:08:57.593734,Seoul-c400,34,26,Normal
2026-02-09 14:08:58.593734,Seoul-c400,19,65,Normal
2026-02-09 14:08:59.593734,Seoul-c400,-1,54,Normal
2026-02-09 14:09:00.593734,Seoul-c400,20,11,Normal
2026-02-09 14:09:01.593734,Seoul-c400,34,30,Normal
2026-02-09 14:09:02.593734,Seoul-c400,27,86,Normal
2026-02-09 14:09:03.593734,Seoul-c400,-7,98,Normal
2026-02-09 14:09:04.593734,Seoul-c400,13,28,Normal
2026-02-09 14:09:05.593734,Seoul-c400,32,12,Normal
2026-02-09 14:09:06.593734,Seoul-c400,-20,93,Normal
2026-02-09 14:09:07.593734,Seoul-c400,12,12,Normal
2026-02-09 14:09:08.593734,Seoul-c400,18,48,Normal
2026-02-09 14:09:09.593734,Seoul-c400,43,41,Normal
2026-02-09 14:09:10.593734,Seoul-c400,20,38,Normal
2026-02-09 14:09:11.593734,Seoul-c400,17,91,Normal
2026-02-09 14:09:12.593734,Seoul-c400,12,100,Normal
2026-02-09 14:09:13.593734,Seoul-c400,6,17,Normal
2026-02-09 14:09:14.593734,Seoul-c400,37,25,Normal
2026-02-09 14:09:15.593734,Seoul-c400,-26,31,Normal
2026-02-09 14:09:16.593734,Seoul-c400,22,75,Normal
2026-02-09 14:09:17.593734,Seoul-c400,1,0,Normal
2026-02-09 14:09:18.593734,Seoul-c400,-1,12,Normal
2026-02-09 14:09:19.593734,Seoul-c400,22,62,Normal
2026-02-09 14:09:20.593734,Seoul-c400,-30,45,Normal
2026-02-09 14:09:21.593734,Seoul-c400,17,68,Normal
2026-02-09 14:09:22.593734,Seoul-c400,-14,36,Normal
2026-02-09 14:09:23.593734,Seoul-c400,19,14,Normal
2026-02-09 14:09:24.593734,Seoul-c400,48,69,Normal
2026-02-09 14:09:25.593734,Seoul-c400,-14,81,Normal
2026-02-09 14:09:26.593734,Seoul-c400,18,36,Normal
2026-02-09 14:09:27.593734,Seoul-c400,-21,7,Normal
2026-02-09 14:09:28.593734,Seoul-c400,31,37,Normal
2026-02-09 14:09:29.593734,Seoul-c400,47,7,Normal
2026-02-09 14:09:30.593734,Seoul-c400,12,36,Normal
2026-02-09 14:09:31.593734,Seoul-c400,35,29,Normal
2026-02-09 14:09:32.593734,Seoul-c400,18,76,Normal
2026-02-09 14:09:33.593734,Seoul-c400,25,58,Normal
2026-02-09 14:09:34.593734,Seoul-c400,30,13,Normal
2026-02-09 14:09:35.593734,Seoul-c400,30,29,Normal
2026-02-09 14:09:36.593734,Seoul-c400,37,60,Normal
2026-02-09 14:09:37.593734,Seoul-c400,48,82,Normal
2026-02-09 14:09:38.593734,Seoul-c400,19,3,Normal
2026-02-09 14:09:39.593734,Seoul-c400,19,39,Normal
2026-02-09 14:09:40.593734,Seoul-c400,32,25,Normal
2026-02-09 14:09:41.593734,Seoul-c400,-19,4,Normal
2026-02-09 14:09:42.593734,Seoul-c400,-29,57,Normal
2026-02-09 14:09:43.593734,Seoul-c400,7,19,Normal
2026-02-09 14:09:44.593734,Seoul-c400,-18,83,Normal
2026-02-09 14:09:45.593734,Seoul-c400,17,66,Normal
2026-02-09 14:09:46.593734,Seoul-c400,7,68,Normal
2026-02-09 14:09:47.593734,Seoul-c400,36,97,Normal
2026-02-09 14:09:48.593734,Seoul-c400,48,96,Normal
2026-02-09 14:09:49.593734,Seoul-c400,-4,98,Normal
2026-02-09 14:09:50.593734,Seoul-c400,2,45,Normal
2026-02-09 14:09:51.593734,Seoul-c400,26,7,Normal
2026-02-09 14:09:52.593734,Seoul-c400,31,56,Normal
2026-02-09 14:09:53.593734,Seoul-c400,-22,52,Normal
2026-02-09 14:09:54.593734,Seoul-c400,4,65,Normal
2026-02-09 14:09:55.593734,Seoul-c400,35,57,Normal
2026-02-09 14:09:56.593734,Seoul-c400,49,13,Normal
2026-02-09 14:09:57.593734,Seoul-c400,40,45,Normal
2026-02-09 14:09:58.593734,Seoul-c400,25,73,Normal
2026-02-09 14:09:59.593734,Seoul-c400,20,71,Normal
2026-02-09 14:10:00.593734,Seoul-c400,16,63,Normal
2026-02-09 14:10:01.593734,Seoul-c400,26,34,Normal
2026-02-09 14:10:02.593734,Seoul-c400,29,22,Normal
2026-02-09 14:10:03.593734,Seoul-c400,50,37,Normal
2026-02-09 14:10:04.593734,Seoul-c400,44,44,Normal
2026-02-09 14:10:05.593734,Seoul-c400,21,55,Normal
2026-02-09 14:10:06.593734,Seoul-c400,-24,95,Normal
2026-02-09 14:10:07.593734,Seoul-c400,40,9,Normal
2026-02-09 14:10:08.593734,Seoul-c400,-18,25,Normal
2026-02-09 14:10:09.593734,Seoul-c400,8,64,Normal
2026-02-09 14:10:10.593734,Seoul-c400,42,37,Normal
2026-02-09 14:10:11.593734,Seoul-c400,48,66,Normal
2026-02-09 14:10:12.593734,Seoul-c400,28,26,Normal
2026-02-09 14:10:13.593734,Seoul-c400,-23,26,Normal
2026-02-09 14:10:14.593734,Seoul-c400,-24,2,Normal
2026-02-09 14:10:15.593734,Seoul-c400,23,47,Normal
2026-02-09 14:10:16.593734,Seoul-c400,23,4,Normal
2026-02-09 14:10:17.593734,Seoul-c400,3,61,Normal
2026-02-09 14:10:18.593734,Seoul-c400,-6,39,Normal
2026-02-09 14:10:19.593734,Seoul-c400,-30,36,Normal
2026-02-09 14:10:20.593734,Seoul-c400,-4,70,Normal
2026-02-09 14:10:21.593734,Seoul-c400,-29,4,Normal
2026-02-09 14:10:22.593734,Seoul-c400,44,100,Normal
2026-02-09 14:10:23.593734,Seoul-c400,9,24,Normal
2026-02-09 14:10:24.593734,Seoul-c400,-22,16,Normal
2026-02-09 14:10:25.593734,Seoul-c400,-5,68,Normal
2026-02-09 14:10:26.593734,Seoul-c400,16,81,Normal
2026-02-09 14:10:27.593734,Seoul-c400,38,69,Normal
2026-02-09 14:10:28.593734,Seoul-c400,47,46,Normal
2026-02-09 14:10:29.593734,Seoul-c400,35,96,Normal
2026-02-09 14:10:30.593734,Seoul-c400,-23,75,Normal
2026-02-09 14:10:31.593734,Seoul-c400,-16,100,Normal
2026-02-09 14:10:32.593734,Seoul-c400,47,71,Normal
2026-02-09 14:10:33.593734,Seoul-c400,-21,94,Normal
2026-02-09 14:10:34.593734,Seoul-c400,39,79,Normal
2026-02-09 14:10:35.593734,Seoul-c400,29,44,Normal
2026-02-09 14:10:36.593734,Seoul-c400,-20,0,Normal
2026-02-09 14:10:37.593734,Seoul-c400,6,74,Normal
2026-02-09 14:10:38.593734,Seoul-c400,-14,29,Normal
2026-02-09 14:10:39.593734,Seoul-c400,4,92,Normal
2026-02-09 14:10:40.593734,Seoul-c400,5,79,Normal
2026-02-09 14:10:41.593734,Seoul-c400,-21,19,Normal
2026-02-09 14:10:42.593734,Seoul-c400,38,48,Normal
2026-02-09 14:10:43.593734,Seoul-c400,-21,96,Normal
2026-02-09 14:10:44.593734,Seoul-c400,-17,67,Normal
2026-02-09 14:10:45.593734,Seoul-c400,9,21,Normal
2026-02-09 14:10:46.593734,Seoul-c400,5,99,Normal
2026-02-09 14:10:47.593734,Seoul-c400,-17,12,Normal
2026-02-09 14:10:48.593734,Seoul-c400,-12,44,Normal
2026-02-09 14:10:49.593734,Seoul-c400,-6,78,Normal
2026-02-09 14:10:50.593734,Seoul-c400,24,45,Normal
2026-02-09 14:10:51.593734,Seoul-c400,41,59,Normal
2026-02-09 14:10:52.593734,Seoul-c400,47,14,Normal
2026-02-09 14:10:53.593734,Seoul-c400,-13,3,Normal
2026-02-09 14:10:54.593734,Seoul-c400,30,82,Normal
2026-02-09 14:10:55.593734,Seoul-c400,-25,89,Normal
2026-02-09 14:10:56.593734,Seoul-c400,-25,49,Normal
2026-02-09 14:10:57.593734,Seoul-c400,11,64,Normal
2026-02-09 14:10:58.593734,Seoul-c400,25,70,Normal
2026-02-09 14:10:59.593734,Seoul-c400,22,67,Normal
2026-02-09 14:11:00.593734,Seoul-c400,23,77,Normal
2026-02-09 14:11:01.593734,Seoul-c400,4,100,Normal
2026-02-09 14:11:02.593734,Seoul-c400,-2,32,Normal
2026-02-09 14:11:03.593734,Seoul-c400,30,4,Normal
2026-02-09 14:11:04.593734,Seoul-c400,46,9,Normal
2026-02-09 14:11:05.593734,Seoul-c400,5,7,Normal
2026-02-09 14:11:06.593734,Seoul-c400,5,44,Normal
2026-02-09 14:11:07.593734,Seoul-c400,16,59,Normal
2026-02-09 14:11:08.593734,Seoul-c400,6,54,Normal
2026-02-09 14:11:09.593734,Seoul-c400,41,74,Normal
2026-02-09 14:11:10.593734,Seoul-c400,-27,39,Normal
2026-02-09 14:11:11.593734,Seoul-c400,16,92,Normal
2026-02-09 14:11:12.593734,Seoul-c400,-9,82,Normal
2026-02-09 14:11:13.593734,Seoul-c400,48,66,Normal
2026-02-09 14:11:14.593734,Seoul-c400,40,46,Normal
2026-02-09 14:11:15.593734,Seoul-c400,-26,40,Normal
2026-02-09 14:11:16.593734,Seoul-c400,25,61,Normal
2026-02-09 14:11:17.593734,Seoul-c400,-21,86,Normal
2026-02-09 14:11:18.593734,Seoul-c400,-27,15,Normal
2026-02-09 14:11:19.593734,Seoul-c400,8,57,Normal
2026-02-09 14:11:20.593734,Seoul-c400,-20,2,Normal
2026-02-09 14:11:21.593734,Seoul-c400,5,60,Normal
2026-02-09 14:11:22.593734,Seoul-c400,-3,66,Normal
2026-02-09 14:11:23.593734,Seoul-c400,-27,42,Normal
2026-02-09 14:11:24.593734,Seoul-c400,-6,50,Normal
2026-02-09 14:11:25.593734,Seoul-c400,12,6,Normal
2026-02-09 14:11:26.593734,Seoul-c400,49,16,Normal
2026-02-09 14:11:27.593734,Seoul-c400,-27,90,Normal
2026-02-09 14:11:28.593734,Seoul-c400,26,82,Normal
2026-02-09 14:11:29.593734,Seoul-c400,5,61,Normal
2026-02-09 14:11:30.593734,Seoul-c400,14,74,Normal
2026-02-09 14:11:31.593734,Seoul-c400,8,91,Normal
2026-02-09 14:11:32.593734,Seoul-c400,28,74,Normal
2026-02-09 14:11:33.593734,Seoul-c400,-17,13,Normal
2026-02-09 14:11:34.593734,Seoul-c400,14,71,Normal
2026-02-09 14:11:35.593734,Seoul-c400,7,69,Normal
2026-02-09 14:11:36.593734,Seoul-c400,-7,97,Normal
2026-02-09 14:11:37.593734,Seoul-c400,33,3,Normal
2026-02-09 14:11:38.593734,Seoul-c400,14,45,Normal
2026-02-09 14:11:39.593734,Seoul-c400,38,21,Normal
2026-02-09 14:11:40.593734,Seoul-c400,-5,76,Normal
2026-02-09 14:11:41.593734,Seoul-c400,25,82,Normal
2026-02-09 14:11:42.593734,Seoul-c400,28,54,Normal
2026-02-09 14:11:43.593734,Seoul-c400,-27,43,Normal
2026-02-09 14:11:44.593734,Seoul-c400,3,34,Normal
2026-02-09 14:11:45.593734,Seoul-c400,33,4,Normal
2026-02-09 14:11:46.593734,Seoul-c400,17,40,Normal
2026-02-09 14:11:47.593734,Seoul-c400,44,83,Normal
2026-02-09 14:11:48.593734,Seoul-c400,4,94,Normal
2026-02-09 14:11:49.593734,Seoul-c400,14,54,Normal
2026-02-09 14:11:50.593734,Seoul-c400,-28,25,Normal
2026-02-09 14:11:51.593734,Seoul-c400,42,34,Normal
2026-02-09 14:11:52.593734,Seoul-c400,-27,38,Normal
2026-02-09 14:11:53.593734,Seoul-c400,28,94,Normal
2026-02-09 14:11:54.593734,Seoul-c400,-14,77,Normal
2026-02-09 14:11:55.593734,Seoul-c400,1,79,Normal
2026-02-09 14:11:56.593734,Seoul-c400,22,77,Normal
2026-02-09 14:11:57.593734,Seoul-c400,22,38,Normal
2026-02-09 14:11:58.593734,Seoul-c400,-17,65,Normal
2026-02-09 14:11:59.593734,Seoul-c400,37,91,Normal
2026-02-09 14:12:00.593734,Seoul-c400,14,23,Normal
2026-02-09 14:12:01.593734,Seoul-c400,-3,4,Normal
2026-02-09 14:12:02.593734,Seoul-c400,30,5,Normal
2026-02-09 14:12:03.593734,Seoul-c400,-29,1,Normal
2026-02-09 14:12:04.593734,Seoul-c400,25,90,Normal
2026-02-09 14:12:05.593734,Seoul-c400,-14,13,Normal
2026-02-09 14:12:06.593734,Seoul-c400,50,4,Normal
2026-02-09 14:12:07.593734,Seoul-c400,1,79,Normal
2026-02-09 14:12:08.593734,Seoul-c400,35,87,Normal
2026-02-09 14:12:09.593734,Seoul-c400,-11,68,Normal
2026-02-09 14:12:10.593734,Seoul-c400,13,4,Normal
2026-02-09 14:12:11.593734,Seoul-c400,20,69,Normal
2026-02-09 14:12:12.593734,Seoul-c400,-11,12,Normal
2026-02-09 14:12:13.593734,Seoul-c400,35,45,Normal
2026-02-09 14:12:14.593734,Seoul-c400,41,90,Normal
2026-02-09 14:12:15.593734,Seoul-c400,-20,53,Normal
2026-02-09 14:12:16.593734,Seoul-c400,33,82,Normal
2026-02-09 14:12:17.593734,Seoul-c400,-1,54,Normal
2026-02-09 14:12:18.593734,Seoul-c400,-2,0,Normal
2026-02-09 14:12:19.593734,Seoul-c400,47,10,Normal
2026-02-09 14:12:20.593734,Seoul-c400,34,19,Normal
2026-02-09 14:12:21.593734,Seoul-c400,19,46,Normal
2026-02-09 14:12:22.593734,Seoul-c400,-23,67,Normal
2026-02-09 14:12:23.593734,Seoul-c400,41,17,Normal
2026-02-09 14:12:24.593734,Seoul-c400,-9,28,Normal
2026-02-09 14:12:25.593734,Seoul-c400,-24,46,Normal
2026-02-09 14:12:26.593734,Seoul-c400,38,39,Normal
2026-02-09 14:12:27.593734,Seoul-c400,-15,60,Normal
2026-02-09 14:12:28.593734,Seoul-c400,34,42,Normal
2026-02-09 14:12:29.593734,Seoul-c400,23,87,Normal
2026-02-09 14:12:30.593734,Seoul-c400,-11,81,Normal
2026-02-09 14:12:31.593734,Seoul-c400,50,58,Normal
2026-02-09 14:12:32.593734,Seoul-c400,49,89,Normal
2026-02-09 14:12:33.593734,Seoul-c400,-1,87,Normal
2026-02-09 14:12:34.593734,Seoul-c400,-18,24,Normal
2026-02-09 14:12:35.593734,Seoul-c400,-8,39,Normal
2026-02-09 14:12:36.593734,Seoul-c400,19,11,Normal
2026-02-09 14:12:37.593734,Seoul-c400,35,89,Normal
2026-02-09 14:12:38.593734,Seoul-c400,-12,6,Normal
2026-02-09 14:12:39.593734,Seoul-c400,-23,23,Normal
2026-02-09 14:12:40.593734,Seoul-c400,-8,44,Normal
2026-02-09 14:12:41.593734,Seoul-c400,39,55,Normal
2026-02-09 14:12:42.593734,Seoul-c400,16,57,Normal
2026-02-09 14:12:43.593734,Seoul-c400,31,72,Normal
2026-02-09 14:12:44.593734,Seoul-c400,24,95,Normal
2026-02-09 14:12:45.593734,Seoul-c400,45,85,Normal
2026-02-09 14:12:46.593734,Seoul-c400,24,16,Normal
2026-02-09 14:12:47.593734,Seoul-c400,5,58,Normal
2026-02-09 14:12:48.593734,Seoul-c400,22,88,Normal
2026-02-09 14:12:49.593734,Seoul-c400,23,38,Normal
2026-02-09 14:12:50.593734,Seoul-c400,-14,54,Normal
2026-02-09 14:12:51.593734,Seoul-c400,-1,88,Normal
2026-02-09 14:12:52.593734,Seoul-c400,47,85,Normal
2026-02-09 14:12:53.593734,Seoul-c400,-28,54,Normal
2026-02-09 14:12:54.593734,Seoul-c400,44,74,Normal
2026-02-09 14:12:55.593734,Seoul-c400,-29,78,Normal
2026-02-09 14:12:56.593734,Seoul-c400,-20,28,Normal
2026-02-09 14:12:57.593734,Seoul-c400,32,41,Normal
2026-02-09 14:12:58.593734,Seoul-c400,-8,65,Normal
2026-02-09 14:12:59.593734,Seoul-c400,-23,30,Normal
2026-02-09 14:13:00.593734,Seoul-c400,-17,53,Normal
2026-02-09 14:13:01.593734,Seoul-c400,47,93,Normal
2026-02-09 14:13:02.593734,Seoul-c400,-3,58,Normal
2026-02-09 14:13:03.593734,Seoul-c400,26,40,Normal
2026-02-09 14:13:04.593734,Seoul-c400,12,68,Normal
2026-02-09 14:13:05.593734,Seoul-c400,43,43,Normal
2026-02-09 14:13:06.593734,Seoul-c400,44,99,Normal
2026-02-09 14:13:07.593734,Seoul-c400,38,39,Normal
2026-02-09 14:13:08.593734,Seoul-c400,8,66,Normal
2026-02-09 14:13:09.593734,Seoul-c400,15,62,Normal
2026-02-09 14:13:10.593734,Seoul-c400,-18,55,Normal
2026-02-09 14:13:11.593734,Seoul-c400,40,61,Normal
2026-02-09 14:13:12.593734,Seoul-c400,-22,90,Normal
2026-02-09 14:13:13.593734,Seoul-c400,-10,17,Normal
2026-02-09 14:13:14.593734,Seoul-c400,23,47,Normal
2026-02-09 14:13:15.593734,Seoul-c400,-6,72,Normal
2026-02-09 14:13:16.593734,Seoul-c400,32,83,Normal
2026-02-09 14:13:17.593734,Seoul-c400,2,58,Normal
2026-02-09 14:13:18.593734,Seoul-c400,-19,86,Normal
2026-02-09 14:13:19.593734,Seoul-c400,16,81,Normal
2026-02-09 14:13:20.593734,Seoul-c400,48,5,Normal
2026-02-09 14:13:21.593734,Seoul-c400,9,75,Normal
2026-02-09 14:13:22.593734,Seoul-c400,9,16,Normal
2026-02-09 14:13:23.593734,Seoul-c400,41,14,Normal
2026-02-09 14:13:24.593734,Seoul-c400,31,84,Normal
2026-02-09 14:13:25.593734,Seoul-c400,30,14,Normal
2026-02-09 14:13:26.593734,Seoul-c400,48,66,Normal
2026-02-09 14:13:27.593734,Seoul-c400,42,76,Normal
2026-02-09 14:13:28.593734,Seoul-c400,24,17,Normal
2026-02-09 14:13:29.593734,Seoul-c400,19,61,Normal
2026-02-09 14:13:30.593734,Seoul-c400,-22,88,Normal
2026-02-09 14:13:31.593734,Seoul-c400,-6,30,Normal
2026-02-09 14:13:32.593734,Seoul-c400,4,80,Normal
2026-02-09 14:13:33.593734,Seoul-c400,38,29,Normal
2026-02-09 14:13:34.593734,Seoul-c400,-27,49,Normal
2026-02-09 14:13:35.593734,Seoul-c400,40,46,Normal
2026-02-09 14:13:36.593734,Seoul-c400,-10,43,Normal
2026-02-09 14:13:37.593734,Seoul-c400,-22,78,Normal
2026-02-09 14:13:38.593734,Seoul-c400,10,82,Normal
2026-02-09 14:13:39.593734,Seoul-c400,-21,52,Normal
2026-02-09 14:13:40.593734,Seoul-c400,23,60,Normal
2026-02-09 14:13:41.593734,Seoul-c400,22,27,Normal
2026-02-09 14:13:42.593734,Seoul-c400,-29,46,Normal
2026-02-09 14:13:43.593734,Seoul-c400,45,76,Normal
2026-02-09 14:13:44.593734,Seoul-c400,7,90,Normal
2026-02-09 14:13:45.593734,Seoul-c400,-11,89,Normal
2026-02-09 14:13:46.593734,Seoul-c400,16,40,Normal
2026-02-09 14:13:47.593734,Seoul-c400,19,41,Normal
2026-02-09 14:13:48.593734,Seoul-c400,44,45,Normal
2026-02-09 14:13:49.593734,Seoul-c400,18,62,Normal
2026-02-09 14:13:50.593734,Seoul-c400,-14,36,Normal
2026-02-09 14:13:51.593734,Seoul-c400,50,38,Normal
2026-02-09 14:13:52.593734,Seoul-c400,-24,14,Normal
2026-02-09 14:13:53.593734,Seoul-c400,34,95,Normal
2026-02-09 14:13:54.593734,Seoul-c400,-25,26,Normal
2026-02-09 14:13:55.593734,Seoul-c400,32,50,Normal
2026-02-09 14:13:56.593734,Seoul-c400,31,82,Normal
2026-02-09 14:13:57.593734,Seoul-c400,-24,92,Normal
2026-02-09 14:13:58.593734,Seoul-c400,27,18,Normal
2026-02-09 14:13:59.593734,Seoul-c400,-2,85,Normal
2026-02-09 14:14:00.593734,Seoul-c400,-2,59,Normal
2026-02-09 14:14:01.593734,Seoul-c400,46,17,Normal
2026-02-09 14:14:02.593734,Seoul-c400,-14,94,Normal
2026-02-09 14:14:03.593734,Seoul-c400,9,38,Normal
2026-02-09 14:14:04.593734,Seoul-c400,6,55,Normal
2026-02-09 14:14:05.593734,Seoul-c400,4,73,Normal
2026-02-09 14:14:06.593734,Seoul-c400,4,54,Normal
2026-02-09 14:14:07.593734,Seoul-c400,-14,96,Normal
2026-02-09 14:14:08.593734,Seoul-c400,0,22,Normal
2026-02-09 14:14:09.593734,Seoul-c400,-15,85,Normal
2026-02-09 14:14:10.593734,Seoul-c400,30,94,Normal
2026-02-09 14:14:11.593734,Seoul-c400,31,12,Normal
2026-02-09 14:14:12.593734,Seoul-c400,21,30,Normal
2026-02-09 14:14:13.593734,Seoul-c400,46,43,Normal
2026-02-09 14:14:14.593734,Seoul-c400,23,94,Normal
2026-02-09 14:14:15.593734,Seoul-c400,-11,49,Normal
2026-02-09 14:14:16.593734,Seoul-c400,-17,65,Normal
2026-02-09 14:14:17.593734,Seoul-c400,19,24,Normal
2026-02-09 14:14:18.593734,Seoul-c400,29,73,Normal
2026-02-09 14:14:19.593734,Seoul-c400,2,51,Normal
2026-02-09 14:14:20.593734,Seoul-c400,-21,57,Normal
2026-02-09 14:14:21.593734,Seoul-c400,28,21,Normal
2026-02-09 14:14:22.593734,Seoul-c400,28,58,Normal
2026-02-09 14:14:23.593734,Seoul-c400,20,62,Normal
2026-02-09 14:14:24.593734,Seoul-c400,1,26,Normal
2026-02-09 14:14:25.593734,Seoul-c400,-28,53,Normal
2026-02-09 14:14:26.593734,Seoul-c400,-22,15,Normal
2026-02-09 14:14:27.593734,Seoul-c400,23,55,Normal
2026-02-09 14:14:28.593734,Seoul-c400,27,95,Normal
2026-02-09 14:14:29.593734,Seoul-c400,43,74,Normal
2026-02-09 14:14:30.593734,Seoul-c400,-24,94,Normal
2026-02-09 14:14:31.593734,Seoul-c400,44,5,Normal
2026-02-09 14:14:32.593734,Seoul-c400,15,1,Normal
2026-02-09 14:14:33.593734,Seoul-c400,-4,63,Normal
2026-02-09 14:14:34.593734,Seoul-c400,-6,90,Normal
2026-02-09 14:14:35.593734,Seoul-c400,-12,11,Normal
2026-02-09 14:14:36.593734,Seoul-c400,-26,87,Normal
2026-02-09 14:14:37.593734,Seoul-c400,10,16,Normal
2026-02-09 14:14:38.593734,Seoul-c400,-2,78,Normal
2026-02-09 14:14:39.593734,Seoul-c400,5,95,Normal
2026-02-09 14:14:40.593734,Seoul-c400,6,59,Normal
2026-02-09 14:14:41.593734,Seoul-c400,28,84,Normal
2026-02-09 14:14:42.593734,Seoul-c400,-8,66,Normal
2026-02-09 14:14:43.593734,Seoul-c400,17,20,Normal
2026-02-09 14:14:44.593734,Seoul-c400,35,56,Normal
2026-02-09 14:14:45.593734,Seoul-c400,31,82,Normal
2026-02-09 14:14:46.593734,Seoul-c400,48,53,Normal
2026-02-09 14:14:47.593734,Seoul-c400,-12,71,Normal
2026-02-09 14:14:48.593734,Seoul-c400,41,18,Normal
2026-02-09 14:14:49.593734,Seoul-c400,5,50,Normal
2026-02-09 14:14:50.593734,Seoul-c400,-6,57,Normal
2026-02-09 14:14:51.593734,Seoul-c400,40,76,Normal
2026-02-09 14:14:52.593734,Seoul-c400,-2,53,Normal
2026-02-09 14:14:53.593734,Seoul-c400,-3,79,Normal
2026-02-09 14:14:54.593734,Seoul-c400,-11,44,Normal
2026-02-09 14:14:55.593734,Seoul-c400,-24,43,Normal
2026-02-09 14:14:56.593734,Seoul-c400,-24,46,Normal
2026-02-09 14:14:57.593734,Seoul-c400,34,6,Normal
2026-02-09 14:14:58.593734,Seoul-c400,-6,83,Normal
2026-02-09 14:14:59.593734,Seoul-c400,22,67,Normal
2026-02-09 14:15:00.593734,Seoul-c400,32,57,Normal
2026-02-09 14:15:01.593734,Seoul-c400,50,20,Normal
2026-02-09 14:15:02.593734,Seoul-c400,34,25,Normal
2026-02-09 14:15:03.593734,Seoul-c400,10,60,Normal
2026-02-09 14:15:04.593734,Seoul-c400,37,24,Normal
2026-02-09 14:15:05.593734,Seoul-c400,39,75,Normal
2026-02-09 14:15:06.593734,Seoul-c400,45,88,Normal
2026-02-09 14:15:07.593734,Seoul-c400,27,79,Normal
2026-02-09 14:15:08.593734,Seoul-c400,38,73,Normal
2026-02-09 14:15:09.593734,Seoul-c400,-22,46,Normal
2026-02-09 14:15:10.593734,Seoul-c400,-23,33,Normal
2026-02-09 14:15:11.593734,Seoul-c400,-30,52,Normal
2026-02-09 14:15:12.593734,Seoul-c400,11,87,Normal
2026-02-09 14:15:13.593734,Seoul-c400,-9,54,Normal
2026-02-09 14:15:14.593734,Seoul-c400,16,61,Normal
2026-02-09 14:15:15.593734,Seoul-c400,-13,34,Normal
2026-02-09 14:15:16.593734,Seoul-c400,19,14,Normal
2026-02-09 14:15:17.593734,Seoul-c400,40,97,Normal
2026-02-09 14:15:18.593734,Seoul-c400,28,28,Normal
2026-02-09 14:15:19.593734,Seoul-c400,31,65,Normal
2026-02-09 14:15:20.593734,Seoul-c400,27,28,Normal
2026-02-09 14:15:21.593734,Seoul-c400,-16,68,Normal
2026-02-09 14:15:22.593734,Seoul-c400,16,59,Normal
2026-02-09 14:15:23.593734,Seoul-c400,2,14,Normal
2026-02-09 14:15:24.593734,Seoul-c400,13,65,Normal
2026-02-09 14:15:25.593734,Seoul-c400,1,13,Normal
2026-02-09 14:15:26.593734,Seoul-c400,47,78,Normal
2026-02-09 14:15:27.593734,Seoul-c400,6,84,Normal
2026-02-09 14:15:28.593734,Seoul-c400,44,73,Normal
2026-02-09 14:15:29.593734,Seoul-c400,5,24,Normal
2026-02-09 14:15:30.593734,Seoul-c400,29,79,Normal
2026-02-09 14:15:31.593734,Seoul-c400,-20,69,Normal
2026-02-09 14:15:32.593734,Seoul-c400,5,22,Normal
2026-02-09 14:15:33.593734,Seoul-c400,15,95,Normal
2026-02-09 14:15:34.593734,Seoul-c400,-22,59,Normal
2026-02-09 14:15:35.593734,Seoul-c400,36,36,Normal
2026-02-09 14:15:36.593734,Seoul-c400,18,100,Normal
2026-02-09 14:15:37.593734,Seoul-c400,5,18,Normal
2026-02-09 14:15:38.593734,Seoul-c400,22,22,Normal
2026-02-09 14:15:39.593734,Seoul-c400,-8,82,Normal
2026-02-09 14:15:40.593734,Seoul-c400,34,86,Normal
2026-02-09 14:15:41.593734,Seoul-c400,15,93,Normal
2026-02-09 14:15:42.593734,Seoul-c400,-3,18,Normal
2026-02-09 14:15:43.593734,Seoul-c400,18,51,Normal
2026-02-09 14:15:44.593734,Seoul-c400,16,97,Normal
2026-02-09 14:15:45.593734,Seoul-c400,-23,37,Normal
2026-02-09 14:15:46.593734,Seoul-c400,-28,78,Normal
2026-02-09 14:15:47.593734,Seoul-c400,19,4,Normal
2026-02-09 14:15:48.593734,Seoul-c400,42,73,Normal
2026-02-09 14:15:49.593734,Seoul-c400,50,76,Normal
2026-02-09 14:15:50.593734,Seoul-c400,12,25,Normal
2026-02-09 14:15:51.593734,Seoul-c400,23,9,Normal
2026-02-09 14:15:52.593734,Seoul-c400,1,70,Normal
2026-02-09 14:15:53.593734,Seoul-c400,11,60,Normal
2026-02-09 14:15:54.593734,Seoul-c400,31,43,Normal
2026-02-09 14:15:55.593734,Seoul-c400,2,33,Normal
2026-02-09 14:15:56.593734,Seoul-c400,-22,69,Normal
2026-02-09 14:15:57.593734,Seoul-c400,36,49,Normal
2026-02-09 14:15:58.593734,Seoul-c400,18,12,Normal
2026-02-09 14:15:59.593734,Seoul-c400,29,48,Normal
2026-02-09 14:16:00.593734,Seoul-c400,46,99,Normal
2026-02-09 14:16:01.593734,Seoul-c400,17,62,Normal
2026-02-09 14:16:02.593734,Seoul-c400,15,49,Normal
2026-02-09 14:16:03.593734,Seoul-c400,15,96,Normal
2026-02-09 14:16:04.593734,Seoul-c400,-17,14,Normal
2026-02-09 14:16:05.593734,Seoul-c400,45,61,Normal
2026-02-09 14:16:06.593734,Seoul-c400,27,100,Normal
2026-02-09 14:16:07.593734,Seoul-c400,37,48,Normal
2026-02-09 14:16:08.593734,Seoul-c400,28,29,Normal
2026-02-09 14:16:09.593734,Seoul-c400,-3,78,Normal
2026-02-09 14:16:10.593734,Seoul-c400,33,20,Normal
2026-02-09 14:16:11.593734,Seoul-c400,-27,8,Normal
2026-02-09 14:16:12.593734,Seoul-c400,7,52,Normal
2026-02-09 14:16:13.593734,Seoul-c400,16,3,Normal
2026-02-09 14:16:14.593734,Seoul-c400,-5,95,Normal
2026-02-09 14:16:15.593734,Seoul-c400,39,18,Normal
2026-02-09 14:16:16.593734,Seoul-c400,9,75,Normal
2026-02-09 14:16:17.593734,Seoul-c400,19,5,Normal
2026-02-09 14:16:18.593734,Seoul-c400,13,46,Normal
2026-02-09 14:16:19.593734,Seoul-c400,37,96,Normal
2026-02-09 14:16:20.593734,Seoul-c400,-5,17,Normal
2026-02-09 14:16:21.593734,Seoul-c400,0,32,Normal
2026-02-09 14:16:22.593734,Seoul-c400,-2,41,Normal
2026-02-09 14:16:23.593734,Seoul-c400,48,19,Normal
2026-02-09 14:16:24.593734,Seoul-c400,-15,58,Normal
2026-02-09 14:16:25.593734,Seoul-c400,-28,8,Normal
2026-02-09 14:16:26.593734,Seoul-c400,-16,67,Normal
2026-02-09 14:16:27.593734,Seoul-c400,49,50,Normal
2026-02-09 14:16:28.593734,Seoul-c400,-5,33,Normal
2026-02-09 14:16:29.593734,Seoul-c400,30,61,Normal
2026-02-09 14:16:30.593734,Seoul-c400,19,5,Normal
2026-02-09 14:16:31.593734,Seoul-c400,-4,99,Normal
2026-02-09 14:16:32.593734,Seoul-c400,45,83,Normal
2026-02-09 14:16:33.593734,Seoul-c400,-28,34,Normal
2026-02-09 14:16:34.593734,Seoul-c400,-20,5,Normal
2026-02-09 14:16:35.593734,Seoul-c400,35,69,Normal
2026-02-09 14:16:36.593734,Seoul-c400,6,78,Normal
2026-02-09 14:16:37.593734,Seoul-c400,16,69,Normal
2026-02-09 14:16:38.593734,Seoul-c400,-15,26,Normal
2026-02-09 14:16:39.593734,Seoul-c400,29,25,Normal
2026-02-09 14:16:40.593734,Seoul-c400,0,62,Normal
2026-02-09 14:16:41.593734,Seoul-c400,49,77,Normal
2026-02-09 14:16:42.593734,Seoul-c400,5,21,Normal
2026-02-09 14:16:43.593734,Seoul-c400,20,25,Normal
2026-02-09 14:16:44.593734,Seoul-c400,-7,11,Normal
2026-02-09 14:16:45.593734,Seoul-c400,1,68,Normal
2026-02-09 14:16:46.593734,Seoul-c400,13,88,Normal
2026-02-09 14:16:47.593734,Seoul-c400,34,15,Normal
2026-02-09 14:16:48.593734,Seoul-c400,44,37,Normal
2026-02-09 14:16:49.593734,Seoul-c400,19,92,Normal
2026-02-09 14:16:50.593734,Seoul-c400,22,19,Normal
2026-02-09 14:16:51.593734,Seoul-c400,15,69,Normal
2026-02-09 14:16:52.593734,Seoul-c400,7,23,Normal
2026-02-09 14:16:53.593734,Seoul-c400,16,79,Normal
2026-02-09 14:16:54.593734,Seoul-c400,49,2,Normal
2026-02-09 14:16:55.593734,Seoul-c400,-26,77,Normal
2026-02-09 14:16:56.593734,Seoul-c400,39,16,Normal
2026-02-09 14:16:57.593734,Seoul-c400,-13,64,Normal
2026-02-09 14:16:58.593734,Seoul-c400,26,40,Normal
2026-02-09 14:16:59.593734,Seoul-c400,-28,64,Normal
2026-02-09 14:17:00.593734,Seoul-c400,-11,73,Normal
2026-02-09 14:17:01.593734,Seoul-c400,33,25,Normal
2026-02-09 14:17:02.593734,Seoul-c400,-10,58,Normal
2026-02-09 14:17:03.593734,Seoul-c400,45,62,Normal
2026-02-09 14:17:04.593734,Seoul-c400,49,7,Normal
2026-02-09 14:17:05.593734,Seoul-c400,-2,83,Normal
2026-02-09 14:17:06.593734,Seoul-c400,22,87,Normal
2026-02-09 14:17:07.593734,Seoul-c400,-29,12,Normal
2026-02-09 14:17:08.593734,Seoul-c400,38,58,Normal
2026-02-09 14:17:09.593734,Seoul-c400,5,0,Normal
2026-02-09 14:17:10.593734,Seoul-c400,14,29,Normal
2026-02-09 14:17:11.593734,Seoul-c400,10,36,Normal
2026-02-09 14:17:12.593734,Seoul-c400,19,10,Normal
2026-02-09 14:17:13.593734,Seoul-c400,-13,49,Normal
2026-02-09 14:17:14.593734,Seoul-c400,50,44,Normal
2026-02-09 14:17:15.593734,Seoul-c400,-14,29,Normal
2026-02-09 14:17:16.593734,Seoul-c400,7,93,Normal
2026-02-09 14:17:17.593734,Seoul-c400,-2,47,Normal
2026-02-09 14:17:18.593734,Seoul-c400,39,38,Normal
2026-02-09 14:17:19.593734,Seoul-c400,33,63,Normal
2026-02-09 14:17:20.593734,Seoul-c400,14,91,Normal
2026-02-09 14:17:21.593734,Seoul-c400,-25,100,Normal
2026-02-09 14:17:22.593734,Seoul-c400,30,94,Normal
2026-02-09 14:17:23.593734,Seoul-c400,41,97,Normal
2026-02-09 14:17:24.593734,Seoul-c400,27,29,Normal
2026-02-09 14:17:25.593734,Seoul-c400,36,48,Normal
2026-02-09 14:17:26.593734,Seoul-c400,8,86,Normal
2026-02-09 14:17:27.593734,Seoul-c400,42,53,Normal
2026-02-09 14:17:28.593734,Seoul-c400,-9,60,Normal
2026-02-09 14:17:29.593734,Seoul-c400,45,44,Normal
2026-02-09 14:17:30.593734,Seoul-c400,-4,36,Normal
2026-02-09 14:17:31.593734,Seoul-c400,3,7,Normal
2026-02-09 14:17:32.593734,Seoul-c400,-7,18,Normal
2026-02-09 14:17:33.593734,Seoul-c400,-25,46,Normal
2026-02-09 14:17:34.593734,Seoul-c400,42,9,Normal
2026-02-09 14:17:35.593734,Seoul-c400,-26,87,Normal
2026-02-09 14:17:36.593734,Seoul-c400,4,28,Normal
2026-02-09 14:17:37.593734,Seoul-c400,-12,52,Normal
2026-02-09 14:17:38.593734,Seoul-c400,19,77,Normal
2026-02-09 14:17:39.593734,Seoul-c400,-19,89,Normal
2026-02-09 14:17:40.593734,Seoul-c400,10,38,Normal
2026-02-09 14:17:41.593734,Seoul-c400,-1,5,Normal
2026-02-09 14:17:42.593734,Seoul-c400,-15,45,Normal
2026-02-09 14:17:43.593734,Seoul-c400,-4,86,Normal
2026-02-09 14:17:44.593734,Seoul-c400,48,76,Normal
2026-02-09 14:17:45.593734,Seoul-c400,31,100,Normal
2026-02-09 14:17:46.593734,Seoul-c400,-2,11,Normal
2026-02-09 14:17:47.593734,Seoul-c400,-29,80,Normal
2026-02-09 14:17:48.593734,Seoul-c400,15,46,Normal
2026-02-09 14:17:49.593734,Seoul-c400,-28,70,Normal
2026-02-09 14:17:50.593734,Seoul-c400,9,59,Normal
2026-02-09 14:17:51.593734,Seoul-c400,-8,8,Normal
2026-02-09 14:17:52.593734,Seoul-c400,13,64,Normal
2026-02-09 14:17:53.593734,Seoul-c400,27,0,Normal
2026-02-09 14:17:54.593734,Seoul-c400,-19,60,Normal
2026-02-09 14:17:55.593734,Seoul-c400,-11,42,Normal
2026-02-09 14:17:56.593734,Seoul-c400,41,78,Normal
2026-02-09 14:17:57.593734,Seoul-c400,17,40,Normal
2026-02-09 14:17:58.593734,Seoul-c400,-16,89,Normal
2026-02-09 14:17:59.593734,Seoul-c400,-20,77,Normal
2026-02-09 14:18:00.593734,Seoul-c400,28,28,Normal
2026-02-09 14:18:01.593734,Seoul-c400,-7,86,Normal
2026-02-09 14:18:02.593734,Seoul-c400,34,18,Normal
2026-02-09 14:18:03.593734,Seoul-c400,-10,41,Normal
2026-02-09 14:18:04.593734,Seoul-c400,4,87,Normal
2026-02-09 14:18:05.593734,Seoul-c400,-15,92,Normal
2026-02-09 14:18:06.593734,Seoul-c400,-13,99,Normal
2026-02-09 14:18:07.593734,Seoul-c400,-21,49,Normal
2026-02-09 14:18:08.593734,Seoul-c400,-30,90,Normal
2026-02-09 14:18:09.593734,Seoul-c400,28,41,Normal
2026-02-09 14:18:10.593734,Seoul-c400,22,23,Normal
2026-02-09 14:18:11.593734,Seoul-c400,-12,0,Normal
2026-02-09 14:18:12.593734,Seoul-c400,-13,22,Normal
2026-02-09 14:18:13.593734,Seoul-c400,34,61,Normal
2026-02-09 14:18:14.593734,Seoul-c400,-5,32,Normal
2026-02-09 14:18:15.593734,Seoul-c400,-29,94,Normal
2026-02-09 14:18:16.593734,Seoul-c400,24,89,Normal
2026-02-09 14:18:17.593734,Seoul-c400,19,95,Normal
2026-02-09 14:18:18.593734,Seoul-c400,36,37,Normal
2026-02-09 14:18:19.593734,Seoul-c400,16,35,Normal
2026-02-09 14:18:20.593734,Seoul-c400,-22,98,Normal
2026-02-09 14:18:21.593734,Seoul-c400,28,55,Normal
2026-02-09 14:18:22.593734,Seoul-c400,33,50,Normal
2026-02-09 14:18:23.593734,Seoul-c400,-13,53,Normal
2026-02-09 14:18:24.593734,Seoul-c400,-4,87,Normal
2026-02-09 14:18:25.593734,Seoul-c400,36,16,Normal
2026-02-09 14:18:26.593734,Seoul-c400,22,62,Normal
2026-02-09 14:18:27.593734,Seoul-c400,39,72,Normal
2026-02-09 14:18:28.593734,Seoul-c400,0,37,Normal
2026-02-09 14:18:29.593734,Seoul-c400,-25,30,Normal
2026-02-09 14:18:30.593734,Seoul-c400,2,98,Normal
2026-02-09 14:18:31.593734,Seoul-c400,21,24,Normal
2026-02-09 14:18:32.593734,Seoul-c400,-27,41,Normal
2026-02-09 14:18:33.593734,Seoul-c400,39,53,Normal
2026-02-09 14:18:34.593734,Seoul-c400,14,86,Normal
2026-02-09 14:18:35.593734,Seoul-c400,43,83,Normal
2026-02-09 14:18:36.593734,Seoul-c400,24,69,Normal
2026-02-09 14:18:37.593734,Seoul-c400,36,28,Normal
2026-02-09 14:18:38.593734,Seoul-c400,-8,18,Normal
2026-02-09 14:18:39.593734,Seoul-c400,23,93,Normal
2026-02-09 14:18:40.593734,Seoul-c400,4,96,Normal
2026-02-09 14:18:41.593734,Seoul-c400,14,99,Normal
2026-02-09 14:18:42.593734,Seoul-c400,39,34,Normal
2026-02-09 14:18:43.593734,Seoul-c400,-19,11,Normal
2026-02-09 14:18:44.593734,Seoul-c400,44,78,Normal
2026-02-09 14:18:45.593734,Seoul-c400,-23,53,Normal
2026-02-09 14:18:46.593734,Seoul-c400,-26,54,Normal
2026-02-09 14:18:47.593734,Seoul-c400,14,91,Normal
2026-02-09 14:18:48.593734,Seoul-c400,32,68,Normal
2026-02-09 14:18:49.593734,Seoul-c400,-29,57,Normal
2026-02-09 14:18:50.593734,Seoul-c400,21,44,Normal
2026-02-09 14:18:51.593734,Seoul-c400,25,72,Normal
2026-02-09 14:18:52.593734,Seoul-c400,42,43,Normal
2026-02-09 14:18:53.593734,Seoul-c400,50,3,Normal
2026-02-09 14:18:54.593734,Seoul-c400,46,29,Normal
2026-02-09 14:18:55.593734,Seoul-c400,-2,7,Normal
2026-02-09 14:18:56.593734,Seoul-c400,24,9,Normal
2026-02-09 14:18:57.593734,Seoul-c400,-9,46,Normal
2026-02-09 14:18:58.593734,Seoul-c400,15,29,Normal
2026-02-09 14:18:59.593734,Seoul-c400,-7,60,Normal
2026-02-09 14:19:00.593734,Seoul-c400,7,47,Normal
2026-02-09 14:19:01.593734,Seoul-c400,1,99,Normal
2026-02-09 14:19:02.593734,Seoul-c400,46,37,Normal
2026-02-09 14:19:03.593734,Seoul-c400,10,74,Normal
2026-02-09 14:19:04.593734,Seoul-c400,44,16,Normal
2026-02-09 14:19:05.593734,Seoul-c400,43,8,Normal
2026-02-09 14:19:06.593734,Seoul-c400,-3,41,Normal
2026-02-09 14:19:07.593734,Seoul-c400,32,1,Normal
2026-02-09 14:19:08.593734,Seoul-c400,30,36,Normal
2026-02-09 14:19:09.593734,Seoul-c400,28,86,Normal
2026-02-09 14:19:10.593734,Seoul-c400,25,61,Normal
2026-02-09 14:19:11.593734,Seoul-c400,-13,9,Normal
2026-02-09 14:19:12.593734,Seoul-c400,38,88,Normal
2026-02-09 14:19:13.593734,Seoul-c400,47,20,Normal
2026-02-09 14:19:14.593734,Seoul-c400,-17,8,Normal
2026-02-09 14:19:15.593734,Seoul-c400,27,0,Normal
2026-02-09 14:19:16.593734,Seoul-c400,43,81,Normal
2026-02-09 14:19:17.593734,Seoul-c400,12,17,Normal
2026-02-09 14:19:18.593734,Seoul-c400,-18,11,Normal
2026-02-09 14:19:19.593734,Seoul-c400,-2,98,Normal
2026-02-09 14:19:20.593734,Seoul-c400,6,64,Normal
2026-02-09 14:19:21.593734,Seoul-c400,23,60,Normal
2026-02-09 14:19:22.593734,Seoul-c400,-24,96,Normal
2026-02-09 14:19:23.593734,Seoul-c400,-9,5,Normal
2026-02-09 14:19:24.593734,Seoul-c400,30,29,Normal
2026-02-09 14:19:25.593734,Seoul-c400,35,26,Normal
2026-02-09 14:19:26.593734,Seoul-c400,-16,87,Normal
2026-02-09 14:19:27.593734,Seoul-c400,-1,22,Normal
2026-02-09 14:19:28.593734,Seoul-c400,26,57,Normal
2026-02-09 14:19:29.593734,Seoul-c400,-25,36,Normal
2026-02-09 14:19:30.593734,Seoul-c400,37,7,Normal
2026-02-09 14:19:31.593734,Seoul-c400,16,34,Normal
2026-02-09 14:19:32.593734,Seoul-c400,26,42,Normal
2026-02-09 14:19:33.593734,Seoul-c400,-12,64,Normal
2026-02-09 14:19:34.593734,Seoul-c400,-20,100,Normal
2026-02-09 14:19:35.593734,Seoul-c400,36,20,Normal
2026-02-09 14:19:36.593734,Seoul-c400,18,98,Normal
2026-02-09 14:19:37.593734,Seoul-c400,0,68,Normal
2026-02-09 14:19:38.593734,Seoul-c400,39,77,Normal
2026-02-09 14:19:39.593734,Seoul-c400,36,26,Normal
2026-02-09 14:19:40.593734,Seoul-c400,14,87,Normal
2026-02-09 14:19:41.593734,Seoul-c400,-27,22,Normal
2026-02-09 14:19:42.593734,Seoul-c400,2,60,Normal
2026-02-09 14:19:43.593734,Seoul-c400,-19,19,Normal
2026-02-09 14:19:44.593734,Seoul-c400,27,70,Normal
2026-02-09 14:19:45.593734,Seoul-c400,25,32,Normal
2026-02-09 14:19:46.593734,Seoul-c400,37,76,Normal
2026-02-09 14:19:47.593734,Seoul-c400,0,29,Normal
2026-02-09 14:19:48.593734,Seoul-c400,8,36,Normal
2026-02-09 14:19:49.593734,Seoul-c400,-19,17,Normal
2026-02-09 14:19:50.593734,Seoul-c400,44,33,Normal
2026-02-09 14:19:51.593734,Seoul-c400,47,64,Normal
2026-02-09 14:19:52.593734,Seoul-c400,48,66,Normal
2026-02-09 14:19:53.593734,Seoul-c400,20,41,Normal
2026-02-09 14:19:54.593734,Seoul-c400,-8,24,Normal
2026-02-09 14:19:55.593734,Seoul-c400,26,68,Normal
2026-02-09 14:19:56.593734,Seoul-c400,32,68,Normal
2026-02-09 14:19:57.593734,Seoul-c400,-10,34,Normal
2026-02-09 14:19:58.593734,Seoul-c400,10,100,Normal
2026-02-09 14:19:59.593734,Seoul-c400,2,52,Normal
2026-02-09 14:20:00.593734,Seoul-c400,-10,14,Normal
2026-02-09 14:20:01.593734,Seoul-c400,46,76,Normal
2026-02-09 14:20:02.593734,Seoul-c400,24,39,Normal
2026-02-09 14:20:03.593734,Seoul-c400,7,78,Normal
2026-02-09 14:20:04.593734,Seoul-c400,2,97,Normal
2026-02-09 14:20:05.593734,Seoul-c400,-11,54,Normal
2026-02-09 14:20:06.593734,Seoul-c400,-8,97,Normal
2026-02-09 14:20:07.593734,Seoul-c400,36,18,Normal
2026-02-09 14:20:08.593734,Seoul-c400,12,3,Normal
2026-02-09 14:20:09.593734,Seoul-c400,2,86,Normal
2026-02-09 14:20:10.593734,Seoul-c400,19,45,Normal
2026-02-09 14:20:11.593734,Seoul-c400,43,77,Normal
2026-02-09 14:20:12.593734,Seoul-c400,47,2,Normal
2026-02-09 14:20:13.593734,Seoul-c400,18,52,Normal
2026-02-09 14:20:14.593734,Seoul-c400,34,24,Normal
2026-02-09 14:20:15.593734,Seoul-c400,11,77,Normal
2026-02-09 14:20:16.593734,Seoul-c400,38,23,Normal
2026-02-09 14:20:17.593734,Seoul-c400,-20,100,Normal
2026-02-09 14:20:18.593734,Seoul-c400,18,71,Normal
2026-02-09 14:20:19.593734,Seoul-c400,-23,83,Normal
2026-02-09 14:20:20.593734,Seoul-c400,-15,72,Normal
2026-02-09 14:20:21.593734,Seoul-c400,-7,75,Normal
2026-02-09 14:20:22.593734,Seoul-c400,9,41,Normal
2026-02-09 14:20:23.593734,Seoul-c400,-6,12,Normal
2026-02-09 14:20:24.593734,Seoul-c400,-27,57,Normal
2026-02-09 14:20:25.593734,Seoul-c400,27,96,Normal
2026-02-09 14:20:26.593734,Seoul-c400,38,94,Normal
2026-02-09 14:20:27.593734,Seoul-c400,-2,18,Normal
2026-02-09 14:20:28.593734,Seoul-c400,40,21,Normal
2026-02-09 14:20:29.593734,Seoul-c400,-18,99,Normal
2026-02-09 14:20:30.593734,Seoul-c400,49,48,Normal
2026-02-09 14:20:31.593734,Seoul-c400,-11,5,Normal
2026-02-09 14:20:32.593734,Seoul-c400,26,39,Normal
2026-02-09 14:20:33.593734,Seoul-c400,18,85,Normal
2026-02-09 14:20:34.593734,Seoul-c400,-30,8,Normal
2026-02-09 14:20:35.593734,Seoul-c400,-5,91,Normal
2026-02-09 14:20:36.593734,Seoul-c400,-16,24,Normal
2026-02-09 14:20:37.593734,Seoul-c400,27,80,Normal
2026-02-09 14:20:38.593734,Seoul-c400,-27,29,Normal
2026-02-09 14:20:39.593734,Seoul-c400,-4,15,Normal
2026-02-09 14:20:40.593734,Seoul-c400,22,58,Normal
2026-02-09 14:20:41.593734,Seoul-c400,26,50,Normal
2026-02-09 14:20:42.593734,Seoul-c400,37,24,Normal
2026-02-09 14:20:43.593734,Seoul-c400,38,74,Normal
2026-02-09 14:20:44.593734,Seoul-c400,20,59,Normal
2026-02-09 14:20:45.593734,Seoul-c400,36,18,Normal
2026-02-09 14:20:46.593734,Seoul-c400,10,58,Normal
2026-02-09 14:20:47.593734,Seoul-c400,-1,88,Normal
2026-02-09 14:20:48.593734,Seoul-c400,-1,85,Normal
2026-02-09 14:20:49.593734,Seoul-c400,-10,35,Normal
2026-02-09 14:20:50.593734,Seoul-c400,-19,82,Normal
2026-02-09 14:20:51.593734,Seoul-c400,-22,60,Normal
2026-02-09 14:20:52.593734,Seoul-c400,-23,39,Normal
2026-02-09 14:20:53.593734,Seoul-c400,1,15,Normal
2026-02-09 14:20:54.593734,Seoul-c400,-2,86,Normal
2026-02-09 14:20:55.593734,Seoul-c400,13,2,Normal
2026-02-09 14:20:56.593734,Seoul-c400,35,66,Normal
2026-02-09 14:20:57.593734,Seoul-c400,-16,57,Normal
2026-02-09 14:20:58.593734,Seoul-c400,14,46,Normal
2026-02-09 14:20:59.593734,Seoul-c400,18,77,Normal
2026-02-09 14:21:00.593734,Seoul-c400,15,35,Normal
2026-02-09 14:21:01.593734,Seoul-c400,13,11,Normal
2026-02-09 14:21:02.593734,Seoul-c400,1,10,Normal
2026-02-09 14:21:03.593734,Seoul-c400,20,88,Normal
2026-02-09 14:21:04.593734,Seoul-c400,14,98,Normal
2026-02-09 14:21:05.593734,Seoul-c400,19,50,Normal
2026-02-09 14:21:06.593734,Seoul-c400,28,49,Normal
2026-02-09 14:21:07.593734,Seoul-c400,40,94,Normal
2026-02-09 14:21:08.593734,Seoul-c400,29,50,Normal
2026-02-09 14:21:09.593734,Seoul-c400,-13,76,Normal
2026-02-09 14:21:10.593734,Seoul-c400,9,28,Normal
2026-02-09 14:21:11.593734,Seoul-c400,31,7,Normal
2026-02-09 14:21:12.593734,Seoul-c400,40,88,Normal
2026-02-09 14:21:13.593734,Seoul-c400,38,90,Normal
2026-02-09 14:21:14.593734,Seoul-c400,12,20,Normal
2026-02-09 14:21:15.593734,Seoul-c400,-12,27,Normal
2026-02-09 14:21:16.593734,Seoul-c400,26,93,Normal
2026-02-09 14:21:17.593734,Seoul-c400,35,53,Normal
2026-02-09 14:21:18.593734,Seoul-c400,-3,32,Normal
2026-02-09 14:21:19.593734,Seoul-c400,14,13,Normal
2026-02-09 14:21:20.593734,Seoul-c400,-12,37,Normal
2026-02-09 14:21:21.593734,Seoul-c400,-4,8,Normal
2026-02-09 14:21:22.593734,Seoul-c400,-23,14,Normal
2026-02-09 14:21:23.593734,Seoul-c400,38,22,Normal
2026-02-09 14:21:24.593734,Seoul-c400,4,60,Normal
2026-02-09 14:21:25.593734,Seoul-c400,-17,87,Normal
2026-02-09 14:21:26.593734,Seoul-c400,-1,76,Normal
2026-02-09 14:21:27.593734,Seoul-c400,36,72,Normal
2026-02-09 14:21:28.593734,Seoul-c400,2,94,Normal
2026-02-09 14:21:29.593734,Seoul-c400,38,34,Normal
2026-02-09 14:21:30.593734,Seoul-c400,24,30,Normal
2026-02-09 14:21:31.593734,Seoul-c400,34,5,Normal
2026-02-09 14:21:32.593734,Seoul-c400,21,72,Normal
2026-02-09 14:21:33.593734,Seoul-c400,32,33,Normal
2026-02-09 14:21:34.593734,Seoul-c400,10,98,Normal
2026-02-09 14:21:35.593734,Seoul-c400,29,95,Normal
2026-02-09 14:21:36.593734,Seoul-c400,42,99,Normal
2026-02-09 14:21:37.593734,Seoul-c400,29,39,Normal
2026-02-09 14:21:38.593734,Seoul-c400,25,52,Normal
2026-02-09 14:21:39.593734,Seoul-c400,-12,86,Normal
2026-02-09 14:21:40.593734,Seoul-c400,18,100,Normal
2026-02-09 14:21:41.593734,Seoul-c400,-8,45,Normal
2026-02-09 14:21:42.593734,Seoul-c400,31,36,Normal
2026-02-09 14:21:43.593734,Seoul-c400,28,98,Normal
2026-02-09 14:21:44.593734,Seoul-c400,36,89,Normal
2026-02-09 14:21:45.593734,Seoul-c400,-25,16,Normal
2026-02-09 14:21:46.593734,Seoul-c400,6,84,Normal
2026-02-09 14:21:47.593734,Seoul-c400,-19,7,Normal
2026-02-09 14:21:48.593734,Seoul-c400,32,30,Normal
2026-02-09 14:21:49.593734,Seoul-c400,40,60,Normal
2026-02-09 14:21:50.593734,Seoul-c400,48,22,Normal
2026-02-09 14:21:51.593734,Seoul-c400,40,14,Normal
2026-02-09 14:21:52.593734,Seoul-c400,10,37,Normal
2026-02-09 14:21:53.593734,Seoul-c400,10,18,Normal
2026-02-09 14:21:54.593734,Seoul-c400,-15,97,Normal
2026-02-09 14:21:55.593734,Seoul-c400,-27,95,Normal
2026-02-09 14:21:56.593734,Seoul-c400,-27,66,Normal
2026-02-09 14:21:57.593734,Seoul-c400,33,65,Normal
2026-02-09 14:21:58.593734,Seoul-c400,1,13,Normal
2026-02-09 14:21:59.593734,Seoul-c400,42,89,Normal
2026-02-09 14:22:00.593734,Seoul-c400,42,22,Normal
2026-02-09 14:22:01.593734,Seoul-c400,27,84,Normal
2026-02-09 14:22:02.593734,Seoul-c400,-30,38,Normal
2026-02-09 14:22:03.593734,Seoul-c400,43,89,Normal
2026-02-09 14:22:04.593734,Seoul-c400,1,72,Normal
2026-02-09 14:22:05.593734,Seoul-c400,-14,0,Normal
2026-02-09 14:22:06.593734,Seoul-c400,19,36,Normal
2026-02-09 14:22:07.593734,Seoul-c400,30,31,Normal
2026-02-09 14:22:08.593734,Seoul-c400,10,17,Normal
2026-02-09 14:22:09.593734,Seoul-c400,14,48,Normal
2026-02-09 14:22:10.593734,Seoul-c400,25,90,Normal
2026-02-09 14:22:11.593734,Seoul-c400,-29,75,Normal
2026-02-09 14:22:12.593734,Seoul-c400,-16,98,Normal
2026-02-09 14:22:13.593734,Seoul-c400,4,80,Normal
2026-02-09 14:22:14.593734,Seoul-c400,48,2,Normal
2026-02-09 14:22:15.593734,Seoul-c400,46,36,Normal
2026-02-09 14:22:16.593734,Seoul-c400,48,81,Normal
2026-02-09 14:22:17.593734,Seoul-c400,4,12,Normal
2026-02-09 14:22:18.593734,Seoul-c400,12,3,Normal
2026-02-09 14:22:19.593734,Seoul-c400,47,63,Normal
2026-02-09 14:22:20.593734,Seoul-c400,24,69,Normal
2026-02-09 14:22:21.593734,Seoul-c400,30,90,Normal
2026-02-09 14:22:22.593734,Seoul-c400,36,18,Normal
2026-02-09 14:22:23.593734,Seoul-c400,-9,7,Normal
2026-02-09 14:22:24.593734,Seoul-c400,39,30,Normal
2026-02-09 14:22:25.593734,Seoul-c400,-6,100,Normal
2026-02-09 14:22:26.593734,Seoul-c400,-2,23,Normal
2026-02-09 14:22:27.593734,Seoul-c400,21,79,Normal
2026-02-09 14:22:28.593734,Seoul-c400,-29,76,Normal
2026-02-09 14:22:29.593734,Seoul-c400,-13,13,Normal
2026-02-09 14:22:30.593734,Seoul-c400,12,74,Normal
2026-02-09 14:22:31.593734,Seoul-c400,7,98,Normal
2026-02-09 14:22:32.593734,Seoul-c400,24,28,Normal
2026-02-09 14:22:33.593734,Seoul-c400,-19,68,Normal
2026-02-09 14:22:34.593734,Seoul-c400,-24,39,Normal
2026-02-09 14:22:35.593734,Seoul-c400,19,62,Normal
2026-02-09 14:22:36.593734,Seoul-c400,25,7,Normal
2026-02-09 14:22:37.593734,Seoul-c400,-16,75,Normal
2026-02-09 14:22:38.593734,Seoul-c400,43,71,Normal
2026-02-09 14:22:39.593734,Seoul-c400,12,40,Normal
2026-02-09 14:22:40.593734,Seoul-c400,-1,95,Normal
2026-02-09 14:22:41.593734,Seoul-c400,42,65,Normal
2026-02-09 14:22:42.593734,Seoul-c400,-9,24,Normal
2026-02-09 14:22:43.593734,Seoul-c400,-28,55,Normal
2026-02-09 14:22:44.593734,Seoul-c400,42,98,Normal
2026-02-09 14:22:45.593734,Seoul-c400,5,6,Normal
2026-02-09 14:22:46.593734,Seoul-c400,34,98,Normal
2026-02-09 14:22:47.593734,Seoul-c400,8,66,Normal
2026-02-09 14:22:48.593734,Seoul-c400,14,74,Normal
2026-02-09 14:22:49.593734,Seoul-c400,12,51,Normal
2026-02-09 14:22:50.593734,Seoul-c400,23,78,Normal
2026-02-09 14:22:51.593734,Seoul-c400,-4,20,Normal
2026-02-09 14:22:52.593734,Seoul-c400,46,69,Normal
2026-02-09 14:22:53.593734,Seoul-c400,-2,3,Normal
2026-02-09 14:22:54.593734,Seoul-c400,19,50,Normal
2026-02-09 14:22:55.593734,Seoul-c400,25,34,Normal
2026-02-09 14:22:56.593734,Seoul-c400,24,27,Normal
2026-02-09 14:22:57.593734,Seoul-c400,28,67,Normal
2026-02-09 14:22:58.593734,Seoul-c400,49,5,Normal
2026-02-09 14:22:59.593734,Seoul-c400,7,77,Normal
2026-02-09 14:23:00.593734,Seoul-c400,39,55,Normal
2026-02-09 14:23:01.593734,Seoul-c400,34,72,Normal
2026-02-09 14:23:02.593734,Seoul-c400,28,87,Normal
2026-02-09 14:23:03.593734,Seoul-c400,27,92,Normal
2026-02-09 14:23:04.593734,Seoul-c400,18,31,Normal
2026-02-09 14:23:05.593734,Seoul-c400,43,63,Normal
2026-02-09 14:23:06.593734,Seoul-c400,48,51,Normal
2026-02-09 14:23:07.593734,Seoul-c400,30,55,Normal
2026-02-09 14:23:08.593734,Seoul-c400,-3,63,Normal
2026-02-09 14:23:09.593734,Seoul-c400,-8,40,Normal
2026-02-09 14:23:10.593734,Seoul-c400,-20,33,Normal
2026-02-09 14:23:11.593734,Seoul-c400,19,17,Normal
2026-02-09 14:23:12.593734,Seoul-c400,13,23,Normal
2026-02-09 14:23:13.593734,Seoul-c400,-22,97,Normal
2026-02-09 14:23:14.593734,Seoul-c400,24,4,Normal
2026-02-09 14:23:15.593734,Seoul-c400,-6,77,Normal
2026-02-09 14:23:16.593734,Seoul-c400,22,31,Normal
2026-02-09 14:23:17.593734,Seoul-c400,1,27,Normal
2026-02-09 14:23:18.593734,Seoul-c400,-12,5,Normal
2026-02-09 14:23:19.593734,Seoul-c400,27,97,Normal
2026-02-09 14:23:20.593734,Seoul-c400,16,68,Normal
2026-02-09 14:23:21.593734,Seoul-c400,-18,28,Normal
2026-02-09 14:23:22.593734,Seoul-c400,15,97,Normal
2026-02-09 14:23:23.593734,Seoul-c400,20,62,Normal
2026-02-09 14:23:24.593734,Seoul-c400,-9,16,Normal
2026-02-09 14:23:25.593734,Seoul-c400,12,74,Normal
2026-02-09 14:23:26.593734,Seoul-c400,44,58,Normal
2026-02-09 14:23:27.593734,Seoul-c400,37,83,Normal
2026-02-09 14:23:28.593734,Seoul-c400,10,56,Normal
2026-02-09 14:23:29.593734,Seoul-c400,-8,3,Normal
2026-02-09 14:23:30.593734,Seoul-c400,11,76,Normal
2026-02-09 14:23:31.593734,Seoul-c400,1,51,Normal
2026-02-09 14:23:32.593734,Seoul-c400,18,22,Normal
2026-02-09 14:23:33.593734,Seoul-c400,-24,44,Normal
2026-02-09 14:23:34.593734,Seoul-c400,20,88,Normal
2026-02-09 14:23:35.593734,Seoul-c400,43,19,Normal
2026-02-09 14:23:36.593734,Seoul-c400,6,12,Normal
2026-02-09 14:23:37.593734,Seoul-c400,19,6,Normal
2026-02-09 14:23:38.593734,Seoul-c400,-24,3,Normal
2026-02-09 14:23:39.593734,Seoul-c400,16,0,Normal
2026-02-09 14:23:40.593734,Seoul-c400,-16,34,Normal
2026-02-09 14:23:41.593734,Seoul-c400,12,48,Normal
2026-02-09 14:23:42.593734,Seoul-c400,-14,59,Normal
2026-02-09 14:23:43.593734,Seoul-c400,-6,46,Normal
2026-02-09 14:23:44.593734,Seoul-c400,-15,40,Normal
2026-02-09 14:23:45.593734,Seoul-c400,44,17,Normal
2026-02-09 14:23:46.593734,Seoul-c400,-20,75,Normal
2026-02-09 14:23:47.593734,Seoul-c400,-18,93,Normal
2026-02-09 14:23:48.593734,Seoul-c400,41,39,Normal
2026-02-09 14:23:49.593734,Seoul-c400,16,45,Normal
2026-02-09 14:23:50.593734,Seoul-c400,0,1,Normal
2026-02-09 14:23:51.593734,Seoul-c400,-14,97,Normal
2026-02-09 14:23:52.593734,Seoul-c400,46,95,Normal
2026-02-09 14:23:53.593734,Seoul-c400,14,42,Normal
2026-02-09 14:23:54.593734,Seoul-c400,10,50,Normal
2026-02-09 14:23:55.593734,Seoul-c400,-6,71,Normal
2026-02-09 14:23:56.593734,Seoul-c400,29,26,Normal
2026-02-09 14:23:57.593734,Seoul-c400,32,52,Normal
2026-02-09 14:23:58.593734,Seoul-c400,-1,70,Normal
2026-02-09 14:23:59.593734,Seoul-c400,1,8,Normal
2026-02-09 14:24:00.593734,Seoul-c400,-25,97,Normal
2026-02-09 14:24:01.593734,Seoul-c400,-3,59,Normal
2026-02-09 14:24:02.593734,Seoul-c400,22,61,Normal
2026-02-09 14:24:03.593734,Seoul-c400,30,67,Normal
2026-02-09 14:24:04.593734,Seoul-c400,3,10,Normal
2026-02-09 14:24:05.593734,Seoul-c400,-7,9,Normal
2026-02-09 14:24:06.593734,Seoul-c400,41,39,Normal
2026-02-09 14:24:07.593734,Seoul-c400,-24,26,Normal
2026-02-09 14:24:08.593734,Seoul-c400,-8,83,Normal
2026-02-09 14:24:09.593734,Seoul-c400,30,97,Normal
2026-02-09 14:24:10.593734,Seoul-c400,2,50,Normal
2026-02-09 14:24:11.593734,Seoul-c400,-6,88,Normal
2026-02-09 14:24:12.593734,Seoul-c400,0,17,Normal
2026-02-09 14:24:13.593734,Seoul-c400,-29,4,Normal
2026-02-09 14:24:14.593734,Seoul-c400,6,89,Normal
2026-02-09 14:24:15.593734,Seoul-c400,46,14,Normal
2026-02-09 14:24:16.593734,Seoul-c400,-25,81,Normal
2026-02-09 14:24:17.593734,Seoul-c400,-17,1,Normal
2026-02-09 14:24:18.593734,Seoul-c400,20,17,Normal
2026-02-09 14:24:19.593734,Seoul-c400,-22,47,Normal
2026-02-09 14:24:20.593734,Seoul-c400,-26,2,Normal
2026-02-09 14:24:21.593734,Seoul-c400,-7,12,Normal
2026-02-09 14:24:22.593734,Seoul-c400,40,95,Normal
2026-02-09 14:24:23.593734,Seoul-c400,30,28,Normal
2026-02-09 14:24:24.593734,Seoul-c400,-30,63,Normal
2026-02-09 14:24:25.593734,Seoul-c400,26,96,Normal
2026-02-09 14:24:26.593734,Seoul-c400,34,74,Normal
2026-02-09 14:24:27.593734,Seoul-c400,-14,89,Normal
2026-02-09 14:24:28.593734,Seoul-c400,-6,36,Normal
2026-02-09 14:24:29.593734,Seoul-c400,50,0,Normal
2026-02-09 14:24:30.593734,Seoul-c400,-25,100,Normal
2026-02-09 14:24:31.593734,Seoul-c400,-20,66,Normal
2026-02-09 14:24:32.593734,Seoul-c400,-11,23,Normal
2026-02-09 14:24:33.593734,Seoul-c400,-14,49,Normal
2026-02-09 14:24:34.593734,Seoul-c400,-30,56,Normal
2026-02-09 14:24:35.593734,Seoul-c400,-27,97,Normal
2026-02-09 14:24:36.593734,Seoul-c400,50,77,Normal
2026-02-09 14:24:37.593734,Seoul-c400,28,69,Normal
2026-02-09 14:24:38.593734,Seoul-c400,41,84,Normal
2026-02-09 14:24:39.593734,Seoul-c400,42,13,Normal
2026-02-09 14:24:40.593734,Seoul-c400,-4,23,Normal
2026-02-09 14:24:41.593734,Seoul-c400,-16,74,Normal
2026-02-09 14:24:42.593734,Seoul-c400,-26,2,Normal
2026-02-09 14:24:43.593734,Seoul-c400,-16,76,Normal
2026-02-09 14:24:44.593734,Seoul-c400,30,33,Normal
2026-02-09 14:24:45.593734,Seoul-c400,49,98,Normal
2026-02-09 14:24:46.593734,Seoul-c400,-27,73,Normal
2026-02-09 14:24:47.593734,Seoul-c400,-13,36,Normal
2026-02-09 14:24:48.593734,Seoul-c400,10,70,Normal
2026-02-09 14:24:49.593734,Seoul-c400,-6,36,Normal
2026-02-09 14:24:50.593734,Seoul-c400,-24,82,Normal
2026-02-09 14:24:51.593734,Seoul-c400,37,57,Normal
2026-02-09 14:24:52.593734,Seoul-c400,-23,32,Normal
2026-02-09 14:24:53.593734,Seoul-c400,33,57,Normal
2026-02-09 14:24:54.593734,Seoul-c400,-14,25,Normal
2026-02-09 14:24:55.593734,Seoul-c400,-3,60,Normal
2026-02-09 14:24:56.593734,Seoul-c400,-28,42,Normal
2026-02-09 14:24:57.593734,Seoul-c400,37,59,Normal
2026-02-09 14:24:58.593734,Seoul-c400,-17,32,Normal
2026-02-09 14:24:59.593734,Seoul-c400,5,33,Normal
2026-02-09 14:25:00.593734,Seoul-c400,9,65,Normal
2026-02-09 14:25:01.593734,Seoul-c400,31,90,Normal
2026-02-09 14:25:02.593734,Seoul-c400,48,78,Normal
2026-02-09 14:25:03.593734,Seoul-c400,30,42,Normal
2026-02-09 14:25:04.593734,Seoul-c400,45,76,Normal
2026-02-09 14:25:05.593734,Seoul-c400,-5,96,Normal
2026-02-09 14:25:06.593734,Seoul-c400,-17,92,Normal
2026-02-09 14:25:07.593734,Seoul-c400,26,71,Normal
2026-02-09 14:25:08.593734,Seoul-c400,-8,46,Normal
2026-02-09 14:25:09.593734,Seoul-c400,-17,97,Normal
2026-02-09 14:25:10.593734,Seoul-c400,26,1,Normal
2026-02-09 14:25:11.593734,Seoul-c400,41,40,Normal
2026-02-09 14:25:12.593734,Seoul-c400,14,33,Normal
2026-02-09 14:25:13.593734,Seoul-c400,15,53,Normal
2026-02-09 14:25:14.593734,Seoul-c400,-27,21,Normal
2026-02-09 14:25:15.593734,Seoul-c400,-13,66,Normal
2026-02-09 14:25:16.593734,Seoul-c400,36,40,Normal
2026-02-09 14:25:17.593734,Seoul-c400,-28,55,Normal
2026-02-09 14:25:18.593734,Seoul-c400,23,59,Normal
2026-02-09 14:25:19.593734,Seoul-c400,-15,72,Normal
2026-02-09 14:25:20.593734,Seoul-c400,35,34,Normal
2026-02-09 14:25:21.593734,Seoul-c400,18,88,Normal
2026-02-09 14:25:22.593734,Seoul-c400,49,51,Normal
2026-02-09 14:25:23.593734,Seoul-c400,6,99,Normal
2026-02-09 14:25:24.593734,Seoul-c400,-4,98,Normal
2026-02-09 14:25:25.593734,Seoul-c400,-12,11,Normal
2026-02-09 14:25:26.593734,Seoul-c400,19,7,Normal
2026-02-09 14:25:27.593734,Seoul-c400,13,81,Normal
2026-02-09 14:25:28.593734,Seoul-c400,28,74,Normal
2026-02-09 14:25:29.593734,Seoul-c400,-24,7,Normal
2026-02-09 14:25:30.593734,Seoul-c400,44,5,Normal
2026-02-09 14:25:31.593734,Seoul-c400,28,14,Normal
2026-02-09 14:25:32.593734,Seoul-c400,-6,34,Normal
2026-02-09 14:25:33.593734,Seoul-c400,-10,4,Normal
2026-02-09 14:25:34.593734,Seoul-c400,25,51,Normal
2026-02-09 14:25:35.593734,Seoul-c400,-16,18,Normal
2026-02-09 14:25:36.593734,Seoul-c400,-14,80,Normal
2026-02-09 14:25:37.593734,Seoul-c400,0,59,Normal
2026-02-09 14:25:38.593734,Seoul-c400,28,34,Normal
2026-02-09 14:25:39.593734,Seoul-c400,-22,9,Normal
2026-02-09 14:25:40.593734,Seoul-c400,1,87,Normal
2026-02-09 14:25:41.593734,Seoul-c400,12,67,Normal
2026-02-09 14:25:42.593734,Seoul-c400,-27,8,Normal
2026-02-09 14:25:43.593734,Seoul-c400,44,38,Normal
2026-02-09 14:25:44.593734,Seoul-c400,-22,56,Normal
2026-02-09 14:25:45.593734,Seoul-c400,9,39,Normal
2026-02-09 14:25:46.593734,Seoul-c400,22,53,Normal
2026-02-09 14:25:47.593734,Seoul-c400,-24,57,Normal
2026-02-09 14:25:48.593734,Seoul-c400,38,53,Normal
2026-02-09 14:25:49.593734,Seoul-c400,-26,8,Normal
2026-02-09 14:25:50.593734,Seoul-c400,17,27,Normal
2026-02-09 14:25:51.593734,Seoul-c400,50,55,Normal
2026-02-09 14:25:52.593734,Seoul-c400,-19,36,Normal
2026-02-09 14:25:53.593734,Seoul-c400,-29,43,Normal
2026-02-09 14:25:54.593734,Seoul-c400,-28,25,Normal
2026-02-09 14:25:55.593734,Seoul-c400,28,85,Normal
2026-02-09 14:25:56.593734,Seoul-c400,34,97,Normal
2026-02-09 14:25:57.593734,Seoul-c400,-28,51,Normal
2026-02-09 14:25:58.593734,Seoul-c400,18,80,Normal
2026-02-09 14:25:59.593734,Seoul-c400,14,62,Normal
2026-02-09 14:26:00.593734,Seoul-c400,23,53,Normal
2026-02-09 14:26:01.593734,Seoul-c400,2,61,Normal
2026-02-09 14:26:02.593734,Seoul-c400,50,8,Normal
2026-02-09 14:26:03.593734,Seoul-c400,-15,67,Normal
2026-02-09 14:26:04.593734,Seoul-c400,22,99,Normal
2026-02-09 14:26:05.593734,Seoul-c400,3,98,Normal
2026-02-09 14:26:06.593734,Seoul-c400,23,7,Normal
2026-02-09 14:26:07.593734,Seoul-c400,5,67,Normal
2026-02-09 14:26:08.593734,Seoul-c400,18,12,Normal
2026-02-09 14:26:09.593734,Seoul-c400,-18,33,Normal
2026-02-09 14:26:10.593734,Seoul-c400,13,9,Normal
2026-02-09 14:26:11.593734,Seoul-c400,-14,96,Normal
2026-02-09 14:26:12.593734,Seoul-c400,14,74,Normal
2026-02-09 14:26:13.593734,Seoul-c400,16,87,Normal
2026-02-09 14:26:14.593734,Seoul-c400,34,71,Normal
2026-02-09 14:26:15.593734,Seoul-c400,20,98,Normal
2026-02-09 14:26:16.593734,Seoul-c400,21,67,Normal
2026-02-09 14:26:17.593734,Seoul-c400,-13,81,Normal
2026-02-09 14:26:18.593734,Seoul-c400,31,11,Normal
2026-02-09 14:26:19.593734,Seoul-c400,-26,29,Normal
2026-02-09 14:26:20.593734,Seoul-c400,1,48,Normal
2026-02-09 14:26:21.593734,Seoul-c400,50,28,Normal
2026-02-09 14:26:22.593734,Seoul-c400,-25,98,Normal
2026-02-09 14:26:23.593734,Seoul-c400,-23,79,Normal
2026-02-09 14:26:24.593734,Seoul-c400,39,1,Normal
2026-02-09 14:26:25.593734,Seoul-c400,-3,71,Normal
2026-02-09 14:26:26.593734,Seoul-c400,36,73,Normal
2026-02-09 14:26:27.593734,Seoul-c400,16,67,Normal
2026-02-09 14:26:28.593734,Seoul-c400,15,75,Normal
2026-02-09 14:26:29.593734,Seoul-c400,46,6,Normal
2026-02-09 14:26:30.593734,Seoul-c400,-25,33,Normal
2026-02-09 14:26:31.593734,Seoul-c400,21,16,Normal
2026-02-09 14:26:32.593734,Seoul-c400,-1,15,Normal
2026-02-09 14:26:33.593734,Seoul-c400,-4,3,Normal
2026-02-09 14:26:34.593734,Seoul-c400,27,96,Normal
2026-02-09 14:26:35.593734,Seoul-c400,43,98,Normal
2026-02-09 14:26:36.593734,Seoul-c400,46,66,Normal
2026-02-09 14:26:37.593734,Seoul-c400,-13,60,Normal
2026-02-09 14:26:38.593734,Seoul-c400,48,74,Normal
2026-02-09 14:26:39.593734,Seoul-c400,34,40,Normal
2026-02-09 14:26:40.593734,Seoul-c400,19,91,Normal
2026-02-09 14:26:41.593734,Seoul-c400,1,37,Normal
2026-02-09 14:26:42.593734,Seoul-c400,-24,69,Normal
2026-02-09 14:26:43.593734,Seoul-c400,-23,38,Normal
2026-02-09 14:26:44.593734,Seoul-c400,35,8,Normal
2026-02-09 14:26:45.593734,Seoul-c400,-6,77,Normal
2026-02-09 14:26:46.593734,Seoul-c400,40,93,Normal
2026-02-09 14:26:47.593734,Seoul-c400,25,18,Normal
2026-02-09 14:26:48.593734,Seoul-c400,38,11,Normal
2026-02-09 14:26:49.593734,Seoul-c400,50,83,Normal
2026-02-09 14:26:50.593734,Seoul-c400,8,69,Normal
2026-02-09 14:26:51.593734,Seoul-c400,25,18,Normal
2026-02-09 14:26:52.593734,Seoul-c400,-25,74,Normal
2026-02-09 14:26:53.593734,Seoul-c400,25,25,Normal
2026-02-09 14:26:54.593734,Seoul-c400,4,56,Normal
2026-02-09 14:26:55.593734,Seoul-c400,39,40,Normal
2026-02-09 14:26:56.593734,Seoul-c400,49,16,Normal
2026-02-09 14:26:57.593734,Seoul-c400,12,70,Normal
2026-02-09 14:26:58.593734,Seoul-c400,30,57,Normal
2026-02-09 14:26:59.593734,Seoul-c400,-4,51,Normal
2026-02-09 14:27:00.593734,Seoul-c400,-7,8,Normal
2026-02-09 14:27:01.593734,Seoul-c400,6,87,Normal
2026-02-09 14:27:02.593734,Seoul-c400,-15,94,Normal
2026-02-09 14:27:03.593734,Seoul-c400,1,4,Normal
2026-02-09 14:27:04.593734,Seoul-c400,-12,95,Normal
2026-02-09 14:27:05.593734,Seoul-c400,32,96,Normal
2026-02-09 14:27:06.593734,Seoul-c400,15,100,Normal
2026-02-09 14:27:07.593734,Seoul-c400,20,49,Normal
2026-02-09 14:27:08.593734,Seoul-c400,-4,34,Normal
2026-02-09 14:27:09.593734,Seoul-c400,32,61,Normal
2026-02-09 14:27:10.593734,Seoul-c400,40,36,Normal
2026-02-09 14:27:11.593734,Seoul-c400,9,100,Normal
2026-02-09 14:27:12.593734,Seoul-c400,38,45,Normal
2026-02-09 14:27:13.593734,Seoul-c400,32,83,Normal
2026-02-09 14:27:14.593734,Seoul-c400,33,5,Normal
2026-02-09 14:27:15.593734,Seoul-c400,-13,18,Normal
2026-02-09 14:27:16.593734,Seoul-c400,47,78,Normal
2026-02-09 14:27:17.593734,Seoul-c400,6,40,Normal
2026-02-09 14:27:18.593734,Seoul-c400,43,15,Normal
2026-02-09 14:27:19.593734,Seoul-c400,-5,84,Normal
2026-02-09 14:27:20.593734,Seoul-c400,36,83,Normal
2026-02-09 14:27:21.593734,Seoul-c400,47,22,Normal
2026-02-09 14:27:22.593734,Seoul-c400,25,26,Normal
2026-02-09 14:27:23.593734,Seoul-c400,47,81,Normal
2026-02-09 14:27:24.593734,Seoul-c400,-16,20,Normal
2026-02-09 14:27:25.593734,Seoul-c400,11,100,Normal
2026-02-09 14:27:26.593734,Seoul-c400,28,75,Normal
2026-02-09 14:27:27.593734,Seoul-c400,26,45,Normal
2026-02-09 14:27:28.593734,Seoul-c400,-6,52,Normal
2026-02-09 14:27:29.593734,Seoul-c400,38,86,Normal
2026-02-09 14:27:30.593734,Seoul-c400,-19,77,Normal
2026-02-09 14:27:31.593734,Seoul-c400,-12,36,Normal
2026-02-09 14:27:32.593734,Seoul-c400,23,92,Normal
2026-02-09 14:27:33.593734,Seoul-c400,-10,14,Normal
2026-02-09 14:27:34.593734,Seoul-c400,-13,53,Normal
2026-02-09 14:27:35.593734,Seoul-c400,-12,1,Normal
2026-02-09 14:27:36.593734,Seoul-c400,-25,20,Normal
2026-02-09 14:27:37.593734,Seoul-c400,-11,1,Normal
2026-02-09 14:27:38.593734,Seoul-c400,50,4,Normal
2026-02-09 14:27:39.593734,Seoul-c400,26,0,Normal
2026-02-09 14:27:40.593734,Seoul-c400,-2,23,Normal
2026-02-09 14:27:41.593734,Seoul-c400,10,48,Normal
2026-02-09 14:27:42.593734,Seoul-c400,-24,71,Normal
2026-02-09 14:27:43.593734,Seoul-c400,-25,99,Normal
2026-02-09 14:27:44.593734,Seoul-c400,15,25,Normal
2026-02-09 14:27:45.593734,Seoul-c400,43,0,Normal
2026-02-09 14:27:46.593734,Seoul-c400,37,0,Normal
2026-02-09 14:27:47.593734,Seoul-c400,48,9,Normal
2026-02-09 14:27:48.593734,Seoul-c400,-27,16,Normal
2026-02-09 14:27:49.593734,Seoul-c400,-7,1,Normal
2026-02-09 14:27:50.593734,Seoul-c400,31,88,Normal
2026-02-09 14:27:51.593734,Seoul-c400,-7,70,Normal
2026-02-09 14:27:52.593734,Seoul-c400,8,34,Normal
2026-02-09 14:27:53.593734,Seoul-c400,40,1,Normal
2026-02-09 14:27:54.593734,Seoul-c400,-6,81,Normal
2026-02-09 14:27:55.593734,Seoul-c400,12,96,Normal
2026-02-09 14:27:56.593734,Seoul-c400,16,28,Normal
2026-02-09 14:27:57.593734,Seoul-c400,-7,68,Normal
2026-02-09 14:27:58.593734,Seoul-c400,27,29,Normal
2026-02-09 14:27:59.593734,Seoul-c400,41,83,Normal
2026-02-09 14:28:00.593734,Seoul-c400,20,49,Normal
2026-02-09 14:28:01.593734,Seoul-c400,25,4,Normal
2026-02-09 14:28:02.593734,Seoul-c400,30,36,Normal
2026-02-09 14:28:03.593734,Seoul-c400,12,66,Normal
2026-02-09 14:28:04.593734,Seoul-c400,45,42,Normal
2026-02-09 14:28:05.593734,Seoul-c400,24,67,Normal
2026-02-09 14:28:06.593734,Seoul-c400,-14,91,Normal
2026-02-09 14:28:07.593734,Seoul-c400,-12,53,Normal
2026-02-09 14:28:08.593734,Seoul-c400,-11,80,Normal
2026-02-09 14:28:09.593734,Seoul-c400,-27,41,Normal
2026-02-09 14:28:10.593734,Seoul-c400,42,84,Normal
2026-02-09 14:28:11.593734,Seoul-c400,14,29,Normal
2026-02-09 14:28:12.593734,Seoul-c400,-1,52,Normal
2026-02-09 14:28:13.593734,Seoul-c400,-25,58,Normal
2026-02-09 14:28:14.593734,Seoul-c400,-20,27,Normal
2026-02-09 14:28:15.593734,Seoul-c400,19,90,Normal
2026-02-09 14:28:16.593734,Seoul-c400,48,22,Normal
2026-02-09 14:28:17.593734,Seoul-c400,31,56,Normal
2026-02-09 14:28:18.593734,Seoul-c400,-1,42,Normal
2026-02-09 14:28:19.593734,Seoul-c400,29,70,Normal
2026-02-09 14:28:20.593734,Seoul-c400,21,18,Normal
2026-02-09 14:28:21.593734,Seoul-c400,-2,58,Normal
2026-02-09 14:28:22.593734,Seoul-c400,25,70,Normal
2026-02-09 14:28:23.593734,Seoul-c400,-20,81,Normal
2026-02-09 14:28:24.593734,Seoul-c400,-17,69,Normal
2026-02-09 14:28:25.593734,Seoul-c400,17,35,Normal
2026-02-09 14:28:26.593734,Seoul-c400,-13,16,Normal
2026-02-09 14:28:27.593734,Seoul-c400,-29,75,Normal
2026-02-09 14:28:28.593734,Seoul-c400,-17,10,Normal
2026-02-09 14:28:29.593734,Seoul-c400,27,46,Normal
2026-02-09 14:28:30.593734,Seoul-c400,47,41,Normal
2026-02-09 14:28:31.593734,Seoul-c400,45,33,Normal
2026-02-09 14:28:32.593734,Seoul-c400,-29,16,Normal
2026-02-09 14:28:33.593734,Seoul-c400,26,10,Normal
2026-02-09 14:28:34.593734,Seoul-c400,46,67,Normal
2026-02-09 14:28:35.593734,Seoul-c400,43,34,Normal
2026-02-09 14:28:36.593734,Seoul-c400,39,5,Normal
2026-02-09 14:28:37.593734,Seoul-c400,-16,86,Normal
2026-02-09 14:28:38.593734,Seoul-c400,43,8,Normal
2026-02-09 14:28:39.593734,Seoul-c400,-26,21,Normal
2026-02-09 14:28:40.593734,Seoul-c400,11,45,Normal
2026-02-09 14:28:41.593734,Seoul-c400,12,78,Normal
2026-02-09 14:28:42.593734,Seoul-c400,42,51,Normal
2026-02-09 14:28:43.593734,Seoul-c400,-24,9,Normal
2026-02-09 14:28:44.593734,Seoul-c400,38,8,Normal
2026-02-09 14:28:45.593734,Seoul-c400,13,34,Normal
2026-02-09 14:28:46.593734,Seoul-c400,30,54,Normal
2026-02-09 14:28:47.593734,Seoul-c400,-27,67,Normal
2026-02-09 14:28:48.593734,Seoul-c400,28,53,Normal
2026-02-09 14:28:49.593734,Seoul-c400,-25,45,Normal
2026-02-09 14:28:50.593734,Seoul-c400,3,41,Normal
2026-02-09 14:28:51.593734,Seoul-c400,26,45,Normal
2026-02-09 14:28:52.593734,Seoul-c400,35,7,Normal
2026-02-09 14:28:53.593734,Seoul-c400,-2,76,Normal
2026-02-09 14:28:54.593734,Seoul-c400,2,93,Normal
2026-02-09 14:28:55.593734,Seoul-c400,46,53,Normal
2026-02-09 14:28:56.593734,Seoul-c400,0,42,Normal
2026-02-09 14:28:57.593734,Seoul-c400,9,0,Normal
2026-02-09 14:28:58.593734,Seoul-c400,12,8,Normal
2026-02-09 14:28:59.593734,Seoul-c400,3,36,Normal
2026-02-09 14:29:00.593734,Seoul-c400,7,84,Normal
2026-02-09 14:29:01.593734,Seoul-c400,39,66,Normal
2026-02-09 14:29:02.593734,Seoul-c400,19,2,Normal
2026-02-09 14:29:03.593734,Seoul-c400,-22,11,Normal
2026-02-09 14:29:04.593734,Seoul-c400,-16,51,Normal
2026-02-09 14:29:05.593734,Seoul-c400,-3,97,Normal
2026-02-09 14:29:06.593734,Seoul-c400,-15,39,Normal
2026-02-09 14:29:07.593734,Seoul-c400,15,17,Normal
2026-02-09 14:29:08.593734,Seoul-c400,12,11,Normal
2026-02-09 14:29:09.593734,Seoul-c400,3,47,Normal
2026-02-09 14:29:10.593734,Seoul-c400,19,63,Normal
2026-02-09 14:29:11.593734,Seoul-c400,-27,78,Normal
2026-02-09 14:29:12.593734,Seoul-c400,36,45,Normal
2026-02-09 14:29:13.593734,Seoul-c400,37,28,Normal
2026-02-09 14:29:14.593734,Seoul-c400,-18,36,Normal
2026-02-09 14:29:15.593734,Seoul-c400,-3,54,Normal
2026-02-09 14:29:16.593734,Seoul-c400,-28,11,Normal
2026-02-09 14:29:17.593734,Seoul-c400,-25,65,Normal
2026-02-09 14:29:18.593734,Seoul-c400,-14,3,Normal
2026-02-09 14:29:19.593734,Seoul-c400,31,65,Normal
2026-02-09 14:29:20.593734,Seoul-c400,39,55,Normal
2026-02-09 14:29:21.593734,Seoul-c400,9,21,Normal
2026-02-09 14:29:22.593734,Seoul-c400,-6,52,Normal
2026-02-09 14:29:23.593734,Seoul-c400,20,16,Normal
2026-02-09 14:29:24.593734,Seoul-c400,9,35,Normal
2026-02-09 14:29:25.593734,Seoul-c400,-29,4,Normal
2026-02-09 14:29:26.593734,Seoul-c400,23,62,Normal
2026-02-09 14:29:27.593734,Seoul-c400,-8,91,Normal
2026-02-09 14:29:28.593734,Seoul-c400,20,0,Normal
2026-02-09 14:29:29.593734,Seoul-c400,6,32,Normal
2026-02-09 14:29:30.593734,Seoul-c400,-27,89,Normal
2026-02-09 14:29:31.593734,Seoul-c400,46,48,Normal
2026-02-09 14:29:32.593734,Seoul-c400,48,47,Normal
2026-02-09 14:29:33.593734,Seoul-c400,19,38,Normal
2026-02-09 14:29:34.593734,Seoul-c400,-30,27,Normal
2026-02-09 14:29:35.593734,Seoul-c400,3,54,Normal
2026-02-09 14:29:36.593734,Seoul-c400,-21,72,Normal
2026-02-09 14:29:37.593734,Seoul-c400,-8,56,Normal
2026-02-09 14:29:38.593734,Seoul-c400,31,1,Normal
2026-02-09 14:29:39.593734,Seoul-c400,-2,93,Normal
2026-02-09 14:29:40.593734,Seoul-c400,4,91,Normal
2026-02-09 14:29:41.593734,Seoul-c400,-4,30,Normal
2026-02-09 14:29:42.593734,Seoul-c400,-4,10,Normal
2026-02-09 14:29:43.593734,Seoul-c400,31,2,Normal
2026-02-09 14:29:44.593734,Seoul-c400,-29,48,Normal
2026-02-09 14:29:45.593734,Seoul-c400,28,85,Normal
2026-02-09 14:29:46.593734,Seoul-c400,41,56,Normal
2026-02-09 14:29:47.593734,Seoul-c400,-22,54,Normal
2026-02-09 14:29:48.593734,Seoul-c400,-19,40,Normal
2026-02-09 14:29:49.593734,Seoul-c400,-23,8,Normal
2026-02-09 14:29:50.593734,Seoul-c400,48,36,Normal
2026-02-09 14:29:51.593734,Seoul-c400,12,8,Normal
2026-02-09 14:29:52.593734,Seoul-c400,-29,96,Normal
2026-02-09 14:29:53.593734,Seoul-c400,32,50,Normal
2026-02-09 14:29:54.593734,Seoul-c400,7,94,Normal
2026-02-09 14:29:55.593734,Seoul-c400,-26,86,Normal
2026-02-09 14:29:56.593734,Seoul-c400,19,30,Normal
2026-02-09 14:29:57.593734,Seoul-c400,8,79,Normal
2026-02-09 14:29:58.593734,Seoul-c400,4,46,Normal
2026-02-09 14:29:59.593734,Seoul-c400,-15,83,Normal
2026-02-09 14:30:00.593734,Seoul-c400,14,78,Normal
2026-02-09 14:30:01.593734,Seoul-c400,33,99,Normal
2026-02-09 14:30:02.593734,Seoul-c400,12,21,Normal
2026-02-09 14:30:03.593734,Seoul-c400,-27,92,Normal
2026-02-09 14:30:04.593734,Seoul-c400,9,90,Normal
2026-02-09 14:30:05.593734,Seoul-c400,-29,68,Normal
2026-02-09 14:30:06.593734,Seoul-c400,29,69,Normal
2026-02-09 14:30:07.593734,Seoul-c400,30,10,Normal
2026-02-09 14:30:08.593734,Seoul-c400,-21,65,Normal
2026-02-09 14:30:09.593734,Seoul-c400,17,21,Normal
2026-02-09 14:30:10.593734,Seoul-c400,39,22,Normal
2026-02-09 14:30:11.593734,Seoul-c400,49,12,Normal
2026-02-09 14:30:12.593734,Seoul-c400,46,17,Normal
2026-02-09 14:30:13.593734,Seoul-c400,-26,99,Normal
2026-02-09 14:30:14.593734,Seoul-c400,49,75,Normal
2026-02-09 14:30:15.593734,Seoul-c400,-19,36,Normal
2026-02-09 14:30:16.593734,Seoul-c400,38,38,Normal
2026-02-09 14:30:17.593734,Seoul-c400,19,76,Normal
2026-02-09 14:30:18.593734,Seoul-c400,40,10,Normal
2026-02-09 14:30:19.593734,Seoul-c400,44,70,Normal
2026-02-09 14:30:20.593734,Seoul-c400,6,4,Normal
2026-02-09 14:30:21.593734,Seoul-c400,-19,21,Normal
2026-02-09 14:30:22.593734,Seoul-c400,-29,35,Normal
2026-02-09 14:30:23.593734,Seoul-c400,-22,74,Normal
2026-02-09 14:30:24.593734,Seoul-c400,-28,91,Normal
2026-02-09 14:30:25.593734,Seoul-c400,34,99,Normal
2026-02-09 14:30:26.593734,Seoul-c400,11,96,Normal
2026-02-09 14:30:27.593734,Seoul-c400,11,90,Normal
2026-02-09 14:30:28.593734,Seoul-c400,33,90,Normal
2026-02-09 14:30:29.593734,Seoul-c400,19,8,Normal
2026-02-09 14:30:30.593734,Seoul-c400,-13,83,Normal
2026-02-09 14:30:31.593734,Seoul-c400,-26,99,Normal
2026-02-09 14:30:32.593734,Seoul-c400,21,74,Normal
2026-02-09 14:30:33.593734,Seoul-c400,2,4,Normal
2026-02-09 14:30:34.593734,Seoul-c400,-19,59,Normal
2026-02-09 14:30:35.593734,Seoul-c400,3,91,Normal
2026-02-09 14:30:36.593734,Seoul-c400,21,91,Normal
2026-02-09 14:30:37.593734,Seoul-c400,-16,55,Normal
2026-02-09 14:30:38.593734,Seoul-c400,-8,37,Normal
2026-02-09 14:30:39.593734,Seoul-c400,4,94,Normal
2026-02-09 14:30:40.593734,Seoul-c400,39,31,Normal
2026-02-09 14:30:41.593734,Seoul-c400,25,70,Normal
2026-02-09 14:30:42.593734,Seoul-c400,7,70,Normal
2026-02-09 14:30:43.593734,Seoul-c400,-12,9,Normal
2026-02-09 14:30:44.593734,Seoul-c400,-12,31,Normal
2026-02-09 14:30:45.593734,Seoul-c400,12,65,Normal
2026-02-09 14:30:46.593734,Seoul-c400,43,82,Normal
2026-02-09 14:30:47.593734,Seoul-c400,-4,42,Normal
2026-02-09 14:30:48.593734,Seoul-c400,20,55,Normal
2026-02-09 14:30:49.593734,Seoul-c400,-1,55,Normal
2026-02-09 14:30:50.593734,Seoul-c400,43,74,Normal
2026-02-09 14:30:51.593734,Seoul-c400,-13,70,Normal
2026-02-09 14:30:52.593734,Seoul-c400,-3,76,Normal
2026-02-09 14:30:53.593734,Seoul-c400,-29,94,Normal
2026-02-09 14:30:54.593734,Seoul-c400,27,92,Normal
2026-02-09 14:30:55.593734,Seoul-c400,45,99,Normal
2026-02-09 14:30:56.593734,Seoul-c400,1,42,Normal
2026-02-09 14:30:57.593734,Seoul-c400,-26,98,Normal
2026-02-09 14:30:58.593734,Seoul-c400,-17,43,Normal
2026-02-09 14:30:59.593734,Seoul-c400,16,92,Normal
2026-02-09 14:31:00.593734,Seoul-c400,0,36,Normal
2026-02-09 14:31:01.593734,Seoul-c400,-14,79,Normal
2026-02-09 14:31:02.593734,Seoul-c400,33,35,Normal
2026-02-09 14:31:03.593734,Seoul-c400,22,93,Normal
2026-02-09 14:31:04.593734,Seoul-c400,-1,27,Normal
2026-02-09 14:31:05.593734,Seoul-c400,7,66,Normal
2026-02-09 14:31:06.593734,Seoul-c400,-24,10,Normal
2026-02-09 14:31:07.593734,Seoul-c400,44,77,Normal
2026-02-09 14:31:08.593734,Seoul-c400,9,4,Normal
2026-02-09 14:31:09.593734,Seoul-c400,24,6,Normal
2026-02-09 14:31:10.593734,Seoul-c400,32,24,Normal
2026-02-09 14:31:11.593734,Seoul-c400,31,18,Normal
2026-02-09 14:31:12.593734,Seoul-c400,23,48,Normal
2026-02-09 14:31:13.593734,Seoul-c400,5,66,Normal
2026-02-09 14:31:14.593734,Seoul-c400,1,52,Normal
2026-02-09 14:31:15.593734,Seoul-c400,47,75,Normal
2026-02-09 14:31:16.593734,Seoul-c400,-3,88,Normal
2026-02-09 14:31:17.593734,Seoul-c400,17,75,Normal
2026-02-09 14:31:18.593734,Seoul-c400,17,83,Normal
2026-02-09 14:31:19.593734,Seoul-c400,15,74,Normal
2026-02-09 14:31:20.593734,Seoul-c400,1,21,Normal
2026-02-09 14:31:21.593734,Seoul-c400,-4,66,Normal
2026-02-09 14:31:22.593734,Seoul-c400,37,59,Normal
2026-02-09 14:31:23.593734,Seoul-c400,21,38,Normal
2026-02-09 14:31:24.593734,Seoul-c400,1,71,Normal
2026-02-09 14:31:25.593734,Seoul-c400,-2,57,Normal
2026-02-09 14:31:26.593734,Seoul-c400,5,14,Normal
2026-02-09 14:31:27.593734,Seoul-c400,-11,35,Normal
2026-02-09 14:31:28.593734,Seoul-c400,3,91,Normal
2026-02-09 14:31:29.593734,Seoul-c400,40,23,Normal
2026-02-09 14:31:30.593734,Seoul-c400,46,16,Normal
2026-02-09 14:31:31.593734,Seoul-c400,-10,85,Normal
2026-02-09 14:31:32.593734,Seoul-c400,-6,95,Normal
2026-02-09 14:31:33.593734,Seoul-c400,-2,85,Normal
2026-02-09 14:31:34.593734,Seoul-c400,-12,33,Normal
2026-02-09 14:31:35.593734,Seoul-c400,22,65,Normal
2026-02-09 14:31:36.593734,Seoul-c400,10,83,Normal
2026-02-09 14:31:37.593734,Seoul-c400,35,63,Normal
2026-02-09 14:31:38.593734,Seoul-c400,-6,51,Normal
2026-02-09 14:31:39.593734,Seoul-c400,-11,44,Normal
2026-02-09 14:31:40.593734,Seoul-c400,17,26,Normal
2026-02-09 14:31:41.593734,Seoul-c400,-19,17,Normal
2026-02-09 14:31:42.593734,Seoul-c400,-7,73,Normal
2026-02-09 14:31:43.593734,Seoul-c400,34,23,Normal
2026-02-09 14:31:44.593734,Seoul-c400,-13,64,Normal
2026-02-09 14:31:45.593734,Seoul-c400,50,64,Normal
2026-02-09 14:31:46.593734,Seoul-c400,-28,80,Normal
2026-02-09 14:31:47.593734,Seoul-c400,7,62,Normal
2026-02-09 14:31:48.593734,Seoul-c400,-20,30,Normal
2026-02-09 14:31:49.593734,Seoul-c400,50,88,Normal
2026-02-09 14:31:50.593734,Seoul-c400,22,29,Normal
2026-02-09 14:31:51.593734,Seoul-c400,-13,71,Normal
2026-02-09 14:31:52.593734,Seoul-c400,-18,58,Normal
2026-02-09 14:31:53.593734,Seoul-c400,-3,3,Normal
2026-02-09 14:31:54.593734,Seoul-c400,18,85,Normal
2026-02-09 14:31:55.593734,Seoul-c400,25,79,Normal
2026-02-09 14:31:56.593734,Seoul-c400,2,64,Normal
2026-02-09 14:31:57.593734,Seoul-c400,16,77,Normal
2026-02-09 14:31:58.593734,Seoul-c400,3,98,Normal
2026-02-09 14:31:59.593734,Seoul-c400,38,11,Normal
2026-02-09 14:32:00.593734,Seoul-c400,32,92,Normal
2026-02-09 14:32:01.593734,Seoul-c400,-29,44,Normal
2026-02-09 14:32:02.593734,Seoul-c400,-13,64,Normal
2026-02-09 14:32:03.593734,Seoul-c400,-4,28,Normal
2026-02-09 14:32:04.593734,Seoul-c400,-13,82,Normal
2026-02-09 14:32:05.593734,Seoul-c400,7,1,Normal
2026-02-09 14:32:06.593734,Seoul-c400,14,78,Normal
2026-02-09 14:32:07.593734,Seoul-c400,-3,54,Normal
2026-02-09 14:32:08.593734,Seoul-c400,42,23,Normal
2026-02-09 14:32:09.593734,Seoul-c400,16,65,Normal
2026-02-09 14:32:10.593734,Seoul-c400,47,88,Normal
2026-02-09 14:32:11.593734,Seoul-c400,-9,83,Normal
2026-02-09 14:32:12.593734,Seoul-c400,-3,48,Normal
2026-02-09 14:32:13.593734,Seoul-c400,-14,39,Normal
2026-02-09 14:32:14.593734,Seoul-c400,6,62,Normal
2026-02-09 14:32:15.593734,Seoul-c400,20,22,Normal
2026-02-09 14:32:16.593734,Seoul-c400,29,37,Normal
2026-02-09 14:32:17.593734,Seoul-c400,4,17,Normal
2026-02-09 14:32:18.593734,Seoul-c400,-6,88,Normal
2026-02-09 14:32:19.593734,Seoul-c400,-13,15,Normal
2026-02-09 14:32:20.593734,Seoul-c400,-17,38,Normal
2026-02-09 14:32:21.593734,Seoul-c400,24,27,Normal
2026-02-09 14:32:22.593734,Seoul-c400,21,65,Normal
2026-02-09 14:32:23.593734,Seoul-c400,3,9,Normal
2026-02-09 14:32:24.593734,Seoul-c400,18,99,Normal
2026-02-09 14:32:25.593734,Seoul-c400,32,44,Normal
2026-02-09 14:32:26.593734,Seoul-c400,27,90,Normal
2026-02-09 14:32:27.593734,Seoul-c400,25,8,Normal
2026-02-09 14:32:28.593734,Seoul-c400,39,51,Normal
2026-02-09 14:32:29.593734,Seoul-c400,37,79,Normal
2026-02-09 14:32:30.593734,Seoul-c400,24,44,Normal
2026-02-09 14:32:31.593734,Seoul-c400,18,3,Normal
2026-02-09 14:32:32.593734,Seoul-c400,46,47,Normal
