timestamp,station_id,temp,humid,condition
2026-02-08 15:38:19.159347,Seoul-7636,36,81,Normal
2026-02-08 15:38:20.159347,Seoul-7636,-8,35,Normal
2026-02-08 15:38:21.159347,Seoul-7636,-23,5,Normal
2026-02-08 15:38:22.159347,Seoul-7636,-17,76,Normal
2026-02-08 15:38:23.159347,Seoul-7636,-19,11,Normal
2026-02-08 15:38:24.159347,Seoul-7636,-2,5,Normal
2026-02-08 15:38:25.159347,Seoul-7636,29,74,Normal
2026-02-08 15:38:26.159347,Seoul-7636,30,69,Normal
2026-02-08 15:38:27.159347,Seoul-7636,32,22,Normal
2026-02-08 15:38:28.159347,Seoul-7636,7,69,Normal
2026-02-08 15:38:29.159347,Seoul-7636,49,64,Normal
2026-02-08 15:38:30.159347,Seoul-7636,32,33,Normal
2026-02-08 15:38:31.159347,Seoul-7636,-20,35,Normal
2026-02-08 15:38:32.159347,Seoul-7636,34,49,Normal
2026-02-08 15:38:33.159347,Seoul-7636,-17,95,Normal
2026-02-08 15:38:34.159347,Seoul-7636,25,14,Normal
2026-02-08 15:38:35.159347,Seoul-7636,46,78,Normal
2026-02-08 15:38:36.159347,Seoul-7636,27,32,Normal
2026-02-08 15:38:37.159347,Seoul-7636,25,57,Normal
2026-02-08 15:38:38.159347,Seoul-7636,13,35,Normal
2026-02-08 15:38:39.159347,Seoul-7636,24,91,Normal
2026-02-08 15:38:40.159347,Seoul-7636,-28,51,Normal
2026-02-08 15:38:41.159347,Seoul-7636,28,25,Normal
2026-02-08 15:38:42.159347,Seoul-7636,2,25,Normal
2026-02-08 15:38:43.159347,Seoul-7636,0,24,Normal
2026-02-08 15:38:44.159347,Seoul-7636,13,93,Normal
2026-02-08 15:38:45.159347,Seoul-7636,4,41,Normal
2026-02-08 15:38:46.159347,Seoul-7636,16,14,Normal
2026-02-08 15:38:47.159347,Seoul-7636,24,85,Normal
2026-02-08 15:38:48.159347,Seoul-7636,0,6,Normal
2026-02-08 15:38:49.159347,Seoul-7636,-20,45,Normal
2026-02-08 15:38:50.159347,Seoul-7636,-23,48,Normal
2026-02-08 15:38:51.159347,Seoul-7636,7,13,Normal
2026-02-08 15:38:52.159347,Seoul-7636,-14,18,Normal
2026-02-08 15:38:53.159347,Seoul-7636,-14,35,Normal
2026-02-08 15:38:54.159347,Seoul-7636,4,97,Normal
2026-02-08 15:38:55.159347,Seoul-7636,6,7,Normal
2026-02-08 15:38:56.159347,Seoul-7636,28,77,Normal
2026-02-08 15:38:57.159347,Seoul-7636,-23,50,Normal
2026-02-08 15:38:58.159347,Seoul-7636,45,33,Normal
2026-02-08 15:38:59.159347,Seoul-7636,-24,20,Normal
2026-02-08 15:39:00.159347,Seoul-7636,-28,8,Normal
2026-02-08 15:39:01.159347,Seoul-7636,-16,7,Normal
2026-02-08 15:39:02.159347,Seoul-7636,23,56,Normal
2026-02-08 15:39:03.159347,Seoul-7636,26,95,Normal
2026-02-08 15:39:04.159347,Seoul-7636,26,43,Normal
2026-02-08 15:39:05.159347,Seoul-7636,37,97,Normal
2026-02-08 15:39:06.159347,Seoul-7636,15,38,Normal
2026-02-08 15:39:07.159347,Seoul-7636,-19,54,Normal
2026-02-08 15:39:08.159347,Seoul-7636,47,54,Normal
2026-02-08 15:39:09.159347,Seoul-7636,-14,52,Normal
2026-02-08 15:39:10.159347,Seoul-7636,-12,70,Normal
2026-02-08 15:39:11.159347,Seoul-7636,17,34,Normal
2026-02-08 15:39:12.159347,Seoul-7636,-21,95,Normal
2026-02-08 15:39:13.159347,Seoul-7636,24,62,Normal
2026-02-08 15:39:14.159347,Seoul-7636,-15,45,Normal
2026-02-08 15:39:15.159347,Seoul-7636,47,29,Normal
2026-02-08 15:39:16.159347,Seoul-7636,-1,15,Normal
2026-02-08 15:39:17.159347,Seoul-7636,-12,55,Normal
2026-02-08 15:39:18.159347,Seoul-7636,7,12,Normal
2026-02-08 15:39:19.159347,Seoul-7636,46,22,Normal
2026-02-08 15:39:20.159347,Seoul-7636,4,52,Normal
2026-02-08 15:39:21.159347,Seoul-7636,6,36,Normal
2026-02-08 15:39:22.159347,Seoul-7636,28,87,Normal
2026-02-08 15:39:23.159347,Seoul-7636,-28,28,Normal
2026-02-08 15:39:24.159347,Seoul-7636,-24,64,Normal
2026-02-08 15:39:25.159347,Seoul-7636,-27,24,Normal
2026-02-08 15:39:26.159347,Seoul-7636,23,35,Normal
2026-02-08 15:39:27.159347,Seoul-7636,29,62,Normal
2026-02-08 15:39:28.159347,Seoul-7636,-15,29,Normal
2026-02-08 15:39:29.159347,Seoul-7636,20,6,Normal
2026-02-08 15:39:30.159347,Seoul-7636,44,14,Normal
2026-02-08 15:39:31.159347,Seoul-7636,-23,84,Normal
2026-02-08 15:39:32.159347,Seoul-7636,42,1,Normal
2026-02-08 15:39:33.159347,Seoul-7636,35,22,Normal
2026-02-08 15:39:34.159347,Seoul-7636,-13,29,Normal
2026-02-08 15:39:35.159347,Seoul-7636,-29,96,Normal
2026-02-08 15:39:36.159347,Seoul-7636,5,74,Normal
2026-02-08 15:39:37.159347,Seoul-7636,50,35,Normal
2026-02-08 15:39:38.159347,Seoul-7636,-16,57,Normal
2026-02-08 15:39:39.159347,Seoul-7636,-18,64,Normal
2026-02-08 15:39:40.159347,Seoul-7636,-4,7,Normal
2026-02-08 15:39:41.159347,Seoul-7636,41,2,Normal
2026-02-08 15:39:42.159347,Seoul-7636,44,51,Normal
2026-02-08 15:39:43.159347,Seoul-7636,37,12,Normal
2026-02-08 15:39:44.159347,Seoul-7636,-15,45,Normal
2026-02-08 15:39:45.159347,Seoul-7636,-28,77,Normal
2026-02-08 15:39:46.159347,Seoul-7636,-18,20,Normal
2026-02-08 15:39:47.159347,Seoul-7636,47,76,Normal
2026-02-08 15:39:48.159347,Seoul-7636,6,96,Normal
2026-02-08 15:39:49.159347,Seoul-7636,38,76,Normal
2026-02-08 15:39:50.159347,Seoul-7636,14,89,Normal
2026-02-08 15:39:51.159347,Seoul-7636,1,54,Normal
2026-02-08 15:39:52.159347,Seoul-7636,49,51,Normal
2026-02-08 15:39:53.159347,Seoul-7636,11,37,Normal
2026-02-08 15:39:54.159347,Seoul-7636,-15,85,Normal
2026-02-08 15:39:55.159347,Seoul-7636,10,72,Normal
2026-02-08 15:39:56.159347,Seoul-7636,23,39,Normal
2026-02-08 15:39:57.159347,Seoul-7636,-9,81,Normal
2026-02-08 15:39:58.159347,Seoul-7636,-20,69,Normal
2026-02-08 15:39:59.159347,Seoul-7636,17,89,Normal
2026-02-08 15:40:00.159347,Seoul-7636,-6,30,Normal
2026-02-08 15:40:01.159347,Seoul-7636,-20,71,Normal
2026-02-08 15:40:02.159347,Seoul-7636,-16,11,Normal
2026-02-08 15:40:03.159347,Seoul-7636,-15,70,Normal
2026-02-08 15:40:04.159347,Seoul-7636,-12,73,Normal
2026-02-08 15:40:05.159347,Seoul-7636,-22,98,Normal
2026-02-08 15:40:06.159347,Seoul-7636,5,46,Normal
2026-02-08 15:40:07.159347,Seoul-7636,2,6,Normal
2026-02-08 15:40:08.159347,Seoul-7636,39,82,Normal
2026-02-08 15:40:09.159347,Seoul-7636,-12,17,Normal
2026-02-08 15:40:10.159347,Seoul-7636,3,76,Normal
2026-02-08 15:40:11.159347,Seoul-7636,3,83,Normal
2026-02-08 15:40:12.159347,Seoul-7636,42,57,Normal
2026-02-08 15:40:13.159347,Seoul-7636,-25,71,Normal
2026-02-08 15:40:14.159347,Seoul-7636,-2,58,Normal
2026-02-08 15:40:15.159347,Seoul-7636,-11,60,Normal
2026-02-08 15:40:16.159347,Seoul-7636,23,2,Normal
2026-02-08 15:40:17.159347,Seoul-7636,50,96,Normal
2026-02-08 15:40:18.159347,Seoul-7636,31,97,Normal
2026-02-08 15:40:19.159347,Seoul-7636,-25,67,Normal
2026-02-08 15:40:20.159347,Seoul-7636,27,80,Normal
2026-02-08 15:40:21.159347,Seoul-7636,-15,16,Normal
2026-02-08 15:40:22.159347,Seoul-7636,48,97,Normal
2026-02-08 15:40:23.159347,Seoul-7636,-17,3,Normal
2026-02-08 15:40:24.159347,Seoul-7636,26,100,Normal
2026-02-08 15:40:25.159347,Seoul-7636,18,88,Normal
2026-02-08 15:40:26.159347,Seoul-7636,36,31,Normal
2026-02-08 15:40:27.159347,Seoul-7636,-14,35,Normal
2026-02-08 15:40:28.159347,Seoul-7636,-10,100,Normal
2026-02-08 15:40:29.159347,Seoul-7636,13,6,Normal
2026-02-08 15:40:30.159347,Seoul-7636,-12,6,Normal
2026-02-08 15:40:31.159347,Seoul-7636,-23,26,Normal
2026-02-08 15:40:32.159347,Seoul-7636,43,25,Normal
2026-02-08 15:40:33.159347,Seoul-7636,0,76,Normal
2026-02-08 15:40:34.159347,Seoul-7636,11,69,Normal
2026-02-08 15:40:35.159347,Seoul-7636,29,22,Normal
2026-02-08 15:40:36.159347,Seoul-7636,26,93,Normal
2026-02-08 15:40:37.159347,Seoul-7636,10,92,Normal
2026-02-08 15:40:38.159347,Seoul-7636,-20,24,Normal
2026-02-08 15:40:39.159347,Seoul-7636,5,1,Normal
2026-02-08 15:40:40.159347,Seoul-7636,34,30,Normal
2026-02-08 15:40:41.159347,Seoul-7636,4,81,Normal
2026-02-08 15:40:42.159347,Seoul-7636,-10,74,Normal
2026-02-08 15:40:43.159347,Seoul-7636,-15,52,Normal
2026-02-08 15:40:44.159347,Seoul-7636,47,18,Normal
2026-02-08 15:40:45.159347,Seoul-7636,22,82,Normal
2026-02-08 15:40:46.159347,Seoul-7636,45,20,Normal
2026-02-08 15:40:47.159347,Seoul-7636,-22,74,Normal
2026-02-08 15:40:48.159347,Seoul-7636,32,54,Normal
2026-02-08 15:40:49.159347,Seoul-7636,-7,39,Normal
2026-02-08 15:40:50.159347,Seoul-7636,-14,58,Normal
2026-02-08 15:40:51.159347,Seoul-7636,-6,31,Normal
2026-02-08 15:40:52.159347,Seoul-7636,-3,59,Normal
2026-02-08 15:40:53.159347,Seoul-7636,26,63,Normal
2026-02-08 15:40:54.159347,Seoul-7636,-17,91,Normal
2026-02-08 15:40:55.159347,Seoul-7636,-13,86,Normal
2026-02-08 15:40:56.159347,Seoul-7636,26,80,Normal
2026-02-08 15:40:57.159347,Seoul-7636,30,98,Normal
2026-02-08 15:40:58.159347,Seoul-7636,-29,84,Normal
2026-02-08 15:40:59.159347,Seoul-7636,37,80,Normal
2026-02-08 15:41:00.159347,Seoul-7636,-18,20,Normal
2026-02-08 15:41:01.159347,Seoul-7636,28,88,Normal
2026-02-08 15:41:02.159347,Seoul-7636,27,83,Normal
2026-02-08 15:41:03.159347,Seoul-7636,43,77,Normal
2026-02-08 15:41:04.159347,Seoul-7636,37,98,Normal
2026-02-08 15:41:05.159347,Seoul-7636,-27,5,Normal
2026-02-08 15:41:06.159347,Seoul-7636,29,73,Normal
2026-02-08 15:41:07.159347,Seoul-7636,-7,100,Normal
2026-02-08 15:41:08.159347,Seoul-7636,13,59,Normal
2026-02-08 15:41:09.159347,Seoul-7636,-24,13,Normal
2026-02-08 15:41:10.159347,Seoul-7636,13,95,Normal
2026-02-08 15:41:11.159347,Seoul-7636,48,76,Normal
2026-02-08 15:41:12.159347,Seoul-7636,-27,0,Normal
2026-02-08 15:41:13.159347,Seoul-7636,-2,5,Normal
2026-02-08 15:41:14.159347,Seoul-7636,-27,73,Normal
2026-02-08 15:41:15.159347,Seoul-7636,10,79,Normal
2026-02-08 15:41:16.159347,Seoul-7636,43,56,Normal
2026-02-08 15:41:17.159347,Seoul-7636,8,96,Normal
2026-02-08 15:41:18.159347,Seoul-7636,-18,36,Normal
2026-02-08 15:41:19.159347,Seoul-7636,-24,97,Normal
2026-02-08 15:41:20.159347,Seoul-7636,-8,97,Normal
2026-02-08 15:41:21.159347,Seoul-7636,-19,29,Normal
2026-02-08 15:41:22.159347,Seoul-7636,28,14,Normal
2026-02-08 15:41:23.159347,Seoul-7636,1,88,Normal
2026-02-08 15:41:24.159347,Seoul-7636,-8,76,Normal
2026-02-08 15:41:25.159347,Seoul-7636,48,8,Normal
2026-02-08 15:41:26.159347,Seoul-7636,25,97,Normal
2026-02-08 15:41:27.159347,Seoul-7636,-3,92,Normal
2026-02-08 15:41:28.159347,Seoul-7636,39,66,Normal
2026-02-08 15:41:29.159347,Seoul-7636,24,41,Normal
2026-02-08 15:41:30.159347,Seoul-7636,37,57,Normal
2026-02-08 15:41:31.159347,Seoul-7636,-7,49,Normal
2026-02-08 15:41:32.159347,Seoul-7636,-12,52,Normal
2026-02-08 15:41:33.159347,Seoul-7636,23,24,Normal
2026-02-08 15:41:34.159347,Seoul-7636,-11,87,Normal
2026-02-08 15:41:35.159347,Seoul-7636,44,76,Normal
2026-02-08 15:41:36.159347,Seoul-7636,30,25,Normal
2026-02-08 15:41:37.159347,Seoul-7636,28,100,Normal
2026-02-08 15:41:38.159347,Seoul-7636,28,55,Normal
2026-02-08 15:41:39.159347,Seoul-7636,-19,44,Normal
2026-02-08 15:41:40.159347,Seoul-7636,6,45,Normal
2026-02-08 15:41:41.159347,Seoul-7636,25,47,Normal
2026-02-08 15:41:42.159347,Seoul-7636,-6,40,Normal
2026-02-08 15:41:43.159347,Seoul-7636,-9,96,Normal
2026-02-08 15:41:44.159347,Seoul-7636,49,18,Normal
2026-02-08 15:41:45.159347,Seoul-7636,45,6,Normal
2026-02-08 15:41:46.159347,Seoul-7636,-22,10,Normal
2026-02-08 15:41:47.159347,Seoul-7636,11,46,Normal
2026-02-08 15:41:48.159347,Seoul-7636,-23,86,Normal
2026-02-08 15:41:49.159347,Seoul-7636,24,14,Normal
2026-02-08 15:41:50.159347,Seoul-7636,-4,16,Normal
2026-02-08 15:41:51.159347,Seoul-7636,-30,81,Normal
2026-02-08 15:41:52.159347,Seoul-7636,31,69,Normal
2026-02-08 15:41:53.159347,Seoul-7636,-2,91,Normal
2026-02-08 15:41:54.159347,Seoul-7636,-1,56,Normal
2026-02-08 15:41:55.159347,Seoul-7636,-28,57,Normal
2026-02-08 15:41:56.159347,Seoul-7636,6,19,Normal
2026-02-08 15:41:57.159347,Seoul-7636,34,94,Normal
2026-02-08 15:41:58.159347,Seoul-7636,23,57,Normal
2026-02-08 15:41:59.159347,Seoul-7636,3,98,Normal
2026-02-08 15:42:00.159347,Seoul-7636,-16,49,Normal
2026-02-08 15:42:01.159347,Seoul-7636,49,51,Normal
2026-02-08 15:42:02.159347,Seoul-7636,-6,71,Normal
2026-02-08 15:42:03.159347,Seoul-7636,27,37,Normal
2026-02-08 15:42:04.159347,Seoul-7636,-30,32,Normal
2026-02-08 15:42:05.159347,Seoul-7636,-26,2,Normal
2026-02-08 15:42:06.159347,Seoul-7636,37,98,Normal
2026-02-08 15:42:07.159347,Seoul-7636,47,51,Normal
2026-02-08 15:42:08.159347,Seoul-7636,34,5,Normal
2026-02-08 15:42:09.159347,Seoul-7636,35,28,Normal
2026-02-08 15:42:10.159347,Seoul-7636,26,80,Normal
2026-02-08 15:42:11.159347,Seoul-7636,46,86,Normal
2026-02-08 15:42:12.159347,Seoul-7636,23,40,Normal
2026-02-08 15:42:13.159347,Seoul-7636,-7,94,Normal
2026-02-08 15:42:14.159347,Seoul-7636,21,36,Normal
2026-02-08 15:42:15.159347,Seoul-7636,12,37,Normal
2026-02-08 15:42:16.159347,Seoul-7636,50,45,Normal
2026-02-08 15:42:17.159347,Seoul-7636,27,82,Normal
2026-02-08 15:42:18.159347,Seoul-7636,21,25,Normal
2026-02-08 15:42:19.159347,Seoul-7636,27,7,Normal
2026-02-08 15:42:20.159347,Seoul-7636,5,21,Normal
2026-02-08 15:42:21.159347,Seoul-7636,14,0,Normal
2026-02-08 15:42:22.159347,Seoul-7636,33,61,Normal
2026-02-08 15:42:23.159347,Seoul-7636,30,24,Normal
2026-02-08 15:42:24.159347,Seoul-7636,4,43,Normal
2026-02-08 15:42:25.159347,Seoul-7636,-20,91,Normal
2026-02-08 15:42:26.159347,Seoul-7636,5,29,Normal
2026-02-08 15:42:27.159347,Seoul-7636,20,63,Normal
2026-02-08 15:42:28.159347,Seoul-7636,-22,58,Normal
2026-02-08 15:42:29.159347,Seoul-7636,-7,70,Normal
2026-02-08 15:42:30.159347,Seoul-7636,0,86,Normal
2026-02-08 15:42:31.159347,Seoul-7636,-5,8,Normal
2026-02-08 15:42:32.159347,Seoul-7636,28,48,Normal
2026-02-08 15:42:33.159347,Seoul-7636,50,31,Normal
2026-02-08 15:42:34.159347,Seoul-7636,-30,36,Normal
2026-02-08 15:42:35.159347,Seoul-7636,-17,51,Normal
2026-02-08 15:42:36.159347,Seoul-7636,2,53,Normal
2026-02-08 15:42:37.159347,Seoul-7636,-9,71,Normal
2026-02-08 15:42:38.159347,Seoul-7636,-29,65,Normal
2026-02-08 15:42:39.159347,Seoul-7636,41,73,Normal
2026-02-08 15:42:40.159347,Seoul-7636,36,55,Normal
2026-02-08 15:42:41.159347,Seoul-7636,22,13,Normal
2026-02-08 15:42:42.159347,Seoul-7636,-17,46,Normal
2026-02-08 15:42:43.159347,Seoul-7636,-11,83,Normal
2026-02-08 15:42:44.159347,Seoul-7636,-11,87,Normal
2026-02-08 15:42:45.159347,Seoul-7636,-27,15,Normal
2026-02-08 15:42:46.159347,Seoul-7636,50,37,Normal
2026-02-08 15:42:47.159347,Seoul-7636,42,88,Normal
2026-02-08 15:42:48.159347,Seoul-7636,40,72,Normal
2026-02-08 15:42:49.159347,Seoul-7636,38,19,Normal
2026-02-08 15:42:50.159347,Seoul-7636,-22,28,Normal
2026-02-08 15:42:51.159347,Seoul-7636,-7,2,Normal
2026-02-08 15:42:52.159347,Seoul-7636,47,8,Normal
2026-02-08 15:42:53.159347,Seoul-7636,10,90,Normal
2026-02-08 15:42:54.159347,Seoul-7636,14,50,Normal
2026-02-08 15:42:55.159347,Seoul-7636,39,53,Normal
2026-02-08 15:42:56.159347,Seoul-7636,48,91,Normal
2026-02-08 15:42:57.159347,Seoul-7636,-15,71,Normal
2026-02-08 15:42:58.159347,Seoul-7636,-27,65,Normal
2026-02-08 15:42:59.159347,Seoul-7636,2,14,Normal
2026-02-08 15:43:00.159347,Seoul-7636,-11,82,Normal
2026-02-08 15:43:01.159347,Seoul-7636,-14,20,Normal
2026-02-08 15:43:02.159347,Seoul-7636,-19,15,Normal
2026-02-08 15:43:03.159347,Seoul-7636,-18,8,Normal
2026-02-08 15:43:04.159347,Seoul-7636,4,80,Normal
2026-02-08 15:43:05.159347,Seoul-7636,43,75,Normal
2026-02-08 15:43:06.159347,Seoul-7636,-15,7,Normal
2026-02-08 15:43:07.159347,Seoul-7636,-14,64,Normal
2026-02-08 15:43:08.159347,Seoul-7636,48,1,Normal
2026-02-08 15:43:09.159347,Seoul-7636,43,94,Normal
2026-02-08 15:43:10.159347,Seoul-7636,-1,4,Normal
2026-02-08 15:43:11.159347,Seoul-7636,10,92,Normal
2026-02-08 15:43:12.159347,Seoul-7636,-28,68,Normal
2026-02-08 15:43:13.159347,Seoul-7636,23,40,Normal
2026-02-08 15:43:14.159347,Seoul-7636,30,7,Normal
2026-02-08 15:43:15.159347,Seoul-7636,11,91,Normal
2026-02-08 15:43:16.159347,Seoul-7636,26,34,Normal
2026-02-08 15:43:17.159347,Seoul-7636,39,99,Normal
2026-02-08 15:43:18.159347,Seoul-7636,5,51,Normal
2026-02-08 15:43:19.159347,Seoul-7636,-19,76,Normal
2026-02-08 15:43:20.159347,Seoul-7636,-23,69,Normal
2026-02-08 15:43:21.159347,Seoul-7636,42,29,Normal
2026-02-08 15:43:22.159347,Seoul-7636,-20,47,Normal
2026-02-08 15:43:23.159347,Seoul-7636,43,12,Normal
2026-02-08 15:43:24.159347,Seoul-7636,42,85,Normal
2026-02-08 15:43:25.159347,Seoul-7636,29,36,Normal
2026-02-08 15:43:26.159347,Seoul-7636,29,47,Normal
2026-02-08 15:43:27.159347,Seoul-7636,-4,49,Normal
2026-02-08 15:43:28.159347,Seoul-7636,47,52,Normal
2026-02-08 15:43:29.159347,Seoul-7636,25,83,Normal
2026-02-08 15:43:30.159347,Seoul-7636,-12,74,Normal
2026-02-08 15:43:31.159347,Seoul-7636,40,30,Normal
2026-02-08 15:43:32.159347,Seoul-7636,19,43,Normal
2026-02-08 15:43:33.159347,Seoul-7636,-6,35,Normal
2026-02-08 15:43:34.159347,Seoul-7636,-30,70,Normal
2026-02-08 15:43:35.159347,Seoul-7636,-11,74,Normal
2026-02-08 15:43:36.159347,Seoul-7636,1,100,Normal
2026-02-08 15:43:37.159347,Seoul-7636,-27,24,Normal
2026-02-08 15:43:38.159347,Seoul-7636,-17,81,Normal
2026-02-08 15:43:39.159347,Seoul-7636,-23,70,Normal
2026-02-08 15:43:40.159347,Seoul-7636,13,99,Normal
2026-02-08 15:43:41.159347,Seoul-7636,30,20,Normal
2026-02-08 15:43:42.159347,Seoul-7636,13,80,Normal
2026-02-08 15:43:43.159347,Seoul-7636,-11,38,Normal
2026-02-08 15:43:44.159347,Seoul-7636,20,42,Normal
2026-02-08 15:43:45.159347,Seoul-7636,-24,75,Normal
2026-02-08 15:43:46.159347,Seoul-7636,18,67,Normal
2026-02-08 15:43:47.159347,Seoul-7636,23,84,Normal
2026-02-08 15:43:48.159347,Seoul-7636,40,51,Normal
2026-02-08 15:43:49.159347,Seoul-7636,-11,4,Normal
2026-02-08 15:43:50.159347,Seoul-7636,39,86,Normal
2026-02-08 15:43:51.159347,Seoul-7636,-8,31,Normal
2026-02-08 15:43:52.159347,Seoul-7636,-15,31,Normal
2026-02-08 15:43:53.159347,Seoul-7636,-17,12,Normal
2026-02-08 15:43:54.159347,Seoul-7636,-6,25,Normal
2026-02-08 15:43:55.159347,Seoul-7636,20,84,Normal
2026-02-08 15:43:56.159347,Seoul-7636,14,87,Normal
2026-02-08 15:43:57.159347,Seoul-7636,8,57,Normal
2026-02-08 15:43:58.159347,Seoul-7636,16,59,Normal
2026-02-08 15:43:59.159347,Seoul-7636,4,84,Normal
2026-02-08 15:44:00.159347,Seoul-7636,21,23,Normal
2026-02-08 15:44:01.159347,Seoul-7636,-20,23,Normal
2026-02-08 15:44:02.159347,Seoul-7636,43,63,Normal
2026-02-08 15:44:03.159347,Seoul-7636,36,80,Normal
2026-02-08 15:44:04.159347,Seoul-7636,7,16,Normal
2026-02-08 15:44:05.159347,Seoul-7636,-9,30,Normal
2026-02-08 15:44:06.159347,Seoul-7636,38,37,Normal
2026-02-08 15:44:07.159347,Seoul-7636,39,48,Normal
2026-02-08 15:44:08.159347,Seoul-7636,-22,86,Normal
2026-02-08 15:44:09.159347,Seoul-7636,17,42,Normal
2026-02-08 15:44:10.159347,Seoul-7636,16,95,Normal
2026-02-08 15:44:11.159347,Seoul-7636,-15,0,Normal
2026-02-08 15:44:12.159347,Seoul-7636,39,43,Normal
2026-02-08 15:44:13.159347,Seoul-7636,-24,64,Normal
2026-02-08 15:44:14.159347,Seoul-7636,-6,78,Normal
2026-02-08 15:44:15.159347,Seoul-7636,-17,4,Normal
2026-02-08 15:44:16.159347,Seoul-7636,8,19,Normal
2026-02-08 15:44:17.159347,Seoul-7636,-3,5,Normal
2026-02-08 15:44:18.159347,Seoul-7636,-16,13,Normal
2026-02-08 15:44:19.159347,Seoul-7636,7,71,Normal
2026-02-08 15:44:20.159347,Seoul-7636,42,85,Normal
2026-02-08 15:44:21.159347,Seoul-7636,48,62,Normal
2026-02-08 15:44:22.159347,Seoul-7636,40,66,Normal
2026-02-08 15:44:23.159347,Seoul-7636,32,45,Normal
2026-02-08 15:44:24.159347,Seoul-7636,-8,84,Normal
2026-02-08 15:44:25.159347,Seoul-7636,1,23,Normal
2026-02-08 15:44:26.159347,Seoul-7636,39,79,Normal
2026-02-08 15:44:27.159347,Seoul-7636,-26,53,Normal
2026-02-08 15:44:28.159347,Seoul-7636,-1,33,Normal
2026-02-08 15:44:29.159347,Seoul-7636,40,64,Normal
2026-02-08 15:44:30.159347,Seoul-7636,28,91,Normal
2026-02-08 15:44:31.159347,Seoul-7636,0,81,Normal
2026-02-08 15:44:32.159347,Seoul-7636,37,63,Normal
2026-02-08 15:44:33.159347,Seoul-7636,37,65,Normal
2026-02-08 15:44:34.159347,Seoul-7636,-8,23,Normal
2026-02-08 15:44:35.159347,Seoul-7636,10,29,Normal
2026-02-08 15:44:36.159347,Seoul-7636,5,19,Normal
2026-02-08 15:44:37.159347,Seoul-7636,12,47,Normal
2026-02-08 15:44:38.159347,Seoul-7636,13,19,Normal
2026-02-08 15:44:39.159347,Seoul-7636,16,45,Normal
2026-02-08 15:44:40.159347,Seoul-7636,29,11,Normal
2026-02-08 15:44:41.159347,Seoul-7636,16,51,Normal
2026-02-08 15:44:42.159347,Seoul-7636,-20,43,Normal
2026-02-08 15:44:43.159347,Seoul-7636,44,0,Normal
2026-02-08 15:44:44.159347,Seoul-7636,14,79,Normal
2026-02-08 15:44:45.159347,Seoul-7636,-24,60,Normal
2026-02-08 15:44:46.159347,Seoul-7636,-5,70,Normal
2026-02-08 15:44:47.159347,Seoul-7636,37,70,Normal
2026-02-08 15:44:48.159347,Seoul-7636,1,15,Normal
2026-02-08 15:44:49.159347,Seoul-7636,6,8,Normal
2026-02-08 15:44:50.159347,Seoul-7636,-15,16,Normal
2026-02-08 15:44:51.159347,Seoul-7636,41,15,Normal
2026-02-08 15:44:52.159347,Seoul-7636,9,1,Normal
2026-02-08 15:44:53.159347,Seoul-7636,-11,3,Normal
2026-02-08 15:44:54.159347,Seoul-7636,26,10,Normal
2026-02-08 15:44:55.159347,Seoul-7636,-27,53,Normal
2026-02-08 15:44:56.159347,Seoul-7636,-11,18,Normal
2026-02-08 15:44:57.159347,Seoul-7636,-29,18,Normal
2026-02-08 15:44:58.159347,Seoul-7636,-17,29,Normal
2026-02-08 15:44:59.159347,Seoul-7636,-17,8,Normal
2026-02-08 15:45:00.159347,Seoul-7636,17,1,Normal
2026-02-08 15:45:01.159347,Seoul-7636,-9,30,Normal
2026-02-08 15:45:02.159347,Seoul-7636,-20,8,Normal
2026-02-08 15:45:03.159347,Seoul-7636,-16,78,Normal
2026-02-08 15:45:04.159347,Seoul-7636,-4,69,Normal
2026-02-08 15:45:05.159347,Seoul-7636,34,54,Normal
2026-02-08 15:45:06.159347,Seoul-7636,41,64,Normal
2026-02-08 15:45:07.159347,Seoul-7636,-18,77,Normal
2026-02-08 15:45:08.159347,Seoul-7636,-8,49,Normal
2026-02-08 15:45:09.159347,Seoul-7636,-27,16,Normal
2026-02-08 15:45:10.159347,Seoul-7636,-21,69,Normal
2026-02-08 15:45:11.159347,Seoul-7636,-26,36,Normal
2026-02-08 15:45:12.159347,Seoul-7636,10,100,Normal
2026-02-08 15:45:13.159347,Seoul-7636,11,82,Normal
2026-02-08 15:45:14.159347,Seoul-7636,49,50,Normal
2026-02-08 15:45:15.159347,Seoul-7636,-13,100,Normal
2026-02-08 15:45:16.159347,Seoul-7636,-23,81,Normal
2026-02-08 15:45:17.159347,Seoul-7636,26,98,Normal
2026-02-08 15:45:18.159347,Seoul-7636,7,89,Normal
2026-02-08 15:45:19.159347,Seoul-7636,30,38,Normal
2026-02-08 15:45:20.159347,Seoul-7636,42,61,Normal
2026-02-08 15:45:21.159347,Seoul-7636,4,75,Normal
2026-02-08 15:45:22.159347,Seoul-7636,9,57,Normal
2026-02-08 15:45:23.159347,Seoul-7636,20,64,Normal
2026-02-08 15:45:24.159347,Seoul-7636,28,64,Normal
2026-02-08 15:45:25.159347,Seoul-7636,35,86,Normal
2026-02-08 15:45:26.159347,Seoul-7636,45,17,Normal
2026-02-08 15:45:27.159347,Seoul-7636,-4,7,Normal
2026-02-08 15:45:28.159347,Seoul-7636,11,34,Normal
2026-02-08 15:45:29.159347,Seoul-7636,40,11,Normal
2026-02-08 15:45:30.159347,Seoul-7636,44,14,Normal
2026-02-08 15:45:31.159347,Seoul-7636,36,86,Normal
2026-02-08 15:45:32.159347,Seoul-7636,-9,84,Normal
2026-02-08 15:45:33.159347,Seoul-7636,30,37,Normal
2026-02-08 15:45:34.159347,Seoul-7636,39,100,Normal
2026-02-08 15:45:35.159347,Seoul-7636,-20,68,Normal
2026-02-08 15:45:36.159347,Seoul-7636,47,86,Normal
2026-02-08 15:45:37.159347,Seoul-7636,-17,18,Normal
2026-02-08 15:45:38.159347,Seoul-7636,7,24,Normal
2026-02-08 15:45:39.159347,Seoul-7636,8,31,Normal
2026-02-08 15:45:40.159347,Seoul-7636,39,39,Normal
2026-02-08 15:45:41.159347,Seoul-7636,31,65,Normal
2026-02-08 15:45:42.159347,Seoul-7636,-9,87,Normal
2026-02-08 15:45:43.159347,Seoul-7636,-6,55,Normal
2026-02-08 15:45:44.159347,Seoul-7636,-12,91,Normal
2026-02-08 15:45:45.159347,Seoul-7636,39,95,Normal
2026-02-08 15:45:46.159347,Seoul-7636,-16,46,Normal
2026-02-08 15:45:47.159347,Seoul-7636,9,15,Normal
2026-02-08 15:45:48.159347,Seoul-7636,-29,27,Normal
2026-02-08 15:45:49.159347,Seoul-7636,8,47,Normal
2026-02-08 15:45:50.159347,Seoul-7636,38,24,Normal
2026-02-08 15:45:51.159347,Seoul-7636,8,47,Normal
2026-02-08 15:45:52.159347,Seoul-7636,-11,64,Normal
2026-02-08 15:45:53.159347,Seoul-7636,43,87,Normal
2026-02-08 15:45:54.159347,Seoul-7636,41,32,Normal
2026-02-08 15:45:55.159347,Seoul-7636,-12,5,Normal
2026-02-08 15:45:56.159347,Seoul-7636,28,77,Normal
2026-02-08 15:45:57.159347,Seoul-7636,-5,56,Normal
2026-02-08 15:45:58.159347,Seoul-7636,20,19,Normal
2026-02-08 15:45:59.159347,Seoul-7636,11,34,Normal
2026-02-08 15:46:00.159347,Seoul-7636,-22,33,Normal
2026-02-08 15:46:01.159347,Seoul-7636,6,55,Normal
2026-02-08 15:46:02.159347,Seoul-7636,-8,49,Normal
2026-02-08 15:46:03.159347,Seoul-7636,-3,7,Normal
2026-02-08 15:46:04.159347,Seoul-7636,21,89,Normal
2026-02-08 15:46:05.159347,Seoul-7636,27,1,Normal
2026-02-08 15:46:06.159347,Seoul-7636,28,84,Normal
2026-02-08 15:46:07.159347,Seoul-7636,23,69,Normal
2026-02-08 15:46:08.159347,Seoul-7636,25,49,Normal
2026-02-08 15:46:09.159347,Seoul-7636,-29,58,Normal
2026-02-08 15:46:10.159347,Seoul-7636,-28,16,Normal
2026-02-08 15:46:11.159347,Seoul-7636,29,34,Normal
2026-02-08 15:46:12.159347,Seoul-7636,-8,29,Normal
2026-02-08 15:46:13.159347,Seoul-7636,-9,100,Normal
2026-02-08 15:46:14.159347,Seoul-7636,-21,28,Normal
2026-02-08 15:46:15.159347,Seoul-7636,-10,18,Normal
2026-02-08 15:46:16.159347,Seoul-7636,21,59,Normal
2026-02-08 15:46:17.159347,Seoul-7636,12,19,Normal
2026-02-08 15:46:18.159347,Seoul-7636,-26,35,Normal
2026-02-08 15:46:19.159347,Seoul-7636,-3,63,Normal
2026-02-08 15:46:20.159347,Seoul-7636,12,39,Normal
2026-02-08 15:46:21.159347,Seoul-7636,-15,26,Normal
2026-02-08 15:46:22.159347,Seoul-7636,28,3,Normal
2026-02-08 15:46:23.159347,Seoul-7636,-21,46,Normal
2026-02-08 15:46:24.159347,Seoul-7636,-17,36,Normal
2026-02-08 15:46:25.159347,Seoul-7636,-26,82,Normal
2026-02-08 15:46:26.159347,Seoul-7636,-22,36,Normal
2026-02-08 15:46:27.159347,Seoul-7636,47,28,Normal
2026-02-08 15:46:28.159347,Seoul-7636,10,94,Normal
2026-02-08 15:46:29.159347,Seoul-7636,46,14,Normal
2026-02-08 15:46:30.159347,Seoul-7636,-12,39,Normal
2026-02-08 15:46:31.159347,Seoul-7636,-30,73,Normal
2026-02-08 15:46:32.159347,Seoul-7636,-25,75,Normal
2026-02-08 15:46:33.159347,Seoul-7636,-28,6,Normal
2026-02-08 15:46:34.159347,Seoul-7636,25,62,Normal
2026-02-08 15:46:35.159347,Seoul-7636,-19,67,Normal
2026-02-08 15:46:36.159347,Seoul-7636,33,49,Normal
2026-02-08 15:46:37.159347,Seoul-7636,32,99,Normal
2026-02-08 15:46:38.159347,Seoul-7636,-11,75,Normal
2026-02-08 15:46:39.159347,Seoul-7636,-7,36,Normal
2026-02-08 15:46:40.159347,Seoul-7636,29,87,Normal
2026-02-08 15:46:41.159347,Seoul-7636,-24,24,Normal
2026-02-08 15:46:42.159347,Seoul-7636,-27,19,Normal
2026-02-08 15:46:43.159347,Seoul-7636,-25,18,Normal
2026-02-08 15:46:44.159347,Seoul-7636,46,27,Normal
2026-02-08 15:46:45.159347,Seoul-7636,-1,29,Normal
2026-02-08 15:46:46.159347,Seoul-7636,25,66,Normal
2026-02-08 15:46:47.159347,Seoul-7636,1,31,Normal
2026-02-08 15:46:48.159347,Seoul-7636,42,10,Normal
2026-02-08 15:46:49.159347,Seoul-7636,34,97,Normal
2026-02-08 15:46:50.159347,Seoul-7636,49,71,Normal
2026-02-08 15:46:51.159347,Seoul-7636,-15,67,Normal
2026-02-08 15:46:52.159347,Seoul-7636,46,88,Normal
2026-02-08 15:46:53.159347,Seoul-7636,29,28,Normal
2026-02-08 15:46:54.159347,Seoul-7636,7,1,Normal
2026-02-08 15:46:55.159347,Seoul-7636,-22,78,Normal
2026-02-08 15:46:56.159347,Seoul-7636,-24,82,Normal
2026-02-08 15:46:57.159347,Seoul-7636,1,37,Normal
2026-02-08 15:46:58.159347,Seoul-7636,19,32,Normal
2026-02-08 15:46:59.159347,Seoul-7636,1,99,Normal
2026-02-08 15:47:00.159347,Seoul-7636,46,15,Normal
2026-02-08 15:47:01.159347,Seoul-7636,37,16,Normal
2026-02-08 15:47:02.159347,Seoul-7636,9,9,Normal
2026-02-08 15:47:03.159347,Seoul-7636,-4,49,Normal
2026-02-08 15:47:04.159347,Seoul-7636,-23,79,Normal
2026-02-08 15:47:05.159347,Seoul-7636,-11,5,Normal
2026-02-08 15:47:06.159347,Seoul-7636,29,0,Normal
2026-02-08 15:47:07.159347,Seoul-7636,29,83,Normal
2026-02-08 15:47:08.159347,Seoul-7636,48,34,Normal
2026-02-08 15:47:09.159347,Seoul-7636,44,7,Normal
2026-02-08 15:47:10.159347,Seoul-7636,-4,73,Normal
2026-02-08 15:47:11.159347,Seoul-7636,19,100,Normal
2026-02-08 15:47:12.159347,Seoul-7636,-25,5,Normal
2026-02-08 15:47:13.159347,Seoul-7636,-14,49,Normal
2026-02-08 15:47:14.159347,Seoul-7636,19,98,Normal
2026-02-08 15:47:15.159347,Seoul-7636,15,43,Normal
2026-02-08 15:47:16.159347,Seoul-7636,22,6,Normal
2026-02-08 15:47:17.159347,Seoul-7636,19,68,Normal
2026-02-08 15:47:18.159347,Seoul-7636,18,11,Normal
2026-02-08 15:47:19.159347,Seoul-7636,29,88,Normal
2026-02-08 15:47:20.159347,Seoul-7636,-5,87,Normal
2026-02-08 15:47:21.159347,Seoul-7636,13,69,Normal
2026-02-08 15:47:22.159347,Seoul-7636,3,48,Normal
2026-02-08 15:47:23.159347,Seoul-7636,-13,54,Normal
2026-02-08 15:47:24.159347,Seoul-7636,-20,8,Normal
2026-02-08 15:47:25.159347,Seoul-7636,22,53,Normal
2026-02-08 15:47:26.159347,Seoul-7636,-12,48,Normal
2026-02-08 15:47:27.159347,Seoul-7636,47,0,Normal
2026-02-08 15:47:28.159347,Seoul-7636,-26,73,Normal
2026-02-08 15:47:29.159347,Seoul-7636,-27,41,Normal
2026-02-08 15:47:30.159347,Seoul-7636,1,36,Normal
2026-02-08 15:47:31.159347,Seoul-7636,-27,27,Normal
2026-02-08 15:47:32.159347,Seoul-7636,-17,83,Normal
2026-02-08 15:47:33.159347,Seoul-7636,6,96,Normal
2026-02-08 15:47:34.159347,Seoul-7636,-2,81,Normal
2026-02-08 15:47:35.159347,Seoul-7636,19,98,Normal
2026-02-08 15:47:36.159347,Seoul-7636,-11,72,Normal
2026-02-08 15:47:37.159347,Seoul-7636,-16,58,Normal
2026-02-08 15:47:38.159347,Seoul-7636,-25,5,Normal
2026-02-08 15:47:39.159347,Seoul-7636,9,58,Normal
2026-02-08 15:47:40.159347,Seoul-7636,41,58,Normal
2026-02-08 15:47:41.159347,Seoul-7636,-17,90,Normal
2026-02-08 15:47:42.159347,Seoul-7636,45,85,Normal
2026-02-08 15:47:43.159347,Seoul-7636,1,59,Normal
2026-02-08 15:47:44.159347,Seoul-7636,20,2,Normal
2026-02-08 15:47:45.159347,Seoul-7636,40,66,Normal
2026-02-08 15:47:46.159347,Seoul-7636,2,82,Normal
2026-02-08 15:47:47.159347,Seoul-7636,38,69,Normal
2026-02-08 15:47:48.159347,Seoul-7636,-30,33,Normal
2026-02-08 15:47:49.159347,Seoul-7636,14,83,Normal
2026-02-08 15:47:50.159347,Seoul-7636,7,79,Normal
2026-02-08 15:47:51.159347,Seoul-7636,50,14,Normal
2026-02-08 15:47:52.159347,Seoul-7636,-21,84,Normal
2026-02-08 15:47:53.159347,Seoul-7636,-23,39,Normal
2026-02-08 15:47:54.159347,Seoul-7636,-25,76,Normal
2026-02-08 15:47:55.159347,Seoul-7636,0,63,Normal
2026-02-08 15:47:56.159347,Seoul-7636,31,5,Normal
2026-02-08 15:47:57.159347,Seoul-7636,2,98,Normal
2026-02-08 15:47:58.159347,Seoul-7636,-12,92,Normal
2026-02-08 15:47:59.159347,Seoul-7636,42,1,Normal
2026-02-08 15:48:00.159347,Seoul-7636,-22,17,Normal
2026-02-08 15:48:01.159347,Seoul-7636,6,43,Normal
2026-02-08 15:48:02.159347,Seoul-7636,-13,0,Normal
2026-02-08 15:48:03.159347,Seoul-7636,-5,65,Normal
2026-02-08 15:48:04.159347,Seoul-7636,4,1,Normal
2026-02-08 15:48:05.159347,Seoul-7636,26,24,Normal
2026-02-08 15:48:06.159347,Seoul-7636,-22,49,Normal
2026-02-08 15:48:07.159347,Seoul-7636,-17,39,Normal
2026-02-08 15:48:08.159347,Seoul-7636,-13,97,Normal
2026-02-08 15:48:09.159347,Seoul-7636,23,30,Normal
2026-02-08 15:48:10.159347,Seoul-7636,-10,30,Normal
2026-02-08 15:48:11.159347,Seoul-7636,-16,73,Normal
2026-02-08 15:48:12.159347,Seoul-7636,30,76,Normal
2026-02-08 15:48:13.159347,Seoul-7636,40,64,Normal
2026-02-08 15:48:14.159347,Seoul-7636,-27,35,Normal
2026-02-08 15:48:15.159347,Seoul-7636,-19,90,Normal
2026-02-08 15:48:16.159347,Seoul-7636,11,44,Normal
2026-02-08 15:48:17.159347,Seoul-7636,22,41,Normal
2026-02-08 15:48:18.159347,Seoul-7636,37,58,Normal
2026-02-08 15:48:19.159347,Seoul-7636,26,42,Normal
2026-02-08 15:48:20.159347,Seoul-7636,44,2,Normal
2026-02-08 15:48:21.159347,Seoul-7636,-18,97,Normal
2026-02-08 15:48:22.159347,Seoul-7636,16,6,Normal
2026-02-08 15:48:23.159347,Seoul-7636,-22,19,Normal
2026-02-08 15:48:24.159347,Seoul-7636,-15,30,Normal
2026-02-08 15:48:25.159347,Seoul-7636,11,27,Normal
2026-02-08 15:48:26.159347,Seoul-7636,-1,98,Normal
2026-02-08 15:48:27.159347,Seoul-7636,34,5,Normal
2026-02-08 15:48:28.159347,Seoul-7636,3,11,Normal
2026-02-08 15:48:29.159347,Seoul-7636,5,86,Normal
2026-02-08 15:48:30.159347,Seoul-7636,-7,80,Normal
2026-02-08 15:48:31.159347,Seoul-7636,46,14,Normal
2026-02-08 15:48:32.159347,Seoul-7636,6,67,Normal
2026-02-08 15:48:33.159347,Seoul-7636,-2,73,Normal
2026-02-08 15:48:34.159347,Seoul-7636,33,0,Normal
2026-02-08 15:48:35.159347,Seoul-7636,38,80,Normal
2026-02-08 15:48:36.159347,Seoul-7636,-14,70,Normal
2026-02-08 15:48:37.159347,Seoul-7636,23,23,Normal
2026-02-08 15:48:38.159347,Seoul-7636,25,40,Normal
2026-02-08 15:48:39.159347,Seoul-7636,-6,81,Normal
2026-02-08 15:48:40.159347,Seoul-7636,-16,45,Normal
2026-02-08 15:48:41.159347,Seoul-7636,43,1,Normal
2026-02-08 15:48:42.159347,Seoul-7636,23,6,Normal
2026-02-08 15:48:43.159347,Seoul-7636,17,27,Normal
2026-02-08 15:48:44.159347,Seoul-7636,3,38,Normal
2026-02-08 15:48:45.159347,Seoul-7636,46,79,Normal
2026-02-08 15:48:46.159347,Seoul-7636,-13,3,Normal
2026-02-08 15:48:47.159347,Seoul-7636,-6,22,Normal
2026-02-08 15:48:48.159347,Seoul-7636,-18,63,Normal
2026-02-08 15:48:49.159347,Seoul-7636,-17,38,Normal
2026-02-08 15:48:50.159347,Seoul-7636,-18,1,Normal
2026-02-08 15:48:51.159347,Seoul-7636,50,21,Normal
2026-02-08 15:48:52.159347,Seoul-7636,16,63,Normal
2026-02-08 15:48:53.159347,Seoul-7636,-26,38,Normal
2026-02-08 15:48:54.159347,Seoul-7636,-26,64,Normal
2026-02-08 15:48:55.159347,Seoul-7636,24,55,Normal
2026-02-08 15:48:56.159347,Seoul-7636,42,50,Normal
2026-02-08 15:48:57.159347,Seoul-7636,-5,37,Normal
2026-02-08 15:48:58.159347,Seoul-7636,19,21,Normal
2026-02-08 15:48:59.159347,Seoul-7636,-30,74,Normal
2026-02-08 15:49:00.159347,Seoul-7636,10,30,Normal
2026-02-08 15:49:01.159347,Seoul-7636,35,81,Normal
2026-02-08 15:49:02.159347,Seoul-7636,-19,52,Normal
2026-02-08 15:49:03.159347,Seoul-7636,-1,21,Normal
2026-02-08 15:49:04.159347,Seoul-7636,-24,51,Normal
2026-02-08 15:49:05.159347,Seoul-7636,5,54,Normal
2026-02-08 15:49:06.159347,Seoul-7636,41,5,Normal
2026-02-08 15:49:07.159347,Seoul-7636,8,100,Normal
2026-02-08 15:49:08.159347,Seoul-7636,35,12,Normal
2026-02-08 15:49:09.159347,Seoul-7636,-26,79,Normal
2026-02-08 15:49:10.159347,Seoul-7636,14,16,Normal
2026-02-08 15:49:11.159347,Seoul-7636,19,77,Normal
2026-02-08 15:49:12.159347,Seoul-7636,35,16,Normal
2026-02-08 15:49:13.159347,Seoul-7636,41,23,Normal
2026-02-08 15:49:14.159347,Seoul-7636,43,9,Normal
2026-02-08 15:49:15.159347,Seoul-7636,33,54,Normal
2026-02-08 15:49:16.159347,Seoul-7636,1,100,Normal
2026-02-08 15:49:17.159347,Seoul-7636,11,44,Normal
2026-02-08 15:49:18.159347,Seoul-7636,-8,0,Normal
2026-02-08 15:49:19.159347,Seoul-7636,12,25,Normal
2026-02-08 15:49:20.159347,Seoul-7636,19,42,Normal
2026-02-08 15:49:21.159347,Seoul-7636,-16,85,Normal
2026-02-08 15:49:22.159347,Seoul-7636,34,59,Normal
2026-02-08 15:49:23.159347,Seoul-7636,39,67,Normal
2026-02-08 15:49:24.159347,Seoul-7636,21,47,Normal
2026-02-08 15:49:25.159347,Seoul-7636,-18,40,Normal
2026-02-08 15:49:26.159347,Seoul-7636,48,7,Normal
2026-02-08 15:49:27.159347,Seoul-7636,0,47,Normal
2026-02-08 15:49:28.159347,Seoul-7636,-2,14,Normal
2026-02-08 15:49:29.159347,Seoul-7636,11,87,Normal
2026-02-08 15:49:30.159347,Seoul-7636,-6,73,Normal
2026-02-08 15:49:31.159347,Seoul-7636,-13,52,Normal
2026-02-08 15:49:32.159347,Seoul-7636,7,10,Normal
2026-02-08 15:49:33.159347,Seoul-7636,-17,47,Normal
2026-02-08 15:49:34.159347,Seoul-7636,30,30,Normal
2026-02-08 15:49:35.159347,Seoul-7636,32,18,Normal
2026-02-08 15:49:36.159347,Seoul-7636,-22,84,Normal
2026-02-08 15:49:37.159347,Seoul-7636,-8,72,Normal
2026-02-08 15:49:38.159347,Seoul-7636,20,24,Normal
2026-02-08 15:49:39.159347,Seoul-7636,12,60,Normal
2026-02-08 15:49:40.159347,Seoul-7636,28,19,Normal
2026-02-08 15:49:41.159347,Seoul-7636,-2,86,Normal
2026-02-08 15:49:42.159347,Seoul-7636,31,32,Normal
2026-02-08 15:49:43.159347,Seoul-7636,9,25,Normal
2026-02-08 15:49:44.159347,Seoul-7636,-13,32,Normal
2026-02-08 15:49:45.159347,Seoul-7636,13,63,Normal
2026-02-08 15:49:46.159347,Seoul-7636,47,39,Normal
2026-02-08 15:49:47.159347,Seoul-7636,22,62,Normal
2026-02-08 15:49:48.159347,Seoul-7636,-7,55,Normal
2026-02-08 15:49:49.159347,Seoul-7636,-9,30,Normal
2026-02-08 15:49:50.159347,Seoul-7636,-14,94,Normal
2026-02-08 15:49:51.159347,Seoul-7636,-29,14,Normal
2026-02-08 15:49:52.159347,Seoul-7636,28,28,Normal
2026-02-08 15:49:53.159347,Seoul-7636,3,30,Normal
2026-02-08 15:49:54.159347,Seoul-7636,-29,35,Normal
2026-02-08 15:49:55.159347,Seoul-7636,42,39,Normal
2026-02-08 15:49:56.159347,Seoul-7636,42,93,Normal
2026-02-08 15:49:57.159347,Seoul-7636,13,95,Normal
2026-02-08 15:49:58.159347,Seoul-7636,13,68,Normal
2026-02-08 15:49:59.159347,Seoul-7636,31,29,Normal
2026-02-08 15:50:00.159347,Seoul-7636,-23,51,Normal
2026-02-08 15:50:01.159347,Seoul-7636,-4,52,Normal
2026-02-08 15:50:02.159347,Seoul-7636,-1,29,Normal
2026-02-08 15:50:03.159347,Seoul-7636,35,79,Normal
2026-02-08 15:50:04.159347,Seoul-7636,28,46,Normal
2026-02-08 15:50:05.159347,Seoul-7636,18,48,Normal
2026-02-08 15:50:06.159347,Seoul-7636,39,1,Normal
2026-02-08 15:50:07.159347,Seoul-7636,31,53,Normal
2026-02-08 15:50:08.159347,Seoul-7636,32,32,Normal
2026-02-08 15:50:09.159347,Seoul-7636,41,38,Normal
2026-02-08 15:50:10.159347,Seoul-7636,30,93,Normal
2026-02-08 15:50:11.159347,Seoul-7636,36,3,Normal
2026-02-08 15:50:12.159347,Seoul-7636,22,77,Normal
2026-02-08 15:50:13.159347,Seoul-7636,-9,89,Normal
2026-02-08 15:50:14.159347,Seoul-7636,-15,8,Normal
2026-02-08 15:50:15.159347,Seoul-7636,-2,97,Normal
2026-02-08 15:50:16.159347,Seoul-7636,-18,50,Normal
2026-02-08 15:50:17.159347,Seoul-7636,23,49,Normal
2026-02-08 15:50:18.159347,Seoul-7636,22,60,Normal
2026-02-08 15:50:19.159347,Seoul-7636,-12,96,Normal
2026-02-08 15:50:20.159347,Seoul-7636,-8,20,Normal
2026-02-08 15:50:21.159347,Seoul-7636,44,6,Normal
2026-02-08 15:50:22.159347,Seoul-7636,39,54,Normal
2026-02-08 15:50:23.159347,Seoul-7636,-17,15,Normal
2026-02-08 15:50:24.159347,Seoul-7636,-3,17,Normal
2026-02-08 15:50:25.159347,Seoul-7636,10,88,Normal
2026-02-08 15:50:26.159347,Seoul-7636,24,90,Normal
2026-02-08 15:50:27.159347,Seoul-7636,12,30,Normal
2026-02-08 15:50:28.159347,Seoul-7636,-19,99,Normal
2026-02-08 15:50:29.159347,Seoul-7636,-9,64,Normal
2026-02-08 15:50:30.159347,Seoul-7636,49,75,Normal
2026-02-08 15:50:31.159347,Seoul-7636,8,28,Normal
2026-02-08 15:50:32.159347,Seoul-7636,-19,24,Normal
2026-02-08 15:50:33.159347,Seoul-7636,-3,50,Normal
2026-02-08 15:50:34.159347,Seoul-7636,37,76,Normal
2026-02-08 15:50:35.159347,Seoul-7636,20,2,Normal
2026-02-08 15:50:36.159347,Seoul-7636,41,35,Normal
2026-02-08 15:50:37.159347,Seoul-7636,-30,32,Normal
2026-02-08 15:50:38.159347,Seoul-7636,-6,15,Normal
2026-02-08 15:50:39.159347,Seoul-7636,-2,63,Normal
2026-02-08 15:50:40.159347,Seoul-7636,-13,6,Normal
2026-02-08 15:50:41.159347,Seoul-7636,-29,28,Normal
2026-02-08 15:50:42.159347,Seoul-7636,-23,1,Normal
2026-02-08 15:50:43.159347,Seoul-7636,6,45,Normal
2026-02-08 15:50:44.159347,Seoul-7636,-11,76,Normal
2026-02-08 15:50:45.159347,Seoul-7636,15,58,Normal
2026-02-08 15:50:46.159347,Seoul-7636,36,90,Normal
2026-02-08 15:50:47.159347,Seoul-7636,33,72,Normal
2026-02-08 15:50:48.159347,Seoul-7636,-20,78,Normal
2026-02-08 15:50:49.159347,Seoul-7636,-22,23,Normal
2026-02-08 15:50:50.159347,Seoul-7636,-26,94,Normal
2026-02-08 15:50:51.159347,Seoul-7636,34,95,Normal
2026-02-08 15:50:52.159347,Seoul-7636,-14,45,Normal
2026-02-08 15:50:53.159347,Seoul-7636,0,58,Normal
2026-02-08 15:50:54.159347,Seoul-7636,-15,32,Normal
2026-02-08 15:50:55.159347,Seoul-7636,-8,60,Normal
2026-02-08 15:50:56.159347,Seoul-7636,28,22,Normal
2026-02-08 15:50:57.159347,Seoul-7636,47,17,Normal
2026-02-08 15:50:58.159347,Seoul-7636,32,14,Normal
2026-02-08 15:50:59.159347,Seoul-7636,-28,36,Normal
2026-02-08 15:51:00.159347,Seoul-7636,-26,54,Normal
2026-02-08 15:51:01.159347,Seoul-7636,47,78,Normal
2026-02-08 15:51:02.159347,Seoul-7636,7,31,Normal
2026-02-08 15:51:03.159347,Seoul-7636,-8,97,Normal
2026-02-08 15:51:04.159347,Seoul-7636,-12,38,Normal
2026-02-08 15:51:05.159347,Seoul-7636,-10,93,Normal
2026-02-08 15:51:06.159347,Seoul-7636,-24,4,Normal
2026-02-08 15:51:07.159347,Seoul-7636,-30,16,Normal
2026-02-08 15:51:08.159347,Seoul-7636,45,84,Normal
2026-02-08 15:51:09.159347,Seoul-7636,33,12,Normal
2026-02-08 15:51:10.159347,Seoul-7636,27,40,Normal
2026-02-08 15:51:11.159347,Seoul-7636,48,77,Normal
2026-02-08 15:51:12.159347,Seoul-7636,9,51,Normal
2026-02-08 15:51:13.159347,Seoul-7636,17,52,Normal
2026-02-08 15:51:14.159347,Seoul-7636,39,18,Normal
2026-02-08 15:51:15.159347,Seoul-7636,36,81,Normal
2026-02-08 15:51:16.159347,Seoul-7636,-12,81,Normal
2026-02-08 15:51:17.159347,Seoul-7636,-14,87,Normal
2026-02-08 15:51:18.159347,Seoul-7636,-2,8,Normal
2026-02-08 15:51:19.159347,Seoul-7636,32,37,Normal
2026-02-08 15:51:20.159347,Seoul-7636,46,72,Normal
2026-02-08 15:51:21.159347,Seoul-7636,-1,47,Normal
2026-02-08 15:51:22.159347,Seoul-7636,6,55,Normal
2026-02-08 15:51:23.159347,Seoul-7636,11,4,Normal
2026-02-08 15:51:24.159347,Seoul-7636,-16,28,Normal
2026-02-08 15:51:25.159347,Seoul-7636,40,85,Normal
2026-02-08 15:51:26.159347,Seoul-7636,22,30,Normal
2026-02-08 15:51:27.159347,Seoul-7636,26,51,Normal
2026-02-08 15:51:28.159347,Seoul-7636,27,5,Normal
2026-02-08 15:51:29.159347,Seoul-7636,38,64,Normal
2026-02-08 15:51:30.159347,Seoul-7636,-9,44,Normal
2026-02-08 15:51:31.159347,Seoul-7636,35,79,Normal
2026-02-08 15:51:32.159347,Seoul-7636,-26,36,Normal
2026-02-08 15:51:33.159347,Seoul-7636,34,92,Normal
2026-02-08 15:51:34.159347,Seoul-7636,41,43,Normal
2026-02-08 15:51:35.159347,Seoul-7636,28,2,Normal
2026-02-08 15:51:36.159347,Seoul-7636,17,15,Normal
2026-02-08 15:51:37.159347,Seoul-7636,-29,64,Normal
2026-02-08 15:51:38.159347,Seoul-7636,-27,76,Normal
2026-02-08 15:51:39.159347,Seoul-7636,6,20,Normal
2026-02-08 15:51:40.159347,Seoul-7636,-29,87,Normal
2026-02-08 15:51:41.159347,Seoul-7636,10,20,Normal
2026-02-08 15:51:42.159347,Seoul-7636,-28,44,Normal
2026-02-08 15:51:43.159347,Seoul-7636,45,65,Normal
2026-02-08 15:51:44.159347,Seoul-7636,30,21,Normal
2026-02-08 15:51:45.159347,Seoul-7636,41,17,Normal
2026-02-08 15:51:46.159347,Seoul-7636,38,43,Normal
2026-02-08 15:51:47.159347,Seoul-7636,44,13,Normal
2026-02-08 15:51:48.159347,Seoul-7636,11,77,Normal
2026-02-08 15:51:49.159347,Seoul-7636,33,44,Normal
2026-02-08 15:51:50.159347,Seoul-7636,44,20,Normal
2026-02-08 15:51:51.159347,Seoul-7636,-4,44,Normal
2026-02-08 15:51:52.159347,Seoul-7636,-6,21,Normal
2026-02-08 15:51:53.159347,Seoul-7636,-10,75,Normal
2026-02-08 15:51:54.159347,Seoul-7636,-8,85,Normal
2026-02-08 15:51:55.159347,Seoul-7636,-24,77,Normal
2026-02-08 15:51:56.159347,Seoul-7636,27,94,Normal
2026-02-08 15:51:57.159347,Seoul-7636,18,45,Normal
2026-02-08 15:51:58.159347,Seoul-7636,-6,47,Normal
2026-02-08 15:51:59.159347,Seoul-7636,23,7,Normal
2026-02-08 15:52:00.159347,Seoul-7636,9,36,Normal
2026-02-08 15:52:01.159347,Seoul-7636,-21,52,Normal
2026-02-08 15:52:02.159347,Seoul-7636,15,41,Normal
2026-02-08 15:52:03.159347,Seoul-7636,40,14,Normal
2026-02-08 15:52:04.159347,Seoul-7636,-9,93,Normal
2026-02-08 15:52:05.159347,Seoul-7636,-30,61,Normal
2026-02-08 15:52:06.159347,Seoul-7636,49,23,Normal
2026-02-08 15:52:07.159347,Seoul-7636,38,57,Normal
2026-02-08 15:52:08.159347,Seoul-7636,-4,84,Normal
2026-02-08 15:52:09.159347,Seoul-7636,29,34,Normal
2026-02-08 15:52:10.159347,Seoul-7636,-5,42,Normal
2026-02-08 15:52:11.159347,Seoul-7636,-20,50,Normal
2026-02-08 15:52:12.159347,Seoul-7636,32,37,Normal
2026-02-08 15:52:13.159347,Seoul-7636,27,75,Normal
2026-02-08 15:52:14.159347,Seoul-7636,-12,1,Normal
2026-02-08 15:52:15.159347,Seoul-7636,-24,3,Normal
2026-02-08 15:52:16.159347,Seoul-7636,44,57,Normal
2026-02-08 15:52:17.159347,Seoul-7636,-16,0,Normal
2026-02-08 15:52:18.159347,Seoul-7636,-19,90,Normal
2026-02-08 15:52:19.159347,Seoul-7636,14,19,Normal
2026-02-08 15:52:20.159347,Seoul-7636,-16,49,Normal
2026-02-08 15:52:21.159347,Seoul-7636,-30,52,Normal
2026-02-08 15:52:22.159347,Seoul-7636,-15,5,Normal
2026-02-08 15:52:23.159347,Seoul-7636,25,66,Normal
2026-02-08 15:52:24.159347,Seoul-7636,-22,57,Normal
2026-02-08 15:52:25.159347,Seoul-7636,-8,88,Normal
2026-02-08 15:52:26.159347,Seoul-7636,-4,68,Normal
2026-02-08 15:52:27.159347,Seoul-7636,22,4,Normal
2026-02-08 15:52:28.159347,Seoul-7636,40,69,Normal
2026-02-08 15:52:29.159347,Seoul-7636,23,59,Normal
2026-02-08 15:52:30.159347,Seoul-7636,31,87,Normal
2026-02-08 15:52:31.159347,Seoul-7636,-15,28,Normal
2026-02-08 15:52:32.159347,Seoul-7636,-30,100,Normal
2026-02-08 15:52:33.159347,Seoul-7636,38,85,Normal
2026-02-08 15:52:34.159347,Seoul-7636,33,95,Normal
2026-02-08 15:52:35.159347,Seoul-7636,-11,28,Normal
2026-02-08 15:52:36.159347,Seoul-7636,-19,29,Normal
2026-02-08 15:52:37.159347,Seoul-7636,0,98,Normal
2026-02-08 15:52:38.159347,Seoul-7636,13,83,Normal
2026-02-08 15:52:39.159347,Seoul-7636,36,75,Normal
2026-02-08 15:52:40.159347,Seoul-7636,47,87,Normal
2026-02-08 15:52:41.159347,Seoul-7636,-6,24,Normal
2026-02-08 15:52:42.159347,Seoul-7636,-11,73,Normal
2026-02-08 15:52:43.159347,Seoul-7636,24,48,Normal
2026-02-08 15:52:44.159347,Seoul-7636,20,90,Normal
2026-02-08 15:52:45.159347,Seoul-7636,29,68,Normal
2026-02-08 15:52:46.159347,Seoul-7636,-14,32,Normal
2026-02-08 15:52:47.159347,Seoul-7636,35,51,Normal
2026-02-08 15:52:48.159347,Seoul-7636,15,32,Normal
2026-02-08 15:52:49.159347,Seoul-7636,12,30,Normal
2026-02-08 15:52:50.159347,Seoul-7636,29,100,Normal
2026-02-08 15:52:51.159347,Seoul-7636,0,41,Normal
2026-02-08 15:52:52.159347,Seoul-7636,47,28,Normal
2026-02-08 15:52:53.159347,Seoul-7636,35,44,Normal
2026-02-08 15:52:54.159347,Seoul-7636,-5,41,Normal
2026-02-08 15:52:55.159347,Seoul-7636,40,33,Normal
2026-02-08 15:52:56.159347,Seoul-7636,-1,34,Normal
2026-02-08 15:52:57.159347,Seoul-7636,41,1,Normal
2026-02-08 15:52:58.159347,Seoul-7636,29,26,Normal
2026-02-08 15:52:59.159347,Seoul-7636,32,52,Normal
2026-02-08 15:53:00.159347,Seoul-7636,15,72,Normal
2026-02-08 15:53:01.159347,Seoul-7636,-9,53,Normal
2026-02-08 15:53:02.159347,Seoul-7636,3,63,Normal
2026-02-08 15:53:03.159347,Seoul-7636,-11,12,Normal
2026-02-08 15:53:04.159347,Seoul-7636,-25,41,Normal
2026-02-08 15:53:05.159347,Seoul-7636,22,53,Normal
2026-02-08 15:53:06.159347,Seoul-7636,30,18,Normal
2026-02-08 15:53:07.159347,Seoul-7636,-7,69,Normal
2026-02-08 15:53:08.159347,Seoul-7636,49,97,Normal
2026-02-08 15:53:09.159347,Seoul-7636,-12,97,Normal
2026-02-08 15:53:10.159347,Seoul-7636,45,52,Normal
2026-02-08 15:53:11.159347,Seoul-7636,-5,72,Normal
2026-02-08 15:53:12.159347,Seoul-7636,8,6,Normal
2026-02-08 15:53:13.159347,Seoul-7636,-7,92,Normal
2026-02-08 15:53:14.159347,Seoul-7636,7,82,Normal
2026-02-08 15:53:15.159347,Seoul-7636,48,5,Normal
2026-02-08 15:53:16.159347,Seoul-7636,27,37,Normal
2026-02-08 15:53:17.159347,Seoul-7636,-14,36,Normal
2026-02-08 15:53:18.159347,Seoul-7636,-5,85,Normal
2026-02-08 15:53:19.159347,Seoul-7636,36,1,Normal
2026-02-08 15:53:20.159347,Seoul-7636,-29,86,Normal
2026-02-08 15:53:21.159347,Seoul-7636,-22,58,Normal
2026-02-08 15:53:22.159347,Seoul-7636,-24,42,Normal
2026-02-08 15:53:23.159347,Seoul-7636,-9,82,Normal
2026-02-08 15:53:24.159347,Seoul-7636,35,56,Normal
2026-02-08 15:53:25.159347,Seoul-7636,-7,63,Normal
2026-02-08 15:53:26.159347,Seoul-7636,27,82,Normal
2026-02-08 15:53:27.159347,Seoul-7636,11,43,Normal
2026-02-08 15:53:28.159347,Seoul-7636,-29,14,Normal
2026-02-08 15:53:29.159347,Seoul-7636,21,85,Normal
2026-02-08 15:53:30.159347,Seoul-7636,14,16,Normal
2026-02-08 15:53:31.159347,Seoul-7636,1,54,Normal
2026-02-08 15:53:32.159347,Seoul-7636,24,10,Normal
2026-02-08 15:53:33.159347,Seoul-7636,-17,90,Normal
2026-02-08 15:53:34.159347,Seoul-7636,41,29,Normal
2026-02-08 15:53:35.159347,Seoul-7636,-9,7,Normal
2026-02-08 15:53:36.159347,Seoul-7636,0,85,Normal
2026-02-08 15:53:37.159347,Seoul-7636,0,52,Normal
2026-02-08 15:53:38.159347,Seoul-7636,-13,87,Normal
2026-02-08 15:53:39.159347,Seoul-7636,17,43,Normal
2026-02-08 15:53:40.159347,Seoul-7636,-26,9,Normal
2026-02-08 15:53:41.159347,Seoul-7636,12,75,Normal
2026-02-08 15:53:42.159347,Seoul-7636,3,66,Normal
2026-02-08 15:53:43.159347,Seoul-7636,-26,84,Normal
2026-02-08 15:53:44.159347,Seoul-7636,10,64,Normal
2026-02-08 15:53:45.159347,Seoul-7636,14,64,Normal
2026-02-08 15:53:46.159347,Seoul-7636,-13,74,Normal
2026-02-08 15:53:47.159347,Seoul-7636,41,59,Normal
2026-02-08 15:53:48.159347,Seoul-7636,-11,74,Normal
2026-02-08 15:53:49.159347,Seoul-7636,-6,53,Normal
2026-02-08 15:53:50.159347,Seoul-7636,-16,40,Normal
2026-02-08 15:53:51.159347,Seoul-7636,-1,69,Normal
2026-02-08 15:53:52.159347,Seoul-7636,26,20,Normal
2026-02-08 15:53:53.159347,Seoul-7636,39,18,Normal
2026-02-08 15:53:54.159347,Seoul-7636,38,29,Normal
2026-02-08 15:53:55.159347,Seoul-7636,6,69,Normal
2026-02-08 15:53:56.159347,Seoul-7636,-14,61,Normal
2026-02-08 15:53:57.159347,Seoul-7636,-9,55,Normal
2026-02-08 15:53:58.159347,Seoul-7636,-19,1,Normal
2026-02-08 15:53:59.159347,Seoul-7636,31,74,Normal
2026-02-08 15:54:00.159347,Seoul-7636,34,14,Normal
2026-02-08 15:54:01.159347,Seoul-7636,9,79,Normal
2026-02-08 15:54:02.159347,Seoul-7636,39,55,Normal
2026-02-08 15:54:03.159347,Seoul-7636,48,19,Normal
2026-02-08 15:54:04.159347,Seoul-7636,48,39,Normal
2026-02-08 15:54:05.159347,Seoul-7636,32,7,Normal
2026-02-08 15:54:06.159347,Seoul-7636,-25,26,Normal
2026-02-08 15:54:07.159347,Seoul-7636,-25,91,Normal
2026-02-08 15:54:08.159347,Seoul-7636,-5,95,Normal
2026-02-08 15:54:09.159347,Seoul-7636,3,15,Normal
2026-02-08 15:54:10.159347,Seoul-7636,-14,29,Normal
2026-02-08 15:54:11.159347,Seoul-7636,50,92,Normal
2026-02-08 15:54:12.159347,Seoul-7636,31,32,Normal
2026-02-08 15:54:13.159347,Seoul-7636,10,75,Normal
2026-02-08 15:54:14.159347,Seoul-7636,33,37,Normal
2026-02-08 15:54:15.159347,Seoul-7636,2,71,Normal
2026-02-08 15:54:16.159347,Seoul-7636,-14,50,Normal
2026-02-08 15:54:17.159347,Seoul-7636,-29,11,Normal
2026-02-08 15:54:18.159347,Seoul-7636,39,29,Normal
2026-02-08 15:54:19.159347,Seoul-7636,6,57,Normal
2026-02-08 15:54:20.159347,Seoul-7636,6,29,Normal
2026-02-08 15:54:21.159347,Seoul-7636,33,57,Normal
2026-02-08 15:54:22.159347,Seoul-7636,-9,17,Normal
2026-02-08 15:54:23.159347,Seoul-7636,23,2,Normal
2026-02-08 15:54:24.159347,Seoul-7636,13,39,Normal
2026-02-08 15:54:25.159347,Seoul-7636,-13,55,Normal
2026-02-08 15:54:26.159347,Seoul-7636,8,97,Normal
2026-02-08 15:54:27.159347,Seoul-7636,33,30,Normal
2026-02-08 15:54:28.159347,Seoul-7636,-4,93,Normal
2026-02-08 15:54:29.159347,Seoul-7636,27,39,Normal
2026-02-08 15:54:30.159347,Seoul-7636,39,94,Normal
2026-02-08 15:54:31.159347,Seoul-7636,29,65,Normal
2026-02-08 15:54:32.159347,Seoul-7636,11,60,Normal
2026-02-08 15:54:33.159347,Seoul-7636,21,42,Normal
2026-02-08 15:54:34.159347,Seoul-7636,6,52,Normal
2026-02-08 15:54:35.159347,Seoul-7636,-11,67,Normal
2026-02-08 15:54:36.159347,Seoul-7636,5,95,Normal
2026-02-08 15:54:37.159347,Seoul-7636,47,96,Normal
2026-02-08 15:54:38.159347,Seoul-7636,15,83,Normal
2026-02-08 15:54:39.159347,Seoul-7636,25,15,Normal
2026-02-08 15:54:40.159347,Seoul-7636,38,38,Normal
2026-02-08 15:54:41.159347,Seoul-7636,24,33,Normal
2026-02-08 15:54:42.159347,Seoul-7636,42,11,Normal
2026-02-08 15:54:43.159347,Seoul-7636,-2,1,Normal
2026-02-08 15:54:44.159347,Seoul-7636,43,47,Normal
2026-02-08 15:54:45.159347,Seoul-7636,37,63,Normal
2026-02-08 15:54:46.159347,Seoul-7636,-11,77,Normal
2026-02-08 15:54:47.159347,Seoul-7636,-30,65,Normal
2026-02-08 15:54:48.159347,Seoul-7636,-17,53,Normal
2026-02-08 15:54:49.159347,Seoul-7636,-7,73,Normal
2026-02-08 15:54:50.159347,Seoul-7636,27,72,Normal
2026-02-08 15:54:51.159347,Seoul-7636,-2,30,Normal
2026-02-08 15:54:52.159347,Seoul-7636,46,82,Normal
2026-02-08 15:54:53.159347,Seoul-7636,50,97,Normal
2026-02-08 15:54:54.159347,Seoul-7636,28,8,Normal
2026-02-08 15:54:55.159347,Seoul-7636,22,4,Normal
2026-02-08 15:54:56.159347,Seoul-7636,34,21,Normal
2026-02-08 15:54:57.159347,Seoul-7636,31,34,Normal
2026-02-08 15:54:58.159347,Seoul-7636,31,19,Normal
2026-02-08 15:54:59.159347,Seoul-7636,-26,68,Normal
2026-02-08 15:55:00.159347,Seoul-7636,25,62,Normal
2026-02-08 15:55:01.159347,Seoul-7636,-23,36,Normal
2026-02-08 15:55:02.159347,Seoul-7636,7,14,Normal
2026-02-08 15:55:03.159347,Seoul-7636,41,46,Normal
2026-02-08 15:55:04.159347,Seoul-7636,7,49,Normal
2026-02-08 15:55:05.159347,Seoul-7636,-9,71,Normal
2026-02-08 15:55:06.159347,Seoul-7636,13,64,Normal
2026-02-08 15:55:07.159347,Seoul-7636,-14,87,Normal
2026-02-08 15:55:08.159347,Seoul-7636,8,14,Normal
2026-02-08 15:55:09.159347,Seoul-7636,-5,57,Normal
2026-02-08 15:55:10.159347,Seoul-7636,3,87,Normal
2026-02-08 15:55:11.159347,Seoul-7636,29,100,Normal
2026-02-08 15:55:12.159347,Seoul-7636,2,58,Normal
2026-02-08 15:55:13.159347,Seoul-7636,46,80,Normal
2026-02-08 15:55:14.159347,Seoul-7636,-14,22,Normal
2026-02-08 15:55:15.159347,Seoul-7636,37,74,Normal
2026-02-08 15:55:16.159347,Seoul-7636,26,10,Normal
2026-02-08 15:55:17.159347,Seoul-7636,19,15,Normal
2026-02-08 15:55:18.159347,Seoul-7636,24,7,Normal
2026-02-08 15:55:19.159347,Seoul-7636,-22,29,Normal
2026-02-08 15:55:20.159347,Seoul-7636,26,89,Normal
2026-02-08 15:55:21.159347,Seoul-7636,31,40,Normal
2026-02-08 15:55:22.159347,Seoul-7636,31,52,Normal
2026-02-08 15:55:23.159347,Seoul-7636,46,43,Normal
2026-02-08 15:55:24.159347,Seoul-7636,-20,98,Normal
2026-02-08 15:55:25.159347,Seoul-7636,-21,9,Normal
2026-02-08 15:55:26.159347,Seoul-7636,10,43,Normal
2026-02-08 15:55:27.159347,Seoul-7636,-19,52,Normal
2026-02-08 15:55:28.159347,Seoul-7636,0,56,Normal
2026-02-08 15:55:29.159347,Seoul-7636,19,21,Normal
2026-02-08 15:55:30.159347,Seoul-7636,-18,99,Normal
2026-02-08 15:55:31.159347,Seoul-7636,-15,95,Normal
2026-02-08 15:55:32.159347,Seoul-7636,30,68,Normal
2026-02-08 15:55:33.159347,Seoul-7636,30,45,Normal
2026-02-08 15:55:34.159347,Seoul-7636,49,81,Normal
2026-02-08 15:55:35.159347,Seoul-7636,-1,73,Normal
2026-02-08 15:55:36.159347,Seoul-7636,6,53,Normal
2026-02-08 15:55:37.159347,Seoul-7636,-29,79,Normal
2026-02-08 15:55:38.159347,Seoul-7636,33,0,Normal
2026-02-08 15:55:39.159347,Seoul-7636,-17,40,Normal
2026-02-08 15:55:40.159347,Seoul-7636,27,95,Normal
2026-02-08 15:55:41.159347,Seoul-7636,42,78,Normal
2026-02-08 15:55:42.159347,Seoul-7636,42,82,Normal
2026-02-08 15:55:43.159347,Seoul-7636,-14,31,Normal
2026-02-08 15:55:44.159347,Seoul-7636,16,40,Normal
2026-02-08 15:55:45.159347,Seoul-7636,-19,55,Normal
2026-02-08 15:55:46.159347,Seoul-7636,-1,46,Normal
2026-02-08 15:55:47.159347,Seoul-7636,-25,92,Normal
2026-02-08 15:55:48.159347,Seoul-7636,25,2,Normal
2026-02-08 15:55:49.159347,Seoul-7636,-20,59,Normal
2026-02-08 15:55:50.159347,Seoul-7636,-29,33,Normal
2026-02-08 15:55:51.159347,Seoul-7636,-16,88,Normal
2026-02-08 15:55:52.159347,Seoul-7636,-12,4,Normal
2026-02-08 15:55:53.159347,Seoul-7636,3,27,Normal
2026-02-08 15:55:54.159347,Seoul-7636,-5,89,Normal
2026-02-08 15:55:55.159347,Seoul-7636,6,8,Normal
2026-02-08 15:55:56.159347,Seoul-7636,4,97,Normal
2026-02-08 15:55:57.159347,Seoul-7636,5,34,Normal
2026-02-08 15:55:58.159347,Seoul-7636,13,20,Normal
2026-02-08 15:55:59.159347,Seoul-7636,7,34,Normal
2026-02-08 15:56:00.159347,Seoul-7636,23,2,Normal
2026-02-08 15:56:01.159347,Seoul-7636,-15,81,Normal
2026-02-08 15:56:02.159347,Seoul-7636,46,80,Normal
2026-02-08 15:56:03.159347,Seoul-7636,18,5,Normal
2026-02-08 15:56:04.159347,Seoul-7636,35,61,Normal
2026-02-08 15:56:05.159347,Seoul-7636,28,0,Normal
2026-02-08 15:56:06.159347,Seoul-7636,17,74,Normal
2026-02-08 15:56:07.159347,Seoul-7636,44,32,Normal
2026-02-08 15:56:08.159347,Seoul-7636,-15,95,Normal
2026-02-08 15:56:09.159347,Seoul-7636,-16,98,Normal
2026-02-08 15:56:10.159347,Seoul-7636,-28,65,Normal
2026-02-08 15:56:11.159347,Seoul-7636,-10,28,Normal
2026-02-08 15:56:12.159347,Seoul-7636,2,9,Normal
2026-02-08 15:56:13.159347,Seoul-7636,-29,48,Normal
2026-02-08 15:56:14.159347,Seoul-7636,-16,77,Normal
2026-02-08 15:56:15.159347,Seoul-7636,-18,18,Normal
2026-02-08 15:56:16.159347,Seoul-7636,31,66,Normal
2026-02-08 15:56:17.159347,Seoul-7636,33,49,Normal
2026-02-08 15:56:18.159347,Seoul-7636,44,81,Normal
2026-02-08 15:56:19.159347,Seoul-7636,-8,96,Normal
2026-02-08 15:56:20.159347,Seoul-7636,-2,89,Normal
2026-02-08 15:56:21.159347,Seoul-7636,-10,50,Normal
2026-02-08 15:56:22.159347,Seoul-7636,32,32,Normal
2026-02-08 15:56:23.159347,Seoul-7636,8,10,Normal
2026-02-08 15:56:24.159347,Seoul-7636,-11,43,Normal
2026-02-08 15:56:25.159347,Seoul-7636,8,44,Normal
2026-02-08 15:56:26.159347,Seoul-7636,-11,22,Normal
2026-02-08 15:56:27.159347,Seoul-7636,11,96,Normal
2026-02-08 15:56:28.159347,Seoul-7636,-12,9,Normal
2026-02-08 15:56:29.159347,Seoul-7636,6,0,Normal
2026-02-08 15:56:30.159347,Seoul-7636,5,33,Normal
2026-02-08 15:56:31.159347,Seoul-7636,-18,33,Normal
2026-02-08 15:56:32.159347,Seoul-7636,30,70,Normal
2026-02-08 15:56:33.159347,Seoul-7636,5,39,Normal
2026-02-08 15:56:34.159347,Seoul-7636,16,66,Normal
2026-02-08 15:56:35.159347,Seoul-7636,-24,90,Normal
2026-02-08 15:56:36.159347,Seoul-7636,40,60,Normal
2026-02-08 15:56:37.159347,Seoul-7636,47,10,Normal
2026-02-08 15:56:38.159347,Seoul-7636,-19,48,Normal
2026-02-08 15:56:39.159347,Seoul-7636,49,17,Normal
2026-02-08 15:56:40.159347,Seoul-7636,-13,27,Normal
2026-02-08 15:56:41.159347,Seoul-7636,37,63,Normal
2026-02-08 15:56:42.159347,Seoul-7636,7,67,Normal
2026-02-08 15:56:43.159347,Seoul-7636,11,43,Normal
2026-02-08 15:56:44.159347,Seoul-7636,44,35,Normal
2026-02-08 15:56:45.159347,Seoul-7636,30,23,Normal
2026-02-08 15:56:46.159347,Seoul-7636,9,26,Normal
2026-02-08 15:56:47.159347,Seoul-7636,36,56,Normal
2026-02-08 15:56:48.159347,Seoul-7636,9,92,Normal
2026-02-08 15:56:49.159347,Seoul-7636,-14,92,Normal
2026-02-08 15:56:50.159347,Seoul-7636,-22,29,Normal
2026-02-08 15:56:51.159347,Seoul-7636,41,69,Normal
2026-02-08 15:56:52.159347,Seoul-7636,-9,11,Normal
2026-02-08 15:56:53.159347,Seoul-7636,23,38,Normal
2026-02-08 15:56:54.159347,Seoul-7636,-29,59,Normal
2026-02-08 15:56:55.159347,Seoul-7636,-1,6,Normal
2026-02-08 15:56:56.159347,Seoul-7636,-29,24,Normal
2026-02-08 15:56:57.159347,Seoul-7636,-3,10,Normal
2026-02-08 15:56:58.159347,Seoul-7636,32,18,Normal
2026-02-08 15:56:59.159347,Seoul-7636,-13,67,Normal
2026-02-08 15:57:00.159347,Seoul-7636,12,5,Normal
2026-02-08 15:57:01.159347,Seoul-7636,-10,87,Normal
2026-02-08 15:57:02.159347,Seoul-7636,-28,32,Normal
2026-02-08 15:57:03.159347,Seoul-7636,27,8,Normal
2026-02-08 15:57:04.159347,Seoul-7636,-10,99,Normal
2026-02-08 15:57:05.159347,Seoul-7636,0,13,Normal
2026-02-08 15:57:06.159347,Seoul-7636,5,72,Normal
2026-02-08 15:57:07.159347,Seoul-7636,-13,54,Normal
2026-02-08 15:57:08.159347,Seoul-7636,-25,51,Normal
2026-02-08 15:57:09.159347,Seoul-7636,3,44,Normal
2026-02-08 15:57:10.159347,Seoul-7636,3,73,Normal
2026-02-08 15:57:11.159347,Seoul-7636,4,82,Normal
2026-02-08 15:57:12.159347,Seoul-7636,50,52,Normal
2026-02-08 15:57:13.159347,Seoul-7636,3,27,Normal
2026-02-08 15:57:14.159347,Seoul-7636,-27,44,Normal
2026-02-08 15:57:15.159347,Seoul-7636,28,93,Normal
2026-02-08 15:57:16.159347,Seoul-7636,46,46,Normal
2026-02-08 15:57:17.159347,Seoul-7636,-11,45,Normal
2026-02-08 15:57:18.159347,Seoul-7636,13,83,Normal
2026-02-08 15:57:19.159347,Seoul-7636,10,61,Normal
2026-02-08 15:57:20.159347,Seoul-7636,-25,51,Normal
2026-02-08 15:57:21.159347,Seoul-7636,45,68,Normal
2026-02-08 15:57:22.159347,Seoul-7636,34,8,Normal
2026-02-08 15:57:23.159347,Seoul-7636,-4,80,Normal
2026-02-08 15:57:24.159347,Seoul-7636,30,54,Normal
2026-02-08 15:57:25.159347,Seoul-7636,-29,62,Normal
2026-02-08 15:57:26.159347,Seoul-7636,20,40,Normal
2026-02-08 15:57:27.159347,Seoul-7636,-23,65,Normal
2026-02-08 15:57:28.159347,Seoul-7636,33,47,Normal
2026-02-08 15:57:29.159347,Seoul-7636,13,2,Normal
2026-02-08 15:57:30.159347,Seoul-7636,31,62,Normal
2026-02-08 15:57:31.159347,Seoul-7636,-7,89,Normal
2026-02-08 15:57:32.159347,Seoul-7636,5,51,Normal
2026-02-08 15:57:33.159347,Seoul-7636,6,69,Normal
2026-02-08 15:57:34.159347,Seoul-7636,46,74,Normal
2026-02-08 15:57:35.159347,Seoul-7636,46,69,Normal
2026-02-08 15:57:36.159347,Seoul-7636,29,65,Normal
2026-02-08 15:57:37.159347,Seoul-7636,22,57,Normal
2026-02-08 15:57:38.159347,Seoul-7636,36,87,Normal
2026-02-08 15:57:39.159347,Seoul-7636,-23,80,Normal
2026-02-08 15:57:40.159347,Seoul-7636,-20,84,Normal
2026-02-08 15:57:41.159347,Seoul-7636,-15,84,Normal
2026-02-08 15:57:42.159347,Seoul-7636,39,50,Normal
2026-02-08 15:57:43.159347,Seoul-7636,-2,37,Normal
2026-02-08 15:57:44.159347,Seoul-7636,-14,29,Normal
2026-02-08 15:57:45.159347,Seoul-7636,24,15,Normal
2026-02-08 15:57:46.159347,Seoul-7636,14,99,Normal
2026-02-08 15:57:47.159347,Seoul-7636,7,8,Normal
2026-02-08 15:57:48.159347,Seoul-7636,10,69,Normal
2026-02-08 15:57:49.159347,Seoul-7636,36,85,Normal
2026-02-08 15:57:50.159347,Seoul-7636,-10,73,Normal
2026-02-08 15:57:51.159347,Seoul-7636,31,57,Normal
2026-02-08 15:57:52.159347,Seoul-7636,-9,84,Normal
2026-02-08 15:57:53.159347,Seoul-7636,-21,27,Normal
2026-02-08 15:57:54.159347,Seoul-7636,39,72,Normal
2026-02-08 15:57:55.159347,Seoul-7636,29,16,Normal
2026-02-08 15:57:56.159347,Seoul-7636,-13,94,Normal
2026-02-08 15:57:57.159347,Seoul-7636,-12,62,Normal
2026-02-08 15:57:58.159347,Seoul-7636,21,12,Normal
2026-02-08 15:57:59.159347,Seoul-7636,31,40,Normal
2026-02-08 15:58:00.159347,Seoul-7636,33,56,Normal
2026-02-08 15:58:01.159347,Seoul-7636,-1,85,Normal
2026-02-08 15:58:02.159347,Seoul-7636,-26,9,Normal
2026-02-08 15:58:03.159347,Seoul-7636,35,68,Normal
2026-02-08 15:58:04.159347,Seoul-7636,-30,11,Normal
2026-02-08 15:58:05.159347,Seoul-7636,48,54,Normal
2026-02-08 15:58:06.159347,Seoul-7636,15,44,Normal
2026-02-08 15:58:07.159347,Seoul-7636,-19,91,Normal
2026-02-08 15:58:08.159347,Seoul-7636,21,7,Normal
2026-02-08 15:58:09.159347,Seoul-7636,18,51,Normal
2026-02-08 15:58:10.159347,Seoul-7636,-18,8,Normal
2026-02-08 15:58:11.159347,Seoul-7636,-9,98,Normal
2026-02-08 15:58:12.159347,Seoul-7636,-4,19,Normal
2026-02-08 15:58:13.159347,Seoul-7636,30,61,Normal
2026-02-08 15:58:14.159347,Seoul-7636,37,2,Normal
2026-02-08 15:58:15.159347,Seoul-7636,16,91,Normal
2026-02-08 15:58:16.159347,Seoul-7636,-30,8,Normal
2026-02-08 15:58:17.159347,Seoul-7636,-24,56,Normal
2026-02-08 15:58:18.159347,Seoul-7636,49,5,Normal
2026-02-08 15:58:19.159347,Seoul-7636,36,63,Normal
2026-02-08 15:58:20.159347,Seoul-7636,46,6,Normal
2026-02-08 15:58:21.159347,Seoul-7636,-9,99,Normal
2026-02-08 15:58:22.159347,Seoul-7636,-21,14,Normal
2026-02-08 15:58:23.159347,Seoul-7636,22,48,Normal
2026-02-08 15:58:24.159347,Seoul-7636,5,30,Normal
2026-02-08 15:58:25.159347,Seoul-7636,24,59,Normal
2026-02-08 15:58:26.159347,Seoul-7636,23,79,Normal
2026-02-08 15:58:27.159347,Seoul-7636,-13,68,Normal
2026-02-08 15:58:28.159347,Seoul-7636,46,56,Normal
2026-02-08 15:58:29.159347,Seoul-7636,-4,12,Normal
2026-02-08 15:58:30.159347,Seoul-7636,-25,36,Normal
2026-02-08 15:58:31.159347,Seoul-7636,18,28,Normal
2026-02-08 15:58:32.159347,Seoul-7636,48,15,Normal
2026-02-08 15:58:33.159347,Seoul-7636,10,45,Normal
2026-02-08 15:58:34.159347,Seoul-7636,29,92,Normal
2026-02-08 15:58:35.159347,Seoul-7636,1,83,Normal
2026-02-08 15:58:36.159347,Seoul-7636,-4,12,Normal
2026-02-08 15:58:37.159347,Seoul-7636,29,88,Normal
2026-02-08 15:58:38.159347,Seoul-7636,26,92,Normal
2026-02-08 15:58:39.159347,Seoul-7636,20,79,Normal
2026-02-08 15:58:40.159347,Seoul-7636,49,48,Normal
2026-02-08 15:58:41.159347,Seoul-7636,21,8,Normal
2026-02-08 15:58:42.159347,Seoul-7636,11,84,Normal
2026-02-08 15:58:43.159347,Seoul-7636,48,37,Normal
2026-02-08 15:58:44.159347,Seoul-7636,23,52,Normal
2026-02-08 15:58:45.159347,Seoul-7636,-16,50,Normal
2026-02-08 15:58:46.159347,Seoul-7636,-23,92,Normal
2026-02-08 15:58:47.159347,Seoul-7636,-26,62,Normal
2026-02-08 15:58:48.159347,Seoul-7636,-21,49,Normal
2026-02-08 15:58:49.159347,Seoul-7636,25,81,Normal
2026-02-08 15:58:50.159347,Seoul-7636,13,89,Normal
2026-02-08 15:58:51.159347,Seoul-7636,-22,51,Normal
2026-02-08 15:58:52.159347,Seoul-7636,37,89,Normal
2026-02-08 15:58:53.159347,Seoul-7636,43,29,Normal
2026-02-08 15:58:54.159347,Seoul-7636,43,54,Normal
2026-02-08 15:58:55.159347,Seoul-7636,36,65,Normal
2026-02-08 15:58:56.159347,Seoul-7636,-30,82,Normal
2026-02-08 15:58:57.159347,Seoul-7636,5,99,Normal
2026-02-08 15:58:58.159347,Seoul-7636,0,37,Normal
2026-02-08 15:58:59.159347,Seoul-7636,10,29,Normal
2026-02-08 15:59:00.159347,Seoul-7636,9,66,Normal
2026-02-08 15:59:01.159347,Seoul-7636,10,38,Normal
2026-02-08 15:59:02.159347,Seoul-7636,5,71,Normal
2026-02-08 15:59:03.159347,Seoul-7636,31,43,Normal
2026-02-08 15:59:04.159347,Seoul-7636,-23,37,Normal
2026-02-08 15:59:05.159347,Seoul-7636,17,23,Normal
2026-02-08 15:59:06.159347,Seoul-7636,0,56,Normal
2026-02-08 15:59:07.159347,Seoul-7636,14,15,Normal
2026-02-08 15:59:08.159347,Seoul-7636,-9,61,Normal
2026-02-08 15:59:09.159347,Seoul-7636,26,19,Normal
2026-02-08 15:59:10.159347,Seoul-7636,-17,74,Normal
2026-02-08 15:59:11.159347,Seoul-7636,33,94,Normal
2026-02-08 15:59:12.159347,Seoul-7636,31,92,Normal
2026-02-08 15:59:13.159347,Seoul-7636,2,55,Normal
2026-02-08 15:59:14.159347,Seoul-7636,35,75,Normal
2026-02-08 15:59:15.159347,Seoul-7636,15,7,Normal
2026-02-08 15:59:16.159347,Seoul-7636,28,39,Normal
2026-02-08 15:59:17.159347,Seoul-7636,3,93,Normal
2026-02-08 15:59:18.159347,Seoul-7636,14,20,Normal
2026-02-08 15:59:19.159347,Seoul-7636,-27,17,Normal
2026-02-08 15:59:20.159347,Seoul-7636,35,37,Normal
2026-02-08 15:59:21.159347,Seoul-7636,47,75,Normal
2026-02-08 15:59:22.159347,Seoul-7636,-17,31,Normal
2026-02-08 15:59:23.159347,Seoul-7636,32,89,Normal
2026-02-08 15:59:24.159347,Seoul-7636,3,80,Normal
2026-02-08 15:59:25.159347,Seoul-7636,-4,90,Normal
2026-02-08 15:59:26.159347,Seoul-7636,15,53,Normal
2026-02-08 15:59:27.159347,Seoul-7636,25,24,Normal
2026-02-08 15:59:28.159347,Seoul-7636,26,61,Normal
2026-02-08 15:59:29.159347,Seoul-7636,27,22,Normal
2026-02-08 15:59:30.159347,Seoul-7636,-8,43,Normal
2026-02-08 15:59:31.159347,Seoul-7636,15,84,Normal
2026-02-08 15:59:32.159347,Seoul-7636,21,92,Normal
2026-02-08 15:59:33.159347,Seoul-7636,49,70,Normal
2026-02-08 15:59:34.159347,Seoul-7636,33,59,Normal
2026-02-08 15:59:35.159347,Seoul-7636,-8,67,Normal
2026-02-08 15:59:36.159347,Seoul-7636,14,50,Normal
2026-02-08 15:59:37.159347,Seoul-7636,47,52,Normal
2026-02-08 15:59:38.159347,Seoul-7636,42,76,Normal
2026-02-08 15:59:39.159347,Seoul-7636,-13,40,Normal
2026-02-08 15:59:40.159347,Seoul-7636,8,40,Normal
2026-02-08 15:59:41.159347,Seoul-7636,-29,83,Normal
2026-02-08 15:59:42.159347,Seoul-7636,-21,20,Normal
2026-02-08 15:59:43.159347,Seoul-7636,-28,48,Normal
2026-02-08 15:59:44.159347,Seoul-7636,40,76,Normal
2026-02-08 15:59:45.159347,Seoul-7636,27,67,Normal
2026-02-08 15:59:46.159347,Seoul-7636,-21,16,Normal
2026-02-08 15:59:47.159347,Seoul-7636,43,9,Normal
2026-02-08 15:59:48.159347,Seoul-7636,-11,86,Normal
2026-02-08 15:59:49.159347,Seoul-7636,-14,10,Normal
2026-02-08 15:59:50.159347,Seoul-7636,4,71,Normal
2026-02-08 15:59:51.159347,Seoul-7636,28,73,Normal
2026-02-08 15:59:52.159347,Seoul-7636,-4,54,Normal
2026-02-08 15:59:53.159347,Seoul-7636,43,15,Normal
2026-02-08 15:59:54.159347,Seoul-7636,-14,86,Normal
2026-02-08 15:59:55.159347,Seoul-7636,-19,6,Normal
2026-02-08 15:59:56.159347,Seoul-7636,-1,17,Normal
2026-02-08 15:59:57.159347,Seoul-7636,27,93,Normal
2026-02-08 15:59:58.159347,Seoul-7636,-15,49,Normal
2026-02-08 15:59:59.159347,Seoul-7636,-21,4,Normal
2026-02-08 16:00:00.159347,Seoul-7636,-19,40,Normal
2026-02-08 16:00:01.159347,Seoul-7636,-14,21,Normal
2026-02-08 16:00:02.159347,Seoul-7636,45,76,Normal
2026-02-08 16:00:03.159347,Seoul-7636,31,67,Normal
2026-02-08 16:00:04.159347,Seoul-7636,-10,43,Normal
2026-02-08 16:00:05.159347,Seoul-7636,-16,55,Normal
2026-02-08 16:00:06.159347,Seoul-7636,-8,18,Normal
2026-02-08 16:00:07.159347,Seoul-7636,47,32,Normal
2026-02-08 16:00:08.159347,Seoul-7636,50,10,Normal
2026-02-08 16:00:09.159347,Seoul-7636,38,77,Normal
2026-02-08 16:00:10.159347,Seoul-7636,15,41,Normal
2026-02-08 16:00:11.159347,Seoul-7636,-26,28,Normal
2026-02-08 16:00:12.159347,Seoul-7636,8,74,Normal
2026-02-08 16:00:13.159347,Seoul-7636,-8,21,Normal
2026-02-08 16:00:14.159347,Seoul-7636,-9,12,Normal
2026-02-08 16:00:15.159347,Seoul-7636,-2,46,Normal
2026-02-08 16:00:16.159347,Seoul-7636,-15,93,Normal
2026-02-08 16:00:17.159347,Seoul-7636,18,56,Normal
2026-02-08 16:00:18.159347,Seoul-7636,-10,27,Normal
2026-02-08 16:00:19.159347,Seoul-7636,13,37,Normal
2026-02-08 16:00:20.159347,Seoul-7636,6,43,Normal
2026-02-08 16:00:21.159347,Seoul-7636,37,57,Normal
2026-02-08 16:00:22.159347,Seoul-7636,-12,73,Normal
2026-02-08 16:00:23.159347,Seoul-7636,3,66,Normal
2026-02-08 16:00:24.159347,Seoul-7636,3,78,Normal
2026-02-08 16:00:25.159347,Seoul-7636,-26,3,Normal
2026-02-08 16:00:26.159347,Seoul-7636,23,52,Normal
2026-02-08 16:00:27.159347,Seoul-7636,17,36,Normal
2026-02-08 16:00:28.159347,Seoul-7636,-3,62,Normal
2026-02-08 16:00:29.159347,Seoul-7636,-5,39,Normal
2026-02-08 16:00:30.159347,Seoul-7636,43,94,Normal
2026-02-08 16:00:31.159347,Seoul-7636,-8,51,Normal
2026-02-08 16:00:32.159347,Seoul-7636,12,74,Normal
2026-02-08 16:00:33.159347,Seoul-7636,32,28,Normal
2026-02-08 16:00:34.159347,Seoul-7636,19,99,Normal
2026-02-08 16:00:35.159347,Seoul-7636,-2,31,Normal
2026-02-08 16:00:36.159347,Seoul-7636,-23,6,Normal
2026-02-08 16:00:37.159347,Seoul-7636,29,4,Normal
2026-02-08 16:00:38.159347,Seoul-7636,8,27,Normal
2026-02-08 16:00:39.159347,Seoul-7636,50,93,Normal
2026-02-08 16:00:40.159347,Seoul-7636,15,98,Normal
2026-02-08 16:00:41.159347,Seoul-7636,46,18,Normal
2026-02-08 16:00:42.159347,Seoul-7636,5,2,Normal
2026-02-08 16:00:43.159347,Seoul-7636,-4,40,Normal
2026-02-08 16:00:44.159347,Seoul-7636,20,38,Normal
2026-02-08 16:00:45.159347,Seoul-7636,45,40,Normal
2026-02-08 16:00:46.159347,Seoul-7636,13,63,Normal
2026-02-08 16:00:47.159347,Seoul-7636,26,62,Normal
2026-02-08 16:00:48.159347,Seoul-7636,21,15,Normal
2026-02-08 16:00:49.159347,Seoul-7636,44,56,Normal
2026-02-08 16:00:50.159347,Seoul-7636,40,57,Normal
2026-02-08 16:00:51.159347,Seoul-7636,-24,56,Normal
2026-02-08 16:00:52.159347,Seoul-7636,-3,60,Normal
2026-02-08 16:00:53.159347,Seoul-7636,0,78,Normal
2026-02-08 16:00:54.159347,Seoul-7636,1,14,Normal
2026-02-08 16:00:55.159347,Seoul-7636,31,4,Normal
2026-02-08 16:00:56.159347,Seoul-7636,-24,82,Normal
2026-02-08 16:00:57.159347,Seoul-7636,32,67,Normal
2026-02-08 16:00:58.159347,Seoul-7636,-19,15,Normal
2026-02-08 16:00:59.159347,Seoul-7636,14,47,Normal
2026-02-08 16:01:00.159347,Seoul-7636,13,70,Normal
2026-02-08 16:01:01.159347,Seoul-7636,-18,71,Normal
2026-02-08 16:01:02.159347,Seoul-7636,17,6,Normal
2026-02-08 16:01:03.159347,Seoul-7636,23,72,Normal
2026-02-08 16:01:04.159347,Seoul-7636,-7,18,Normal
2026-02-08 16:01:05.159347,Seoul-7636,35,29,Normal
2026-02-08 16:01:06.159347,Seoul-7636,-6,75,Normal
2026-02-08 16:01:07.159347,Seoul-7636,5,21,Normal
2026-02-08 16:01:08.159347,Seoul-7636,24,38,Normal
2026-02-08 16:01:09.159347,Seoul-7636,16,72,Normal
2026-02-08 16:01:10.159347,Seoul-7636,21,33,Normal
2026-02-08 16:01:11.159347,Seoul-7636,43,24,Normal
2026-02-08 16:01:12.159347,Seoul-7636,3,90,Normal
2026-02-08 16:01:13.159347,Seoul-7636,9,86,Normal
2026-02-08 16:01:14.159347,Seoul-7636,41,64,Normal
2026-02-08 16:01:15.159347,Seoul-7636,12,94,Normal
2026-02-08 16:01:16.159347,Seoul-7636,40,80,Normal
2026-02-08 16:01:17.159347,Seoul-7636,-23,20,Normal
2026-02-08 16:01:18.159347,Seoul-7636,2,75,Normal
2026-02-08 16:01:19.159347,Seoul-7636,27,34,Normal
2026-02-08 16:01:20.159347,Seoul-7636,-26,12,Normal
2026-02-08 16:01:21.159347,Seoul-7636,46,64,Normal
2026-02-08 16:01:22.159347,Seoul-7636,-9,8,Normal
2026-02-08 16:01:23.159347,Seoul-7636,5,10,Normal
2026-02-08 16:01:24.159347,Seoul-7636,41,79,Normal
2026-02-08 16:01:25.159347,Seoul-7636,45,65,Normal
2026-02-08 16:01:26.159347,Seoul-7636,14,2,Normal
2026-02-08 16:01:27.159347,Seoul-7636,-13,26,Normal
2026-02-08 16:01:28.159347,Seoul-7636,-11,96,Normal
2026-02-08 16:01:29.159347,Seoul-7636,3,79,Normal
2026-02-08 16:01:30.159347,Seoul-7636,3,36,Normal
2026-02-08 16:01:31.159347,Seoul-7636,-6,90,Normal
2026-02-08 16:01:32.159347,Seoul-7636,4,23,Normal
2026-02-08 16:01:33.159347,Seoul-7636,-27,26,Normal
2026-02-08 16:01:34.159347,Seoul-7636,2,45,Normal
2026-02-08 16:01:35.159347,Seoul-7636,45,76,Normal
2026-02-08 16:01:36.159347,Seoul-7636,31,92,Normal
2026-02-08 16:01:37.159347,Seoul-7636,13,32,Normal
2026-02-08 16:01:38.159347,Seoul-7636,18,80,Normal
2026-02-08 16:01:39.159347,Seoul-7636,46,37,Normal
2026-02-08 16:01:40.159347,Seoul-7636,42,44,Normal
2026-02-08 16:01:41.159347,Seoul-7636,28,79,Normal
2026-02-08 16:01:42.159347,Seoul-7636,47,73,Normal
2026-02-08 16:01:43.159347,Seoul-7636,46,28,Normal
2026-02-08 16:01:44.159347,Seoul-7636,1,62,Normal
2026-02-08 16:01:45.159347,Seoul-7636,-16,0,Normal
2026-02-08 16:01:46.159347,Seoul-7636,13,88,Normal
2026-02-08 16:01:47.159347,Seoul-7636,21,68,Normal
2026-02-08 16:01:48.159347,Seoul-7636,4,4,Normal
2026-02-08 16:01:49.159347,Seoul-7636,15,5,Normal
2026-02-08 16:01:50.159347,Seoul-7636,-26,79,Normal
2026-02-08 16:01:51.159347,Seoul-7636,-7,69,Normal
2026-02-08 16:01:52.159347,Seoul-7636,-2,24,Normal
2026-02-08 16:01:53.159347,Seoul-7636,-24,87,Normal
2026-02-08 16:01:54.159347,Seoul-7636,22,9,Normal
2026-02-08 16:01:55.159347,Seoul-7636,-10,37,Normal
2026-02-08 16:01:56.159347,Seoul-7636,38,36,Normal
2026-02-08 16:01:57.159347,Seoul-7636,47,40,Normal
2026-02-08 16:01:58.159347,Seoul-7636,24,70,Normal
2026-02-08 16:01:59.159347,Seoul-7636,10,1,Normal
2026-02-08 16:02:00.159347,Seoul-7636,3,89,Normal
2026-02-08 16:02:01.159347,Seoul-7636,31,35,Normal
2026-02-08 16:02:02.159347,Seoul-7636,47,4,Normal
2026-02-08 16:02:03.159347,Seoul-7636,44,67,Normal
2026-02-08 16:02:04.159347,Seoul-7636,26,64,Normal
2026-02-08 16:02:05.159347,Seoul-7636,13,72,Normal
2026-02-08 16:02:06.159347,Seoul-7636,-5,87,Normal
2026-02-08 16:02:07.159347,Seoul-7636,18,13,Normal
2026-02-08 16:02:08.159347,Seoul-7636,29,70,Normal
2026-02-08 16:02:09.159347,Seoul-7636,43,66,Normal
2026-02-08 16:02:10.159347,Seoul-7636,-17,27,Normal
2026-02-08 16:02:11.159347,Seoul-7636,31,91,Normal
2026-02-08 16:02:12.159347,Seoul-7636,-23,15,Normal
2026-02-08 16:02:13.159347,Seoul-7636,-17,42,Normal
2026-02-08 16:02:14.159347,Seoul-7636,-14,41,Normal
2026-02-08 16:02:15.159347,Seoul-7636,49,95,Normal
2026-02-08 16:02:16.159347,Seoul-7636,-8,64,Normal
2026-02-08 16:02:17.159347,Seoul-7636,-3,7,Normal
2026-02-08 16:02:18.159347,Seoul-7636,8,34,Normal
2026-02-08 16:02:19.159347,Seoul-7636,37,35,Normal
2026-02-08 16:02:20.159347,Seoul-7636,-3,79,Normal
2026-02-08 16:02:21.159347,Seoul-7636,-26,48,Normal
2026-02-08 16:02:22.159347,Seoul-7636,-3,23,Normal
2026-02-08 16:02:23.159347,Seoul-7636,-3,33,Normal
2026-02-08 16:02:24.159347,Seoul-7636,35,12,Normal
2026-02-08 16:02:25.159347,Seoul-7636,-17,27,Normal
2026-02-08 16:02:26.159347,Seoul-7636,-25,24,Normal
2026-02-08 16:02:27.159347,Seoul-7636,-22,7,Normal
2026-02-08 16:02:28.159347,Seoul-7636,18,1,Normal
2026-02-08 16:02:29.159347,Seoul-7636,-29,62,Normal
2026-02-08 16:02:30.159347,Seoul-7636,17,90,Normal
2026-02-08 16:02:31.159347,Seoul-7636,10,83,Normal
2026-02-08 16:02:32.159347,Seoul-7636,-3,71,Normal
2026-02-08 16:02:33.159347,Seoul-7636,-5,26,Normal
2026-02-08 16:02:34.159347,Seoul-7636,48,71,Normal
2026-02-08 16:02:35.159347,Seoul-7636,38,81,Normal
2026-02-08 16:02:36.159347,Seoul-7636,9,63,Normal
2026-02-08 16:02:37.159347,Seoul-7636,1,56,Normal
2026-02-08 16:02:38.159347,Seoul-7636,2,32,Normal
2026-02-08 16:02:39.159347,Seoul-7636,-6,54,Normal
2026-02-08 16:02:40.159347,Seoul-7636,-11,92,Normal
2026-02-08 16:02:41.159347,Seoul-7636,40,2,Normal
2026-02-08 16:02:42.159347,Seoul-7636,8,91,Normal
2026-02-08 16:02:43.159347,Seoul-7636,38,3,Normal
2026-02-08 16:02:44.159347,Seoul-7636,40,15,Normal
2026-02-08 16:02:45.159347,Seoul-7636,-2,45,Normal
2026-02-08 16:02:46.159347,Seoul-7636,12,80,Normal
2026-02-08 16:02:47.159347,Seoul-7636,50,71,Normal
2026-02-08 16:02:48.159347,Seoul-7636,7,77,Normal
2026-02-08 16:02:49.159347,Seoul-7636,-20,66,Normal
2026-02-08 16:02:50.159347,Seoul-7636,42,83,Normal
2026-02-08 16:02:51.159347,Seoul-7636,18,76,Normal
2026-02-08 16:02:52.159347,Seoul-7636,50,65,Normal
2026-02-08 16:02:53.159347,Seoul-7636,-4,3,Normal
2026-02-08 16:02:54.159347,Seoul-7636,42,76,Normal
2026-02-08 16:02:55.159347,Seoul-7636,-3,87,Normal
2026-02-08 16:02:56.159347,Seoul-7636,32,55,Normal
2026-02-08 16:02:57.159347,Seoul-7636,-30,78,Normal
2026-02-08 16:02:58.159347,Seoul-7636,25,43,Normal
2026-02-08 16:02:59.159347,Seoul-7636,-1,33,Normal
2026-02-08 16:03:00.159347,Seoul-7636,-23,20,Normal
2026-02-08 16:03:01.159347,Seoul-7636,13,24,Normal
2026-02-08 16:03:02.159347,Seoul-7636,2,88,Normal
2026-02-08 16:03:03.159347,Seoul-7636,38,4,Normal
2026-02-08 16:03:04.159347,Seoul-7636,43,0,Normal
2026-02-08 16:03:05.159347,Seoul-7636,9,44,Normal
2026-02-08 16:03:06.159347,Seoul-7636,1,29,Normal
2026-02-08 16:03:07.159347,Seoul-7636,-28,75,Normal
2026-02-08 16:03:08.159347,Seoul-7636,32,79,Normal
2026-02-08 16:03:09.159347,Seoul-7636,17,34,Normal
2026-02-08 16:03:10.159347,Seoul-7636,27,11,Normal
2026-02-08 16:03:11.159347,Seoul-7636,4,1,Normal
2026-02-08 16:03:12.159347,Seoul-7636,45,78,Normal
2026-02-08 16:03:13.159347,Seoul-7636,-25,97,Normal
2026-02-08 16:03:14.159347,Seoul-7636,8,58,Normal
2026-02-08 16:03:15.159347,Seoul-7636,-19,72,Normal
2026-02-08 16:03:16.159347,Seoul-7636,46,15,Normal
2026-02-08 16:03:17.159347,Seoul-7636,50,42,Normal
2026-02-08 16:03:18.159347,Seoul-7636,-19,15,Normal
2026-02-08 16:03:19.159347,Seoul-7636,13,13,Normal
2026-02-08 16:03:20.159347,Seoul-7636,21,89,Normal
2026-02-08 16:03:21.159347,Seoul-7636,-25,1,Normal
2026-02-08 16:03:22.159347,Seoul-7636,18,42,Normal
2026-02-08 16:03:23.159347,Seoul-7636,-15,26,Normal
2026-02-08 16:03:24.159347,Seoul-7636,31,97,Normal
2026-02-08 16:03:25.159347,Seoul-7636,-22,5,Normal
2026-02-08 16:03:26.159347,Seoul-7636,6,17,Normal
2026-02-08 16:03:27.159347,Seoul-7636,-5,6,Normal
2026-02-08 16:03:28.159347,Seoul-7636,29,42,Normal
2026-02-08 16:03:29.159347,Seoul-7636,26,93,Normal
2026-02-08 16:03:30.159347,Seoul-7636,15,17,Normal
2026-02-08 16:03:31.159347,Seoul-7636,-3,87,Normal
2026-02-08 16:03:32.159347,Seoul-7636,23,32,Normal
2026-02-08 16:03:33.159347,Seoul-7636,-20,54,Normal
2026-02-08 16:03:34.159347,Seoul-7636,7,61,Normal
2026-02-08 16:03:35.159347,Seoul-7636,27,38,Normal
2026-02-08 16:03:36.159347,Seoul-7636,-21,98,Normal
2026-02-08 16:03:37.159347,Seoul-7636,6,15,Normal
2026-02-08 16:03:38.159347,Seoul-7636,18,17,Normal
2026-02-08 16:03:39.159347,Seoul-7636,35,74,Normal
2026-02-08 16:03:40.159347,Seoul-7636,-20,98,Normal
2026-02-08 16:03:41.159347,Seoul-7636,7,13,Normal
2026-02-08 16:03:42.159347,Seoul-7636,17,90,Normal
2026-02-08 16:03:43.159347,Seoul-7636,-29,94,Normal
2026-02-08 16:03:44.159347,Seoul-7636,48,11,Normal
2026-02-08 16:03:45.159347,Seoul-7636,46,17,Normal
2026-02-08 16:03:46.159347,Seoul-7636,15,98,Normal
2026-02-08 16:03:47.159347,Seoul-7636,23,73,Normal
2026-02-08 16:03:48.159347,Seoul-7636,-10,33,Normal
2026-02-08 16:03:49.159347,Seoul-7636,20,5,Normal
2026-02-08 16:03:50.159347,Seoul-7636,20,81,Normal
2026-02-08 16:03:51.159347,Seoul-7636,42,55,Normal
2026-02-08 16:03:52.159347,Seoul-7636,18,59,Normal
2026-02-08 16:03:53.159347,Seoul-7636,33,55,Normal
2026-02-08 16:03:54.159347,Seoul-7636,33,95,Normal
2026-02-08 16:03:55.159347,Seoul-7636,34,61,Normal
2026-02-08 16:03:56.159347,Seoul-7636,40,100,Normal
2026-02-08 16:03:57.159347,Seoul-7636,-27,40,Normal
2026-02-08 16:03:58.159347,Seoul-7636,27,57,Normal
2026-02-08 16:03:59.159347,Seoul-7636,-18,72,Normal
2026-02-08 16:04:00.159347,Seoul-7636,-7,43,Normal
2026-02-08 16:04:01.159347,Seoul-7636,31,39,Normal
2026-02-08 16:04:02.159347,Seoul-7636,23,95,Normal
2026-02-08 16:04:03.159347,Seoul-7636,37,81,Normal
2026-02-08 16:04:04.159347,Seoul-7636,-11,50,Normal
2026-02-08 16:04:05.159347,Seoul-7636,18,73,Normal
2026-02-08 16:04:06.159347,Seoul-7636,33,28,Normal
2026-02-08 16:04:07.159347,Seoul-7636,45,1,Normal
2026-02-08 16:04:08.159347,Seoul-7636,34,10,Normal
2026-02-08 16:04:09.159347,Seoul-7636,13,2,Normal
2026-02-08 16:04:10.159347,Seoul-7636,23,98,Normal
2026-02-08 16:04:11.159347,Seoul-7636,28,43,Normal
2026-02-08 16:04:12.159347,Seoul-7636,11,22,Normal
2026-02-08 16:04:13.159347,Seoul-7636,1,99,Normal
2026-02-08 16:04:14.159347,Seoul-7636,45,99,Normal
2026-02-08 16:04:15.159347,Seoul-7636,-27,76,Normal
2026-02-08 16:04:16.159347,Seoul-7636,3,15,Normal
2026-02-08 16:04:17.159347,Seoul-7636,41,97,Normal
2026-02-08 16:04:18.159347,Seoul-7636,38,52,Normal
2026-02-08 16:04:19.159347,Seoul-7636,19,54,Normal
2026-02-08 16:04:20.159347,Seoul-7636,-25,64,Normal
2026-02-08 16:04:21.159347,Seoul-7636,39,67,Normal
2026-02-08 16:04:22.159347,Seoul-7636,-25,34,Normal
2026-02-08 16:04:23.159347,Seoul-7636,-22,3,Normal
2026-02-08 16:04:24.159347,Seoul-7636,40,89,Normal
2026-02-08 16:04:25.159347,Seoul-7636,14,6,Normal
2026-02-08 16:04:26.159347,Seoul-7636,26,76,Normal
2026-02-08 16:04:27.159347,Seoul-7636,43,97,Normal
2026-02-08 16:04:28.159347,Seoul-7636,-7,36,Normal
2026-02-08 16:04:29.159347,Seoul-7636,38,26,Normal
2026-02-08 16:04:30.159347,Seoul-7636,43,57,Normal
2026-02-08 16:04:31.159347,Seoul-7636,-7,44,Normal
2026-02-08 16:04:32.159347,Seoul-7636,39,54,Normal
2026-02-08 16:04:33.159347,Seoul-7636,-24,79,Normal
2026-02-08 16:04:34.159347,Seoul-7636,16,81,Normal
2026-02-08 16:04:35.159347,Seoul-7636,12,78,Normal
2026-02-08 16:04:36.159347,Seoul-7636,28,36,Normal
2026-02-08 16:04:37.159347,Seoul-7636,-3,66,Normal
2026-02-08 16:04:38.159347,Seoul-7636,32,55,Normal
2026-02-08 16:04:39.159347,Seoul-7636,45,74,Normal
2026-02-08 16:04:40.159347,Seoul-7636,1,67,Normal
2026-02-08 16:04:41.159347,Seoul-7636,17,3,Normal
2026-02-08 16:04:42.159347,Seoul-7636,-29,57,Normal
2026-02-08 16:04:43.159347,Seoul-7636,17,59,Normal
2026-02-08 16:04:44.159347,Seoul-7636,4,84,Normal
2026-02-08 16:04:45.159347,Seoul-7636,21,28,Normal
2026-02-08 16:04:46.159347,Seoul-7636,-16,90,Normal
2026-02-08 16:04:47.159347,Seoul-7636,14,76,Normal
2026-02-08 16:04:48.159347,Seoul-7636,3,25,Normal
2026-02-08 16:04:49.159347,Seoul-7636,44,97,Normal
2026-02-08 16:04:50.159347,Seoul-7636,14,43,Normal
2026-02-08 16:04:51.159347,Seoul-7636,23,22,Normal
2026-02-08 16:04:52.159347,Seoul-7636,-18,69,Normal
2026-02-08 16:04:53.159347,Seoul-7636,-9,79,Normal
2026-02-08 16:04:54.159347,Seoul-7636,37,44,Normal
2026-02-08 16:04:55.159347,Seoul-7636,-10,65,Normal
2026-02-08 16:04:56.159347,Seoul-7636,27,31,Normal
2026-02-08 16:04:57.159347,Seoul-7636,-12,27,Normal
2026-02-08 16:04:58.159347,Seoul-7636,14,25,Normal
2026-02-08 16:04:59.159347,Seoul-7636,41,24,Normal
2026-02-08 16:05:00.159347,Seoul-7636,12,93,Normal
2026-02-08 16:05:01.159347,Seoul-7636,-1,12,Normal
2026-02-08 16:05:02.159347,Seoul-7636,39,80,Normal
2026-02-08 16:05:03.159347,Seoul-7636,37,67,Normal
2026-02-08 16:05:04.159347,Seoul-7636,4,70,Normal
2026-02-08 16:05:05.159347,Seoul-7636,47,45,Normal
2026-02-08 16:05:06.159347,Seoul-7636,39,57,Normal
2026-02-08 16:05:07.159347,Seoul-7636,1,75,Normal
2026-02-08 16:05:08.159347,Seoul-7636,-7,38,Normal
2026-02-08 16:05:09.159347,Seoul-7636,26,38,Normal
2026-02-08 16:05:10.159347,Seoul-7636,-30,44,Normal
2026-02-08 16:05:11.159347,Seoul-7636,8,73,Normal
2026-02-08 16:05:12.159347,Seoul-7636,-18,41,Normal
2026-02-08 16:05:13.159347,Seoul-7636,15,61,Normal
2026-02-08 16:05:14.159347,Seoul-7636,19,77,Normal
2026-02-08 16:05:15.159347,Seoul-7636,17,36,Normal
2026-02-08 16:05:16.159347,Seoul-7636,27,4,Normal
2026-02-08 16:05:17.159347,Seoul-7636,-6,65,Normal
2026-02-08 16:05:18.159347,Seoul-7636,-28,68,Normal
2026-02-08 16:05:19.159347,Seoul-7636,-28,33,Normal
2026-02-08 16:05:20.159347,Seoul-7636,30,16,Normal
2026-02-08 16:05:21.159347,Seoul-7636,15,6,Normal
2026-02-08 16:05:22.159347,Seoul-7636,30,52,Normal
2026-02-08 16:05:23.159347,Seoul-7636,44,66,Normal
2026-02-08 16:05:24.159347,Seoul-7636,6,85,Normal
2026-02-08 16:05:25.159347,Seoul-7636,33,46,Normal
2026-02-08 16:05:26.159347,Seoul-7636,-9,78,Normal
2026-02-08 16:05:27.159347,Seoul-7636,-16,18,Normal
2026-02-08 16:05:28.159347,Seoul-7636,40,20,Normal
2026-02-08 16:05:29.159347,Seoul-7636,31,13,Normal
2026-02-08 16:05:30.159347,Seoul-7636,-14,64,Normal
2026-02-08 16:05:31.159347,Seoul-7636,8,19,Normal
2026-02-08 16:05:32.159347,Seoul-7636,10,98,Normal
2026-02-08 16:05:33.159347,Seoul-7636,44,53,Normal
2026-02-08 16:05:34.159347,Seoul-7636,8,83,Normal
2026-02-08 16:05:35.159347,Seoul-7636,-15,32,Normal
2026-02-08 16:05:36.159347,Seoul-7636,10,36,Normal
2026-02-08 16:05:37.159347,Seoul-7636,30,18,Normal
2026-02-08 16:05:38.159347,Seoul-7636,0,77,Normal
2026-02-08 16:05:39.159347,Seoul-7636,-18,21,Normal
2026-02-08 16:05:40.159347,Seoul-7636,50,65,Normal
2026-02-08 16:05:41.159347,Seoul-7636,43,14,Normal
2026-02-08 16:05:42.159347,Seoul-7636,27,80,Normal
2026-02-08 16:05:43.159347,Seoul-7636,5,21,Normal
2026-02-08 16:05:44.159347,Seoul-7636,-18,48,Normal
2026-02-08 16:05:45.159347,Seoul-7636,17,60,Normal
2026-02-08 16:05:46.159347,Seoul-7636,31,20,Normal
2026-02-08 16:05:47.159347,Seoul-7636,-2,99,Normal
2026-02-08 16:05:48.159347,Seoul-7636,17,31,Normal
2026-02-08 16:05:49.159347,Seoul-7636,3,22,Normal
2026-02-08 16:05:50.159347,Seoul-7636,11,81,Normal
2026-02-08 16:05:51.159347,Seoul-7636,9,18,Normal
2026-02-08 16:05:52.159347,Seoul-7636,-7,50,Normal
2026-02-08 16:05:53.159347,Seoul-7636,-27,36,Normal
2026-02-08 16:05:54.159347,Seoul-7636,18,25,Normal
2026-02-08 16:05:55.159347,Seoul-7636,-19,93,Normal
2026-02-08 16:05:56.159347,Seoul-7636,10,92,Normal
2026-02-08 16:05:57.159347,Seoul-7636,35,46,Normal
2026-02-08 16:05:58.159347,Seoul-7636,17,53,Normal
2026-02-08 16:05:59.159347,Seoul-7636,30,6,Normal
2026-02-08 16:06:00.159347,Seoul-7636,26,63,Normal
2026-02-08 16:06:01.159347,Seoul-7636,-27,26,Normal
2026-02-08 16:06:02.159347,Seoul-7636,14,49,Normal
2026-02-08 16:06:03.159347,Seoul-7636,26,67,Normal
2026-02-08 16:06:04.159347,Seoul-7636,48,100,Normal
2026-02-08 16:06:05.159347,Seoul-7636,-14,64,Normal
2026-02-08 16:06:06.159347,Seoul-7636,44,90,Normal
2026-02-08 16:06:07.159347,Seoul-7636,23,32,Normal
2026-02-08 16:06:08.159347,Seoul-7636,-15,38,Normal
2026-02-08 16:06:09.159347,Seoul-7636,-30,90,Normal
2026-02-08 16:06:10.159347,Seoul-7636,17,34,Normal
2026-02-08 16:06:11.159347,Seoul-7636,12,66,Normal
2026-02-08 16:06:12.159347,Seoul-7636,5,80,Normal
2026-02-08 16:06:13.159347,Seoul-7636,-19,72,Normal
2026-02-08 16:06:14.159347,Seoul-7636,44,14,Normal
2026-02-08 16:06:15.159347,Seoul-7636,-25,19,Normal
2026-02-08 16:06:16.159347,Seoul-7636,6,73,Normal
2026-02-08 16:06:17.159347,Seoul-7636,49,78,Normal
2026-02-08 16:06:18.159347,Seoul-7636,34,88,Normal
2026-02-08 16:06:19.159347,Seoul-7636,19,41,Normal
2026-02-08 16:06:20.159347,Seoul-7636,10,89,Normal
2026-02-08 16:06:21.159347,Seoul-7636,-7,87,Normal
2026-02-08 16:06:22.159347,Seoul-7636,49,29,Normal
2026-02-08 16:06:23.159347,Seoul-7636,-14,38,Normal
2026-02-08 16:06:24.159347,Seoul-7636,34,96,Normal
2026-02-08 16:06:25.159347,Seoul-7636,-1,26,Normal
2026-02-08 16:06:26.159347,Seoul-7636,28,53,Normal
2026-02-08 16:06:27.159347,Seoul-7636,34,15,Normal
2026-02-08 16:06:28.159347,Seoul-7636,50,93,Normal
2026-02-08 16:06:29.159347,Seoul-7636,36,11,Normal
2026-02-08 16:06:30.159347,Seoul-7636,-10,35,Normal
2026-02-08 16:06:31.159347,Seoul-7636,-28,17,Normal
2026-02-08 16:06:32.159347,Seoul-7636,41,96,Normal
2026-02-08 16:06:33.159347,Seoul-7636,36,17,Normal
2026-02-08 16:06:34.159347,Seoul-7636,-30,33,Normal
2026-02-08 16:06:35.159347,Seoul-7636,-21,82,Normal
2026-02-08 16:06:36.159347,Seoul-7636,35,23,Normal
2026-02-08 16:06:37.159347,Seoul-7636,44,98,Normal
2026-02-08 16:06:38.159347,Seoul-7636,-28,50,Normal
2026-02-08 16:06:39.159347,Seoul-7636,0,58,Normal
2026-02-08 16:06:40.159347,Seoul-7636,39,94,Normal
2026-02-08 16:06:41.159347,Seoul-7636,-29,59,Normal
2026-02-08 16:06:42.159347,Seoul-7636,-21,61,Normal
2026-02-08 16:06:43.159347,Seoul-7636,35,19,Normal
2026-02-08 16:06:44.159347,Seoul-7636,41,67,Normal
2026-02-08 16:06:45.159347,Seoul-7636,-27,37,Normal
2026-02-08 16:06:46.159347,Seoul-7636,-7,76,Normal
2026-02-08 16:06:47.159347,Seoul-7636,45,57,Normal
2026-02-08 16:06:48.159347,Seoul-7636,41,67,Normal
2026-02-08 16:06:49.159347,Seoul-7636,24,95,Normal
2026-02-08 16:06:50.159347,Seoul-7636,44,43,Normal
2026-02-08 16:06:51.159347,Seoul-7636,-11,25,Normal
2026-02-08 16:06:52.159347,Seoul-7636,0,69,Normal
2026-02-08 16:06:53.159347,Seoul-7636,1,81,Normal
2026-02-08 16:06:54.159347,Seoul-7636,1,83,Normal
2026-02-08 16:06:55.159347,Seoul-7636,33,46,Normal
2026-02-08 16:06:56.159347,Seoul-7636,-27,7,Normal
2026-02-08 16:06:57.159347,Seoul-7636,9,32,Normal
2026-02-08 16:06:58.159347,Seoul-7636,4,1,Normal
2026-02-08 16:06:59.159347,Seoul-7636,31,70,Normal
2026-02-08 16:07:00.159347,Seoul-7636,18,19,Normal
2026-02-08 16:07:01.159347,Seoul-7636,27,85,Normal
2026-02-08 16:07:02.159347,Seoul-7636,13,80,Normal
2026-02-08 16:07:03.159347,Seoul-7636,2,37,Normal
2026-02-08 16:07:04.159347,Seoul-7636,34,93,Normal
2026-02-08 16:07:05.159347,Seoul-7636,50,84,Normal
2026-02-08 16:07:06.159347,Seoul-7636,-27,18,Normal
2026-02-08 16:07:07.159347,Seoul-7636,-27,94,Normal
2026-02-08 16:07:08.159347,Seoul-7636,13,23,Normal
2026-02-08 16:07:09.159347,Seoul-7636,43,16,Normal
2026-02-08 16:07:10.159347,Seoul-7636,6,3,Normal
2026-02-08 16:07:11.159347,Seoul-7636,10,95,Normal
2026-02-08 16:07:12.159347,Seoul-7636,7,24,Normal
2026-02-08 16:07:13.159347,Seoul-7636,36,87,Normal
2026-02-08 16:07:14.159347,Seoul-7636,19,67,Normal
2026-02-08 16:07:15.159347,Seoul-7636,20,53,Normal
2026-02-08 16:07:16.159347,Seoul-7636,-24,8,Normal
2026-02-08 16:07:17.159347,Seoul-7636,-30,97,Normal
2026-02-08 16:07:18.159347,Seoul-7636,37,76,Normal
2026-02-08 16:07:19.159347,Seoul-7636,2,52,Normal
2026-02-08 16:07:20.159347,Seoul-7636,11,97,Normal
2026-02-08 16:07:21.159347,Seoul-7636,1,75,Normal
2026-02-08 16:07:22.159347,Seoul-7636,46,94,Normal
2026-02-08 16:07:23.159347,Seoul-7636,18,79,Normal
2026-02-08 16:07:24.159347,Seoul-7636,50,5,Normal
2026-02-08 16:07:25.159347,Seoul-7636,-2,55,Normal
2026-02-08 16:07:26.159347,Seoul-7636,34,78,Normal
2026-02-08 16:07:27.159347,Seoul-7636,13,83,Normal
2026-02-08 16:07:28.159347,Seoul-7636,41,97,Normal
2026-02-08 16:07:29.159347,Seoul-7636,-30,10,Normal
2026-02-08 16:07:30.159347,Seoul-7636,-21,52,Normal
2026-02-08 16:07:31.159347,Seoul-7636,-21,21,Normal
2026-02-08 16:07:32.159347,Seoul-7636,13,82,Normal
2026-02-08 16:07:33.159347,Seoul-7636,34,12,Normal
2026-02-08 16:07:34.159347,Seoul-7636,-27,68,Normal
2026-02-08 16:07:35.159347,Seoul-7636,8,9,Normal
2026-02-08 16:07:36.159347,Seoul-7636,-13,67,Normal
2026-02-08 16:07:37.159347,Seoul-7636,8,3,Normal
2026-02-08 16:07:38.159347,Seoul-7636,-6,87,Normal
2026-02-08 16:07:39.159347,Seoul-7636,-15,2,Normal
2026-02-08 16:07:40.159347,Seoul-7636,-7,71,Normal
2026-02-08 16:07:41.159347,Seoul-7636,-8,37,Normal
2026-02-08 16:07:42.159347,Seoul-7636,1,12,Normal
2026-02-08 16:07:43.159347,Seoul-7636,33,31,Normal
2026-02-08 16:07:44.159347,Seoul-7636,-27,41,Normal
2026-02-08 16:07:45.159347,Seoul-7636,44,93,Normal
2026-02-08 16:07:46.159347,Seoul-7636,-24,94,Normal
2026-02-08 16:07:47.159347,Seoul-7636,15,54,Normal
2026-02-08 16:07:48.159347,Seoul-7636,40,28,Normal
2026-02-08 16:07:49.159347,Seoul-7636,30,38,Normal
2026-02-08 16:07:50.159347,Seoul-7636,3,91,Normal
2026-02-08 16:07:51.159347,Seoul-7636,29,30,Normal
2026-02-08 16:07:52.159347,Seoul-7636,49,2,Normal
2026-02-08 16:07:53.159347,Seoul-7636,20,76,Normal
2026-02-08 16:07:54.159347,Seoul-7636,31,99,Normal
2026-02-08 16:07:55.159347,Seoul-7636,16,89,Normal
2026-02-08 16:07:56.159347,Seoul-7636,50,54,Normal
2026-02-08 16:07:57.159347,Seoul-7636,-20,37,Normal
2026-02-08 16:07:58.159347,Seoul-7636,-10,50,Normal
2026-02-08 16:07:59.159347,Seoul-7636,-13,51,Normal
2026-02-08 16:08:00.159347,Seoul-7636,-1,61,Normal
2026-02-08 16:08:01.159347,Seoul-7636,-19,3,Normal
2026-02-08 16:08:02.159347,Seoul-7636,19,27,Normal
2026-02-08 16:08:03.159347,Seoul-7636,31,1,Normal
2026-02-08 16:08:04.159347,Seoul-7636,27,85,Normal
2026-02-08 16:08:05.159347,Seoul-7636,-21,28,Normal
2026-02-08 16:08:06.159347,Seoul-7636,23,19,Normal
2026-02-08 16:08:07.159347,Seoul-7636,-11,48,Normal
2026-02-08 16:08:08.159347,Seoul-7636,-14,51,Normal
2026-02-08 16:08:09.159347,Seoul-7636,31,81,Normal
2026-02-08 16:08:10.159347,Seoul-7636,31,84,Normal
2026-02-08 16:08:11.159347,Seoul-7636,-9,38,Normal
2026-02-08 16:08:12.159347,Seoul-7636,-22,96,Normal
2026-02-08 16:08:13.159347,Seoul-7636,-23,58,Normal
2026-02-08 16:08:14.159347,Seoul-7636,23,92,Normal
2026-02-08 16:08:15.159347,Seoul-7636,41,44,Normal
2026-02-08 16:08:16.159347,Seoul-7636,10,22,Normal
2026-02-08 16:08:17.159347,Seoul-7636,-9,20,Normal
2026-02-08 16:08:18.159347,Seoul-7636,24,70,Normal
2026-02-08 16:08:19.159347,Seoul-7636,-13,99,Normal
2026-02-08 16:08:20.159347,Seoul-7636,41,1,Normal
2026-02-08 16:08:21.159347,Seoul-7636,27,53,Normal
2026-02-08 16:08:22.159347,Seoul-7636,43,65,Normal
2026-02-08 16:08:23.159347,Seoul-7636,5,60,Normal
2026-02-08 16:08:24.159347,Seoul-7636,50,32,Normal
2026-02-08 16:08:25.159347,Seoul-7636,42,71,Normal
2026-02-08 16:08:26.159347,Seoul-7636,4,48,Normal
2026-02-08 16:08:27.159347,Seoul-7636,6,28,Normal
2026-02-08 16:08:28.159347,Seoul-7636,-4,21,Normal
2026-02-08 16:08:29.159347,Seoul-7636,32,28,Normal
2026-02-08 16:08:30.159347,Seoul-7636,14,69,Normal
2026-02-08 16:08:31.159347,Seoul-7636,-20,69,Normal
2026-02-08 16:08:32.159347,Seoul-7636,5,31,Normal
2026-02-08 16:08:33.159347,Seoul-7636,-12,35,Normal
2026-02-08 16:08:34.159347,Seoul-7636,-29,0,Normal
2026-02-08 16:08:35.159347,Seoul-7636,21,58,Normal
2026-02-08 16:08:36.159347,Seoul-7636,-15,50,Normal
2026-02-08 16:08:37.159347,Seoul-7636,-17,69,Normal
2026-02-08 16:08:38.159347,Seoul-7636,36,8,Normal
2026-02-08 16:08:39.159347,Seoul-7636,-3,71,Normal
2026-02-08 16:08:40.159347,Seoul-7636,20,6,Normal
2026-02-08 16:08:41.159347,Seoul-7636,49,95,Normal
2026-02-08 16:08:42.159347,Seoul-7636,42,14,Normal
2026-02-08 16:08:43.159347,Seoul-7636,41,30,Normal
2026-02-08 16:08:44.159347,Seoul-7636,38,0,Normal
2026-02-08 16:08:45.159347,Seoul-7636,22,14,Normal
2026-02-08 16:08:46.159347,Seoul-7636,-18,58,Normal
2026-02-08 16:08:47.159347,Seoul-7636,8,34,Normal
2026-02-08 16:08:48.159347,Seoul-7636,12,25,Normal
2026-02-08 16:08:49.159347,Seoul-7636,26,9,Normal
2026-02-08 16:08:50.159347,Seoul-7636,43,84,Normal
2026-02-08 16:08:51.159347,Seoul-7636,-21,64,Normal
2026-02-08 16:08:52.159347,Seoul-7636,-4,61,Normal
2026-02-08 16:08:53.159347,Seoul-7636,10,32,Normal
2026-02-08 16:08:54.159347,Seoul-7636,-14,40,Normal
2026-02-08 16:08:55.159347,Seoul-7636,35,91,Normal
2026-02-08 16:08:56.159347,Seoul-7636,47,46,Normal
2026-02-08 16:08:57.159347,Seoul-7636,25,30,Normal
2026-02-08 16:08:58.159347,Seoul-7636,48,29,Normal
2026-02-08 16:08:59.159347,Seoul-7636,43,74,Normal
2026-02-08 16:09:00.159347,Seoul-7636,-4,48,Normal
2026-02-08 16:09:01.159347,Seoul-7636,50,42,Normal
2026-02-08 16:09:02.159347,Seoul-7636,18,51,Normal
2026-02-08 16:09:03.159347,Seoul-7636,4,39,Normal
2026-02-08 16:09:04.159347,Seoul-7636,47,76,Normal
2026-02-08 16:09:05.159347,Seoul-7636,-18,58,Normal
2026-02-08 16:09:06.159347,Seoul-7636,-24,1,Normal
2026-02-08 16:09:07.159347,Seoul-7636,19,70,Normal
2026-02-08 16:09:08.159347,Seoul-7636,45,25,Normal
2026-02-08 16:09:09.159347,Seoul-7636,-28,62,Normal
2026-02-08 16:09:10.159347,Seoul-7636,46,58,Normal
2026-02-08 16:09:11.159347,Seoul-7636,-29,95,Normal
2026-02-08 16:09:12.159347,Seoul-7636,18,45,Normal
2026-02-08 16:09:13.159347,Seoul-7636,39,28,Normal
2026-02-08 16:09:14.159347,Seoul-7636,11,80,Normal
2026-02-08 16:09:15.159347,Seoul-7636,35,14,Normal
2026-02-08 16:09:16.159347,Seoul-7636,47,88,Normal
2026-02-08 16:09:17.159347,Seoul-7636,-12,41,Normal
2026-02-08 16:09:18.159347,Seoul-7636,44,67,Normal
2026-02-08 16:09:19.159347,Seoul-7636,32,38,Normal
2026-02-08 16:09:20.159347,Seoul-7636,6,95,Normal
2026-02-08 16:09:21.159347,Seoul-7636,39,7,Normal
2026-02-08 16:09:22.159347,Seoul-7636,-9,56,Normal
2026-02-08 16:09:23.159347,Seoul-7636,-16,25,Normal
2026-02-08 16:09:24.159347,Seoul-7636,22,60,Normal
2026-02-08 16:09:25.159347,Seoul-7636,20,35,Normal
2026-02-08 16:09:26.159347,Seoul-7636,5,0,Normal
2026-02-08 16:09:27.159347,Seoul-7636,6,20,Normal
2026-02-08 16:09:28.159347,Seoul-7636,11,12,Normal
2026-02-08 16:09:29.159347,Seoul-7636,-5,82,Normal
2026-02-08 16:09:30.159347,Seoul-7636,-13,14,Normal
2026-02-08 16:09:31.159347,Seoul-7636,-18,28,Normal
2026-02-08 16:09:32.159347,Seoul-7636,35,36,Normal
2026-02-08 16:09:33.159347,Seoul-7636,40,83,Normal
2026-02-08 16:09:34.159347,Seoul-7636,-15,53,Normal
2026-02-08 16:09:35.159347,Seoul-7636,4,66,Normal
2026-02-08 16:09:36.159347,Seoul-7636,48,91,Normal
2026-02-08 16:09:37.159347,Seoul-7636,47,27,Normal
2026-02-08 16:09:38.159347,Seoul-7636,-13,46,Normal
2026-02-08 16:09:39.159347,Seoul-7636,45,66,Normal
2026-02-08 16:09:40.159347,Seoul-7636,-6,83,Normal
2026-02-08 16:09:41.159347,Seoul-7636,40,62,Normal
2026-02-08 16:09:42.159347,Seoul-7636,24,70,Normal
2026-02-08 16:09:43.159347,Seoul-7636,41,37,Normal
2026-02-08 16:09:44.159347,Seoul-7636,3,15,Normal
2026-02-08 16:09:45.159347,Seoul-7636,12,53,Normal
2026-02-08 16:09:46.159347,Seoul-7636,39,39,Normal
2026-02-08 16:09:47.159347,Seoul-7636,16,88,Normal
2026-02-08 16:09:48.159347,Seoul-7636,45,22,Normal
2026-02-08 16:09:49.159347,Seoul-7636,-11,96,Normal
2026-02-08 16:09:50.159347,Seoul-7636,17,81,Normal
2026-02-08 16:09:51.159347,Seoul-7636,30,48,Normal
2026-02-08 16:09:52.159347,Seoul-7636,48,10,Normal
2026-02-08 16:09:53.159347,Seoul-7636,-19,68,Normal
2026-02-08 16:09:54.159347,Seoul-7636,14,45,Normal
2026-02-08 16:09:55.159347,Seoul-7636,-4,40,Normal
2026-02-08 16:09:56.159347,Seoul-7636,10,73,Normal
2026-02-08 16:09:57.159347,Seoul-7636,22,82,Normal
2026-02-08 16:09:58.159347,Seoul-7636,17,95,Normal
2026-02-08 16:09:59.159347,Seoul-7636,6,73,Normal
2026-02-08 16:10:00.159347,Seoul-7636,-10,14,Normal
2026-02-08 16:10:01.159347,Seoul-7636,32,12,Normal
2026-02-08 16:10:02.159347,Seoul-7636,7,98,Normal
2026-02-08 16:10:03.159347,Seoul-7636,29,55,Normal
2026-02-08 16:10:04.159347,Seoul-7636,50,20,Normal
2026-02-08 16:10:05.159347,Seoul-7636,-30,18,Normal
2026-02-08 16:10:06.159347,Seoul-7636,-20,78,Normal
2026-02-08 16:10:07.159347,Seoul-7636,5,29,Normal
2026-02-08 16:10:08.159347,Seoul-7636,-1,40,Normal
2026-02-08 16:10:09.159347,Seoul-7636,27,100,Normal
2026-02-08 16:10:10.159347,Seoul-7636,29,49,Normal
2026-02-08 16:10:11.159347,Seoul-7636,-8,72,Normal
2026-02-08 16:10:12.159347,Seoul-7636,-16,27,Normal
2026-02-08 16:10:13.159347,Seoul-7636,40,70,Normal
2026-02-08 16:10:14.159347,Seoul-7636,-16,34,Normal
2026-02-08 16:10:15.159347,Seoul-7636,-10,34,Normal
2026-02-08 16:10:16.159347,Seoul-7636,-9,90,Normal
2026-02-08 16:10:17.159347,Seoul-7636,5,6,Normal
2026-02-08 16:10:18.159347,Seoul-7636,8,95,Normal
2026-02-08 16:10:19.159347,Seoul-7636,26,87,Normal
2026-02-08 16:10:20.159347,Seoul-7636,-26,35,Normal
2026-02-08 16:10:21.159347,Seoul-7636,9,78,Normal
2026-02-08 16:10:22.159347,Seoul-7636,4,8,Normal
2026-02-08 16:10:23.159347,Seoul-7636,8,13,Normal
2026-02-08 16:10:24.159347,Seoul-7636,45,16,Normal
2026-02-08 16:10:25.159347,Seoul-7636,11,41,Normal
2026-02-08 16:10:26.159347,Seoul-7636,31,44,Normal
2026-02-08 16:10:27.159347,Seoul-7636,27,56,Normal
2026-02-08 16:10:28.159347,Seoul-7636,-7,9,Normal
2026-02-08 16:10:29.159347,Seoul-7636,36,15,Normal
2026-02-08 16:10:30.159347,Seoul-7636,-15,83,Normal
2026-02-08 16:10:31.159347,Seoul-7636,-19,75,Normal
2026-02-08 16:10:32.159347,Seoul-7636,31,21,Normal
2026-02-08 16:10:33.159347,Seoul-7636,-13,77,Normal
2026-02-08 16:10:34.159347,Seoul-7636,29,14,Normal
2026-02-08 16:10:35.159347,Seoul-7636,-1,81,Normal
2026-02-08 16:10:36.159347,Seoul-7636,-10,35,Normal
2026-02-08 16:10:37.159347,Seoul-7636,-17,16,Normal
2026-02-08 16:10:38.159347,Seoul-7636,3,72,Normal
2026-02-08 16:10:39.159347,Seoul-7636,13,85,Normal
2026-02-08 16:10:40.159347,Seoul-7636,9,76,Normal
2026-02-08 16:10:41.159347,Seoul-7636,-4,20,Normal
2026-02-08 16:10:42.159347,Seoul-7636,18,11,Normal
2026-02-08 16:10:43.159347,Seoul-7636,-30,97,Normal
2026-02-08 16:10:44.159347,Seoul-7636,-11,43,Normal
2026-02-08 16:10:45.159347,Seoul-7636,3,54,Normal
2026-02-08 16:10:46.159347,Seoul-7636,28,85,Normal
2026-02-08 16:10:47.159347,Seoul-7636,4,14,Normal
2026-02-08 16:10:48.159347,Seoul-7636,16,0,Normal
2026-02-08 16:10:49.159347,Seoul-7636,37,11,Normal
2026-02-08 16:10:50.159347,Seoul-7636,-1,34,Normal
2026-02-08 16:10:51.159347,Seoul-7636,33,60,Normal
2026-02-08 16:10:52.159347,Seoul-7636,4,69,Normal
2026-02-08 16:10:53.159347,Seoul-7636,44,35,Normal
2026-02-08 16:10:54.159347,Seoul-7636,14,97,Normal
2026-02-08 16:10:55.159347,Seoul-7636,-3,8,Normal
2026-02-08 16:10:56.159347,Seoul-7636,20,61,Normal
2026-02-08 16:10:57.159347,Seoul-7636,-29,70,Normal
2026-02-08 16:10:58.159347,Seoul-7636,47,67,Normal
2026-02-08 16:10:59.159347,Seoul-7636,-6,76,Normal
2026-02-08 16:11:00.159347,Seoul-7636,23,67,Normal
2026-02-08 16:11:01.159347,Seoul-7636,-21,24,Normal
2026-02-08 16:11:02.159347,Seoul-7636,-20,92,Normal
2026-02-08 16:11:03.159347,Seoul-7636,5,77,Normal
2026-02-08 16:11:04.159347,Seoul-7636,-6,41,Normal
2026-02-08 16:11:05.159347,Seoul-7636,17,98,Normal
2026-02-08 16:11:06.159347,Seoul-7636,8,90,Normal
2026-02-08 16:11:07.159347,Seoul-7636,2,18,Normal
2026-02-08 16:11:08.159347,Seoul-7636,41,71,Normal
2026-02-08 16:11:09.159347,Seoul-7636,3,63,Normal
2026-02-08 16:11:10.159347,Seoul-7636,-23,100,Normal
2026-02-08 16:11:11.159347,Seoul-7636,5,23,Normal
2026-02-08 16:11:12.159347,Seoul-7636,-20,26,Normal
2026-02-08 16:11:13.159347,Seoul-7636,-10,36,Normal
2026-02-08 16:11:14.159347,Seoul-7636,19,68,Normal
2026-02-08 16:11:15.159347,Seoul-7636,1,38,Normal
2026-02-08 16:11:16.159347,Seoul-7636,29,34,Normal
2026-02-08 16:11:17.159347,Seoul-7636,-18,97,Normal
2026-02-08 16:11:18.159347,Seoul-7636,15,55,Normal
2026-02-08 16:11:19.159347,Seoul-7636,11,97,Normal
2026-02-08 16:11:20.159347,Seoul-7636,9,21,Normal
2026-02-08 16:11:21.159347,Seoul-7636,14,16,Normal
2026-02-08 16:11:22.159347,Seoul-7636,48,76,Normal
2026-02-08 16:11:23.159347,Seoul-7636,50,22,Normal
2026-02-08 16:11:24.159347,Seoul-7636,-19,30,Normal
2026-02-08 16:11:25.159347,Seoul-7636,5,11,Normal
2026-02-08 16:11:26.159347,Seoul-7636,29,11,Normal
2026-02-08 16:11:27.159347,Seoul-7636,8,27,Normal
2026-02-08 16:11:28.159347,Seoul-7636,1,58,Normal
2026-02-08 16:11:29.159347,Seoul-7636,-6,10,Normal
2026-02-08 16:11:30.159347,Seoul-7636,9,84,Normal
2026-02-08 16:11:31.159347,Seoul-7636,-17,84,Normal
2026-02-08 16:11:32.159347,Seoul-7636,32,4,Normal
2026-02-08 16:11:33.159347,Seoul-7636,24,26,Normal
2026-02-08 16:11:34.159347,Seoul-7636,33,81,Normal
2026-02-08 16:11:35.159347,Seoul-7636,-23,87,Normal
2026-02-08 16:11:36.159347,Seoul-7636,-20,31,Normal
2026-02-08 16:11:37.159347,Seoul-7636,21,94,Normal
2026-02-08 16:11:38.159347,Seoul-7636,42,38,Normal
