timestamp,station_id,temp,humid,condition
2026-02-08 15:38:27.727938,Tokyo-4388,48,95,Normal
2026-02-08 15:38:28.727938,Tokyo-4388,17,16,Normal
2026-02-08 15:38:29.727938,Tokyo-4388,-15,96,Normal
2026-02-08 15:38:30.727938,Tokyo-4388,29,88,Normal
2026-02-08 15:38:31.727938,Tokyo-4388,-3,50,Normal
2026-02-08 15:38:32.727938,Tokyo-4388,0,42,Normal
2026-02-08 15:38:33.727938,Tokyo-4388,3,99,Normal
2026-02-08 15:38:34.727938,Tokyo-4388,-23,6,Normal
2026-02-08 15:38:35.727938,Tokyo-4388,-3,18,Normal
2026-02-08 15:38:36.727938,Tokyo-4388,49,82,Normal
2026-02-08 15:38:37.727938,Tokyo-4388,-28,37,Normal
2026-02-08 15:38:38.727938,Tokyo-4388,-17,57,Normal
2026-02-08 15:38:39.727938,Tokyo-4388,17,76,Normal
2026-02-08 15:38:40.727938,Tokyo-4388,23,65,Normal
2026-02-08 15:38:41.727938,Tokyo-4388,-27,18,Normal
2026-02-08 15:38:42.727938,Tokyo-4388,16,37,Normal
2026-02-08 15:38:43.727938,Tokyo-4388,47,68,Normal
2026-02-08 15:38:44.727938,Tokyo-4388,-30,89,Normal
2026-02-08 15:38:45.727938,Tokyo-4388,33,41,Normal
2026-02-08 15:38:46.727938,Tokyo-4388,-19,94,Normal
2026-02-08 15:38:47.727938,Tokyo-4388,-22,78,Normal
2026-02-08 15:38:48.727938,Tokyo-4388,9,38,Normal
2026-02-08 15:38:49.727938,Tokyo-4388,-5,3,Normal
2026-02-08 15:38:50.727938,Tokyo-4388,16,45,Normal
2026-02-08 15:38:51.727938,Tokyo-4388,13,80,Normal
2026-02-08 15:38:52.727938,Tokyo-4388,31,100,Normal
2026-02-08 15:38:53.727938,Tokyo-4388,6,51,Normal
2026-02-08 15:38:54.727938,Tokyo-4388,9,7,Normal
2026-02-08 15:38:55.727938,Tokyo-4388,43,87,Normal
2026-02-08 15:38:56.727938,Tokyo-4388,-8,84,Normal
2026-02-08 15:38:57.727938,Tokyo-4388,4,49,Normal
2026-02-08 15:38:58.727938,Tokyo-4388,10,31,Normal
2026-02-08 15:38:59.727938,Tokyo-4388,16,74,Normal
2026-02-08 15:39:00.727938,Tokyo-4388,-22,90,Normal
2026-02-08 15:39:01.727938,Tokyo-4388,-11,8,Normal
2026-02-08 15:39:02.727938,Tokyo-4388,21,6,Normal
2026-02-08 15:39:03.727938,Tokyo-4388,8,25,Normal
2026-02-08 15:39:04.727938,Tokyo-4388,33,87,Normal
2026-02-08 15:39:05.727938,Tokyo-4388,17,31,Normal
2026-02-08 15:39:06.727938,Tokyo-4388,45,3,Normal
2026-02-08 15:39:07.727938,Tokyo-4388,-15,66,Normal
2026-02-08 15:39:08.727938,Tokyo-4388,26,78,Normal
2026-02-08 15:39:09.727938,Tokyo-4388,10,59,Normal
2026-02-08 15:39:10.727938,Tokyo-4388,-24,27,Normal
2026-02-08 15:39:11.727938,Tokyo-4388,21,98,Normal
2026-02-08 15:39:12.727938,Tokyo-4388,42,86,Normal
2026-02-08 15:39:13.727938,Tokyo-4388,3,93,Normal
2026-02-08 15:39:14.727938,Tokyo-4388,14,30,Normal
2026-02-08 15:39:15.727938,Tokyo-4388,38,48,Normal
2026-02-08 15:39:16.727938,Tokyo-4388,1,13,Normal
2026-02-08 15:39:17.727938,Tokyo-4388,-24,73,Normal
2026-02-08 15:39:18.727938,Tokyo-4388,-17,70,Normal
2026-02-08 15:39:19.727938,Tokyo-4388,-4,82,Normal
2026-02-08 15:39:20.727938,Tokyo-4388,45,99,Normal
2026-02-08 15:39:21.727938,Tokyo-4388,-12,68,Normal
2026-02-08 15:39:22.727938,Tokyo-4388,-13,99,Normal
2026-02-08 15:39:23.727938,Tokyo-4388,-12,13,Normal
2026-02-08 15:39:24.727938,Tokyo-4388,-22,17,Normal
2026-02-08 15:39:25.727938,Tokyo-4388,-15,70,Normal
2026-02-08 15:39:26.727938,Tokyo-4388,-18,28,Normal
2026-02-08 15:39:27.727938,Tokyo-4388,-15,49,Normal
2026-02-08 15:39:28.727938,Tokyo-4388,-18,85,Normal
2026-02-08 15:39:29.727938,Tokyo-4388,11,88,Normal
2026-02-08 15:39:30.727938,Tokyo-4388,-11,10,Normal
2026-02-08 15:39:31.727938,Tokyo-4388,28,6,Normal
2026-02-08 15:39:32.727938,Tokyo-4388,36,18,Normal
2026-02-08 15:39:33.727938,Tokyo-4388,39,32,Normal
2026-02-08 15:39:34.727938,Tokyo-4388,38,99,Normal
2026-02-08 15:39:35.727938,Tokyo-4388,9,84,Normal
2026-02-08 15:39:36.727938,Tokyo-4388,-10,86,Normal
2026-02-08 15:39:37.727938,Tokyo-4388,-23,65,Normal
2026-02-08 15:39:38.727938,Tokyo-4388,18,80,Normal
2026-02-08 15:39:39.727938,Tokyo-4388,6,23,Normal
2026-02-08 15:39:40.727938,Tokyo-4388,19,55,Normal
2026-02-08 15:39:41.727938,Tokyo-4388,13,50,Normal
2026-02-08 15:39:42.727938,Tokyo-4388,-21,96,Normal
2026-02-08 15:39:43.727938,Tokyo-4388,-26,14,Normal
2026-02-08 15:39:44.727938,Tokyo-4388,-4,35,Normal
2026-02-08 15:39:45.727938,Tokyo-4388,7,65,Normal
2026-02-08 15:39:46.727938,Tokyo-4388,16,29,Normal
2026-02-08 15:39:47.727938,Tokyo-4388,5,45,Normal
2026-02-08 15:39:48.727938,Tokyo-4388,3,65,Normal
2026-02-08 15:39:49.727938,Tokyo-4388,34,9,Normal
2026-02-08 15:39:50.727938,Tokyo-4388,18,58,Normal
2026-02-08 15:39:51.727938,Tokyo-4388,31,20,Normal
2026-02-08 15:39:52.727938,Tokyo-4388,-5,64,Normal
2026-02-08 15:39:53.727938,Tokyo-4388,36,92,Normal
2026-02-08 15:39:54.727938,Tokyo-4388,46,81,Normal
2026-02-08 15:39:55.727938,Tokyo-4388,15,70,Normal
2026-02-08 15:39:56.727938,Tokyo-4388,-23,94,Normal
2026-02-08 15:39:57.727938,Tokyo-4388,43,86,Normal
2026-02-08 15:39:58.727938,Tokyo-4388,21,93,Normal
2026-02-08 15:39:59.727938,Tokyo-4388,21,11,Normal
2026-02-08 15:40:00.727938,Tokyo-4388,4,1,Normal
2026-02-08 15:40:01.727938,Tokyo-4388,30,7,Normal
2026-02-08 15:40:02.727938,Tokyo-4388,-24,20,Normal
2026-02-08 15:40:03.727938,Tokyo-4388,25,29,Normal
2026-02-08 15:40:04.727938,Tokyo-4388,-19,80,Normal
2026-02-08 15:40:05.727938,Tokyo-4388,-20,6,Normal
2026-02-08 15:40:06.727938,Tokyo-4388,40,63,Normal
2026-02-08 15:40:07.727938,Tokyo-4388,42,97,Normal
2026-02-08 15:40:08.727938,Tokyo-4388,-3,20,Normal
2026-02-08 15:40:09.727938,Tokyo-4388,15,65,Normal
2026-02-08 15:40:10.727938,Tokyo-4388,37,16,Normal
2026-02-08 15:40:11.727938,Tokyo-4388,15,55,Normal
2026-02-08 15:40:12.727938,Tokyo-4388,-4,27,Normal
2026-02-08 15:40:13.727938,Tokyo-4388,6,83,Normal
2026-02-08 15:40:14.727938,Tokyo-4388,-4,23,Normal
2026-02-08 15:40:15.727938,Tokyo-4388,41,82,Normal
2026-02-08 15:40:16.727938,Tokyo-4388,44,69,Normal
2026-02-08 15:40:17.727938,Tokyo-4388,42,55,Normal
2026-02-08 15:40:18.727938,Tokyo-4388,12,99,Normal
2026-02-08 15:40:19.727938,Tokyo-4388,48,21,Normal
2026-02-08 15:40:20.727938,Tokyo-4388,-10,72,Normal
2026-02-08 15:40:21.727938,Tokyo-4388,-24,85,Normal
2026-02-08 15:40:22.727938,Tokyo-4388,6,29,Normal
2026-02-08 15:40:23.727938,Tokyo-4388,-25,47,Normal
2026-02-08 15:40:24.727938,Tokyo-4388,23,92,Normal
2026-02-08 15:40:25.727938,Tokyo-4388,-8,40,Normal
2026-02-08 15:40:26.727938,Tokyo-4388,22,8,Normal
2026-02-08 15:40:27.727938,Tokyo-4388,7,36,Normal
2026-02-08 15:40:28.727938,Tokyo-4388,48,87,Normal
2026-02-08 15:40:29.727938,Tokyo-4388,40,27,Normal
2026-02-08 15:40:30.727938,Tokyo-4388,-28,34,Normal
2026-02-08 15:40:31.727938,Tokyo-4388,-18,79,Normal
2026-02-08 15:40:32.727938,Tokyo-4388,10,94,Normal
2026-02-08 15:40:33.727938,Tokyo-4388,50,5,Normal
2026-02-08 15:40:34.727938,Tokyo-4388,31,45,Normal
2026-02-08 15:40:35.727938,Tokyo-4388,-27,68,Normal
2026-02-08 15:40:36.727938,Tokyo-4388,17,72,Normal
2026-02-08 15:40:37.727938,Tokyo-4388,11,43,Normal
2026-02-08 15:40:38.727938,Tokyo-4388,-17,81,Normal
2026-02-08 15:40:39.727938,Tokyo-4388,20,48,Normal
2026-02-08 15:40:40.727938,Tokyo-4388,6,7,Normal
2026-02-08 15:40:41.727938,Tokyo-4388,33,88,Normal
2026-02-08 15:40:42.727938,Tokyo-4388,38,94,Normal
2026-02-08 15:40:43.727938,Tokyo-4388,7,36,Normal
2026-02-08 15:40:44.727938,Tokyo-4388,-10,24,Normal
2026-02-08 15:40:45.727938,Tokyo-4388,-18,25,Normal
2026-02-08 15:40:46.727938,Tokyo-4388,-5,86,Normal
2026-02-08 15:40:47.727938,Tokyo-4388,2,93,Normal
2026-02-08 15:40:48.727938,Tokyo-4388,35,59,Normal
2026-02-08 15:40:49.727938,Tokyo-4388,30,34,Normal
2026-02-08 15:40:50.727938,Tokyo-4388,29,59,Normal
2026-02-08 15:40:51.727938,Tokyo-4388,-20,48,Normal
2026-02-08 15:40:52.727938,Tokyo-4388,-20,9,Normal
2026-02-08 15:40:53.727938,Tokyo-4388,-13,70,Normal
2026-02-08 15:40:54.727938,Tokyo-4388,-20,76,Normal
2026-02-08 15:40:55.727938,Tokyo-4388,-3,22,Normal
2026-02-08 15:40:56.727938,Tokyo-4388,14,6,Normal
2026-02-08 15:40:57.727938,Tokyo-4388,14,3,Normal
2026-02-08 15:40:58.727938,Tokyo-4388,1,35,Normal
2026-02-08 15:40:59.727938,Tokyo-4388,16,13,Normal
2026-02-08 15:41:00.727938,Tokyo-4388,38,74,Normal
2026-02-08 15:41:01.727938,Tokyo-4388,39,0,Normal
2026-02-08 15:41:02.727938,Tokyo-4388,-23,21,Normal
2026-02-08 15:41:03.727938,Tokyo-4388,-7,56,Normal
2026-02-08 15:41:04.727938,Tokyo-4388,-10,46,Normal
2026-02-08 15:41:05.727938,Tokyo-4388,49,49,Normal
2026-02-08 15:41:06.727938,Tokyo-4388,-12,2,Normal
2026-02-08 15:41:07.727938,Tokyo-4388,-6,73,Normal
2026-02-08 15:41:08.727938,Tokyo-4388,44,41,Normal
2026-02-08 15:41:09.727938,Tokyo-4388,46,68,Normal
2026-02-08 15:41:10.727938,Tokyo-4388,-29,39,Normal
2026-02-08 15:41:11.727938,Tokyo-4388,16,83,Normal
2026-02-08 15:41:12.727938,Tokyo-4388,4,12,Normal
2026-02-08 15:41:13.727938,Tokyo-4388,-28,39,Normal
2026-02-08 15:41:14.727938,Tokyo-4388,-20,5,Normal
2026-02-08 15:41:15.727938,Tokyo-4388,31,48,Normal
2026-02-08 15:41:16.727938,Tokyo-4388,-23,26,Normal
2026-02-08 15:41:17.727938,Tokyo-4388,-7,100,Normal
2026-02-08 15:41:18.727938,Tokyo-4388,48,92,Normal
2026-02-08 15:41:19.727938,Tokyo-4388,40,65,Normal
2026-02-08 15:41:20.727938,Tokyo-4388,46,57,Normal
2026-02-08 15:41:21.727938,Tokyo-4388,10,18,Normal
2026-02-08 15:41:22.727938,Tokyo-4388,2,100,Normal
2026-02-08 15:41:23.727938,Tokyo-4388,19,52,Normal
2026-02-08 15:41:24.727938,Tokyo-4388,50,34,Normal
2026-02-08 15:41:25.727938,Tokyo-4388,27,42,Normal
2026-02-08 15:41:26.727938,Tokyo-4388,44,61,Normal
2026-02-08 15:41:27.727938,Tokyo-4388,3,77,Normal
2026-02-08 15:41:28.727938,Tokyo-4388,23,98,Normal
2026-02-08 15:41:29.727938,Tokyo-4388,-14,29,Normal
2026-02-08 15:41:30.727938,Tokyo-4388,6,80,Normal
2026-02-08 15:41:31.727938,Tokyo-4388,44,8,Normal
2026-02-08 15:41:32.727938,Tokyo-4388,23,66,Normal
2026-02-08 15:41:33.727938,Tokyo-4388,26,17,Normal
2026-02-08 15:41:34.727938,Tokyo-4388,-14,46,Normal
2026-02-08 15:41:35.727938,Tokyo-4388,-8,49,Normal
2026-02-08 15:41:36.727938,Tokyo-4388,-18,89,Normal
2026-02-08 15:41:37.727938,Tokyo-4388,11,55,Normal
2026-02-08 15:41:38.727938,Tokyo-4388,-28,30,Normal
2026-02-08 15:41:39.727938,Tokyo-4388,23,69,Normal
2026-02-08 15:41:40.727938,Tokyo-4388,12,28,Normal
2026-02-08 15:41:41.727938,Tokyo-4388,24,45,Normal
2026-02-08 15:41:42.727938,Tokyo-4388,4,32,Normal
2026-02-08 15:41:43.727938,Tokyo-4388,-10,93,Normal
2026-02-08 15:41:44.727938,Tokyo-4388,-17,20,Normal
2026-02-08 15:41:45.727938,Tokyo-4388,42,54,Normal
2026-02-08 15:41:46.727938,Tokyo-4388,50,72,Normal
2026-02-08 15:41:47.727938,Tokyo-4388,-18,77,Normal
2026-02-08 15:41:48.727938,Tokyo-4388,24,27,Normal
2026-02-08 15:41:49.727938,Tokyo-4388,49,2,Normal
2026-02-08 15:41:50.727938,Tokyo-4388,-14,94,Normal
2026-02-08 15:41:51.727938,Tokyo-4388,25,62,Normal
2026-02-08 15:41:52.727938,Tokyo-4388,25,91,Normal
2026-02-08 15:41:53.727938,Tokyo-4388,4,0,Normal
2026-02-08 15:41:54.727938,Tokyo-4388,50,45,Normal
2026-02-08 15:41:55.727938,Tokyo-4388,16,14,Normal
2026-02-08 15:41:56.727938,Tokyo-4388,47,81,Normal
2026-02-08 15:41:57.727938,Tokyo-4388,-21,3,Normal
2026-02-08 15:41:58.727938,Tokyo-4388,43,25,Normal
2026-02-08 15:41:59.727938,Tokyo-4388,-30,39,Normal
2026-02-08 15:42:00.727938,Tokyo-4388,38,0,Normal
2026-02-08 15:42:01.727938,Tokyo-4388,12,74,Normal
2026-02-08 15:42:02.727938,Tokyo-4388,34,79,Normal
2026-02-08 15:42:03.727938,Tokyo-4388,-20,70,Normal
2026-02-08 15:42:04.727938,Tokyo-4388,10,81,Normal
2026-02-08 15:42:05.727938,Tokyo-4388,33,57,Normal
2026-02-08 15:42:06.727938,Tokyo-4388,8,50,Normal
2026-02-08 15:42:07.727938,Tokyo-4388,-20,50,Normal
2026-02-08 15:42:08.727938,Tokyo-4388,2,7,Normal
2026-02-08 15:42:09.727938,Tokyo-4388,-5,13,Normal
2026-02-08 15:42:10.727938,Tokyo-4388,37,5,Normal
2026-02-08 15:42:11.727938,Tokyo-4388,-26,13,Normal
2026-02-08 15:42:12.727938,Tokyo-4388,-1,65,Normal
2026-02-08 15:42:13.727938,Tokyo-4388,35,83,Normal
2026-02-08 15:42:14.727938,Tokyo-4388,25,99,Normal
2026-02-08 15:42:15.727938,Tokyo-4388,-6,54,Normal
2026-02-08 15:42:16.727938,Tokyo-4388,-14,5,Normal
2026-02-08 15:42:17.727938,Tokyo-4388,-18,65,Normal
2026-02-08 15:42:18.727938,Tokyo-4388,30,51,Normal
2026-02-08 15:42:19.727938,Tokyo-4388,50,67,Normal
2026-02-08 15:42:20.727938,Tokyo-4388,4,79,Normal
2026-02-08 15:42:21.727938,Tokyo-4388,18,28,Normal
2026-02-08 15:42:22.727938,Tokyo-4388,38,71,Normal
2026-02-08 15:42:23.727938,Tokyo-4388,32,31,Normal
2026-02-08 15:42:24.727938,Tokyo-4388,31,78,Normal
2026-02-08 15:42:25.727938,Tokyo-4388,21,17,Normal
2026-02-08 15:42:26.727938,Tokyo-4388,38,13,Normal
2026-02-08 15:42:27.727938,Tokyo-4388,0,64,Normal
2026-02-08 15:42:28.727938,Tokyo-4388,32,36,Normal
2026-02-08 15:42:29.727938,Tokyo-4388,9,49,Normal
2026-02-08 15:42:30.727938,Tokyo-4388,6,25,Normal
2026-02-08 15:42:31.727938,Tokyo-4388,-5,96,Normal
2026-02-08 15:42:32.727938,Tokyo-4388,2,100,Normal
2026-02-08 15:42:33.727938,Tokyo-4388,45,11,Normal
2026-02-08 15:42:34.727938,Tokyo-4388,-9,8,Normal
2026-02-08 15:42:35.727938,Tokyo-4388,30,9,Normal
2026-02-08 15:42:36.727938,Tokyo-4388,33,90,Normal
2026-02-08 15:42:37.727938,Tokyo-4388,-1,33,Normal
2026-02-08 15:42:38.727938,Tokyo-4388,-9,50,Normal
2026-02-08 15:42:39.727938,Tokyo-4388,-13,75,Normal
2026-02-08 15:42:40.727938,Tokyo-4388,-5,21,Normal
2026-02-08 15:42:41.727938,Tokyo-4388,11,79,Normal
2026-02-08 15:42:42.727938,Tokyo-4388,-18,53,Normal
2026-02-08 15:42:43.727938,Tokyo-4388,-28,100,Normal
2026-02-08 15:42:44.727938,Tokyo-4388,-1,74,Normal
2026-02-08 15:42:45.727938,Tokyo-4388,-16,31,Normal
2026-02-08 15:42:46.727938,Tokyo-4388,33,60,Normal
2026-02-08 15:42:47.727938,Tokyo-4388,15,46,Normal
2026-02-08 15:42:48.727938,Tokyo-4388,-27,74,Normal
2026-02-08 15:42:49.727938,Tokyo-4388,-30,14,Normal
2026-02-08 15:42:50.727938,Tokyo-4388,4,39,Normal
2026-02-08 15:42:51.727938,Tokyo-4388,17,70,Normal
2026-02-08 15:42:52.727938,Tokyo-4388,6,73,Normal
2026-02-08 15:42:53.727938,Tokyo-4388,12,57,Normal
2026-02-08 15:42:54.727938,Tokyo-4388,40,49,Normal
2026-02-08 15:42:55.727938,Tokyo-4388,3,46,Normal
2026-02-08 15:42:56.727938,Tokyo-4388,-3,93,Normal
2026-02-08 15:42:57.727938,Tokyo-4388,-8,61,Normal
2026-02-08 15:42:58.727938,Tokyo-4388,-20,74,Normal
2026-02-08 15:42:59.727938,Tokyo-4388,46,83,Normal
2026-02-08 15:43:00.727938,Tokyo-4388,17,71,Normal
2026-02-08 15:43:01.727938,Tokyo-4388,25,60,Normal
2026-02-08 15:43:02.727938,Tokyo-4388,22,83,Normal
2026-02-08 15:43:03.727938,Tokyo-4388,35,44,Normal
2026-02-08 15:43:04.727938,Tokyo-4388,-3,88,Normal
2026-02-08 15:43:05.727938,Tokyo-4388,23,82,Normal
2026-02-08 15:43:06.727938,Tokyo-4388,16,66,Normal
2026-02-08 15:43:07.727938,Tokyo-4388,39,65,Normal
2026-02-08 15:43:08.727938,Tokyo-4388,46,48,Normal
2026-02-08 15:43:09.727938,Tokyo-4388,-20,75,Normal
2026-02-08 15:43:10.727938,Tokyo-4388,30,71,Normal
2026-02-08 15:43:11.727938,Tokyo-4388,-9,28,Normal
2026-02-08 15:43:12.727938,Tokyo-4388,34,7,Normal
2026-02-08 15:43:13.727938,Tokyo-4388,-23,81,Normal
2026-02-08 15:43:14.727938,Tokyo-4388,30,92,Normal
2026-02-08 15:43:15.727938,Tokyo-4388,-12,62,Normal
2026-02-08 15:43:16.727938,Tokyo-4388,-13,61,Normal
2026-02-08 15:43:17.727938,Tokyo-4388,15,80,Normal
2026-02-08 15:43:18.727938,Tokyo-4388,2,30,Normal
2026-02-08 15:43:19.727938,Tokyo-4388,19,37,Normal
2026-02-08 15:43:20.727938,Tokyo-4388,23,55,Normal
2026-02-08 15:43:21.727938,Tokyo-4388,38,73,Normal
2026-02-08 15:43:22.727938,Tokyo-4388,22,23,Normal
2026-02-08 15:43:23.727938,Tokyo-4388,50,18,Normal
2026-02-08 15:43:24.727938,Tokyo-4388,-13,37,Normal
2026-02-08 15:43:25.727938,Tokyo-4388,-29,15,Normal
2026-02-08 15:43:26.727938,Tokyo-4388,2,5,Normal
2026-02-08 15:43:27.727938,Tokyo-4388,34,32,Normal
2026-02-08 15:43:28.727938,Tokyo-4388,8,26,Normal
2026-02-08 15:43:29.727938,Tokyo-4388,-14,33,Normal
2026-02-08 15:43:30.727938,Tokyo-4388,42,13,Normal
2026-02-08 15:43:31.727938,Tokyo-4388,34,26,Normal
2026-02-08 15:43:32.727938,Tokyo-4388,-10,8,Normal
2026-02-08 15:43:33.727938,Tokyo-4388,13,71,Normal
2026-02-08 15:43:34.727938,Tokyo-4388,-22,15,Normal
2026-02-08 15:43:35.727938,Tokyo-4388,27,87,Normal
2026-02-08 15:43:36.727938,Tokyo-4388,17,22,Normal
2026-02-08 15:43:37.727938,Tokyo-4388,20,28,Normal
2026-02-08 15:43:38.727938,Tokyo-4388,-15,6,Normal
2026-02-08 15:43:39.727938,Tokyo-4388,3,43,Normal
2026-02-08 15:43:40.727938,Tokyo-4388,-14,72,Normal
2026-02-08 15:43:41.727938,Tokyo-4388,16,98,Normal
2026-02-08 15:43:42.727938,Tokyo-4388,-8,23,Normal
2026-02-08 15:43:43.727938,Tokyo-4388,47,90,Normal
2026-02-08 15:43:44.727938,Tokyo-4388,39,98,Normal
2026-02-08 15:43:45.727938,Tokyo-4388,24,94,Normal
2026-02-08 15:43:46.727938,Tokyo-4388,-17,0,Normal
2026-02-08 15:43:47.727938,Tokyo-4388,14,67,Normal
2026-02-08 15:43:48.727938,Tokyo-4388,19,99,Normal
2026-02-08 15:43:49.727938,Tokyo-4388,0,17,Normal
2026-02-08 15:43:50.727938,Tokyo-4388,-20,66,Normal
2026-02-08 15:43:51.727938,Tokyo-4388,-28,15,Normal
2026-02-08 15:43:52.727938,Tokyo-4388,42,5,Normal
2026-02-08 15:43:53.727938,Tokyo-4388,14,61,Normal
2026-02-08 15:43:54.727938,Tokyo-4388,-16,47,Normal
2026-02-08 15:43:55.727938,Tokyo-4388,-5,70,Normal
2026-02-08 15:43:56.727938,Tokyo-4388,22,52,Normal
2026-02-08 15:43:57.727938,Tokyo-4388,-11,33,Normal
2026-02-08 15:43:58.727938,Tokyo-4388,-12,98,Normal
2026-02-08 15:43:59.727938,Tokyo-4388,11,3,Normal
2026-02-08 15:44:00.727938,Tokyo-4388,-9,13,Normal
2026-02-08 15:44:01.727938,Tokyo-4388,37,65,Normal
2026-02-08 15:44:02.727938,Tokyo-4388,13,56,Normal
2026-02-08 15:44:03.727938,Tokyo-4388,-5,36,Normal
2026-02-08 15:44:04.727938,Tokyo-4388,-10,26,Normal
2026-02-08 15:44:05.727938,Tokyo-4388,45,43,Normal
2026-02-08 15:44:06.727938,Tokyo-4388,-10,39,Normal
2026-02-08 15:44:07.727938,Tokyo-4388,-3,78,Normal
2026-02-08 15:44:08.727938,Tokyo-4388,46,3,Normal
2026-02-08 15:44:09.727938,Tokyo-4388,20,56,Normal
2026-02-08 15:44:10.727938,Tokyo-4388,-2,18,Normal
2026-02-08 15:44:11.727938,Tokyo-4388,-26,76,Normal
2026-02-08 15:44:12.727938,Tokyo-4388,-29,42,Normal
2026-02-08 15:44:13.727938,Tokyo-4388,-20,28,Normal
2026-02-08 15:44:14.727938,Tokyo-4388,21,42,Normal
2026-02-08 15:44:15.727938,Tokyo-4388,5,64,Normal
2026-02-08 15:44:16.727938,Tokyo-4388,28,34,Normal
2026-02-08 15:44:17.727938,Tokyo-4388,-30,15,Normal
2026-02-08 15:44:18.727938,Tokyo-4388,26,99,Normal
2026-02-08 15:44:19.727938,Tokyo-4388,18,42,Normal
2026-02-08 15:44:20.727938,Tokyo-4388,26,33,Normal
2026-02-08 15:44:21.727938,Tokyo-4388,31,92,Normal
2026-02-08 15:44:22.727938,Tokyo-4388,-21,70,Normal
2026-02-08 15:44:23.727938,Tokyo-4388,-8,78,Normal
2026-02-08 15:44:24.727938,Tokyo-4388,11,87,Normal
2026-02-08 15:44:25.727938,Tokyo-4388,22,84,Normal
2026-02-08 15:44:26.727938,Tokyo-4388,-22,49,Normal
2026-02-08 15:44:27.727938,Tokyo-4388,50,87,Normal
2026-02-08 15:44:28.727938,Tokyo-4388,6,94,Normal
2026-02-08 15:44:29.727938,Tokyo-4388,36,85,Normal
2026-02-08 15:44:30.727938,Tokyo-4388,36,15,Normal
2026-02-08 15:44:31.727938,Tokyo-4388,-13,56,Normal
2026-02-08 15:44:32.727938,Tokyo-4388,-3,92,Normal
2026-02-08 15:44:33.727938,Tokyo-4388,-28,49,Normal
2026-02-08 15:44:34.727938,Tokyo-4388,-27,40,Normal
2026-02-08 15:44:35.727938,Tokyo-4388,-3,8,Normal
2026-02-08 15:44:36.727938,Tokyo-4388,-14,63,Normal
2026-02-08 15:44:37.727938,Tokyo-4388,11,2,Normal
2026-02-08 15:44:38.727938,Tokyo-4388,-7,41,Normal
2026-02-08 15:44:39.727938,Tokyo-4388,22,6,Normal
2026-02-08 15:44:40.727938,Tokyo-4388,-23,50,Normal
2026-02-08 15:44:41.727938,Tokyo-4388,38,60,Normal
2026-02-08 15:44:42.727938,Tokyo-4388,-3,69,Normal
2026-02-08 15:44:43.727938,Tokyo-4388,32,13,Normal
2026-02-08 15:44:44.727938,Tokyo-4388,-28,92,Normal
2026-02-08 15:44:45.727938,Tokyo-4388,27,54,Normal
2026-02-08 15:44:46.727938,Tokyo-4388,45,32,Normal
2026-02-08 15:44:47.727938,Tokyo-4388,-9,77,Normal
2026-02-08 15:44:48.727938,Tokyo-4388,8,29,Normal
2026-02-08 15:44:49.727938,Tokyo-4388,-18,12,Normal
2026-02-08 15:44:50.727938,Tokyo-4388,41,66,Normal
2026-02-08 15:44:51.727938,Tokyo-4388,35,60,Normal
2026-02-08 15:44:52.727938,Tokyo-4388,-19,55,Normal
2026-02-08 15:44:53.727938,Tokyo-4388,-10,59,Normal
2026-02-08 15:44:54.727938,Tokyo-4388,29,68,Normal
2026-02-08 15:44:55.727938,Tokyo-4388,40,60,Normal
2026-02-08 15:44:56.727938,Tokyo-4388,36,88,Normal
2026-02-08 15:44:57.727938,Tokyo-4388,39,83,Normal
2026-02-08 15:44:58.727938,Tokyo-4388,-17,31,Normal
2026-02-08 15:44:59.727938,Tokyo-4388,-19,57,Normal
2026-02-08 15:45:00.727938,Tokyo-4388,-27,72,Normal
2026-02-08 15:45:01.727938,Tokyo-4388,-2,86,Normal
2026-02-08 15:45:02.727938,Tokyo-4388,-28,58,Normal
2026-02-08 15:45:03.727938,Tokyo-4388,47,75,Normal
2026-02-08 15:45:04.727938,Tokyo-4388,34,72,Normal
2026-02-08 15:45:05.727938,Tokyo-4388,-30,53,Normal
2026-02-08 15:45:06.727938,Tokyo-4388,19,87,Normal
2026-02-08 15:45:07.727938,Tokyo-4388,47,36,Normal
2026-02-08 15:45:08.727938,Tokyo-4388,50,2,Normal
2026-02-08 15:45:09.727938,Tokyo-4388,17,26,Normal
2026-02-08 15:45:10.727938,Tokyo-4388,0,77,Normal
2026-02-08 15:45:11.727938,Tokyo-4388,0,66,Normal
2026-02-08 15:45:12.727938,Tokyo-4388,41,96,Normal
2026-02-08 15:45:13.727938,Tokyo-4388,20,42,Normal
2026-02-08 15:45:14.727938,Tokyo-4388,36,51,Normal
2026-02-08 15:45:15.727938,Tokyo-4388,3,83,Normal
2026-02-08 15:45:16.727938,Tokyo-4388,37,47,Normal
2026-02-08 15:45:17.727938,Tokyo-4388,21,49,Normal
2026-02-08 15:45:18.727938,Tokyo-4388,-26,26,Normal
2026-02-08 15:45:19.727938,Tokyo-4388,43,98,Normal
2026-02-08 15:45:20.727938,Tokyo-4388,-29,1,Normal
2026-02-08 15:45:21.727938,Tokyo-4388,-27,11,Normal
2026-02-08 15:45:22.727938,Tokyo-4388,37,99,Normal
2026-02-08 15:45:23.727938,Tokyo-4388,-9,93,Normal
2026-02-08 15:45:24.727938,Tokyo-4388,-19,17,Normal
2026-02-08 15:45:25.727938,Tokyo-4388,-28,11,Normal
2026-02-08 15:45:26.727938,Tokyo-4388,-7,97,Normal
2026-02-08 15:45:27.727938,Tokyo-4388,-9,74,Normal
2026-02-08 15:45:28.727938,Tokyo-4388,33,98,Normal
2026-02-08 15:45:29.727938,Tokyo-4388,45,15,Normal
2026-02-08 15:45:30.727938,Tokyo-4388,3,37,Normal
2026-02-08 15:45:31.727938,Tokyo-4388,-19,81,Normal
2026-02-08 15:45:32.727938,Tokyo-4388,8,48,Normal
2026-02-08 15:45:33.727938,Tokyo-4388,2,17,Normal
2026-02-08 15:45:34.727938,Tokyo-4388,-25,36,Normal
2026-02-08 15:45:35.727938,Tokyo-4388,29,81,Normal
2026-02-08 15:45:36.727938,Tokyo-4388,42,93,Normal
2026-02-08 15:45:37.727938,Tokyo-4388,-30,10,Normal
2026-02-08 15:45:38.727938,Tokyo-4388,27,85,Normal
2026-02-08 15:45:39.727938,Tokyo-4388,-22,37,Normal
2026-02-08 15:45:40.727938,Tokyo-4388,19,56,Normal
2026-02-08 15:45:41.727938,Tokyo-4388,-5,52,Normal
2026-02-08 15:45:42.727938,Tokyo-4388,34,95,Normal
2026-02-08 15:45:43.727938,Tokyo-4388,28,26,Normal
2026-02-08 15:45:44.727938,Tokyo-4388,7,100,Normal
2026-02-08 15:45:45.727938,Tokyo-4388,-14,8,Normal
2026-02-08 15:45:46.727938,Tokyo-4388,11,92,Normal
2026-02-08 15:45:47.727938,Tokyo-4388,-30,48,Normal
2026-02-08 15:45:48.727938,Tokyo-4388,-17,8,Normal
2026-02-08 15:45:49.727938,Tokyo-4388,-22,17,Normal
2026-02-08 15:45:50.727938,Tokyo-4388,5,93,Normal
2026-02-08 15:45:51.727938,Tokyo-4388,38,40,Normal
2026-02-08 15:45:52.727938,Tokyo-4388,27,32,Normal
2026-02-08 15:45:53.727938,Tokyo-4388,-23,82,Normal
2026-02-08 15:45:54.727938,Tokyo-4388,3,88,Normal
2026-02-08 15:45:55.727938,Tokyo-4388,-25,54,Normal
2026-02-08 15:45:56.727938,Tokyo-4388,49,50,Normal
2026-02-08 15:45:57.727938,Tokyo-4388,38,61,Normal
2026-02-08 15:45:58.727938,Tokyo-4388,46,78,Normal
2026-02-08 15:45:59.727938,Tokyo-4388,39,94,Normal
2026-02-08 15:46:00.727938,Tokyo-4388,36,30,Normal
2026-02-08 15:46:01.727938,Tokyo-4388,-11,15,Normal
2026-02-08 15:46:02.727938,Tokyo-4388,-9,59,Normal
2026-02-08 15:46:03.727938,Tokyo-4388,-29,13,Normal
2026-02-08 15:46:04.727938,Tokyo-4388,7,81,Normal
2026-02-08 15:46:05.727938,Tokyo-4388,6,5,Normal
2026-02-08 15:46:06.727938,Tokyo-4388,29,71,Normal
2026-02-08 15:46:07.727938,Tokyo-4388,43,0,Normal
2026-02-08 15:46:08.727938,Tokyo-4388,-16,89,Normal
2026-02-08 15:46:09.727938,Tokyo-4388,4,32,Normal
2026-02-08 15:46:10.727938,Tokyo-4388,32,93,Normal
2026-02-08 15:46:11.727938,Tokyo-4388,-29,73,Normal
2026-02-08 15:46:12.727938,Tokyo-4388,31,38,Normal
2026-02-08 15:46:13.727938,Tokyo-4388,-10,70,Normal
2026-02-08 15:46:14.727938,Tokyo-4388,23,74,Normal
2026-02-08 15:46:15.727938,Tokyo-4388,-10,27,Normal
2026-02-08 15:46:16.727938,Tokyo-4388,-16,56,Normal
2026-02-08 15:46:17.727938,Tokyo-4388,19,29,Normal
2026-02-08 15:46:18.727938,Tokyo-4388,35,52,Normal
2026-02-08 15:46:19.727938,Tokyo-4388,41,2,Normal
2026-02-08 15:46:20.727938,Tokyo-4388,-17,49,Normal
2026-02-08 15:46:21.727938,Tokyo-4388,5,22,Normal
2026-02-08 15:46:22.727938,Tokyo-4388,39,83,Normal
2026-02-08 15:46:23.727938,Tokyo-4388,42,93,Normal
2026-02-08 15:46:24.727938,Tokyo-4388,17,96,Normal
2026-02-08 15:46:25.727938,Tokyo-4388,-2,68,Normal
2026-02-08 15:46:26.727938,Tokyo-4388,11,88,Normal
2026-02-08 15:46:27.727938,Tokyo-4388,47,37,Normal
2026-02-08 15:46:28.727938,Tokyo-4388,7,81,Normal
2026-02-08 15:46:29.727938,Tokyo-4388,-21,83,Normal
2026-02-08 15:46:30.727938,Tokyo-4388,12,95,Normal
2026-02-08 15:46:31.727938,Tokyo-4388,26,99,Normal
2026-02-08 15:46:32.727938,Tokyo-4388,-9,55,Normal
2026-02-08 15:46:33.727938,Tokyo-4388,-27,47,Normal
2026-02-08 15:46:34.727938,Tokyo-4388,-26,72,Normal
2026-02-08 15:46:35.727938,Tokyo-4388,30,70,Normal
2026-02-08 15:46:36.727938,Tokyo-4388,-12,45,Normal
2026-02-08 15:46:37.727938,Tokyo-4388,-20,67,Normal
2026-02-08 15:46:38.727938,Tokyo-4388,40,12,Normal
2026-02-08 15:46:39.727938,Tokyo-4388,-7,72,Normal
2026-02-08 15:46:40.727938,Tokyo-4388,17,27,Normal
2026-02-08 15:46:41.727938,Tokyo-4388,-28,46,Normal
2026-02-08 15:46:42.727938,Tokyo-4388,-20,53,Normal
2026-02-08 15:46:43.727938,Tokyo-4388,18,94,Normal
2026-02-08 15:46:44.727938,Tokyo-4388,-27,23,Normal
2026-02-08 15:46:45.727938,Tokyo-4388,-28,58,Normal
2026-02-08 15:46:46.727938,Tokyo-4388,3,63,Normal
2026-02-08 15:46:47.727938,Tokyo-4388,30,92,Normal
2026-02-08 15:46:48.727938,Tokyo-4388,30,62,Normal
2026-02-08 15:46:49.727938,Tokyo-4388,-27,37,Normal
2026-02-08 15:46:50.727938,Tokyo-4388,37,42,Normal
2026-02-08 15:46:51.727938,Tokyo-4388,16,72,Normal
2026-02-08 15:46:52.727938,Tokyo-4388,27,47,Normal
2026-02-08 15:46:53.727938,Tokyo-4388,-17,100,Normal
2026-02-08 15:46:54.727938,Tokyo-4388,26,46,Normal
2026-02-08 15:46:55.727938,Tokyo-4388,-7,70,Normal
2026-02-08 15:46:56.727938,Tokyo-4388,21,71,Normal
2026-02-08 15:46:57.727938,Tokyo-4388,1,37,Normal
2026-02-08 15:46:58.727938,Tokyo-4388,0,48,Normal
2026-02-08 15:46:59.727938,Tokyo-4388,33,99,Normal
2026-02-08 15:47:00.727938,Tokyo-4388,-2,71,Normal
2026-02-08 15:47:01.727938,Tokyo-4388,1,66,Normal
2026-02-08 15:47:02.727938,Tokyo-4388,26,1,Normal
2026-02-08 15:47:03.727938,Tokyo-4388,6,95,Normal
2026-02-08 15:47:04.727938,Tokyo-4388,38,90,Normal
2026-02-08 15:47:05.727938,Tokyo-4388,-18,80,Normal
2026-02-08 15:47:06.727938,Tokyo-4388,-29,79,Normal
2026-02-08 15:47:07.727938,Tokyo-4388,16,55,Normal
2026-02-08 15:47:08.727938,Tokyo-4388,-9,65,Normal
2026-02-08 15:47:09.727938,Tokyo-4388,-6,21,Normal
2026-02-08 15:47:10.727938,Tokyo-4388,2,43,Normal
2026-02-08 15:47:11.727938,Tokyo-4388,49,7,Normal
2026-02-08 15:47:12.727938,Tokyo-4388,31,20,Normal
2026-02-08 15:47:13.727938,Tokyo-4388,41,67,Normal
2026-02-08 15:47:14.727938,Tokyo-4388,30,59,Normal
2026-02-08 15:47:15.727938,Tokyo-4388,11,19,Normal
2026-02-08 15:47:16.727938,Tokyo-4388,7,13,Normal
2026-02-08 15:47:17.727938,Tokyo-4388,40,44,Normal
2026-02-08 15:47:18.727938,Tokyo-4388,38,10,Normal
2026-02-08 15:47:19.727938,Tokyo-4388,-20,51,Normal
2026-02-08 15:47:20.727938,Tokyo-4388,15,96,Normal
2026-02-08 15:47:21.727938,Tokyo-4388,42,81,Normal
2026-02-08 15:47:22.727938,Tokyo-4388,28,44,Normal
2026-02-08 15:47:23.727938,Tokyo-4388,-28,81,Normal
2026-02-08 15:47:24.727938,Tokyo-4388,-12,31,Normal
2026-02-08 15:47:25.727938,Tokyo-4388,-1,32,Normal
2026-02-08 15:47:26.727938,Tokyo-4388,-9,47,Normal
2026-02-08 15:47:27.727938,Tokyo-4388,11,37,Normal
2026-02-08 15:47:28.727938,Tokyo-4388,50,58,Normal
2026-02-08 15:47:29.727938,Tokyo-4388,10,82,Normal
2026-02-08 15:47:30.727938,Tokyo-4388,13,7,Normal
2026-02-08 15:47:31.727938,Tokyo-4388,-9,19,Normal
2026-02-08 15:47:32.727938,Tokyo-4388,-3,100,Normal
2026-02-08 15:47:33.727938,Tokyo-4388,34,21,Normal
2026-02-08 15:47:34.727938,Tokyo-4388,26,83,Normal
2026-02-08 15:47:35.727938,Tokyo-4388,26,22,Normal
2026-02-08 15:47:36.727938,Tokyo-4388,-1,68,Normal
2026-02-08 15:47:37.727938,Tokyo-4388,10,45,Normal
2026-02-08 15:47:38.727938,Tokyo-4388,7,16,Normal
2026-02-08 15:47:39.727938,Tokyo-4388,50,58,Normal
2026-02-08 15:47:40.727938,Tokyo-4388,48,97,Normal
2026-02-08 15:47:41.727938,Tokyo-4388,22,16,Normal
2026-02-08 15:47:42.727938,Tokyo-4388,45,98,Normal
2026-02-08 15:47:43.727938,Tokyo-4388,7,61,Normal
2026-02-08 15:47:44.727938,Tokyo-4388,-30,58,Normal
2026-02-08 15:47:45.727938,Tokyo-4388,48,69,Normal
2026-02-08 15:47:46.727938,Tokyo-4388,15,100,Normal
2026-02-08 15:47:47.727938,Tokyo-4388,14,43,Normal
2026-02-08 15:47:48.727938,Tokyo-4388,49,0,Normal
2026-02-08 15:47:49.727938,Tokyo-4388,-11,22,Normal
2026-02-08 15:47:50.727938,Tokyo-4388,49,32,Normal
2026-02-08 15:47:51.727938,Tokyo-4388,28,69,Normal
2026-02-08 15:47:52.727938,Tokyo-4388,-24,29,Normal
2026-02-08 15:47:53.727938,Tokyo-4388,13,57,Normal
2026-02-08 15:47:54.727938,Tokyo-4388,3,21,Normal
2026-02-08 15:47:55.727938,Tokyo-4388,50,98,Normal
2026-02-08 15:47:56.727938,Tokyo-4388,12,1,Normal
2026-02-08 15:47:57.727938,Tokyo-4388,9,46,Normal
2026-02-08 15:47:58.727938,Tokyo-4388,-3,20,Normal
2026-02-08 15:47:59.727938,Tokyo-4388,11,4,Normal
2026-02-08 15:48:00.727938,Tokyo-4388,-8,91,Normal
2026-02-08 15:48:01.727938,Tokyo-4388,-3,99,Normal
2026-02-08 15:48:02.727938,Tokyo-4388,27,62,Normal
2026-02-08 15:48:03.727938,Tokyo-4388,49,43,Normal
2026-02-08 15:48:04.727938,Tokyo-4388,48,72,Normal
2026-02-08 15:48:05.727938,Tokyo-4388,21,99,Normal
2026-02-08 15:48:06.727938,Tokyo-4388,-21,99,Normal
2026-02-08 15:48:07.727938,Tokyo-4388,-13,78,Normal
2026-02-08 15:48:08.727938,Tokyo-4388,-1,79,Normal
2026-02-08 15:48:09.727938,Tokyo-4388,14,93,Normal
2026-02-08 15:48:10.727938,Tokyo-4388,11,13,Normal
2026-02-08 15:48:11.727938,Tokyo-4388,44,41,Normal
2026-02-08 15:48:12.727938,Tokyo-4388,18,12,Normal
2026-02-08 15:48:13.727938,Tokyo-4388,26,60,Normal
2026-02-08 15:48:14.727938,Tokyo-4388,17,87,Normal
2026-02-08 15:48:15.727938,Tokyo-4388,11,87,Normal
2026-02-08 15:48:16.727938,Tokyo-4388,41,53,Normal
2026-02-08 15:48:17.727938,Tokyo-4388,-12,67,Normal
2026-02-08 15:48:18.727938,Tokyo-4388,11,90,Normal
2026-02-08 15:48:19.727938,Tokyo-4388,6,37,Normal
2026-02-08 15:48:20.727938,Tokyo-4388,41,9,Normal
2026-02-08 15:48:21.727938,Tokyo-4388,-6,78,Normal
2026-02-08 15:48:22.727938,Tokyo-4388,18,80,Normal
2026-02-08 15:48:23.727938,Tokyo-4388,47,3,Normal
2026-02-08 15:48:24.727938,Tokyo-4388,-5,70,Normal
2026-02-08 15:48:25.727938,Tokyo-4388,-6,19,Normal
2026-02-08 15:48:26.727938,Tokyo-4388,11,46,Normal
2026-02-08 15:48:27.727938,Tokyo-4388,5,100,Normal
2026-02-08 15:48:28.727938,Tokyo-4388,18,50,Normal
2026-02-08 15:48:29.727938,Tokyo-4388,-26,7,Normal
2026-02-08 15:48:30.727938,Tokyo-4388,-20,48,Normal
2026-02-08 15:48:31.727938,Tokyo-4388,7,96,Normal
2026-02-08 15:48:32.727938,Tokyo-4388,39,68,Normal
2026-02-08 15:48:33.727938,Tokyo-4388,19,54,Normal
2026-02-08 15:48:34.727938,Tokyo-4388,48,54,Normal
2026-02-08 15:48:35.727938,Tokyo-4388,-22,80,Normal
2026-02-08 15:48:36.727938,Tokyo-4388,-30,87,Normal
2026-02-08 15:48:37.727938,Tokyo-4388,36,45,Normal
2026-02-08 15:48:38.727938,Tokyo-4388,-7,70,Normal
2026-02-08 15:48:39.727938,Tokyo-4388,-27,26,Normal
2026-02-08 15:48:40.727938,Tokyo-4388,3,82,Normal
2026-02-08 15:48:41.727938,Tokyo-4388,36,50,Normal
2026-02-08 15:48:42.727938,Tokyo-4388,26,15,Normal
2026-02-08 15:48:43.727938,Tokyo-4388,-14,70,Normal
2026-02-08 15:48:44.727938,Tokyo-4388,6,53,Normal
2026-02-08 15:48:45.727938,Tokyo-4388,6,60,Normal
2026-02-08 15:48:46.727938,Tokyo-4388,1,74,Normal
2026-02-08 15:48:47.727938,Tokyo-4388,47,75,Normal
2026-02-08 15:48:48.727938,Tokyo-4388,-14,19,Normal
2026-02-08 15:48:49.727938,Tokyo-4388,-16,75,Normal
2026-02-08 15:48:50.727938,Tokyo-4388,36,48,Normal
2026-02-08 15:48:51.727938,Tokyo-4388,37,72,Normal
2026-02-08 15:48:52.727938,Tokyo-4388,39,17,Normal
2026-02-08 15:48:53.727938,Tokyo-4388,11,1,Normal
2026-02-08 15:48:54.727938,Tokyo-4388,47,50,Normal
2026-02-08 15:48:55.727938,Tokyo-4388,4,2,Normal
2026-02-08 15:48:56.727938,Tokyo-4388,27,36,Normal
2026-02-08 15:48:57.727938,Tokyo-4388,30,97,Normal
2026-02-08 15:48:58.727938,Tokyo-4388,49,23,Normal
2026-02-08 15:48:59.727938,Tokyo-4388,-9,46,Normal
2026-02-08 15:49:00.727938,Tokyo-4388,46,63,Normal
2026-02-08 15:49:01.727938,Tokyo-4388,1,11,Normal
2026-02-08 15:49:02.727938,Tokyo-4388,-29,92,Normal
2026-02-08 15:49:03.727938,Tokyo-4388,47,32,Normal
2026-02-08 15:49:04.727938,Tokyo-4388,25,81,Normal
2026-02-08 15:49:05.727938,Tokyo-4388,19,68,Normal
2026-02-08 15:49:06.727938,Tokyo-4388,-25,0,Normal
2026-02-08 15:49:07.727938,Tokyo-4388,50,84,Normal
2026-02-08 15:49:08.727938,Tokyo-4388,-4,44,Normal
2026-02-08 15:49:09.727938,Tokyo-4388,8,16,Normal
2026-02-08 15:49:10.727938,Tokyo-4388,15,93,Normal
2026-02-08 15:49:11.727938,Tokyo-4388,4,52,Normal
2026-02-08 15:49:12.727938,Tokyo-4388,-20,7,Normal
2026-02-08 15:49:13.727938,Tokyo-4388,30,2,Normal
2026-02-08 15:49:14.727938,Tokyo-4388,-15,86,Normal
2026-02-08 15:49:15.727938,Tokyo-4388,-17,98,Normal
2026-02-08 15:49:16.727938,Tokyo-4388,36,95,Normal
2026-02-08 15:49:17.727938,Tokyo-4388,50,89,Normal
2026-02-08 15:49:18.727938,Tokyo-4388,11,59,Normal
2026-02-08 15:49:19.727938,Tokyo-4388,40,39,Normal
2026-02-08 15:49:20.727938,Tokyo-4388,22,54,Normal
2026-02-08 15:49:21.727938,Tokyo-4388,49,0,Normal
2026-02-08 15:49:22.727938,Tokyo-4388,6,93,Normal
2026-02-08 15:49:23.727938,Tokyo-4388,43,33,Normal
2026-02-08 15:49:24.727938,Tokyo-4388,16,54,Normal
2026-02-08 15:49:25.727938,Tokyo-4388,-16,20,Normal
2026-02-08 15:49:26.727938,Tokyo-4388,-19,16,Normal
2026-02-08 15:49:27.727938,Tokyo-4388,3,90,Normal
2026-02-08 15:49:28.727938,Tokyo-4388,48,47,Normal
2026-02-08 15:49:29.727938,Tokyo-4388,-3,7,Normal
2026-02-08 15:49:30.727938,Tokyo-4388,5,27,Normal
2026-02-08 15:49:31.727938,Tokyo-4388,44,43,Normal
2026-02-08 15:49:32.727938,Tokyo-4388,-29,67,Normal
2026-02-08 15:49:33.727938,Tokyo-4388,35,41,Normal
2026-02-08 15:49:34.727938,Tokyo-4388,-7,90,Normal
2026-02-08 15:49:35.727938,Tokyo-4388,-4,4,Normal
2026-02-08 15:49:36.727938,Tokyo-4388,48,81,Normal
2026-02-08 15:49:37.727938,Tokyo-4388,48,92,Normal
2026-02-08 15:49:38.727938,Tokyo-4388,5,30,Normal
2026-02-08 15:49:39.727938,Tokyo-4388,-3,52,Normal
2026-02-08 15:49:40.727938,Tokyo-4388,-12,69,Normal
2026-02-08 15:49:41.727938,Tokyo-4388,33,96,Normal
2026-02-08 15:49:42.727938,Tokyo-4388,-23,41,Normal
2026-02-08 15:49:43.727938,Tokyo-4388,-29,41,Normal
2026-02-08 15:49:44.727938,Tokyo-4388,44,53,Normal
2026-02-08 15:49:45.727938,Tokyo-4388,40,65,Normal
2026-02-08 15:49:46.727938,Tokyo-4388,-15,48,Normal
2026-02-08 15:49:47.727938,Tokyo-4388,49,18,Normal
2026-02-08 15:49:48.727938,Tokyo-4388,8,19,Normal
2026-02-08 15:49:49.727938,Tokyo-4388,6,43,Normal
2026-02-08 15:49:50.727938,Tokyo-4388,8,69,Normal
2026-02-08 15:49:51.727938,Tokyo-4388,-7,32,Normal
2026-02-08 15:49:52.727938,Tokyo-4388,4,99,Normal
2026-02-08 15:49:53.727938,Tokyo-4388,48,48,Normal
2026-02-08 15:49:54.727938,Tokyo-4388,41,55,Normal
2026-02-08 15:49:55.727938,Tokyo-4388,1,5,Normal
2026-02-08 15:49:56.727938,Tokyo-4388,-28,55,Normal
2026-02-08 15:49:57.727938,Tokyo-4388,3,55,Normal
2026-02-08 15:49:58.727938,Tokyo-4388,-23,91,Normal
2026-02-08 15:49:59.727938,Tokyo-4388,2,7,Normal
2026-02-08 15:50:00.727938,Tokyo-4388,-19,47,Normal
2026-02-08 15:50:01.727938,Tokyo-4388,-13,24,Normal
2026-02-08 15:50:02.727938,Tokyo-4388,-29,2,Normal
2026-02-08 15:50:03.727938,Tokyo-4388,28,9,Normal
2026-02-08 15:50:04.727938,Tokyo-4388,-30,72,Normal
2026-02-08 15:50:05.727938,Tokyo-4388,30,61,Normal
2026-02-08 15:50:06.727938,Tokyo-4388,47,89,Normal
2026-02-08 15:50:07.727938,Tokyo-4388,25,61,Normal
2026-02-08 15:50:08.727938,Tokyo-4388,20,55,Normal
2026-02-08 15:50:09.727938,Tokyo-4388,-10,38,Normal
2026-02-08 15:50:10.727938,Tokyo-4388,-7,1,Normal
2026-02-08 15:50:11.727938,Tokyo-4388,49,90,Normal
2026-02-08 15:50:12.727938,Tokyo-4388,11,37,Normal
2026-02-08 15:50:13.727938,Tokyo-4388,48,69,Normal
2026-02-08 15:50:14.727938,Tokyo-4388,-21,16,Normal
2026-02-08 15:50:15.727938,Tokyo-4388,0,27,Normal
2026-02-08 15:50:16.727938,Tokyo-4388,30,33,Normal
2026-02-08 15:50:17.727938,Tokyo-4388,45,66,Normal
2026-02-08 15:50:18.727938,Tokyo-4388,29,42,Normal
2026-02-08 15:50:19.727938,Tokyo-4388,-9,93,Normal
2026-02-08 15:50:20.727938,Tokyo-4388,-24,56,Normal
2026-02-08 15:50:21.727938,Tokyo-4388,-18,71,Normal
2026-02-08 15:50:22.727938,Tokyo-4388,-18,86,Normal
2026-02-08 15:50:23.727938,Tokyo-4388,32,100,Normal
2026-02-08 15:50:24.727938,Tokyo-4388,-28,7,Normal
2026-02-08 15:50:25.727938,Tokyo-4388,32,49,Normal
2026-02-08 15:50:26.727938,Tokyo-4388,37,60,Normal
2026-02-08 15:50:27.727938,Tokyo-4388,9,42,Normal
2026-02-08 15:50:28.727938,Tokyo-4388,17,43,Normal
2026-02-08 15:50:29.727938,Tokyo-4388,3,57,Normal
2026-02-08 15:50:30.727938,Tokyo-4388,-22,37,Normal
2026-02-08 15:50:31.727938,Tokyo-4388,5,51,Normal
2026-02-08 15:50:32.727938,Tokyo-4388,5,94,Normal
2026-02-08 15:50:33.727938,Tokyo-4388,-16,58,Normal
2026-02-08 15:50:34.727938,Tokyo-4388,12,23,Normal
2026-02-08 15:50:35.727938,Tokyo-4388,36,20,Normal
2026-02-08 15:50:36.727938,Tokyo-4388,26,16,Normal
2026-02-08 15:50:37.727938,Tokyo-4388,31,86,Normal
2026-02-08 15:50:38.727938,Tokyo-4388,-27,44,Normal
2026-02-08 15:50:39.727938,Tokyo-4388,11,53,Normal
2026-02-08 15:50:40.727938,Tokyo-4388,2,6,Normal
2026-02-08 15:50:41.727938,Tokyo-4388,36,11,Normal
2026-02-08 15:50:42.727938,Tokyo-4388,10,35,Normal
2026-02-08 15:50:43.727938,Tokyo-4388,32,74,Normal
2026-02-08 15:50:44.727938,Tokyo-4388,11,93,Normal
2026-02-08 15:50:45.727938,Tokyo-4388,-22,61,Normal
2026-02-08 15:50:46.727938,Tokyo-4388,14,33,Normal
2026-02-08 15:50:47.727938,Tokyo-4388,-9,52,Normal
2026-02-08 15:50:48.727938,Tokyo-4388,-20,4,Normal
2026-02-08 15:50:49.727938,Tokyo-4388,27,3,Normal
2026-02-08 15:50:50.727938,Tokyo-4388,36,87,Normal
2026-02-08 15:50:51.727938,Tokyo-4388,28,100,Normal
2026-02-08 15:50:52.727938,Tokyo-4388,1,15,Normal
2026-02-08 15:50:53.727938,Tokyo-4388,29,70,Normal
2026-02-08 15:50:54.727938,Tokyo-4388,37,65,Normal
2026-02-08 15:50:55.727938,Tokyo-4388,-15,51,Normal
2026-02-08 15:50:56.727938,Tokyo-4388,37,64,Normal
2026-02-08 15:50:57.727938,Tokyo-4388,-4,82,Normal
2026-02-08 15:50:58.727938,Tokyo-4388,14,46,Normal
2026-02-08 15:50:59.727938,Tokyo-4388,16,2,Normal
2026-02-08 15:51:00.727938,Tokyo-4388,19,13,Normal
2026-02-08 15:51:01.727938,Tokyo-4388,21,59,Normal
2026-02-08 15:51:02.727938,Tokyo-4388,15,64,Normal
2026-02-08 15:51:03.727938,Tokyo-4388,30,98,Normal
2026-02-08 15:51:04.727938,Tokyo-4388,23,99,Normal
2026-02-08 15:51:05.727938,Tokyo-4388,-15,11,Normal
2026-02-08 15:51:06.727938,Tokyo-4388,29,15,Normal
2026-02-08 15:51:07.727938,Tokyo-4388,40,83,Normal
2026-02-08 15:51:08.727938,Tokyo-4388,33,61,Normal
2026-02-08 15:51:09.727938,Tokyo-4388,-22,48,Normal
2026-02-08 15:51:10.727938,Tokyo-4388,17,71,Normal
2026-02-08 15:51:11.727938,Tokyo-4388,-1,9,Normal
2026-02-08 15:51:12.727938,Tokyo-4388,36,10,Normal
2026-02-08 15:51:13.727938,Tokyo-4388,13,80,Normal
2026-02-08 15:51:14.727938,Tokyo-4388,23,5,Normal
2026-02-08 15:51:15.727938,Tokyo-4388,-26,24,Normal
2026-02-08 15:51:16.727938,Tokyo-4388,-1,98,Normal
2026-02-08 15:51:17.727938,Tokyo-4388,34,19,Normal
2026-02-08 15:51:18.727938,Tokyo-4388,-1,20,Normal
2026-02-08 15:51:19.727938,Tokyo-4388,24,42,Normal
2026-02-08 15:51:20.727938,Tokyo-4388,9,44,Normal
2026-02-08 15:51:21.727938,Tokyo-4388,12,56,Normal
2026-02-08 15:51:22.727938,Tokyo-4388,16,4,Normal
2026-02-08 15:51:23.727938,Tokyo-4388,21,40,Normal
2026-02-08 15:51:24.727938,Tokyo-4388,-1,78,Normal
2026-02-08 15:51:25.727938,Tokyo-4388,13,18,Normal
2026-02-08 15:51:26.727938,Tokyo-4388,37,8,Normal
2026-02-08 15:51:27.727938,Tokyo-4388,-26,48,Normal
2026-02-08 15:51:28.727938,Tokyo-4388,5,18,Normal
2026-02-08 15:51:29.727938,Tokyo-4388,1,51,Normal
2026-02-08 15:51:30.727938,Tokyo-4388,14,84,Normal
2026-02-08 15:51:31.727938,Tokyo-4388,48,72,Normal
2026-02-08 15:51:32.727938,Tokyo-4388,29,86,Normal
2026-02-08 15:51:33.727938,Tokyo-4388,-2,47,Normal
2026-02-08 15:51:34.727938,Tokyo-4388,-8,53,Normal
2026-02-08 15:51:35.727938,Tokyo-4388,2,13,Normal
2026-02-08 15:51:36.727938,Tokyo-4388,6,40,Normal
2026-02-08 15:51:37.727938,Tokyo-4388,-2,59,Normal
2026-02-08 15:51:38.727938,Tokyo-4388,-22,86,Normal
2026-02-08 15:51:39.727938,Tokyo-4388,21,93,Normal
2026-02-08 15:51:40.727938,Tokyo-4388,16,8,Normal
2026-02-08 15:51:41.727938,Tokyo-4388,6,97,Normal
2026-02-08 15:51:42.727938,Tokyo-4388,-20,31,Normal
2026-02-08 15:51:43.727938,Tokyo-4388,38,54,Normal
2026-02-08 15:51:44.727938,Tokyo-4388,-5,74,Normal
2026-02-08 15:51:45.727938,Tokyo-4388,13,85,Normal
2026-02-08 15:51:46.727938,Tokyo-4388,6,98,Normal
2026-02-08 15:51:47.727938,Tokyo-4388,-1,50,Normal
2026-02-08 15:51:48.727938,Tokyo-4388,27,15,Normal
2026-02-08 15:51:49.727938,Tokyo-4388,-9,86,Normal
2026-02-08 15:51:50.727938,Tokyo-4388,-4,93,Normal
2026-02-08 15:51:51.727938,Tokyo-4388,-20,29,Normal
2026-02-08 15:51:52.727938,Tokyo-4388,18,96,Normal
2026-02-08 15:51:53.727938,Tokyo-4388,-20,52,Normal
2026-02-08 15:51:54.727938,Tokyo-4388,-27,19,Normal
2026-02-08 15:51:55.727938,Tokyo-4388,38,71,Normal
2026-02-08 15:51:56.727938,Tokyo-4388,-11,38,Normal
2026-02-08 15:51:57.727938,Tokyo-4388,35,14,Normal
2026-02-08 15:51:58.727938,Tokyo-4388,31,62,Normal
2026-02-08 15:51:59.727938,Tokyo-4388,37,94,Normal
2026-02-08 15:52:00.727938,Tokyo-4388,15,70,Normal
2026-02-08 15:52:01.727938,Tokyo-4388,43,22,Normal
2026-02-08 15:52:02.727938,Tokyo-4388,18,28,Normal
2026-02-08 15:52:03.727938,Tokyo-4388,-22,62,Normal
2026-02-08 15:52:04.727938,Tokyo-4388,11,19,Normal
2026-02-08 15:52:05.727938,Tokyo-4388,45,42,Normal
2026-02-08 15:52:06.727938,Tokyo-4388,-9,17,Normal
2026-02-08 15:52:07.727938,Tokyo-4388,5,61,Normal
2026-02-08 15:52:08.727938,Tokyo-4388,5,58,Normal
2026-02-08 15:52:09.727938,Tokyo-4388,8,93,Normal
2026-02-08 15:52:10.727938,Tokyo-4388,29,84,Normal
2026-02-08 15:52:11.727938,Tokyo-4388,-8,73,Normal
2026-02-08 15:52:12.727938,Tokyo-4388,22,78,Normal
2026-02-08 15:52:13.727938,Tokyo-4388,-15,10,Normal
2026-02-08 15:52:14.727938,Tokyo-4388,39,36,Normal
2026-02-08 15:52:15.727938,Tokyo-4388,-24,21,Normal
2026-02-08 15:52:16.727938,Tokyo-4388,50,15,Normal
2026-02-08 15:52:17.727938,Tokyo-4388,41,50,Normal
2026-02-08 15:52:18.727938,Tokyo-4388,-6,21,Normal
2026-02-08 15:52:19.727938,Tokyo-4388,43,69,Normal
2026-02-08 15:52:20.727938,Tokyo-4388,44,45,Normal
2026-02-08 15:52:21.727938,Tokyo-4388,50,40,Normal
2026-02-08 15:52:22.727938,Tokyo-4388,0,2,Normal
2026-02-08 15:52:23.727938,Tokyo-4388,46,1,Normal
2026-02-08 15:52:24.727938,Tokyo-4388,-30,10,Normal
2026-02-08 15:52:25.727938,Tokyo-4388,26,3,Normal
2026-02-08 15:52:26.727938,Tokyo-4388,18,41,Normal
2026-02-08 15:52:27.727938,Tokyo-4388,-21,36,Normal
2026-02-08 15:52:28.727938,Tokyo-4388,29,1,Normal
2026-02-08 15:52:29.727938,Tokyo-4388,-20,60,Normal
2026-02-08 15:52:30.727938,Tokyo-4388,48,98,Normal
2026-02-08 15:52:31.727938,Tokyo-4388,41,69,Normal
2026-02-08 15:52:32.727938,Tokyo-4388,-15,33,Normal
2026-02-08 15:52:33.727938,Tokyo-4388,-29,61,Normal
2026-02-08 15:52:34.727938,Tokyo-4388,-4,61,Normal
2026-02-08 15:52:35.727938,Tokyo-4388,45,1,Normal
2026-02-08 15:52:36.727938,Tokyo-4388,-20,10,Normal
2026-02-08 15:52:37.727938,Tokyo-4388,-15,77,Normal
2026-02-08 15:52:38.727938,Tokyo-4388,-12,53,Normal
2026-02-08 15:52:39.727938,Tokyo-4388,0,59,Normal
2026-02-08 15:52:40.727938,Tokyo-4388,42,70,Normal
2026-02-08 15:52:41.727938,Tokyo-4388,14,25,Normal
2026-02-08 15:52:42.727938,Tokyo-4388,-14,60,Normal
2026-02-08 15:52:43.727938,Tokyo-4388,11,100,Normal
2026-02-08 15:52:44.727938,Tokyo-4388,31,6,Normal
2026-02-08 15:52:45.727938,Tokyo-4388,14,54,Normal
2026-02-08 15:52:46.727938,Tokyo-4388,12,71,Normal
2026-02-08 15:52:47.727938,Tokyo-4388,35,6,Normal
2026-02-08 15:52:48.727938,Tokyo-4388,-11,76,Normal
2026-02-08 15:52:49.727938,Tokyo-4388,41,86,Normal
2026-02-08 15:52:50.727938,Tokyo-4388,7,35,Normal
2026-02-08 15:52:51.727938,Tokyo-4388,-8,62,Normal
2026-02-08 15:52:52.727938,Tokyo-4388,-17,20,Normal
2026-02-08 15:52:53.727938,Tokyo-4388,40,29,Normal
2026-02-08 15:52:54.727938,Tokyo-4388,47,22,Normal
2026-02-08 15:52:55.727938,Tokyo-4388,14,30,Normal
2026-02-08 15:52:56.727938,Tokyo-4388,3,38,Normal
2026-02-08 15:52:57.727938,Tokyo-4388,-4,93,Normal
2026-02-08 15:52:58.727938,Tokyo-4388,28,18,Normal
2026-02-08 15:52:59.727938,Tokyo-4388,-2,29,Normal
2026-02-08 15:53:00.727938,Tokyo-4388,42,31,Normal
2026-02-08 15:53:01.727938,Tokyo-4388,13,42,Normal
2026-02-08 15:53:02.727938,Tokyo-4388,43,38,Normal
2026-02-08 15:53:03.727938,Tokyo-4388,-20,87,Normal
2026-02-08 15:53:04.727938,Tokyo-4388,-5,26,Normal
2026-02-08 15:53:05.727938,Tokyo-4388,-29,4,Normal
2026-02-08 15:53:06.727938,Tokyo-4388,-20,23,Normal
2026-02-08 15:53:07.727938,Tokyo-4388,48,80,Normal
2026-02-08 15:53:08.727938,Tokyo-4388,26,97,Normal
2026-02-08 15:53:09.727938,Tokyo-4388,33,48,Normal
2026-02-08 15:53:10.727938,Tokyo-4388,24,73,Normal
2026-02-08 15:53:11.727938,Tokyo-4388,19,82,Normal
2026-02-08 15:53:12.727938,Tokyo-4388,16,42,Normal
2026-02-08 15:53:13.727938,Tokyo-4388,-14,19,Normal
2026-02-08 15:53:14.727938,Tokyo-4388,6,50,Normal
2026-02-08 15:53:15.727938,Tokyo-4388,8,78,Normal
2026-02-08 15:53:16.727938,Tokyo-4388,-22,46,Normal
2026-02-08 15:53:17.727938,Tokyo-4388,-14,58,Normal
2026-02-08 15:53:18.727938,Tokyo-4388,47,74,Normal
2026-02-08 15:53:19.727938,Tokyo-4388,-16,71,Normal
2026-02-08 15:53:20.727938,Tokyo-4388,41,5,Normal
2026-02-08 15:53:21.727938,Tokyo-4388,37,35,Normal
2026-02-08 15:53:22.727938,Tokyo-4388,19,0,Normal
2026-02-08 15:53:23.727938,Tokyo-4388,-10,67,Normal
2026-02-08 15:53:24.727938,Tokyo-4388,17,100,Normal
2026-02-08 15:53:25.727938,Tokyo-4388,1,57,Normal
2026-02-08 15:53:26.727938,Tokyo-4388,32,14,Normal
2026-02-08 15:53:27.727938,Tokyo-4388,23,95,Normal
2026-02-08 15:53:28.727938,Tokyo-4388,25,83,Normal
2026-02-08 15:53:29.727938,Tokyo-4388,-11,45,Normal
2026-02-08 15:53:30.727938,Tokyo-4388,48,28,Normal
2026-02-08 15:53:31.727938,Tokyo-4388,11,15,Normal
2026-02-08 15:53:32.727938,Tokyo-4388,-3,41,Normal
2026-02-08 15:53:33.727938,Tokyo-4388,30,17,Normal
2026-02-08 15:53:34.727938,Tokyo-4388,11,75,Normal
2026-02-08 15:53:35.727938,Tokyo-4388,-27,31,Normal
2026-02-08 15:53:36.727938,Tokyo-4388,-13,74,Normal
2026-02-08 15:53:37.727938,Tokyo-4388,10,10,Normal
2026-02-08 15:53:38.727938,Tokyo-4388,29,69,Normal
2026-02-08 15:53:39.727938,Tokyo-4388,-24,63,Normal
2026-02-08 15:53:40.727938,Tokyo-4388,-23,86,Normal
2026-02-08 15:53:41.727938,Tokyo-4388,21,73,Normal
2026-02-08 15:53:42.727938,Tokyo-4388,42,29,Normal
2026-02-08 15:53:43.727938,Tokyo-4388,-20,66,Normal
2026-02-08 15:53:44.727938,Tokyo-4388,40,48,Normal
2026-02-08 15:53:45.727938,Tokyo-4388,14,70,Normal
2026-02-08 15:53:46.727938,Tokyo-4388,-21,97,Normal
2026-02-08 15:53:47.727938,Tokyo-4388,45,50,Normal
2026-02-08 15:53:48.727938,Tokyo-4388,15,4,Normal
2026-02-08 15:53:49.727938,Tokyo-4388,-6,12,Normal
2026-02-08 15:53:50.727938,Tokyo-4388,-20,41,Normal
2026-02-08 15:53:51.727938,Tokyo-4388,-10,54,Normal
2026-02-08 15:53:52.727938,Tokyo-4388,2,86,Normal
2026-02-08 15:53:53.727938,Tokyo-4388,-19,71,Normal
2026-02-08 15:53:54.727938,Tokyo-4388,-25,14,Normal
2026-02-08 15:53:55.727938,Tokyo-4388,27,20,Normal
2026-02-08 15:53:56.727938,Tokyo-4388,3,67,Normal
2026-02-08 15:53:57.727938,Tokyo-4388,44,11,Normal
2026-02-08 15:53:58.727938,Tokyo-4388,32,89,Normal
2026-02-08 15:53:59.727938,Tokyo-4388,-24,95,Normal
2026-02-08 15:54:00.727938,Tokyo-4388,31,22,Normal
2026-02-08 15:54:01.727938,Tokyo-4388,-17,41,Normal
2026-02-08 15:54:02.727938,Tokyo-4388,-13,48,Normal
2026-02-08 15:54:03.727938,Tokyo-4388,22,8,Normal
2026-02-08 15:54:04.727938,Tokyo-4388,-4,87,Normal
2026-02-08 15:54:05.727938,Tokyo-4388,18,0,Normal
2026-02-08 15:54:06.727938,Tokyo-4388,-3,96,Normal
2026-02-08 15:54:07.727938,Tokyo-4388,14,100,Normal
2026-02-08 15:54:08.727938,Tokyo-4388,4,36,Normal
2026-02-08 15:54:09.727938,Tokyo-4388,29,91,Normal
2026-02-08 15:54:10.727938,Tokyo-4388,-23,36,Normal
2026-02-08 15:54:11.727938,Tokyo-4388,-26,55,Normal
2026-02-08 15:54:12.727938,Tokyo-4388,39,39,Normal
2026-02-08 15:54:13.727938,Tokyo-4388,-8,7,Normal
2026-02-08 15:54:14.727938,Tokyo-4388,1,83,Normal
2026-02-08 15:54:15.727938,Tokyo-4388,10,20,Normal
2026-02-08 15:54:16.727938,Tokyo-4388,37,94,Normal
2026-02-08 15:54:17.727938,Tokyo-4388,43,51,Normal
2026-02-08 15:54:18.727938,Tokyo-4388,40,50,Normal
2026-02-08 15:54:19.727938,Tokyo-4388,20,63,Normal
2026-02-08 15:54:20.727938,Tokyo-4388,-2,22,Normal
2026-02-08 15:54:21.727938,Tokyo-4388,23,86,Normal
2026-02-08 15:54:22.727938,Tokyo-4388,25,47,Normal
2026-02-08 15:54:23.727938,Tokyo-4388,-8,91,Normal
2026-02-08 15:54:24.727938,Tokyo-4388,24,40,Normal
2026-02-08 15:54:25.727938,Tokyo-4388,46,56,Normal
2026-02-08 15:54:26.727938,Tokyo-4388,39,55,Normal
2026-02-08 15:54:27.727938,Tokyo-4388,-19,15,Normal
2026-02-08 15:54:28.727938,Tokyo-4388,0,58,Normal
2026-02-08 15:54:29.727938,Tokyo-4388,48,31,Normal
2026-02-08 15:54:30.727938,Tokyo-4388,42,13,Normal
2026-02-08 15:54:31.727938,Tokyo-4388,28,13,Normal
2026-02-08 15:54:32.727938,Tokyo-4388,15,66,Normal
2026-02-08 15:54:33.727938,Tokyo-4388,25,26,Normal
2026-02-08 15:54:34.727938,Tokyo-4388,3,37,Normal
2026-02-08 15:54:35.727938,Tokyo-4388,-13,77,Normal
2026-02-08 15:54:36.727938,Tokyo-4388,15,49,Normal
2026-02-08 15:54:37.727938,Tokyo-4388,32,70,Normal
2026-02-08 15:54:38.727938,Tokyo-4388,45,71,Normal
2026-02-08 15:54:39.727938,Tokyo-4388,25,88,Normal
2026-02-08 15:54:40.727938,Tokyo-4388,45,41,Normal
2026-02-08 15:54:41.727938,Tokyo-4388,2,9,Normal
2026-02-08 15:54:42.727938,Tokyo-4388,-22,13,Normal
2026-02-08 15:54:43.727938,Tokyo-4388,0,65,Normal
2026-02-08 15:54:44.727938,Tokyo-4388,-13,78,Normal
2026-02-08 15:54:45.727938,Tokyo-4388,48,80,Normal
2026-02-08 15:54:46.727938,Tokyo-4388,38,94,Normal
2026-02-08 15:54:47.727938,Tokyo-4388,-3,45,Normal
2026-02-08 15:54:48.727938,Tokyo-4388,31,59,Normal
2026-02-08 15:54:49.727938,Tokyo-4388,-9,74,Normal
2026-02-08 15:54:50.727938,Tokyo-4388,4,59,Normal
2026-02-08 15:54:51.727938,Tokyo-4388,26,7,Normal
2026-02-08 15:54:52.727938,Tokyo-4388,9,37,Normal
2026-02-08 15:54:53.727938,Tokyo-4388,49,80,Normal
2026-02-08 15:54:54.727938,Tokyo-4388,23,76,Normal
2026-02-08 15:54:55.727938,Tokyo-4388,37,46,Normal
2026-02-08 15:54:56.727938,Tokyo-4388,-7,35,Normal
2026-02-08 15:54:57.727938,Tokyo-4388,11,30,Normal
2026-02-08 15:54:58.727938,Tokyo-4388,48,100,Normal
2026-02-08 15:54:59.727938,Tokyo-4388,2,92,Normal
2026-02-08 15:55:00.727938,Tokyo-4388,6,81,Normal
2026-02-08 15:55:01.727938,Tokyo-4388,43,29,Normal
2026-02-08 15:55:02.727938,Tokyo-4388,-12,86,Normal
2026-02-08 15:55:03.727938,Tokyo-4388,25,70,Normal
2026-02-08 15:55:04.727938,Tokyo-4388,-28,41,Normal
2026-02-08 15:55:05.727938,Tokyo-4388,3,32,Normal
2026-02-08 15:55:06.727938,Tokyo-4388,-7,98,Normal
2026-02-08 15:55:07.727938,Tokyo-4388,-9,98,Normal
2026-02-08 15:55:08.727938,Tokyo-4388,-8,66,Normal
2026-02-08 15:55:09.727938,Tokyo-4388,42,45,Normal
2026-02-08 15:55:10.727938,Tokyo-4388,9,16,Normal
2026-02-08 15:55:11.727938,Tokyo-4388,-21,77,Normal
2026-02-08 15:55:12.727938,Tokyo-4388,31,24,Normal
2026-02-08 15:55:13.727938,Tokyo-4388,-17,49,Normal
2026-02-08 15:55:14.727938,Tokyo-4388,12,87,Normal
2026-02-08 15:55:15.727938,Tokyo-4388,33,88,Normal
2026-02-08 15:55:16.727938,Tokyo-4388,-2,61,Normal
2026-02-08 15:55:17.727938,Tokyo-4388,9,50,Normal
2026-02-08 15:55:18.727938,Tokyo-4388,-13,10,Normal
2026-02-08 15:55:19.727938,Tokyo-4388,-21,75,Normal
2026-02-08 15:55:20.727938,Tokyo-4388,11,58,Normal
2026-02-08 15:55:21.727938,Tokyo-4388,2,95,Normal
2026-02-08 15:55:22.727938,Tokyo-4388,4,11,Normal
2026-02-08 15:55:23.727938,Tokyo-4388,-16,56,Normal
2026-02-08 15:55:24.727938,Tokyo-4388,35,100,Normal
2026-02-08 15:55:25.727938,Tokyo-4388,-3,59,Normal
2026-02-08 15:55:26.727938,Tokyo-4388,-19,99,Normal
2026-02-08 15:55:27.727938,Tokyo-4388,15,33,Normal
2026-02-08 15:55:28.727938,Tokyo-4388,-14,30,Normal
2026-02-08 15:55:29.727938,Tokyo-4388,-10,26,Normal
2026-02-08 15:55:30.727938,Tokyo-4388,-8,38,Normal
2026-02-08 15:55:31.727938,Tokyo-4388,40,24,Normal
2026-02-08 15:55:32.727938,Tokyo-4388,-15,5,Normal
2026-02-08 15:55:33.727938,Tokyo-4388,18,69,Normal
2026-02-08 15:55:34.727938,Tokyo-4388,1,22,Normal
2026-02-08 15:55:35.727938,Tokyo-4388,-8,52,Normal
2026-02-08 15:55:36.727938,Tokyo-4388,-4,34,Normal
2026-02-08 15:55:37.727938,Tokyo-4388,-29,27,Normal
2026-02-08 15:55:38.727938,Tokyo-4388,20,55,Normal
2026-02-08 15:55:39.727938,Tokyo-4388,18,55,Normal
2026-02-08 15:55:40.727938,Tokyo-4388,45,82,Normal
2026-02-08 15:55:41.727938,Tokyo-4388,1,70,Normal
2026-02-08 15:55:42.727938,Tokyo-4388,27,56,Normal
2026-02-08 15:55:43.727938,Tokyo-4388,-1,82,Normal
2026-02-08 15:55:44.727938,Tokyo-4388,37,87,Normal
2026-02-08 15:55:45.727938,Tokyo-4388,-10,99,Normal
2026-02-08 15:55:46.727938,Tokyo-4388,5,45,Normal
2026-02-08 15:55:47.727938,Tokyo-4388,8,67,Normal
2026-02-08 15:55:48.727938,Tokyo-4388,17,66,Normal
2026-02-08 15:55:49.727938,Tokyo-4388,16,14,Normal
2026-02-08 15:55:50.727938,Tokyo-4388,-21,26,Normal
2026-02-08 15:55:51.727938,Tokyo-4388,41,30,Normal
2026-02-08 15:55:52.727938,Tokyo-4388,-4,90,Normal
2026-02-08 15:55:53.727938,Tokyo-4388,36,18,Normal
2026-02-08 15:55:54.727938,Tokyo-4388,23,25,Normal
2026-02-08 15:55:55.727938,Tokyo-4388,26,88,Normal
2026-02-08 15:55:56.727938,Tokyo-4388,-21,28,Normal
2026-02-08 15:55:57.727938,Tokyo-4388,34,34,Normal
2026-02-08 15:55:58.727938,Tokyo-4388,45,82,Normal
2026-02-08 15:55:59.727938,Tokyo-4388,-5,23,Normal
2026-02-08 15:56:00.727938,Tokyo-4388,36,42,Normal
2026-02-08 15:56:01.727938,Tokyo-4388,20,62,Normal
2026-02-08 15:56:02.727938,Tokyo-4388,-12,23,Normal
2026-02-08 15:56:03.727938,Tokyo-4388,-26,76,Normal
2026-02-08 15:56:04.727938,Tokyo-4388,0,86,Normal
2026-02-08 15:56:05.727938,Tokyo-4388,-8,52,Normal
2026-02-08 15:56:06.727938,Tokyo-4388,29,18,Normal
2026-02-08 15:56:07.727938,Tokyo-4388,49,14,Normal
2026-02-08 15:56:08.727938,Tokyo-4388,32,3,Normal
2026-02-08 15:56:09.727938,Tokyo-4388,43,2,Normal
2026-02-08 15:56:10.727938,Tokyo-4388,16,60,Normal
2026-02-08 15:56:11.727938,Tokyo-4388,4,64,Normal
2026-02-08 15:56:12.727938,Tokyo-4388,-29,25,Normal
2026-02-08 15:56:13.727938,Tokyo-4388,-5,74,Normal
2026-02-08 15:56:14.727938,Tokyo-4388,23,27,Normal
2026-02-08 15:56:15.727938,Tokyo-4388,21,51,Normal
2026-02-08 15:56:16.727938,Tokyo-4388,-17,8,Normal
2026-02-08 15:56:17.727938,Tokyo-4388,-9,57,Normal
2026-02-08 15:56:18.727938,Tokyo-4388,37,47,Normal
2026-02-08 15:56:19.727938,Tokyo-4388,-21,56,Normal
2026-02-08 15:56:20.727938,Tokyo-4388,-10,52,Normal
2026-02-08 15:56:21.727938,Tokyo-4388,-8,96,Normal
2026-02-08 15:56:22.727938,Tokyo-4388,-19,2,Normal
2026-02-08 15:56:23.727938,Tokyo-4388,-3,45,Normal
2026-02-08 15:56:24.727938,Tokyo-4388,-19,83,Normal
2026-02-08 15:56:25.727938,Tokyo-4388,-18,29,Normal
2026-02-08 15:56:26.727938,Tokyo-4388,28,1,Normal
2026-02-08 15:56:27.727938,Tokyo-4388,27,2,Normal
2026-02-08 15:56:28.727938,Tokyo-4388,49,47,Normal
2026-02-08 15:56:29.727938,Tokyo-4388,-14,57,Normal
2026-02-08 15:56:30.727938,Tokyo-4388,12,47,Normal
2026-02-08 15:56:31.727938,Tokyo-4388,-3,25,Normal
2026-02-08 15:56:32.727938,Tokyo-4388,15,86,Normal
2026-02-08 15:56:33.727938,Tokyo-4388,27,1,Normal
2026-02-08 15:56:34.727938,Tokyo-4388,24,69,Normal
2026-02-08 15:56:35.727938,Tokyo-4388,13,5,Normal
2026-02-08 15:56:36.727938,Tokyo-4388,16,57,Normal
2026-02-08 15:56:37.727938,Tokyo-4388,21,44,Normal
2026-02-08 15:56:38.727938,Tokyo-4388,7,78,Normal
2026-02-08 15:56:39.727938,Tokyo-4388,-10,27,Normal
2026-02-08 15:56:40.727938,Tokyo-4388,-6,90,Normal
2026-02-08 15:56:41.727938,Tokyo-4388,35,87,Normal
2026-02-08 15:56:42.727938,Tokyo-4388,-21,33,Normal
2026-02-08 15:56:43.727938,Tokyo-4388,5,32,Normal
2026-02-08 15:56:44.727938,Tokyo-4388,22,26,Normal
2026-02-08 15:56:45.727938,Tokyo-4388,-23,68,Normal
2026-02-08 15:56:46.727938,Tokyo-4388,-4,28,Normal
2026-02-08 15:56:47.727938,Tokyo-4388,13,80,Normal
2026-02-08 15:56:48.727938,Tokyo-4388,8,6,Normal
2026-02-08 15:56:49.727938,Tokyo-4388,-21,10,Normal
2026-02-08 15:56:50.727938,Tokyo-4388,-15,5,Normal
2026-02-08 15:56:51.727938,Tokyo-4388,23,70,Normal
2026-02-08 15:56:52.727938,Tokyo-4388,11,66,Normal
2026-02-08 15:56:53.727938,Tokyo-4388,26,62,Normal
2026-02-08 15:56:54.727938,Tokyo-4388,19,42,Normal
2026-02-08 15:56:55.727938,Tokyo-4388,14,49,Normal
2026-02-08 15:56:56.727938,Tokyo-4388,-6,72,Normal
2026-02-08 15:56:57.727938,Tokyo-4388,21,23,Normal
2026-02-08 15:56:58.727938,Tokyo-4388,-19,11,Normal
2026-02-08 15:56:59.727938,Tokyo-4388,-1,33,Normal
2026-02-08 15:57:00.727938,Tokyo-4388,20,84,Normal
2026-02-08 15:57:01.727938,Tokyo-4388,-22,38,Normal
2026-02-08 15:57:02.727938,Tokyo-4388,-10,65,Normal
2026-02-08 15:57:03.727938,Tokyo-4388,-19,38,Normal
2026-02-08 15:57:04.727938,Tokyo-4388,49,57,Normal
2026-02-08 15:57:05.727938,Tokyo-4388,13,49,Normal
2026-02-08 15:57:06.727938,Tokyo-4388,-7,47,Normal
2026-02-08 15:57:07.727938,Tokyo-4388,10,56,Normal
2026-02-08 15:57:08.727938,Tokyo-4388,16,45,Normal
2026-02-08 15:57:09.727938,Tokyo-4388,50,19,Normal
2026-02-08 15:57:10.727938,Tokyo-4388,21,60,Normal
2026-02-08 15:57:11.727938,Tokyo-4388,48,18,Normal
2026-02-08 15:57:12.727938,Tokyo-4388,-10,0,Normal
2026-02-08 15:57:13.727938,Tokyo-4388,48,68,Normal
2026-02-08 15:57:14.727938,Tokyo-4388,-13,24,Normal
2026-02-08 15:57:15.727938,Tokyo-4388,9,63,Normal
2026-02-08 15:57:16.727938,Tokyo-4388,-16,92,Normal
2026-02-08 15:57:17.727938,Tokyo-4388,48,58,Normal
2026-02-08 15:57:18.727938,Tokyo-4388,3,37,Normal
2026-02-08 15:57:19.727938,Tokyo-4388,-13,16,Normal
2026-02-08 15:57:20.727938,Tokyo-4388,15,95,Normal
2026-02-08 15:57:21.727938,Tokyo-4388,34,22,Normal
2026-02-08 15:57:22.727938,Tokyo-4388,-1,98,Normal
2026-02-08 15:57:23.727938,Tokyo-4388,32,63,Normal
2026-02-08 15:57:24.727938,Tokyo-4388,-16,55,Normal
2026-02-08 15:57:25.727938,Tokyo-4388,23,73,Normal
2026-02-08 15:57:26.727938,Tokyo-4388,45,56,Normal
2026-02-08 15:57:27.727938,Tokyo-4388,-18,14,Normal
2026-02-08 15:57:28.727938,Tokyo-4388,-3,40,Normal
2026-02-08 15:57:29.727938,Tokyo-4388,48,42,Normal
2026-02-08 15:57:30.727938,Tokyo-4388,45,54,Normal
2026-02-08 15:57:31.727938,Tokyo-4388,23,28,Normal
2026-02-08 15:57:32.727938,Tokyo-4388,-4,98,Normal
2026-02-08 15:57:33.727938,Tokyo-4388,17,45,Normal
2026-02-08 15:57:34.727938,Tokyo-4388,-3,49,Normal
2026-02-08 15:57:35.727938,Tokyo-4388,39,41,Normal
2026-02-08 15:57:36.727938,Tokyo-4388,22,79,Normal
2026-02-08 15:57:37.727938,Tokyo-4388,-16,20,Normal
2026-02-08 15:57:38.727938,Tokyo-4388,34,77,Normal
2026-02-08 15:57:39.727938,Tokyo-4388,-16,28,Normal
2026-02-08 15:57:40.727938,Tokyo-4388,-14,72,Normal
2026-02-08 15:57:41.727938,Tokyo-4388,-3,51,Normal
2026-02-08 15:57:42.727938,Tokyo-4388,35,21,Normal
2026-02-08 15:57:43.727938,Tokyo-4388,21,21,Normal
2026-02-08 15:57:44.727938,Tokyo-4388,41,46,Normal
2026-02-08 15:57:45.727938,Tokyo-4388,35,19,Normal
2026-02-08 15:57:46.727938,Tokyo-4388,-17,6,Normal
2026-02-08 15:57:47.727938,Tokyo-4388,21,27,Normal
2026-02-08 15:57:48.727938,Tokyo-4388,34,36,Normal
2026-02-08 15:57:49.727938,Tokyo-4388,44,22,Normal
2026-02-08 15:57:50.727938,Tokyo-4388,22,12,Normal
2026-02-08 15:57:51.727938,Tokyo-4388,-23,58,Normal
2026-02-08 15:57:52.727938,Tokyo-4388,-10,23,Normal
2026-02-08 15:57:53.727938,Tokyo-4388,-12,98,Normal
2026-02-08 15:57:54.727938,Tokyo-4388,-29,54,Normal
2026-02-08 15:57:55.727938,Tokyo-4388,39,86,Normal
2026-02-08 15:57:56.727938,Tokyo-4388,49,19,Normal
2026-02-08 15:57:57.727938,Tokyo-4388,-17,4,Normal
2026-02-08 15:57:58.727938,Tokyo-4388,-8,73,Normal
2026-02-08 15:57:59.727938,Tokyo-4388,35,29,Normal
2026-02-08 15:58:00.727938,Tokyo-4388,12,100,Normal
2026-02-08 15:58:01.727938,Tokyo-4388,41,98,Normal
2026-02-08 15:58:02.727938,Tokyo-4388,16,0,Normal
2026-02-08 15:58:03.727938,Tokyo-4388,36,79,Normal
2026-02-08 15:58:04.727938,Tokyo-4388,31,83,Normal
2026-02-08 15:58:05.727938,Tokyo-4388,-8,19,Normal
2026-02-08 15:58:06.727938,Tokyo-4388,-4,40,Normal
2026-02-08 15:58:07.727938,Tokyo-4388,-25,38,Normal
2026-02-08 15:58:08.727938,Tokyo-4388,49,60,Normal
2026-02-08 15:58:09.727938,Tokyo-4388,7,18,Normal
2026-02-08 15:58:10.727938,Tokyo-4388,49,44,Normal
2026-02-08 15:58:11.727938,Tokyo-4388,-28,47,Normal
2026-02-08 15:58:12.727938,Tokyo-4388,-29,72,Normal
2026-02-08 15:58:13.727938,Tokyo-4388,-30,34,Normal
2026-02-08 15:58:14.727938,Tokyo-4388,-6,94,Normal
2026-02-08 15:58:15.727938,Tokyo-4388,11,9,Normal
2026-02-08 15:58:16.727938,Tokyo-4388,34,93,Normal
2026-02-08 15:58:17.727938,Tokyo-4388,16,32,Normal
2026-02-08 15:58:18.727938,Tokyo-4388,50,58,Normal
2026-02-08 15:58:19.727938,Tokyo-4388,46,75,Normal
2026-02-08 15:58:20.727938,Tokyo-4388,-23,99,Normal
2026-02-08 15:58:21.727938,Tokyo-4388,26,60,Normal
2026-02-08 15:58:22.727938,Tokyo-4388,-13,63,Normal
2026-02-08 15:58:23.727938,Tokyo-4388,1,69,Normal
2026-02-08 15:58:24.727938,Tokyo-4388,38,45,Normal
2026-02-08 15:58:25.727938,Tokyo-4388,44,59,Normal
2026-02-08 15:58:26.727938,Tokyo-4388,7,54,Normal
2026-02-08 15:58:27.727938,Tokyo-4388,-11,6,Normal
2026-02-08 15:58:28.727938,Tokyo-4388,44,3,Normal
2026-02-08 15:58:29.727938,Tokyo-4388,-2,15,Normal
2026-02-08 15:58:30.727938,Tokyo-4388,26,60,Normal
2026-02-08 15:58:31.727938,Tokyo-4388,18,44,Normal
2026-02-08 15:58:32.727938,Tokyo-4388,13,82,Normal
2026-02-08 15:58:33.727938,Tokyo-4388,-25,30,Normal
2026-02-08 15:58:34.727938,Tokyo-4388,-10,27,Normal
2026-02-08 15:58:35.727938,Tokyo-4388,-25,71,Normal
2026-02-08 15:58:36.727938,Tokyo-4388,19,87,Normal
2026-02-08 15:58:37.727938,Tokyo-4388,-26,5,Normal
2026-02-08 15:58:38.727938,Tokyo-4388,-3,99,Normal
2026-02-08 15:58:39.727938,Tokyo-4388,19,5,Normal
2026-02-08 15:58:40.727938,Tokyo-4388,27,7,Normal
2026-02-08 15:58:41.727938,Tokyo-4388,49,100,Normal
2026-02-08 15:58:42.727938,Tokyo-4388,20,79,Normal
2026-02-08 15:58:43.727938,Tokyo-4388,-5,2,Normal
2026-02-08 15:58:44.727938,Tokyo-4388,42,84,Normal
2026-02-08 15:58:45.727938,Tokyo-4388,32,19,Normal
2026-02-08 15:58:46.727938,Tokyo-4388,19,92,Normal
2026-02-08 15:58:47.727938,Tokyo-4388,26,31,Normal
2026-02-08 15:58:48.727938,Tokyo-4388,3,100,Normal
2026-02-08 15:58:49.727938,Tokyo-4388,21,30,Normal
2026-02-08 15:58:50.727938,Tokyo-4388,2,65,Normal
2026-02-08 15:58:51.727938,Tokyo-4388,18,38,Normal
2026-02-08 15:58:52.727938,Tokyo-4388,37,18,Normal
2026-02-08 15:58:53.727938,Tokyo-4388,10,55,Normal
2026-02-08 15:58:54.727938,Tokyo-4388,22,29,Normal
2026-02-08 15:58:55.727938,Tokyo-4388,43,10,Normal
2026-02-08 15:58:56.727938,Tokyo-4388,-3,86,Normal
2026-02-08 15:58:57.727938,Tokyo-4388,-10,22,Normal
2026-02-08 15:58:58.727938,Tokyo-4388,45,49,Normal
2026-02-08 15:58:59.727938,Tokyo-4388,31,89,Normal
2026-02-08 15:59:00.727938,Tokyo-4388,16,82,Normal
2026-02-08 15:59:01.727938,Tokyo-4388,-29,58,Normal
2026-02-08 15:59:02.727938,Tokyo-4388,29,55,Normal
2026-02-08 15:59:03.727938,Tokyo-4388,5,29,Normal
2026-02-08 15:59:04.727938,Tokyo-4388,-30,51,Normal
2026-02-08 15:59:05.727938,Tokyo-4388,-15,16,Normal
2026-02-08 15:59:06.727938,Tokyo-4388,-30,60,Normal
2026-02-08 15:59:07.727938,Tokyo-4388,-21,52,Normal
2026-02-08 15:59:08.727938,Tokyo-4388,6,33,Normal
2026-02-08 15:59:09.727938,Tokyo-4388,-16,37,Normal
2026-02-08 15:59:10.727938,Tokyo-4388,-12,41,Normal
2026-02-08 15:59:11.727938,Tokyo-4388,22,75,Normal
2026-02-08 15:59:12.727938,Tokyo-4388,8,91,Normal
2026-02-08 15:59:13.727938,Tokyo-4388,21,5,Normal
2026-02-08 15:59:14.727938,Tokyo-4388,-8,30,Normal
2026-02-08 15:59:15.727938,Tokyo-4388,-6,88,Normal
2026-02-08 15:59:16.727938,Tokyo-4388,-26,53,Normal
2026-02-08 15:59:17.727938,Tokyo-4388,-15,14,Normal
2026-02-08 15:59:18.727938,Tokyo-4388,46,29,Normal
2026-02-08 15:59:19.727938,Tokyo-4388,35,26,Normal
2026-02-08 15:59:20.727938,Tokyo-4388,27,44,Normal
2026-02-08 15:59:21.727938,Tokyo-4388,38,88,Normal
2026-02-08 15:59:22.727938,Tokyo-4388,-6,86,Normal
2026-02-08 15:59:23.727938,Tokyo-4388,-13,81,Normal
2026-02-08 15:59:24.727938,Tokyo-4388,13,24,Normal
2026-02-08 15:59:25.727938,Tokyo-4388,5,89,Normal
2026-02-08 15:59:26.727938,Tokyo-4388,41,4,Normal
2026-02-08 15:59:27.727938,Tokyo-4388,-24,6,Normal
2026-02-08 15:59:28.727938,Tokyo-4388,-5,97,Normal
2026-02-08 15:59:29.727938,Tokyo-4388,-15,77,Normal
2026-02-08 15:59:30.727938,Tokyo-4388,24,43,Normal
2026-02-08 15:59:31.727938,Tokyo-4388,32,24,Normal
2026-02-08 15:59:32.727938,Tokyo-4388,-12,74,Normal
2026-02-08 15:59:33.727938,Tokyo-4388,41,45,Normal
2026-02-08 15:59:34.727938,Tokyo-4388,-8,97,Normal
2026-02-08 15:59:35.727938,Tokyo-4388,11,54,Normal
2026-02-08 15:59:36.727938,Tokyo-4388,34,80,Normal
2026-02-08 15:59:37.727938,Tokyo-4388,9,98,Normal
2026-02-08 15:59:38.727938,Tokyo-4388,35,83,Normal
2026-02-08 15:59:39.727938,Tokyo-4388,27,69,Normal
2026-02-08 15:59:40.727938,Tokyo-4388,33,8,Normal
2026-02-08 15:59:41.727938,Tokyo-4388,-14,56,Normal
2026-02-08 15:59:42.727938,Tokyo-4388,28,45,Normal
2026-02-08 15:59:43.727938,Tokyo-4388,34,33,Normal
2026-02-08 15:59:44.727938,Tokyo-4388,-22,10,Normal
2026-02-08 15:59:45.727938,Tokyo-4388,20,98,Normal
2026-02-08 15:59:46.727938,Tokyo-4388,-17,85,Normal
2026-02-08 15:59:47.727938,Tokyo-4388,24,65,Normal
2026-02-08 15:59:48.727938,Tokyo-4388,-10,38,Normal
2026-02-08 15:59:49.727938,Tokyo-4388,15,47,Normal
2026-02-08 15:59:50.727938,Tokyo-4388,12,15,Normal
2026-02-08 15:59:51.727938,Tokyo-4388,-6,22,Normal
2026-02-08 15:59:52.727938,Tokyo-4388,-27,96,Normal
2026-02-08 15:59:53.727938,Tokyo-4388,20,4,Normal
2026-02-08 15:59:54.727938,Tokyo-4388,17,36,Normal
2026-02-08 15:59:55.727938,Tokyo-4388,2,82,Normal
2026-02-08 15:59:56.727938,Tokyo-4388,49,57,Normal
2026-02-08 15:59:57.727938,Tokyo-4388,50,4,Normal
2026-02-08 15:59:58.727938,Tokyo-4388,35,48,Normal
2026-02-08 15:59:59.727938,Tokyo-4388,17,49,Normal
2026-02-08 16:00:00.727938,Tokyo-4388,-14,90,Normal
2026-02-08 16:00:01.727938,Tokyo-4388,-4,47,Normal
2026-02-08 16:00:02.727938,Tokyo-4388,17,42,Normal
2026-02-08 16:00:03.727938,Tokyo-4388,48,53,Normal
2026-02-08 16:00:04.727938,Tokyo-4388,19,23,Normal
2026-02-08 16:00:05.727938,Tokyo-4388,-7,6,Normal
2026-02-08 16:00:06.727938,Tokyo-4388,-5,50,Normal
2026-02-08 16:00:07.727938,Tokyo-4388,46,79,Normal
2026-02-08 16:00:08.727938,Tokyo-4388,34,65,Normal
2026-02-08 16:00:09.727938,Tokyo-4388,36,57,Normal
2026-02-08 16:00:10.727938,Tokyo-4388,-28,68,Normal
2026-02-08 16:00:11.727938,Tokyo-4388,22,12,Normal
2026-02-08 16:00:12.727938,Tokyo-4388,37,20,Normal
2026-02-08 16:00:13.727938,Tokyo-4388,-8,87,Normal
2026-02-08 16:00:14.727938,Tokyo-4388,31,27,Normal
2026-02-08 16:00:15.727938,Tokyo-4388,-3,3,Normal
2026-02-08 16:00:16.727938,Tokyo-4388,-10,87,Normal
2026-02-08 16:00:17.727938,Tokyo-4388,20,32,Normal
2026-02-08 16:00:18.727938,Tokyo-4388,-8,85,Normal
2026-02-08 16:00:19.727938,Tokyo-4388,12,100,Normal
2026-02-08 16:00:20.727938,Tokyo-4388,42,71,Normal
2026-02-08 16:00:21.727938,Tokyo-4388,30,94,Normal
2026-02-08 16:00:22.727938,Tokyo-4388,40,57,Normal
2026-02-08 16:00:23.727938,Tokyo-4388,-20,60,Normal
2026-02-08 16:00:24.727938,Tokyo-4388,-2,58,Normal
2026-02-08 16:00:25.727938,Tokyo-4388,33,36,Normal
2026-02-08 16:00:26.727938,Tokyo-4388,1,17,Normal
2026-02-08 16:00:27.727938,Tokyo-4388,33,71,Normal
2026-02-08 16:00:28.727938,Tokyo-4388,-15,45,Normal
2026-02-08 16:00:29.727938,Tokyo-4388,-18,13,Normal
2026-02-08 16:00:30.727938,Tokyo-4388,-30,4,Normal
2026-02-08 16:00:31.727938,Tokyo-4388,-17,86,Normal
2026-02-08 16:00:32.727938,Tokyo-4388,26,52,Normal
2026-02-08 16:00:33.727938,Tokyo-4388,30,62,Normal
2026-02-08 16:00:34.727938,Tokyo-4388,26,21,Normal
2026-02-08 16:00:35.727938,Tokyo-4388,14,96,Normal
2026-02-08 16:00:36.727938,Tokyo-4388,-26,16,Normal
2026-02-08 16:00:37.727938,Tokyo-4388,48,72,Normal
2026-02-08 16:00:38.727938,Tokyo-4388,16,16,Normal
2026-02-08 16:00:39.727938,Tokyo-4388,15,83,Normal
2026-02-08 16:00:40.727938,Tokyo-4388,21,83,Normal
2026-02-08 16:00:41.727938,Tokyo-4388,-30,3,Normal
2026-02-08 16:00:42.727938,Tokyo-4388,-26,30,Normal
2026-02-08 16:00:43.727938,Tokyo-4388,-6,85,Normal
2026-02-08 16:00:44.727938,Tokyo-4388,9,69,Normal
2026-02-08 16:00:45.727938,Tokyo-4388,21,50,Normal
2026-02-08 16:00:46.727938,Tokyo-4388,27,68,Normal
2026-02-08 16:00:47.727938,Tokyo-4388,4,54,Normal
2026-02-08 16:00:48.727938,Tokyo-4388,16,43,Normal
2026-02-08 16:00:49.727938,Tokyo-4388,-4,12,Normal
2026-02-08 16:00:50.727938,Tokyo-4388,46,23,Normal
2026-02-08 16:00:51.727938,Tokyo-4388,15,75,Normal
2026-02-08 16:00:52.727938,Tokyo-4388,35,39,Normal
2026-02-08 16:00:53.727938,Tokyo-4388,33,80,Normal
2026-02-08 16:00:54.727938,Tokyo-4388,46,2,Normal
2026-02-08 16:00:55.727938,Tokyo-4388,-19,93,Normal
2026-02-08 16:00:56.727938,Tokyo-4388,11,51,Normal
2026-02-08 16:00:57.727938,Tokyo-4388,15,65,Normal
2026-02-08 16:00:58.727938,Tokyo-4388,-2,53,Normal
2026-02-08 16:00:59.727938,Tokyo-4388,9,62,Normal
2026-02-08 16:01:00.727938,Tokyo-4388,37,4,Normal
2026-02-08 16:01:01.727938,Tokyo-4388,36,93,Normal
2026-02-08 16:01:02.727938,Tokyo-4388,20,57,Normal
2026-02-08 16:01:03.727938,Tokyo-4388,31,55,Normal
2026-02-08 16:01:04.727938,Tokyo-4388,-8,36,Normal
2026-02-08 16:01:05.727938,Tokyo-4388,6,98,Normal
2026-02-08 16:01:06.727938,Tokyo-4388,-18,22,Normal
2026-02-08 16:01:07.727938,Tokyo-4388,-30,92,Normal
2026-02-08 16:01:08.727938,Tokyo-4388,34,35,Normal
2026-02-08 16:01:09.727938,Tokyo-4388,42,74,Normal
2026-02-08 16:01:10.727938,Tokyo-4388,37,70,Normal
2026-02-08 16:01:11.727938,Tokyo-4388,2,93,Normal
2026-02-08 16:01:12.727938,Tokyo-4388,35,30,Normal
2026-02-08 16:01:13.727938,Tokyo-4388,-24,39,Normal
2026-02-08 16:01:14.727938,Tokyo-4388,2,69,Normal
2026-02-08 16:01:15.727938,Tokyo-4388,22,18,Normal
2026-02-08 16:01:16.727938,Tokyo-4388,12,55,Normal
2026-02-08 16:01:17.727938,Tokyo-4388,47,33,Normal
2026-02-08 16:01:18.727938,Tokyo-4388,21,90,Normal
2026-02-08 16:01:19.727938,Tokyo-4388,-29,25,Normal
2026-02-08 16:01:20.727938,Tokyo-4388,-19,73,Normal
2026-02-08 16:01:21.727938,Tokyo-4388,19,69,Normal
2026-02-08 16:01:22.727938,Tokyo-4388,38,74,Normal
2026-02-08 16:01:23.727938,Tokyo-4388,27,21,Normal
2026-02-08 16:01:24.727938,Tokyo-4388,22,27,Normal
2026-02-08 16:01:25.727938,Tokyo-4388,3,92,Normal
2026-02-08 16:01:26.727938,Tokyo-4388,-7,82,Normal
2026-02-08 16:01:27.727938,Tokyo-4388,-16,93,Normal
2026-02-08 16:01:28.727938,Tokyo-4388,1,42,Normal
2026-02-08 16:01:29.727938,Tokyo-4388,-22,73,Normal
2026-02-08 16:01:30.727938,Tokyo-4388,-2,23,Normal
2026-02-08 16:01:31.727938,Tokyo-4388,49,0,Normal
2026-02-08 16:01:32.727938,Tokyo-4388,25,59,Normal
2026-02-08 16:01:33.727938,Tokyo-4388,-14,15,Normal
2026-02-08 16:01:34.727938,Tokyo-4388,11,73,Normal
2026-02-08 16:01:35.727938,Tokyo-4388,38,88,Normal
2026-02-08 16:01:36.727938,Tokyo-4388,47,65,Normal
2026-02-08 16:01:37.727938,Tokyo-4388,19,0,Normal
2026-02-08 16:01:38.727938,Tokyo-4388,-13,97,Normal
2026-02-08 16:01:39.727938,Tokyo-4388,29,59,Normal
2026-02-08 16:01:40.727938,Tokyo-4388,-15,61,Normal
2026-02-08 16:01:41.727938,Tokyo-4388,13,71,Normal
2026-02-08 16:01:42.727938,Tokyo-4388,-28,77,Normal
2026-02-08 16:01:43.727938,Tokyo-4388,48,15,Normal
2026-02-08 16:01:44.727938,Tokyo-4388,28,6,Normal
2026-02-08 16:01:45.727938,Tokyo-4388,22,78,Normal
2026-02-08 16:01:46.727938,Tokyo-4388,12,84,Normal
2026-02-08 16:01:47.727938,Tokyo-4388,37,54,Normal
2026-02-08 16:01:48.727938,Tokyo-4388,27,14,Normal
2026-02-08 16:01:49.727938,Tokyo-4388,-15,12,Normal
2026-02-08 16:01:50.727938,Tokyo-4388,16,49,Normal
2026-02-08 16:01:51.727938,Tokyo-4388,5,82,Normal
2026-02-08 16:01:52.727938,Tokyo-4388,-21,31,Normal
2026-02-08 16:01:53.727938,Tokyo-4388,-13,17,Normal
2026-02-08 16:01:54.727938,Tokyo-4388,26,60,Normal
2026-02-08 16:01:55.727938,Tokyo-4388,35,43,Normal
2026-02-08 16:01:56.727938,Tokyo-4388,14,86,Normal
2026-02-08 16:01:57.727938,Tokyo-4388,15,6,Normal
2026-02-08 16:01:58.727938,Tokyo-4388,-2,19,Normal
2026-02-08 16:01:59.727938,Tokyo-4388,-10,92,Normal
2026-02-08 16:02:00.727938,Tokyo-4388,-5,47,Normal
2026-02-08 16:02:01.727938,Tokyo-4388,3,66,Normal
2026-02-08 16:02:02.727938,Tokyo-4388,23,90,Normal
2026-02-08 16:02:03.727938,Tokyo-4388,10,85,Normal
2026-02-08 16:02:04.727938,Tokyo-4388,-28,65,Normal
2026-02-08 16:02:05.727938,Tokyo-4388,7,24,Normal
2026-02-08 16:02:06.727938,Tokyo-4388,16,60,Normal
2026-02-08 16:02:07.727938,Tokyo-4388,-28,1,Normal
2026-02-08 16:02:08.727938,Tokyo-4388,-10,15,Normal
2026-02-08 16:02:09.727938,Tokyo-4388,38,38,Normal
2026-02-08 16:02:10.727938,Tokyo-4388,46,69,Normal
2026-02-08 16:02:11.727938,Tokyo-4388,27,47,Normal
2026-02-08 16:02:12.727938,Tokyo-4388,-26,41,Normal
2026-02-08 16:02:13.727938,Tokyo-4388,-9,27,Normal
2026-02-08 16:02:14.727938,Tokyo-4388,45,62,Normal
2026-02-08 16:02:15.727938,Tokyo-4388,33,15,Normal
2026-02-08 16:02:16.727938,Tokyo-4388,-9,3,Normal
2026-02-08 16:02:17.727938,Tokyo-4388,3,32,Normal
2026-02-08 16:02:18.727938,Tokyo-4388,2,75,Normal
2026-02-08 16:02:19.727938,Tokyo-4388,12,49,Normal
2026-02-08 16:02:20.727938,Tokyo-4388,-25,46,Normal
2026-02-08 16:02:21.727938,Tokyo-4388,17,22,Normal
2026-02-08 16:02:22.727938,Tokyo-4388,28,92,Normal
2026-02-08 16:02:23.727938,Tokyo-4388,46,31,Normal
2026-02-08 16:02:24.727938,Tokyo-4388,-22,82,Normal
2026-02-08 16:02:25.727938,Tokyo-4388,-23,87,Normal
2026-02-08 16:02:26.727938,Tokyo-4388,29,91,Normal
2026-02-08 16:02:27.727938,Tokyo-4388,43,99,Normal
2026-02-08 16:02:28.727938,Tokyo-4388,-19,99,Normal
2026-02-08 16:02:29.727938,Tokyo-4388,47,20,Normal
2026-02-08 16:02:30.727938,Tokyo-4388,9,68,Normal
2026-02-08 16:02:31.727938,Tokyo-4388,-4,43,Normal
2026-02-08 16:02:32.727938,Tokyo-4388,-19,58,Normal
2026-02-08 16:02:33.727938,Tokyo-4388,-13,35,Normal
2026-02-08 16:02:34.727938,Tokyo-4388,30,81,Normal
2026-02-08 16:02:35.727938,Tokyo-4388,-26,33,Normal
2026-02-08 16:02:36.727938,Tokyo-4388,14,84,Normal
2026-02-08 16:02:37.727938,Tokyo-4388,1,11,Normal
2026-02-08 16:02:38.727938,Tokyo-4388,-4,14,Normal
2026-02-08 16:02:39.727938,Tokyo-4388,37,20,Normal
2026-02-08 16:02:40.727938,Tokyo-4388,31,29,Normal
2026-02-08 16:02:41.727938,Tokyo-4388,8,77,Normal
2026-02-08 16:02:42.727938,Tokyo-4388,40,69,Normal
2026-02-08 16:02:43.727938,Tokyo-4388,50,35,Normal
2026-02-08 16:02:44.727938,Tokyo-4388,30,15,Normal
2026-02-08 16:02:45.727938,Tokyo-4388,36,25,Normal
2026-02-08 16:02:46.727938,Tokyo-4388,7,88,Normal
2026-02-08 16:02:47.727938,Tokyo-4388,40,19,Normal
2026-02-08 16:02:48.727938,Tokyo-4388,-29,36,Normal
2026-02-08 16:02:49.727938,Tokyo-4388,26,66,Normal
2026-02-08 16:02:50.727938,Tokyo-4388,24,69,Normal
2026-02-08 16:02:51.727938,Tokyo-4388,11,90,Normal
2026-02-08 16:02:52.727938,Tokyo-4388,-17,55,Normal
2026-02-08 16:02:53.727938,Tokyo-4388,16,55,Normal
2026-02-08 16:02:54.727938,Tokyo-4388,-1,66,Normal
2026-02-08 16:02:55.727938,Tokyo-4388,-23,34,Normal
2026-02-08 16:02:56.727938,Tokyo-4388,17,26,Normal
2026-02-08 16:02:57.727938,Tokyo-4388,-19,81,Normal
2026-02-08 16:02:58.727938,Tokyo-4388,22,100,Normal
2026-02-08 16:02:59.727938,Tokyo-4388,22,43,Normal
2026-02-08 16:03:00.727938,Tokyo-4388,17,15,Normal
2026-02-08 16:03:01.727938,Tokyo-4388,-15,51,Normal
2026-02-08 16:03:02.727938,Tokyo-4388,-8,2,Normal
2026-02-08 16:03:03.727938,Tokyo-4388,-2,37,Normal
2026-02-08 16:03:04.727938,Tokyo-4388,9,64,Normal
2026-02-08 16:03:05.727938,Tokyo-4388,-29,13,Normal
2026-02-08 16:03:06.727938,Tokyo-4388,46,89,Normal
2026-02-08 16:03:07.727938,Tokyo-4388,6,56,Normal
2026-02-08 16:03:08.727938,Tokyo-4388,44,28,Normal
2026-02-08 16:03:09.727938,Tokyo-4388,0,28,Normal
2026-02-08 16:03:10.727938,Tokyo-4388,37,4,Normal
2026-02-08 16:03:11.727938,Tokyo-4388,9,61,Normal
2026-02-08 16:03:12.727938,Tokyo-4388,49,4,Normal
2026-02-08 16:03:13.727938,Tokyo-4388,0,10,Normal
2026-02-08 16:03:14.727938,Tokyo-4388,-27,23,Normal
2026-02-08 16:03:15.727938,Tokyo-4388,14,40,Normal
2026-02-08 16:03:16.727938,Tokyo-4388,48,81,Normal
2026-02-08 16:03:17.727938,Tokyo-4388,6,90,Normal
2026-02-08 16:03:18.727938,Tokyo-4388,18,34,Normal
2026-02-08 16:03:19.727938,Tokyo-4388,8,86,Normal
2026-02-08 16:03:20.727938,Tokyo-4388,-21,96,Normal
2026-02-08 16:03:21.727938,Tokyo-4388,22,99,Normal
2026-02-08 16:03:22.727938,Tokyo-4388,-16,76,Normal
2026-02-08 16:03:23.727938,Tokyo-4388,1,72,Normal
2026-02-08 16:03:24.727938,Tokyo-4388,14,96,Normal
2026-02-08 16:03:25.727938,Tokyo-4388,1,42,Normal
2026-02-08 16:03:26.727938,Tokyo-4388,48,39,Normal
2026-02-08 16:03:27.727938,Tokyo-4388,34,50,Normal
2026-02-08 16:03:28.727938,Tokyo-4388,15,70,Normal
2026-02-08 16:03:29.727938,Tokyo-4388,-15,74,Normal
2026-02-08 16:03:30.727938,Tokyo-4388,44,6,Normal
2026-02-08 16:03:31.727938,Tokyo-4388,-24,81,Normal
2026-02-08 16:03:32.727938,Tokyo-4388,-14,24,Normal
2026-02-08 16:03:33.727938,Tokyo-4388,19,56,Normal
2026-02-08 16:03:34.727938,Tokyo-4388,-24,81,Normal
2026-02-08 16:03:35.727938,Tokyo-4388,-7,64,Normal
2026-02-08 16:03:36.727938,Tokyo-4388,-22,13,Normal
2026-02-08 16:03:37.727938,Tokyo-4388,12,8,Normal
2026-02-08 16:03:38.727938,Tokyo-4388,47,77,Normal
2026-02-08 16:03:39.727938,Tokyo-4388,-26,36,Normal
2026-02-08 16:03:40.727938,Tokyo-4388,-15,27,Normal
2026-02-08 16:03:41.727938,Tokyo-4388,42,9,Normal
2026-02-08 16:03:42.727938,Tokyo-4388,-13,70,Normal
2026-02-08 16:03:43.727938,Tokyo-4388,15,16,Normal
2026-02-08 16:03:44.727938,Tokyo-4388,21,42,Normal
2026-02-08 16:03:45.727938,Tokyo-4388,6,39,Normal
2026-02-08 16:03:46.727938,Tokyo-4388,26,41,Normal
2026-02-08 16:03:47.727938,Tokyo-4388,32,67,Normal
2026-02-08 16:03:48.727938,Tokyo-4388,-12,66,Normal
2026-02-08 16:03:49.727938,Tokyo-4388,43,67,Normal
2026-02-08 16:03:50.727938,Tokyo-4388,14,98,Normal
2026-02-08 16:03:51.727938,Tokyo-4388,9,94,Normal
2026-02-08 16:03:52.727938,Tokyo-4388,41,53,Normal
2026-02-08 16:03:53.727938,Tokyo-4388,-8,97,Normal
2026-02-08 16:03:54.727938,Tokyo-4388,34,35,Normal
2026-02-08 16:03:55.727938,Tokyo-4388,-21,51,Normal
2026-02-08 16:03:56.727938,Tokyo-4388,34,89,Normal
2026-02-08 16:03:57.727938,Tokyo-4388,38,21,Normal
2026-02-08 16:03:58.727938,Tokyo-4388,30,8,Normal
2026-02-08 16:03:59.727938,Tokyo-4388,-27,64,Normal
2026-02-08 16:04:00.727938,Tokyo-4388,23,38,Normal
2026-02-08 16:04:01.727938,Tokyo-4388,6,30,Normal
2026-02-08 16:04:02.727938,Tokyo-4388,35,66,Normal
2026-02-08 16:04:03.727938,Tokyo-4388,-13,28,Normal
2026-02-08 16:04:04.727938,Tokyo-4388,45,21,Normal
2026-02-08 16:04:05.727938,Tokyo-4388,35,54,Normal
2026-02-08 16:04:06.727938,Tokyo-4388,13,94,Normal
2026-02-08 16:04:07.727938,Tokyo-4388,-25,6,Normal
2026-02-08 16:04:08.727938,Tokyo-4388,12,8,Normal
2026-02-08 16:04:09.727938,Tokyo-4388,-9,41,Normal
2026-02-08 16:04:10.727938,Tokyo-4388,17,84,Normal
2026-02-08 16:04:11.727938,Tokyo-4388,16,50,Normal
2026-02-08 16:04:12.727938,Tokyo-4388,-29,53,Normal
2026-02-08 16:04:13.727938,Tokyo-4388,15,28,Normal
2026-02-08 16:04:14.727938,Tokyo-4388,9,42,Normal
2026-02-08 16:04:15.727938,Tokyo-4388,12,52,Normal
2026-02-08 16:04:16.727938,Tokyo-4388,-17,17,Normal
2026-02-08 16:04:17.727938,Tokyo-4388,37,97,Normal
2026-02-08 16:04:18.727938,Tokyo-4388,22,54,Normal
2026-02-08 16:04:19.727938,Tokyo-4388,15,50,Normal
2026-02-08 16:04:20.727938,Tokyo-4388,-2,82,Normal
2026-02-08 16:04:21.727938,Tokyo-4388,13,87,Normal
2026-02-08 16:04:22.727938,Tokyo-4388,-14,14,Normal
2026-02-08 16:04:23.727938,Tokyo-4388,11,35,Normal
2026-02-08 16:04:24.727938,Tokyo-4388,11,8,Normal
2026-02-08 16:04:25.727938,Tokyo-4388,47,55,Normal
2026-02-08 16:04:26.727938,Tokyo-4388,22,12,Normal
2026-02-08 16:04:27.727938,Tokyo-4388,-10,65,Normal
2026-02-08 16:04:28.727938,Tokyo-4388,39,43,Normal
2026-02-08 16:04:29.727938,Tokyo-4388,15,76,Normal
2026-02-08 16:04:30.727938,Tokyo-4388,-15,46,Normal
2026-02-08 16:04:31.727938,Tokyo-4388,29,58,Normal
2026-02-08 16:04:32.727938,Tokyo-4388,17,70,Normal
2026-02-08 16:04:33.727938,Tokyo-4388,10,65,Normal
2026-02-08 16:04:34.727938,Tokyo-4388,-14,17,Normal
2026-02-08 16:04:35.727938,Tokyo-4388,17,2,Normal
2026-02-08 16:04:36.727938,Tokyo-4388,-22,57,Normal
2026-02-08 16:04:37.727938,Tokyo-4388,-5,41,Normal
2026-02-08 16:04:38.727938,Tokyo-4388,39,90,Normal
2026-02-08 16:04:39.727938,Tokyo-4388,25,1,Normal
2026-02-08 16:04:40.727938,Tokyo-4388,34,43,Normal
2026-02-08 16:04:41.727938,Tokyo-4388,-13,76,Normal
2026-02-08 16:04:42.727938,Tokyo-4388,29,40,Normal
2026-02-08 16:04:43.727938,Tokyo-4388,-21,68,Normal
2026-02-08 16:04:44.727938,Tokyo-4388,30,63,Normal
2026-02-08 16:04:45.727938,Tokyo-4388,-4,74,Normal
2026-02-08 16:04:46.727938,Tokyo-4388,12,8,Normal
2026-02-08 16:04:47.727938,Tokyo-4388,-13,68,Normal
2026-02-08 16:04:48.727938,Tokyo-4388,-9,62,Normal
2026-02-08 16:04:49.727938,Tokyo-4388,-5,32,Normal
2026-02-08 16:04:50.727938,Tokyo-4388,-3,28,Normal
2026-02-08 16:04:51.727938,Tokyo-4388,33,24,Normal
2026-02-08 16:04:52.727938,Tokyo-4388,-6,81,Normal
2026-02-08 16:04:53.727938,Tokyo-4388,-15,47,Normal
2026-02-08 16:04:54.727938,Tokyo-4388,35,47,Normal
2026-02-08 16:04:55.727938,Tokyo-4388,3,96,Normal
2026-02-08 16:04:56.727938,Tokyo-4388,0,88,Normal
2026-02-08 16:04:57.727938,Tokyo-4388,-6,99,Normal
2026-02-08 16:04:58.727938,Tokyo-4388,-1,20,Normal
2026-02-08 16:04:59.727938,Tokyo-4388,-28,100,Normal
2026-02-08 16:05:00.727938,Tokyo-4388,41,67,Normal
2026-02-08 16:05:01.727938,Tokyo-4388,25,50,Normal
2026-02-08 16:05:02.727938,Tokyo-4388,47,23,Normal
2026-02-08 16:05:03.727938,Tokyo-4388,-11,1,Normal
2026-02-08 16:05:04.727938,Tokyo-4388,23,8,Normal
2026-02-08 16:05:05.727938,Tokyo-4388,22,64,Normal
2026-02-08 16:05:06.727938,Tokyo-4388,15,100,Normal
2026-02-08 16:05:07.727938,Tokyo-4388,-24,52,Normal
2026-02-08 16:05:08.727938,Tokyo-4388,40,63,Normal
2026-02-08 16:05:09.727938,Tokyo-4388,-30,13,Normal
2026-02-08 16:05:10.727938,Tokyo-4388,22,19,Normal
2026-02-08 16:05:11.727938,Tokyo-4388,-20,85,Normal
2026-02-08 16:05:12.727938,Tokyo-4388,-28,74,Normal
2026-02-08 16:05:13.727938,Tokyo-4388,2,66,Normal
2026-02-08 16:05:14.727938,Tokyo-4388,-8,44,Normal
2026-02-08 16:05:15.727938,Tokyo-4388,-19,12,Normal
2026-02-08 16:05:16.727938,Tokyo-4388,-11,84,Normal
2026-02-08 16:05:17.727938,Tokyo-4388,-20,73,Normal
2026-02-08 16:05:18.727938,Tokyo-4388,9,34,Normal
2026-02-08 16:05:19.727938,Tokyo-4388,-18,94,Normal
2026-02-08 16:05:20.727938,Tokyo-4388,15,67,Normal
2026-02-08 16:05:21.727938,Tokyo-4388,29,37,Normal
2026-02-08 16:05:22.727938,Tokyo-4388,29,41,Normal
2026-02-08 16:05:23.727938,Tokyo-4388,-7,63,Normal
2026-02-08 16:05:24.727938,Tokyo-4388,20,36,Normal
2026-02-08 16:05:25.727938,Tokyo-4388,-28,40,Normal
2026-02-08 16:05:26.727938,Tokyo-4388,31,100,Normal
2026-02-08 16:05:27.727938,Tokyo-4388,-5,11,Normal
2026-02-08 16:05:28.727938,Tokyo-4388,32,18,Normal
2026-02-08 16:05:29.727938,Tokyo-4388,-14,26,Normal
2026-02-08 16:05:30.727938,Tokyo-4388,31,73,Normal
2026-02-08 16:05:31.727938,Tokyo-4388,15,21,Normal
2026-02-08 16:05:32.727938,Tokyo-4388,2,36,Normal
2026-02-08 16:05:33.727938,Tokyo-4388,-12,59,Normal
2026-02-08 16:05:34.727938,Tokyo-4388,18,88,Normal
2026-02-08 16:05:35.727938,Tokyo-4388,0,97,Normal
2026-02-08 16:05:36.727938,Tokyo-4388,-29,78,Normal
2026-02-08 16:05:37.727938,Tokyo-4388,12,87,Normal
2026-02-08 16:05:38.727938,Tokyo-4388,17,53,Normal
2026-02-08 16:05:39.727938,Tokyo-4388,-13,41,Normal
2026-02-08 16:05:40.727938,Tokyo-4388,38,26,Normal
2026-02-08 16:05:41.727938,Tokyo-4388,-26,29,Normal
2026-02-08 16:05:42.727938,Tokyo-4388,-19,31,Normal
2026-02-08 16:05:43.727938,Tokyo-4388,20,48,Normal
2026-02-08 16:05:44.727938,Tokyo-4388,-4,88,Normal
2026-02-08 16:05:45.727938,Tokyo-4388,49,20,Normal
2026-02-08 16:05:46.727938,Tokyo-4388,24,0,Normal
2026-02-08 16:05:47.727938,Tokyo-4388,30,85,Normal
2026-02-08 16:05:48.727938,Tokyo-4388,-11,71,Normal
2026-02-08 16:05:49.727938,Tokyo-4388,14,89,Normal
2026-02-08 16:05:50.727938,Tokyo-4388,-28,15,Normal
2026-02-08 16:05:51.727938,Tokyo-4388,-30,46,Normal
2026-02-08 16:05:52.727938,Tokyo-4388,18,81,Normal
2026-02-08 16:05:53.727938,Tokyo-4388,30,68,Normal
2026-02-08 16:05:54.727938,Tokyo-4388,-16,4,Normal
2026-02-08 16:05:55.727938,Tokyo-4388,-3,73,Normal
2026-02-08 16:05:56.727938,Tokyo-4388,-20,49,Normal
2026-02-08 16:05:57.727938,Tokyo-4388,26,77,Normal
2026-02-08 16:05:58.727938,Tokyo-4388,-29,48,Normal
2026-02-08 16:05:59.727938,Tokyo-4388,-29,51,Normal
2026-02-08 16:06:00.727938,Tokyo-4388,33,77,Normal
2026-02-08 16:06:01.727938,Tokyo-4388,27,35,Normal
2026-02-08 16:06:02.727938,Tokyo-4388,39,82,Normal
2026-02-08 16:06:03.727938,Tokyo-4388,32,79,Normal
2026-02-08 16:06:04.727938,Tokyo-4388,-19,70,Normal
2026-02-08 16:06:05.727938,Tokyo-4388,37,45,Normal
2026-02-08 16:06:06.727938,Tokyo-4388,49,95,Normal
2026-02-08 16:06:07.727938,Tokyo-4388,-10,73,Normal
2026-02-08 16:06:08.727938,Tokyo-4388,43,39,Normal
2026-02-08 16:06:09.727938,Tokyo-4388,47,62,Normal
2026-02-08 16:06:10.727938,Tokyo-4388,26,43,Normal
2026-02-08 16:06:11.727938,Tokyo-4388,19,92,Normal
2026-02-08 16:06:12.727938,Tokyo-4388,-27,51,Normal
2026-02-08 16:06:13.727938,Tokyo-4388,-27,6,Normal
2026-02-08 16:06:14.727938,Tokyo-4388,5,34,Normal
2026-02-08 16:06:15.727938,Tokyo-4388,15,54,Normal
2026-02-08 16:06:16.727938,Tokyo-4388,37,100,Normal
2026-02-08 16:06:17.727938,Tokyo-4388,-1,73,Normal
2026-02-08 16:06:18.727938,Tokyo-4388,-11,91,Normal
2026-02-08 16:06:19.727938,Tokyo-4388,5,94,Normal
2026-02-08 16:06:20.727938,Tokyo-4388,4,41,Normal
2026-02-08 16:06:21.727938,Tokyo-4388,19,91,Normal
2026-02-08 16:06:22.727938,Tokyo-4388,-5,8,Normal
2026-02-08 16:06:23.727938,Tokyo-4388,38,26,Normal
2026-02-08 16:06:24.727938,Tokyo-4388,7,42,Normal
2026-02-08 16:06:25.727938,Tokyo-4388,-9,15,Normal
2026-02-08 16:06:26.727938,Tokyo-4388,15,23,Normal
2026-02-08 16:06:27.727938,Tokyo-4388,-5,69,Normal
2026-02-08 16:06:28.727938,Tokyo-4388,5,89,Normal
2026-02-08 16:06:29.727938,Tokyo-4388,43,32,Normal
2026-02-08 16:06:30.727938,Tokyo-4388,50,27,Normal
2026-02-08 16:06:31.727938,Tokyo-4388,8,75,Normal
2026-02-08 16:06:32.727938,Tokyo-4388,7,42,Normal
2026-02-08 16:06:33.727938,Tokyo-4388,47,24,Normal
2026-02-08 16:06:34.727938,Tokyo-4388,-23,42,Normal
2026-02-08 16:06:35.727938,Tokyo-4388,-10,85,Normal
2026-02-08 16:06:36.727938,Tokyo-4388,21,52,Normal
2026-02-08 16:06:37.727938,Tokyo-4388,36,48,Normal
2026-02-08 16:06:38.727938,Tokyo-4388,-13,68,Normal
2026-02-08 16:06:39.727938,Tokyo-4388,14,3,Normal
2026-02-08 16:06:40.727938,Tokyo-4388,50,74,Normal
2026-02-08 16:06:41.727938,Tokyo-4388,-24,18,Normal
2026-02-08 16:06:42.727938,Tokyo-4388,26,2,Normal
2026-02-08 16:06:43.727938,Tokyo-4388,30,31,Normal
2026-02-08 16:06:44.727938,Tokyo-4388,22,76,Normal
2026-02-08 16:06:45.727938,Tokyo-4388,-27,44,Normal
2026-02-08 16:06:46.727938,Tokyo-4388,-28,9,Normal
2026-02-08 16:06:47.727938,Tokyo-4388,37,31,Normal
2026-02-08 16:06:48.727938,Tokyo-4388,19,83,Normal
2026-02-08 16:06:49.727938,Tokyo-4388,33,28,Normal
2026-02-08 16:06:50.727938,Tokyo-4388,12,76,Normal
2026-02-08 16:06:51.727938,Tokyo-4388,-23,43,Normal
2026-02-08 16:06:52.727938,Tokyo-4388,25,75,Normal
2026-02-08 16:06:53.727938,Tokyo-4388,-9,65,Normal
2026-02-08 16:06:54.727938,Tokyo-4388,5,41,Normal
2026-02-08 16:06:55.727938,Tokyo-4388,2,29,Normal
2026-02-08 16:06:56.727938,Tokyo-4388,-20,63,Normal
2026-02-08 16:06:57.727938,Tokyo-4388,37,51,Normal
2026-02-08 16:06:58.727938,Tokyo-4388,17,100,Normal
2026-02-08 16:06:59.727938,Tokyo-4388,22,96,Normal
2026-02-08 16:07:00.727938,Tokyo-4388,7,30,Normal
2026-02-08 16:07:01.727938,Tokyo-4388,-16,82,Normal
2026-02-08 16:07:02.727938,Tokyo-4388,4,49,Normal
2026-02-08 16:07:03.727938,Tokyo-4388,50,27,Normal
2026-02-08 16:07:04.727938,Tokyo-4388,28,77,Normal
2026-02-08 16:07:05.727938,Tokyo-4388,-15,47,Normal
2026-02-08 16:07:06.727938,Tokyo-4388,7,85,Normal
2026-02-08 16:07:07.727938,Tokyo-4388,1,21,Normal
2026-02-08 16:07:08.727938,Tokyo-4388,39,98,Normal
2026-02-08 16:07:09.727938,Tokyo-4388,-29,45,Normal
2026-02-08 16:07:10.727938,Tokyo-4388,-18,43,Normal
2026-02-08 16:07:11.727938,Tokyo-4388,25,50,Normal
2026-02-08 16:07:12.727938,Tokyo-4388,-3,5,Normal
2026-02-08 16:07:13.727938,Tokyo-4388,-24,4,Normal
2026-02-08 16:07:14.727938,Tokyo-4388,20,18,Normal
2026-02-08 16:07:15.727938,Tokyo-4388,-24,63,Normal
2026-02-08 16:07:16.727938,Tokyo-4388,-21,49,Normal
2026-02-08 16:07:17.727938,Tokyo-4388,-14,12,Normal
2026-02-08 16:07:18.727938,Tokyo-4388,25,30,Normal
2026-02-08 16:07:19.727938,Tokyo-4388,37,28,Normal
2026-02-08 16:07:20.727938,Tokyo-4388,1,56,Normal
2026-02-08 16:07:21.727938,Tokyo-4388,-18,81,Normal
2026-02-08 16:07:22.727938,Tokyo-4388,37,44,Normal
2026-02-08 16:07:23.727938,Tokyo-4388,6,5,Normal
2026-02-08 16:07:24.727938,Tokyo-4388,28,98,Normal
2026-02-08 16:07:25.727938,Tokyo-4388,-11,13,Normal
2026-02-08 16:07:26.727938,Tokyo-4388,8,82,Normal
2026-02-08 16:07:27.727938,Tokyo-4388,47,98,Normal
2026-02-08 16:07:28.727938,Tokyo-4388,38,1,Normal
2026-02-08 16:07:29.727938,Tokyo-4388,-10,43,Normal
2026-02-08 16:07:30.727938,Tokyo-4388,-19,65,Normal
2026-02-08 16:07:31.727938,Tokyo-4388,30,79,Normal
2026-02-08 16:07:32.727938,Tokyo-4388,-27,66,Normal
2026-02-08 16:07:33.727938,Tokyo-4388,7,79,Normal
2026-02-08 16:07:34.727938,Tokyo-4388,40,70,Normal
2026-02-08 16:07:35.727938,Tokyo-4388,-1,94,Normal
2026-02-08 16:07:36.727938,Tokyo-4388,-26,64,Normal
2026-02-08 16:07:37.727938,Tokyo-4388,27,32,Normal
2026-02-08 16:07:38.727938,Tokyo-4388,-13,23,Normal
2026-02-08 16:07:39.727938,Tokyo-4388,43,89,Normal
2026-02-08 16:07:40.727938,Tokyo-4388,33,37,Normal
2026-02-08 16:07:41.727938,Tokyo-4388,25,47,Normal
2026-02-08 16:07:42.727938,Tokyo-4388,26,40,Normal
2026-02-08 16:07:43.727938,Tokyo-4388,-26,87,Normal
2026-02-08 16:07:44.727938,Tokyo-4388,25,16,Normal
2026-02-08 16:07:45.727938,Tokyo-4388,49,94,Normal
2026-02-08 16:07:46.727938,Tokyo-4388,-18,19,Normal
2026-02-08 16:07:47.727938,Tokyo-4388,10,24,Normal
2026-02-08 16:07:48.727938,Tokyo-4388,28,62,Normal
2026-02-08 16:07:49.727938,Tokyo-4388,33,20,Normal
2026-02-08 16:07:50.727938,Tokyo-4388,40,67,Normal
2026-02-08 16:07:51.727938,Tokyo-4388,30,61,Normal
2026-02-08 16:07:52.727938,Tokyo-4388,28,66,Normal
2026-02-08 16:07:53.727938,Tokyo-4388,4,93,Normal
2026-02-08 16:07:54.727938,Tokyo-4388,-17,71,Normal
2026-02-08 16:07:55.727938,Tokyo-4388,25,60,Normal
2026-02-08 16:07:56.727938,Tokyo-4388,-5,50,Normal
2026-02-08 16:07:57.727938,Tokyo-4388,48,60,Normal
2026-02-08 16:07:58.727938,Tokyo-4388,18,37,Normal
2026-02-08 16:07:59.727938,Tokyo-4388,28,68,Normal
2026-02-08 16:08:00.727938,Tokyo-4388,31,51,Normal
2026-02-08 16:08:01.727938,Tokyo-4388,34,71,Normal
2026-02-08 16:08:02.727938,Tokyo-4388,44,34,Normal
2026-02-08 16:08:03.727938,Tokyo-4388,-24,17,Normal
2026-02-08 16:08:04.727938,Tokyo-4388,-23,99,Normal
2026-02-08 16:08:05.727938,Tokyo-4388,25,55,Normal
2026-02-08 16:08:06.727938,Tokyo-4388,-7,88,Normal
2026-02-08 16:08:07.727938,Tokyo-4388,6,21,Normal
2026-02-08 16:08:08.727938,Tokyo-4388,48,36,Normal
2026-02-08 16:08:09.727938,Tokyo-4388,14,37,Normal
2026-02-08 16:08:10.727938,Tokyo-4388,-3,21,Normal
2026-02-08 16:08:11.727938,Tokyo-4388,8,49,Normal
2026-02-08 16:08:12.727938,Tokyo-4388,40,78,Normal
2026-02-08 16:08:13.727938,Tokyo-4388,8,98,Normal
2026-02-08 16:08:14.727938,Tokyo-4388,43,19,Normal
2026-02-08 16:08:15.727938,Tokyo-4388,14,41,Normal
2026-02-08 16:08:16.727938,Tokyo-4388,-3,74,Normal
2026-02-08 16:08:17.727938,Tokyo-4388,-25,54,Normal
2026-02-08 16:08:18.727938,Tokyo-4388,-22,35,Normal
2026-02-08 16:08:19.727938,Tokyo-4388,30,34,Normal
2026-02-08 16:08:20.727938,Tokyo-4388,-14,30,Normal
2026-02-08 16:08:21.727938,Tokyo-4388,-1,3,Normal
2026-02-08 16:08:22.727938,Tokyo-4388,35,33,Normal
2026-02-08 16:08:23.727938,Tokyo-4388,46,86,Normal
2026-02-08 16:08:24.727938,Tokyo-4388,35,68,Normal
2026-02-08 16:08:25.727938,Tokyo-4388,-25,44,Normal
2026-02-08 16:08:26.727938,Tokyo-4388,-6,64,Normal
2026-02-08 16:08:27.727938,Tokyo-4388,43,81,Normal
2026-02-08 16:08:28.727938,Tokyo-4388,-18,85,Normal
2026-02-08 16:08:29.727938,Tokyo-4388,42,62,Normal
2026-02-08 16:08:30.727938,Tokyo-4388,32,47,Normal
2026-02-08 16:08:31.727938,Tokyo-4388,-16,18,Normal
2026-02-08 16:08:32.727938,Tokyo-4388,-27,82,Normal
2026-02-08 16:08:33.727938,Tokyo-4388,26,65,Normal
2026-02-08 16:08:34.727938,Tokyo-4388,36,14,Normal
2026-02-08 16:08:35.727938,Tokyo-4388,20,86,Normal
2026-02-08 16:08:36.727938,Tokyo-4388,40,31,Normal
2026-02-08 16:08:37.727938,Tokyo-4388,-9,90,Normal
2026-02-08 16:08:38.727938,Tokyo-4388,-18,54,Normal
2026-02-08 16:08:39.727938,Tokyo-4388,18,17,Normal
2026-02-08 16:08:40.727938,Tokyo-4388,42,37,Normal
2026-02-08 16:08:41.727938,Tokyo-4388,17,46,Normal
2026-02-08 16:08:42.727938,Tokyo-4388,-19,78,Normal
2026-02-08 16:08:43.727938,Tokyo-4388,0,29,Normal
2026-02-08 16:08:44.727938,Tokyo-4388,-27,64,Normal
2026-02-08 16:08:45.727938,Tokyo-4388,-16,82,Normal
2026-02-08 16:08:46.727938,Tokyo-4388,30,6,Normal
2026-02-08 16:08:47.727938,Tokyo-4388,2,69,Normal
2026-02-08 16:08:48.727938,Tokyo-4388,-1,82,Normal
2026-02-08 16:08:49.727938,Tokyo-4388,-8,72,Normal
2026-02-08 16:08:50.727938,Tokyo-4388,-29,50,Normal
2026-02-08 16:08:51.727938,Tokyo-4388,-28,64,Normal
2026-02-08 16:08:52.727938,Tokyo-4388,-22,19,Normal
2026-02-08 16:08:53.727938,Tokyo-4388,-28,47,Normal
2026-02-08 16:08:54.727938,Tokyo-4388,-4,45,Normal
2026-02-08 16:08:55.727938,Tokyo-4388,17,62,Normal
2026-02-08 16:08:56.727938,Tokyo-4388,12,9,Normal
2026-02-08 16:08:57.727938,Tokyo-4388,24,36,Normal
2026-02-08 16:08:58.727938,Tokyo-4388,-24,95,Normal
2026-02-08 16:08:59.727938,Tokyo-4388,31,39,Normal
2026-02-08 16:09:00.727938,Tokyo-4388,10,46,Normal
2026-02-08 16:09:01.727938,Tokyo-4388,2,41,Normal
2026-02-08 16:09:02.727938,Tokyo-4388,27,63,Normal
2026-02-08 16:09:03.727938,Tokyo-4388,37,45,Normal
2026-02-08 16:09:04.727938,Tokyo-4388,9,54,Normal
2026-02-08 16:09:05.727938,Tokyo-4388,14,26,Normal
2026-02-08 16:09:06.727938,Tokyo-4388,20,8,Normal
2026-02-08 16:09:07.727938,Tokyo-4388,6,92,Normal
2026-02-08 16:09:08.727938,Tokyo-4388,13,79,Normal
2026-02-08 16:09:09.727938,Tokyo-4388,-21,22,Normal
2026-02-08 16:09:10.727938,Tokyo-4388,35,41,Normal
2026-02-08 16:09:11.727938,Tokyo-4388,-3,35,Normal
2026-02-08 16:09:12.727938,Tokyo-4388,46,49,Normal
2026-02-08 16:09:13.727938,Tokyo-4388,45,88,Normal
2026-02-08 16:09:14.727938,Tokyo-4388,28,1,Normal
2026-02-08 16:09:15.727938,Tokyo-4388,-28,41,Normal
2026-02-08 16:09:16.727938,Tokyo-4388,41,46,Normal
2026-02-08 16:09:17.727938,Tokyo-4388,-14,67,Normal
2026-02-08 16:09:18.727938,Tokyo-4388,20,98,Normal
2026-02-08 16:09:19.727938,Tokyo-4388,47,97,Normal
2026-02-08 16:09:20.727938,Tokyo-4388,-6,72,Normal
2026-02-08 16:09:21.727938,Tokyo-4388,21,75,Normal
2026-02-08 16:09:22.727938,Tokyo-4388,1,1,Normal
2026-02-08 16:09:23.727938,Tokyo-4388,40,30,Normal
2026-02-08 16:09:24.727938,Tokyo-4388,-1,61,Normal
2026-02-08 16:09:25.727938,Tokyo-4388,13,53,Normal
2026-02-08 16:09:26.727938,Tokyo-4388,-18,85,Normal
2026-02-08 16:09:27.727938,Tokyo-4388,36,31,Normal
2026-02-08 16:09:28.727938,Tokyo-4388,9,25,Normal
2026-02-08 16:09:29.727938,Tokyo-4388,13,10,Normal
2026-02-08 16:09:30.727938,Tokyo-4388,32,94,Normal
2026-02-08 16:09:31.727938,Tokyo-4388,-26,63,Normal
2026-02-08 16:09:32.727938,Tokyo-4388,5,19,Normal
2026-02-08 16:09:33.727938,Tokyo-4388,-21,22,Normal
2026-02-08 16:09:34.727938,Tokyo-4388,9,22,Normal
2026-02-08 16:09:35.727938,Tokyo-4388,28,58,Normal
2026-02-08 16:09:36.727938,Tokyo-4388,9,90,Normal
2026-02-08 16:09:37.727938,Tokyo-4388,36,88,Normal
2026-02-08 16:09:38.727938,Tokyo-4388,44,10,Normal
2026-02-08 16:09:39.727938,Tokyo-4388,46,71,Normal
2026-02-08 16:09:40.727938,Tokyo-4388,-5,14,Normal
2026-02-08 16:09:41.727938,Tokyo-4388,-24,58,Normal
2026-02-08 16:09:42.727938,Tokyo-4388,32,21,Normal
2026-02-08 16:09:43.727938,Tokyo-4388,34,48,Normal
2026-02-08 16:09:44.727938,Tokyo-4388,24,63,Normal
2026-02-08 16:09:45.727938,Tokyo-4388,28,69,Normal
2026-02-08 16:09:46.727938,Tokyo-4388,13,47,Normal
2026-02-08 16:09:47.727938,Tokyo-4388,16,41,Normal
2026-02-08 16:09:48.727938,Tokyo-4388,41,94,Normal
2026-02-08 16:09:49.727938,Tokyo-4388,-21,66,Normal
2026-02-08 16:09:50.727938,Tokyo-4388,40,69,Normal
2026-02-08 16:09:51.727938,Tokyo-4388,13,28,Normal
2026-02-08 16:09:52.727938,Tokyo-4388,28,4,Normal
2026-02-08 16:09:53.727938,Tokyo-4388,-21,4,Normal
2026-02-08 16:09:54.727938,Tokyo-4388,-24,19,Normal
2026-02-08 16:09:55.727938,Tokyo-4388,-11,32,Normal
2026-02-08 16:09:56.727938,Tokyo-4388,22,34,Normal
2026-02-08 16:09:57.727938,Tokyo-4388,-2,93,Normal
2026-02-08 16:09:58.727938,Tokyo-4388,6,2,Normal
2026-02-08 16:09:59.727938,Tokyo-4388,37,75,Normal
2026-02-08 16:10:00.727938,Tokyo-4388,2,13,Normal
2026-02-08 16:10:01.727938,Tokyo-4388,46,92,Normal
2026-02-08 16:10:02.727938,Tokyo-4388,41,47,Normal
2026-02-08 16:10:03.727938,Tokyo-4388,22,87,Normal
2026-02-08 16:10:04.727938,Tokyo-4388,-8,76,Normal
2026-02-08 16:10:05.727938,Tokyo-4388,-26,9,Normal
2026-02-08 16:10:06.727938,Tokyo-4388,-11,92,Normal
2026-02-08 16:10:07.727938,Tokyo-4388,50,20,Normal
2026-02-08 16:10:08.727938,Tokyo-4388,25,91,Normal
2026-02-08 16:10:09.727938,Tokyo-4388,-13,39,Normal
2026-02-08 16:10:10.727938,Tokyo-4388,8,61,Normal
2026-02-08 16:10:11.727938,Tokyo-4388,35,41,Normal
2026-02-08 16:10:12.727938,Tokyo-4388,3,98,Normal
2026-02-08 16:10:13.727938,Tokyo-4388,3,34,Normal
2026-02-08 16:10:14.727938,Tokyo-4388,30,41,Normal
2026-02-08 16:10:15.727938,Tokyo-4388,-20,25,Normal
2026-02-08 16:10:16.727938,Tokyo-4388,34,48,Normal
2026-02-08 16:10:17.727938,Tokyo-4388,17,48,Normal
2026-02-08 16:10:18.727938,Tokyo-4388,9,10,Normal
2026-02-08 16:10:19.727938,Tokyo-4388,7,22,Normal
2026-02-08 16:10:20.727938,Tokyo-4388,41,27,Normal
2026-02-08 16:10:21.727938,Tokyo-4388,14,65,Normal
2026-02-08 16:10:22.727938,Tokyo-4388,-18,50,Normal
2026-02-08 16:10:23.727938,Tokyo-4388,-13,23,Normal
2026-02-08 16:10:24.727938,Tokyo-4388,-25,69,Normal
2026-02-08 16:10:25.727938,Tokyo-4388,-26,32,Normal
2026-02-08 16:10:26.727938,Tokyo-4388,-3,56,Normal
2026-02-08 16:10:27.727938,Tokyo-4388,-21,4,Normal
2026-02-08 16:10:28.727938,Tokyo-4388,41,94,Normal
2026-02-08 16:10:29.727938,Tokyo-4388,-10,99,Normal
2026-02-08 16:10:30.727938,Tokyo-4388,30,74,Normal
2026-02-08 16:10:31.727938,Tokyo-4388,-13,23,Normal
2026-02-08 16:10:32.727938,Tokyo-4388,17,42,Normal
2026-02-08 16:10:33.727938,Tokyo-4388,-23,93,Normal
2026-02-08 16:10:34.727938,Tokyo-4388,-22,17,Normal
2026-02-08 16:10:35.727938,Tokyo-4388,-21,9,Normal
2026-02-08 16:10:36.727938,Tokyo-4388,0,36,Normal
2026-02-08 16:10:37.727938,Tokyo-4388,41,12,Normal
2026-02-08 16:10:38.727938,Tokyo-4388,-13,76,Normal
2026-02-08 16:10:39.727938,Tokyo-4388,-4,31,Normal
2026-02-08 16:10:40.727938,Tokyo-4388,-28,73,Normal
2026-02-08 16:10:41.727938,Tokyo-4388,26,72,Normal
2026-02-08 16:10:42.727938,Tokyo-4388,0,38,Normal
2026-02-08 16:10:43.727938,Tokyo-4388,30,0,Normal
2026-02-08 16:10:44.727938,Tokyo-4388,0,78,Normal
2026-02-08 16:10:45.727938,Tokyo-4388,-6,29,Normal
2026-02-08 16:10:46.727938,Tokyo-4388,-21,100,Normal
2026-02-08 16:10:47.727938,Tokyo-4388,14,63,Normal
2026-02-08 16:10:48.727938,Tokyo-4388,31,23,Normal
2026-02-08 16:10:49.727938,Tokyo-4388,9,76,Normal
2026-02-08 16:10:50.727938,Tokyo-4388,1,38,Normal
2026-02-08 16:10:51.727938,Tokyo-4388,44,41,Normal
2026-02-08 16:10:52.727938,Tokyo-4388,39,34,Normal
2026-02-08 16:10:53.727938,Tokyo-4388,6,72,Normal
2026-02-08 16:10:54.727938,Tokyo-4388,-20,6,Normal
2026-02-08 16:10:55.727938,Tokyo-4388,25,3,Normal
2026-02-08 16:10:56.727938,Tokyo-4388,-14,37,Normal
2026-02-08 16:10:57.727938,Tokyo-4388,4,70,Normal
2026-02-08 16:10:58.727938,Tokyo-4388,0,64,Normal
2026-02-08 16:10:59.727938,Tokyo-4388,3,89,Normal
2026-02-08 16:11:00.727938,Tokyo-4388,33,41,Normal
2026-02-08 16:11:01.727938,Tokyo-4388,-22,8,Normal
2026-02-08 16:11:02.727938,Tokyo-4388,50,39,Normal
2026-02-08 16:11:03.727938,Tokyo-4388,-22,15,Normal
2026-02-08 16:11:04.727938,Tokyo-4388,30,56,Normal
2026-02-08 16:11:05.727938,Tokyo-4388,-27,14,Normal
2026-02-08 16:11:06.727938,Tokyo-4388,-15,35,Normal
2026-02-08 16:11:07.727938,Tokyo-4388,26,64,Normal
2026-02-08 16:11:08.727938,Tokyo-4388,7,80,Normal
2026-02-08 16:11:09.727938,Tokyo-4388,-29,64,Normal
2026-02-08 16:11:10.727938,Tokyo-4388,-1,96,Normal
2026-02-08 16:11:11.727938,Tokyo-4388,25,64,Normal
2026-02-08 16:11:12.727938,Tokyo-4388,-12,49,Normal
2026-02-08 16:11:13.727938,Tokyo-4388,7,76,Normal
2026-02-08 16:11:14.727938,Tokyo-4388,41,18,Normal
2026-02-08 16:11:15.727938,Tokyo-4388,-2,85,Normal
2026-02-08 16:11:16.727938,Tokyo-4388,48,98,Normal
2026-02-08 16:11:17.727938,Tokyo-4388,30,54,Normal
2026-02-08 16:11:18.727938,Tokyo-4388,22,81,Normal
2026-02-08 16:11:19.727938,Tokyo-4388,11,32,Normal
2026-02-08 16:11:20.727938,Tokyo-4388,5,32,Normal
2026-02-08 16:11:21.727938,Tokyo-4388,46,62,Normal
2026-02-08 16:11:22.727938,Tokyo-4388,16,14,Normal
2026-02-08 16:11:23.727938,Tokyo-4388,38,45,Normal
2026-02-08 16:11:24.727938,Tokyo-4388,15,26,Normal
2026-02-08 16:11:25.727938,Tokyo-4388,-1,73,Normal
2026-02-08 16:11:26.727938,Tokyo-4388,20,99,Normal
2026-02-08 16:11:27.727938,Tokyo-4388,21,4,Normal
2026-02-08 16:11:28.727938,Tokyo-4388,-4,5,Normal
2026-02-08 16:11:29.727938,Tokyo-4388,-5,4,Normal
2026-02-08 16:11:30.727938,Tokyo-4388,20,19,Normal
2026-02-08 16:11:31.727938,Tokyo-4388,31,55,Normal
2026-02-08 16:11:32.727938,Tokyo-4388,1,49,Normal
2026-02-08 16:11:33.727938,Tokyo-4388,37,27,Normal
2026-02-08 16:11:34.727938,Tokyo-4388,41,71,Normal
2026-02-08 16:11:35.727938,Tokyo-4388,-1,91,Normal
2026-02-08 16:11:36.727938,Tokyo-4388,7,69,Normal
2026-02-08 16:11:37.727938,Tokyo-4388,4,75,Normal
2026-02-08 16:11:38.727938,Tokyo-4388,16,84,Normal
2026-02-08 16:11:39.727938,Tokyo-4388,-6,19,Normal
2026-02-08 16:11:40.727938,Tokyo-4388,9,63,Normal
2026-02-08 16:11:41.727938,Tokyo-4388,-4,99,Normal
2026-02-08 16:11:42.727938,Tokyo-4388,25,16,Normal
2026-02-08 16:11:43.727938,Tokyo-4388,-5,34,Normal
2026-02-08 16:11:44.727938,Tokyo-4388,24,47,Normal
2026-02-08 16:11:45.727938,Tokyo-4388,-22,63,Normal
2026-02-08 16:11:46.727938,Tokyo-4388,27,25,Normal
