timestamp,station_id,temp,humid,condition
2026-02-13 13:58:59.645459,Toronto-ab6d,28,79,Normal
2026-02-13 13:59:00.645459,Toronto-ab6d,43,27,Normal
2026-02-13 13:59:01.645459,Toronto-ab6d,5,16,Normal
2026-02-13 13:59:02.645459,Toronto-ab6d,-15,50,Normal
2026-02-13 13:59:03.645459,Toronto-ab6d,16,12,Normal
2026-02-13 13:59:04.645459,Toronto-ab6d,3,39,Normal
2026-02-13 13:59:05.645459,Toronto-ab6d,-21,6,Normal
2026-02-13 13:59:06.645459,Toronto-ab6d,50,70,Normal
2026-02-13 13:59:07.645459,Toronto-ab6d,-20,0,Normal
2026-02-13 13:59:08.645459,Toronto-ab6d,37,49,Normal
2026-02-13 13:59:09.645459,Toronto-ab6d,42,99,Normal
2026-02-13 13:59:10.645459,Toronto-ab6d,9,71,Normal
2026-02-13 13:59:11.645459,Toronto-ab6d,40,94,Normal
2026-02-13 13:59:12.645459,Toronto-ab6d,-1,37,Normal
2026-02-13 13:59:13.645459,Toronto-ab6d,-17,78,Normal
2026-02-13 13:59:14.645459,Toronto-ab6d,17,99,Normal
2026-02-13 13:59:15.645459,Toronto-ab6d,19,88,Normal
2026-02-13 13:59:16.645459,Toronto-ab6d,12,62,Normal
2026-02-13 13:59:17.645459,Toronto-ab6d,49,94,Normal
2026-02-13 13:59:18.645459,Toronto-ab6d,49,13,Normal
2026-02-13 13:59:19.645459,Toronto-ab6d,1,61,Normal
2026-02-13 13:59:20.645459,Toronto-ab6d,29,44,Normal
2026-02-13 13:59:21.645459,Toronto-ab6d,-14,52,Normal
2026-02-13 13:59:22.645459,Toronto-ab6d,-1,40,Normal
2026-02-13 13:59:23.645459,Toronto-ab6d,-23,21,Normal
2026-02-13 13:59:24.645459,Toronto-ab6d,35,100,Normal
2026-02-13 13:59:25.645459,Toronto-ab6d,38,83,Normal
2026-02-13 13:59:26.645459,Toronto-ab6d,17,17,Normal
2026-02-13 13:59:27.645459,Toronto-ab6d,-28,48,Normal
2026-02-13 13:59:28.645459,Toronto-ab6d,31,9,Normal
2026-02-13 13:59:29.645459,Toronto-ab6d,-3,57,Normal
2026-02-13 13:59:30.645459,Toronto-ab6d,33,72,Normal
2026-02-13 13:59:31.645459,Toronto-ab6d,38,61,Normal
2026-02-13 13:59:32.645459,Toronto-ab6d,-6,87,Normal
2026-02-13 13:59:33.645459,Toronto-ab6d,-30,98,Normal
2026-02-13 13:59:34.645459,Toronto-ab6d,17,27,Normal
2026-02-13 13:59:35.645459,Toronto-ab6d,0,3,Normal
2026-02-13 13:59:36.645459,Toronto-ab6d,49,18,Normal
2026-02-13 13:59:37.645459,Toronto-ab6d,-10,100,Normal
2026-02-13 13:59:38.645459,Toronto-ab6d,26,14,Normal
2026-02-13 13:59:39.645459,Toronto-ab6d,-7,41,Normal
2026-02-13 13:59:40.645459,Toronto-ab6d,13,30,Normal
2026-02-13 13:59:41.645459,Toronto-ab6d,-3,14,Normal
2026-02-13 13:59:42.645459,Toronto-ab6d,-16,82,Normal
2026-02-13 13:59:43.645459,Toronto-ab6d,-25,73,Normal
2026-02-13 13:59:44.645459,Toronto-ab6d,29,19,Normal
2026-02-13 13:59:45.645459,Toronto-ab6d,11,17,Normal
2026-02-13 13:59:46.645459,Toronto-ab6d,44,96,Normal
2026-02-13 13:59:47.645459,Toronto-ab6d,44,36,Normal
2026-02-13 13:59:48.645459,Toronto-ab6d,42,66,Normal
2026-02-13 13:59:49.645459,Toronto-ab6d,-5,72,Normal
2026-02-13 13:59:50.645459,Toronto-ab6d,3,48,Normal
2026-02-13 13:59:51.645459,Toronto-ab6d,-20,1,Normal
2026-02-13 13:59:52.645459,Toronto-ab6d,48,56,Normal
2026-02-13 13:59:53.645459,Toronto-ab6d,19,66,Normal
2026-02-13 13:59:54.645459,Toronto-ab6d,-1,38,Normal
2026-02-13 13:59:55.645459,Toronto-ab6d,5,86,Normal
2026-02-13 13:59:56.645459,Toronto-ab6d,-28,20,Normal
2026-02-13 13:59:57.645459,Toronto-ab6d,-6,14,Normal
2026-02-13 13:59:58.645459,Toronto-ab6d,-19,56,Normal
2026-02-13 13:59:59.645459,Toronto-ab6d,44,37,Normal
2026-02-13 14:00:00.645459,Toronto-ab6d,-20,93,Normal
2026-02-13 14:00:01.645459,Toronto-ab6d,18,71,Normal
2026-02-13 14:00:02.645459,Toronto-ab6d,42,22,Normal
2026-02-13 14:00:03.645459,Toronto-ab6d,-2,7,Normal
2026-02-13 14:00:04.645459,Toronto-ab6d,-6,18,Normal
2026-02-13 14:00:05.645459,Toronto-ab6d,-5,99,Normal
2026-02-13 14:00:06.645459,Toronto-ab6d,-14,80,Normal
2026-02-13 14:00:07.645459,Toronto-ab6d,26,82,Normal
2026-02-13 14:00:08.645459,Toronto-ab6d,12,53,Normal
2026-02-13 14:00:09.645459,Toronto-ab6d,39,63,Normal
2026-02-13 14:00:10.645459,Toronto-ab6d,10,27,Normal
2026-02-13 14:00:11.645459,Toronto-ab6d,-16,81,Normal
2026-02-13 14:00:12.645459,Toronto-ab6d,13,96,Normal
2026-02-13 14:00:13.645459,Toronto-ab6d,-15,39,Normal
2026-02-13 14:00:14.645459,Toronto-ab6d,-22,16,Normal
2026-02-13 14:00:15.645459,Toronto-ab6d,47,18,Normal
2026-02-13 14:00:16.645459,Toronto-ab6d,42,37,Normal
2026-02-13 14:00:17.645459,Toronto-ab6d,11,32,Normal
2026-02-13 14:00:18.645459,Toronto-ab6d,-5,63,Normal
2026-02-13 14:00:19.645459,Toronto-ab6d,30,87,Normal
2026-02-13 14:00:20.645459,Toronto-ab6d,-6,16,Normal
2026-02-13 14:00:21.645459,Toronto-ab6d,13,98,Normal
2026-02-13 14:00:22.645459,Toronto-ab6d,-11,75,Normal
2026-02-13 14:00:23.645459,Toronto-ab6d,3,64,Normal
2026-02-13 14:00:24.645459,Toronto-ab6d,24,79,Normal
2026-02-13 14:00:25.645459,Toronto-ab6d,41,41,Normal
2026-02-13 14:00:26.645459,Toronto-ab6d,-22,81,Normal
2026-02-13 14:00:27.645459,Toronto-ab6d,29,87,Normal
2026-02-13 14:00:28.645459,Toronto-ab6d,2,66,Normal
2026-02-13 14:00:29.645459,Toronto-ab6d,9,29,Normal
2026-02-13 14:00:30.645459,Toronto-ab6d,30,8,Normal
2026-02-13 14:00:31.645459,Toronto-ab6d,-13,65,Normal
2026-02-13 14:00:32.645459,Toronto-ab6d,18,18,Normal
2026-02-13 14:00:33.645459,Toronto-ab6d,12,93,Normal
2026-02-13 14:00:34.645459,Toronto-ab6d,42,95,Normal
2026-02-13 14:00:35.645459,Toronto-ab6d,19,84,Normal
2026-02-13 14:00:36.645459,Toronto-ab6d,40,75,Normal
2026-02-13 14:00:37.645459,Toronto-ab6d,9,73,Normal
2026-02-13 14:00:38.645459,Toronto-ab6d,-17,75,Normal
2026-02-13 14:00:39.645459,Toronto-ab6d,31,32,Normal
2026-02-13 14:00:40.645459,Toronto-ab6d,32,37,Normal
2026-02-13 14:00:41.645459,Toronto-ab6d,-20,0,Normal
2026-02-13 14:00:42.645459,Toronto-ab6d,32,44,Normal
2026-02-13 14:00:43.645459,Toronto-ab6d,-21,96,Normal
2026-02-13 14:00:44.645459,Toronto-ab6d,-28,56,Normal
2026-02-13 14:00:45.645459,Toronto-ab6d,-22,13,Normal
2026-02-13 14:00:46.645459,Toronto-ab6d,9,83,Normal
2026-02-13 14:00:47.645459,Toronto-ab6d,-17,24,Normal
2026-02-13 14:00:48.645459,Toronto-ab6d,15,76,Normal
2026-02-13 14:00:49.645459,Toronto-ab6d,-29,100,Normal
2026-02-13 14:00:50.645459,Toronto-ab6d,49,89,Normal
2026-02-13 14:00:51.645459,Toronto-ab6d,24,1,Normal
2026-02-13 14:00:52.645459,Toronto-ab6d,-25,57,Normal
2026-02-13 14:00:53.645459,Toronto-ab6d,-24,62,Normal
2026-02-13 14:00:54.645459,Toronto-ab6d,24,4,Normal
2026-02-13 14:00:55.645459,Toronto-ab6d,36,82,Normal
2026-02-13 14:00:56.645459,Toronto-ab6d,-1,82,Normal
2026-02-13 14:00:57.645459,Toronto-ab6d,10,89,Normal
2026-02-13 14:00:58.645459,Toronto-ab6d,42,71,Normal
2026-02-13 14:00:59.645459,Toronto-ab6d,10,86,Normal
2026-02-13 14:01:00.645459,Toronto-ab6d,32,13,Normal
2026-02-13 14:01:01.645459,Toronto-ab6d,-5,0,Normal
2026-02-13 14:01:02.645459,Toronto-ab6d,-15,86,Normal
2026-02-13 14:01:03.645459,Toronto-ab6d,12,10,Normal
2026-02-13 14:01:04.645459,Toronto-ab6d,14,90,Normal
2026-02-13 14:01:05.645459,Toronto-ab6d,-29,5,Normal
2026-02-13 14:01:06.645459,Toronto-ab6d,-22,23,Normal
2026-02-13 14:01:07.645459,Toronto-ab6d,2,72,Normal
2026-02-13 14:01:08.645459,Toronto-ab6d,-15,13,Normal
2026-02-13 14:01:09.645459,Toronto-ab6d,10,30,Normal
2026-02-13 14:01:10.645459,Toronto-ab6d,35,17,Normal
2026-02-13 14:01:11.645459,Toronto-ab6d,3,69,Normal
2026-02-13 14:01:12.645459,Toronto-ab6d,8,61,Normal
2026-02-13 14:01:13.645459,Toronto-ab6d,48,75,Normal
2026-02-13 14:01:14.645459,Toronto-ab6d,-23,90,Normal
2026-02-13 14:01:15.645459,Toronto-ab6d,10,98,Normal
2026-02-13 14:01:16.645459,Toronto-ab6d,43,90,Normal
2026-02-13 14:01:17.645459,Toronto-ab6d,-24,98,Normal
2026-02-13 14:01:18.645459,Toronto-ab6d,-20,70,Normal
2026-02-13 14:01:19.645459,Toronto-ab6d,0,33,Normal
2026-02-13 14:01:20.645459,Toronto-ab6d,13,36,Normal
2026-02-13 14:01:21.645459,Toronto-ab6d,-2,43,Normal
2026-02-13 14:01:22.645459,Toronto-ab6d,49,36,Normal
2026-02-13 14:01:23.645459,Toronto-ab6d,-12,7,Normal
2026-02-13 14:01:24.645459,Toronto-ab6d,0,31,Normal
2026-02-13 14:01:25.645459,Toronto-ab6d,6,12,Normal
2026-02-13 14:01:26.645459,Toronto-ab6d,-16,25,Normal
2026-02-13 14:01:27.645459,Toronto-ab6d,-3,12,Normal
2026-02-13 14:01:28.645459,Toronto-ab6d,32,66,Normal
2026-02-13 14:01:29.645459,Toronto-ab6d,17,59,Normal
2026-02-13 14:01:30.645459,Toronto-ab6d,-12,2,Normal
2026-02-13 14:01:31.645459,Toronto-ab6d,-12,87,Normal
2026-02-13 14:01:32.645459,Toronto-ab6d,31,41,Normal
2026-02-13 14:01:33.645459,Toronto-ab6d,19,81,Normal
2026-02-13 14:01:34.645459,Toronto-ab6d,46,72,Normal
2026-02-13 14:01:35.645459,Toronto-ab6d,-23,90,Normal
2026-02-13 14:01:36.645459,Toronto-ab6d,12,95,Normal
2026-02-13 14:01:37.645459,Toronto-ab6d,-2,86,Normal
2026-02-13 14:01:38.645459,Toronto-ab6d,36,8,Normal
2026-02-13 14:01:39.645459,Toronto-ab6d,-3,69,Normal
2026-02-13 14:01:40.645459,Toronto-ab6d,-6,88,Normal
2026-02-13 14:01:41.645459,Toronto-ab6d,25,39,Normal
2026-02-13 14:01:42.645459,Toronto-ab6d,-24,44,Normal
2026-02-13 14:01:43.645459,Toronto-ab6d,28,44,Normal
2026-02-13 14:01:44.645459,Toronto-ab6d,38,13,Normal
2026-02-13 14:01:45.645459,Toronto-ab6d,9,26,Normal
2026-02-13 14:01:46.645459,Toronto-ab6d,-4,96,Normal
2026-02-13 14:01:47.645459,Toronto-ab6d,11,86,Normal
2026-02-13 14:01:48.645459,Toronto-ab6d,18,86,Normal
2026-02-13 14:01:49.645459,Toronto-ab6d,48,81,Normal
2026-02-13 14:01:50.645459,Toronto-ab6d,49,33,Normal
2026-02-13 14:01:51.645459,Toronto-ab6d,-12,10,Normal
2026-02-13 14:01:52.645459,Toronto-ab6d,-2,36,Normal
2026-02-13 14:01:53.645459,Toronto-ab6d,50,1,Normal
2026-02-13 14:01:54.645459,Toronto-ab6d,33,3,Normal
2026-02-13 14:01:55.645459,Toronto-ab6d,-16,76,Normal
2026-02-13 14:01:56.645459,Toronto-ab6d,42,15,Normal
2026-02-13 14:01:57.645459,Toronto-ab6d,22,89,Normal
2026-02-13 14:01:58.645459,Toronto-ab6d,26,95,Normal
2026-02-13 14:01:59.645459,Toronto-ab6d,41,13,Normal
2026-02-13 14:02:00.645459,Toronto-ab6d,-20,3,Normal
2026-02-13 14:02:01.645459,Toronto-ab6d,-10,57,Normal
2026-02-13 14:02:02.645459,Toronto-ab6d,41,11,Normal
2026-02-13 14:02:03.645459,Toronto-ab6d,10,81,Normal
2026-02-13 14:02:04.645459,Toronto-ab6d,31,37,Normal
2026-02-13 14:02:05.645459,Toronto-ab6d,11,31,Normal
2026-02-13 14:02:06.645459,Toronto-ab6d,-17,38,Normal
2026-02-13 14:02:07.645459,Toronto-ab6d,-9,80,Normal
2026-02-13 14:02:08.645459,Toronto-ab6d,-9,42,Normal
2026-02-13 14:02:09.645459,Toronto-ab6d,-14,79,Normal
2026-02-13 14:02:10.645459,Toronto-ab6d,-10,74,Normal
2026-02-13 14:02:11.645459,Toronto-ab6d,13,72,Normal
2026-02-13 14:02:12.645459,Toronto-ab6d,43,87,Normal
2026-02-13 14:02:13.645459,Toronto-ab6d,-3,63,Normal
2026-02-13 14:02:14.645459,Toronto-ab6d,40,53,Normal
2026-02-13 14:02:15.645459,Toronto-ab6d,-13,98,Normal
2026-02-13 14:02:16.645459,Toronto-ab6d,40,14,Normal
2026-02-13 14:02:17.645459,Toronto-ab6d,37,60,Normal
2026-02-13 14:02:18.645459,Toronto-ab6d,5,69,Normal
2026-02-13 14:02:19.645459,Toronto-ab6d,40,76,Normal
2026-02-13 14:02:20.645459,Toronto-ab6d,-13,80,Normal
2026-02-13 14:02:21.645459,Toronto-ab6d,43,29,Normal
2026-02-13 14:02:22.645459,Toronto-ab6d,9,74,Normal
2026-02-13 14:02:23.645459,Toronto-ab6d,-10,16,Normal
2026-02-13 14:02:24.645459,Toronto-ab6d,39,95,Normal
2026-02-13 14:02:25.645459,Toronto-ab6d,18,46,Normal
2026-02-13 14:02:26.645459,Toronto-ab6d,5,37,Normal
2026-02-13 14:02:27.645459,Toronto-ab6d,27,74,Normal
2026-02-13 14:02:28.645459,Toronto-ab6d,12,64,Normal
2026-02-13 14:02:29.645459,Toronto-ab6d,0,17,Normal
2026-02-13 14:02:30.645459,Toronto-ab6d,30,62,Normal
2026-02-13 14:02:31.645459,Toronto-ab6d,12,41,Normal
2026-02-13 14:02:32.645459,Toronto-ab6d,13,21,Normal
2026-02-13 14:02:33.645459,Toronto-ab6d,33,15,Normal
2026-02-13 14:02:34.645459,Toronto-ab6d,31,33,Normal
2026-02-13 14:02:35.645459,Toronto-ab6d,26,95,Normal
2026-02-13 14:02:36.645459,Toronto-ab6d,19,57,Normal
2026-02-13 14:02:37.645459,Toronto-ab6d,-20,40,Normal
2026-02-13 14:02:38.645459,Toronto-ab6d,40,83,Normal
2026-02-13 14:02:39.645459,Toronto-ab6d,18,31,Normal
2026-02-13 14:02:40.645459,Toronto-ab6d,47,49,Normal
2026-02-13 14:02:41.645459,Toronto-ab6d,30,9,Normal
2026-02-13 14:02:42.645459,Toronto-ab6d,8,81,Normal
2026-02-13 14:02:43.645459,Toronto-ab6d,-18,67,Normal
2026-02-13 14:02:44.645459,Toronto-ab6d,-27,70,Normal
2026-02-13 14:02:45.645459,Toronto-ab6d,12,2,Normal
2026-02-13 14:02:46.645459,Toronto-ab6d,20,58,Normal
2026-02-13 14:02:47.645459,Toronto-ab6d,-18,86,Normal
2026-02-13 14:02:48.645459,Toronto-ab6d,33,46,Normal
2026-02-13 14:02:49.645459,Toronto-ab6d,-23,60,Normal
2026-02-13 14:02:50.645459,Toronto-ab6d,48,78,Normal
2026-02-13 14:02:51.645459,Toronto-ab6d,15,71,Normal
2026-02-13 14:02:52.645459,Toronto-ab6d,14,64,Normal
2026-02-13 14:02:53.645459,Toronto-ab6d,-9,57,Normal
2026-02-13 14:02:54.645459,Toronto-ab6d,47,45,Normal
2026-02-13 14:02:55.645459,Toronto-ab6d,18,18,Normal
2026-02-13 14:02:56.645459,Toronto-ab6d,-3,86,Normal
2026-02-13 14:02:57.645459,Toronto-ab6d,12,39,Normal
2026-02-13 14:02:58.645459,Toronto-ab6d,-18,38,Normal
2026-02-13 14:02:59.645459,Toronto-ab6d,-15,2,Normal
2026-02-13 14:03:00.645459,Toronto-ab6d,0,63,Normal
2026-02-13 14:03:01.645459,Toronto-ab6d,21,14,Normal
2026-02-13 14:03:02.645459,Toronto-ab6d,18,69,Normal
2026-02-13 14:03:03.645459,Toronto-ab6d,47,27,Normal
2026-02-13 14:03:04.645459,Toronto-ab6d,13,84,Normal
2026-02-13 14:03:05.645459,Toronto-ab6d,40,69,Normal
2026-02-13 14:03:06.645459,Toronto-ab6d,-24,5,Normal
2026-02-13 14:03:07.645459,Toronto-ab6d,-22,20,Normal
2026-02-13 14:03:08.645459,Toronto-ab6d,33,61,Normal
2026-02-13 14:03:09.645459,Toronto-ab6d,12,3,Normal
2026-02-13 14:03:10.645459,Toronto-ab6d,-19,15,Normal
2026-02-13 14:03:11.645459,Toronto-ab6d,20,89,Normal
2026-02-13 14:03:12.645459,Toronto-ab6d,14,77,Normal
2026-02-13 14:03:13.645459,Toronto-ab6d,16,56,Normal
2026-02-13 14:03:14.645459,Toronto-ab6d,36,24,Normal
2026-02-13 14:03:15.645459,Toronto-ab6d,-11,28,Normal
2026-02-13 14:03:16.645459,Toronto-ab6d,13,19,Normal
2026-02-13 14:03:17.645459,Toronto-ab6d,50,95,Normal
2026-02-13 14:03:18.645459,Toronto-ab6d,39,86,Normal
2026-02-13 14:03:19.645459,Toronto-ab6d,4,46,Normal
2026-02-13 14:03:20.645459,Toronto-ab6d,-30,78,Normal
2026-02-13 14:03:21.645459,Toronto-ab6d,-2,70,Normal
2026-02-13 14:03:22.645459,Toronto-ab6d,-30,95,Normal
2026-02-13 14:03:23.645459,Toronto-ab6d,12,99,Normal
2026-02-13 14:03:24.645459,Toronto-ab6d,24,35,Normal
2026-02-13 14:03:25.645459,Toronto-ab6d,-19,61,Normal
2026-02-13 14:03:26.645459,Toronto-ab6d,49,55,Normal
2026-02-13 14:03:27.645459,Toronto-ab6d,41,7,Normal
2026-02-13 14:03:28.645459,Toronto-ab6d,40,98,Normal
2026-02-13 14:03:29.645459,Toronto-ab6d,25,97,Normal
2026-02-13 14:03:30.645459,Toronto-ab6d,35,84,Normal
2026-02-13 14:03:31.645459,Toronto-ab6d,46,98,Normal
2026-02-13 14:03:32.645459,Toronto-ab6d,3,100,Normal
2026-02-13 14:03:33.645459,Toronto-ab6d,30,59,Normal
2026-02-13 14:03:34.645459,Toronto-ab6d,0,82,Normal
2026-02-13 14:03:35.645459,Toronto-ab6d,-4,28,Normal
2026-02-13 14:03:36.645459,Toronto-ab6d,-28,38,Normal
2026-02-13 14:03:37.645459,Toronto-ab6d,-25,18,Normal
2026-02-13 14:03:38.645459,Toronto-ab6d,-15,85,Normal
2026-02-13 14:03:39.645459,Toronto-ab6d,32,97,Normal
2026-02-13 14:03:40.645459,Toronto-ab6d,38,5,Normal
2026-02-13 14:03:41.645459,Toronto-ab6d,46,100,Normal
2026-02-13 14:03:42.645459,Toronto-ab6d,23,69,Normal
2026-02-13 14:03:43.645459,Toronto-ab6d,24,75,Normal
2026-02-13 14:03:44.645459,Toronto-ab6d,-30,15,Normal
2026-02-13 14:03:45.645459,Toronto-ab6d,38,11,Normal
2026-02-13 14:03:46.645459,Toronto-ab6d,41,93,Normal
2026-02-13 14:03:47.645459,Toronto-ab6d,46,54,Normal
2026-02-13 14:03:48.645459,Toronto-ab6d,-6,98,Normal
2026-02-13 14:03:49.645459,Toronto-ab6d,16,0,Normal
2026-02-13 14:03:50.645459,Toronto-ab6d,-10,36,Normal
2026-02-13 14:03:51.645459,Toronto-ab6d,9,91,Normal
2026-02-13 14:03:52.645459,Toronto-ab6d,39,91,Normal
2026-02-13 14:03:53.645459,Toronto-ab6d,19,55,Normal
2026-02-13 14:03:54.645459,Toronto-ab6d,-8,84,Normal
2026-02-13 14:03:55.645459,Toronto-ab6d,5,3,Normal
2026-02-13 14:03:56.645459,Toronto-ab6d,-14,66,Normal
2026-02-13 14:03:57.645459,Toronto-ab6d,2,20,Normal
2026-02-13 14:03:58.645459,Toronto-ab6d,42,29,Normal
2026-02-13 14:03:59.645459,Toronto-ab6d,-30,51,Normal
2026-02-13 14:04:00.645459,Toronto-ab6d,-28,70,Normal
2026-02-13 14:04:01.645459,Toronto-ab6d,-20,16,Normal
2026-02-13 14:04:02.645459,Toronto-ab6d,26,100,Normal
2026-02-13 14:04:03.645459,Toronto-ab6d,-22,70,Normal
2026-02-13 14:04:04.645459,Toronto-ab6d,-25,82,Normal
2026-02-13 14:04:05.645459,Toronto-ab6d,8,63,Normal
2026-02-13 14:04:06.645459,Toronto-ab6d,3,89,Normal
2026-02-13 14:04:07.645459,Toronto-ab6d,-4,91,Normal
2026-02-13 14:04:08.645459,Toronto-ab6d,9,37,Normal
2026-02-13 14:04:09.645459,Toronto-ab6d,25,41,Normal
2026-02-13 14:04:10.645459,Toronto-ab6d,13,90,Normal
2026-02-13 14:04:11.645459,Toronto-ab6d,-13,58,Normal
2026-02-13 14:04:12.645459,Toronto-ab6d,49,68,Normal
2026-02-13 14:04:13.645459,Toronto-ab6d,-14,44,Normal
2026-02-13 14:04:14.645459,Toronto-ab6d,-28,54,Normal
2026-02-13 14:04:15.645459,Toronto-ab6d,-5,67,Normal
2026-02-13 14:04:16.645459,Toronto-ab6d,49,33,Normal
2026-02-13 14:04:17.645459,Toronto-ab6d,45,100,Normal
2026-02-13 14:04:18.645459,Toronto-ab6d,-2,89,Normal
2026-02-13 14:04:19.645459,Toronto-ab6d,42,22,Normal
2026-02-13 14:04:20.645459,Toronto-ab6d,35,36,Normal
2026-02-13 14:04:21.645459,Toronto-ab6d,-5,21,Normal
2026-02-13 14:04:22.645459,Toronto-ab6d,-15,36,Normal
2026-02-13 14:04:23.645459,Toronto-ab6d,-5,94,Normal
2026-02-13 14:04:24.645459,Toronto-ab6d,2,43,Normal
2026-02-13 14:04:25.645459,Toronto-ab6d,20,44,Normal
2026-02-13 14:04:26.645459,Toronto-ab6d,43,91,Normal
2026-02-13 14:04:27.645459,Toronto-ab6d,-21,60,Normal
2026-02-13 14:04:28.645459,Toronto-ab6d,23,72,Normal
2026-02-13 14:04:29.645459,Toronto-ab6d,12,65,Normal
2026-02-13 14:04:30.645459,Toronto-ab6d,0,68,Normal
2026-02-13 14:04:31.645459,Toronto-ab6d,2,55,Normal
2026-02-13 14:04:32.645459,Toronto-ab6d,-28,1,Normal
2026-02-13 14:04:33.645459,Toronto-ab6d,15,6,Normal
2026-02-13 14:04:34.645459,Toronto-ab6d,24,23,Normal
2026-02-13 14:04:35.645459,Toronto-ab6d,14,55,Normal
2026-02-13 14:04:36.645459,Toronto-ab6d,-23,14,Normal
2026-02-13 14:04:37.645459,Toronto-ab6d,-25,60,Normal
2026-02-13 14:04:38.645459,Toronto-ab6d,26,83,Normal
2026-02-13 14:04:39.645459,Toronto-ab6d,-14,54,Normal
2026-02-13 14:04:40.645459,Toronto-ab6d,18,5,Normal
2026-02-13 14:04:41.645459,Toronto-ab6d,20,82,Normal
2026-02-13 14:04:42.645459,Toronto-ab6d,16,64,Normal
2026-02-13 14:04:43.645459,Toronto-ab6d,-1,9,Normal
2026-02-13 14:04:44.645459,Toronto-ab6d,7,42,Normal
2026-02-13 14:04:45.645459,Toronto-ab6d,-12,18,Normal
2026-02-13 14:04:46.645459,Toronto-ab6d,11,72,Normal
2026-02-13 14:04:47.645459,Toronto-ab6d,47,18,Normal
2026-02-13 14:04:48.645459,Toronto-ab6d,-3,87,Normal
2026-02-13 14:04:49.645459,Toronto-ab6d,-15,51,Normal
2026-02-13 14:04:50.645459,Toronto-ab6d,4,25,Normal
2026-02-13 14:04:51.645459,Toronto-ab6d,30,62,Normal
2026-02-13 14:04:52.645459,Toronto-ab6d,2,6,Normal
2026-02-13 14:04:53.645459,Toronto-ab6d,-1,68,Normal
2026-02-13 14:04:54.645459,Toronto-ab6d,10,92,Normal
2026-02-13 14:04:55.645459,Toronto-ab6d,-11,52,Normal
2026-02-13 14:04:56.645459,Toronto-ab6d,29,75,Normal
2026-02-13 14:04:57.645459,Toronto-ab6d,43,31,Normal
2026-02-13 14:04:58.645459,Toronto-ab6d,-13,60,Normal
2026-02-13 14:04:59.645459,Toronto-ab6d,-25,84,Normal
2026-02-13 14:05:00.645459,Toronto-ab6d,46,71,Normal
2026-02-13 14:05:01.645459,Toronto-ab6d,-29,26,Normal
2026-02-13 14:05:02.645459,Toronto-ab6d,16,66,Normal
2026-02-13 14:05:03.645459,Toronto-ab6d,-29,76,Normal
2026-02-13 14:05:04.645459,Toronto-ab6d,-19,77,Normal
2026-02-13 14:05:05.645459,Toronto-ab6d,29,47,Normal
2026-02-13 14:05:06.645459,Toronto-ab6d,-14,93,Normal
2026-02-13 14:05:07.645459,Toronto-ab6d,35,42,Normal
2026-02-13 14:05:08.645459,Toronto-ab6d,1,88,Normal
2026-02-13 14:05:09.645459,Toronto-ab6d,7,41,Normal
2026-02-13 14:05:10.645459,Toronto-ab6d,-17,45,Normal
2026-02-13 14:05:11.645459,Toronto-ab6d,-23,19,Normal
2026-02-13 14:05:12.645459,Toronto-ab6d,38,65,Normal
2026-02-13 14:05:13.645459,Toronto-ab6d,-29,11,Normal
2026-02-13 14:05:14.645459,Toronto-ab6d,16,61,Normal
2026-02-13 14:05:15.645459,Toronto-ab6d,27,52,Normal
2026-02-13 14:05:16.645459,Toronto-ab6d,48,15,Normal
2026-02-13 14:05:17.645459,Toronto-ab6d,-24,78,Normal
2026-02-13 14:05:18.645459,Toronto-ab6d,36,57,Normal
2026-02-13 14:05:19.645459,Toronto-ab6d,27,21,Normal
2026-02-13 14:05:20.645459,Toronto-ab6d,30,39,Normal
2026-02-13 14:05:21.645459,Toronto-ab6d,0,10,Normal
2026-02-13 14:05:22.645459,Toronto-ab6d,16,85,Normal
2026-02-13 14:05:23.645459,Toronto-ab6d,-9,35,Normal
2026-02-13 14:05:24.645459,Toronto-ab6d,18,12,Normal
2026-02-13 14:05:25.645459,Toronto-ab6d,10,72,Normal
2026-02-13 14:05:26.645459,Toronto-ab6d,39,94,Normal
2026-02-13 14:05:27.645459,Toronto-ab6d,-25,26,Normal
2026-02-13 14:05:28.645459,Toronto-ab6d,49,23,Normal
2026-02-13 14:05:29.645459,Toronto-ab6d,-24,24,Normal
2026-02-13 14:05:30.645459,Toronto-ab6d,2,98,Normal
2026-02-13 14:05:31.645459,Toronto-ab6d,-26,59,Normal
2026-02-13 14:05:32.645459,Toronto-ab6d,-11,100,Normal
2026-02-13 14:05:33.645459,Toronto-ab6d,-14,87,Normal
2026-02-13 14:05:34.645459,Toronto-ab6d,6,13,Normal
2026-02-13 14:05:35.645459,Toronto-ab6d,47,77,Normal
2026-02-13 14:05:36.645459,Toronto-ab6d,-17,46,Normal
2026-02-13 14:05:37.645459,Toronto-ab6d,-6,73,Normal
2026-02-13 14:05:38.645459,Toronto-ab6d,39,0,Normal
2026-02-13 14:05:39.645459,Toronto-ab6d,38,31,Normal
2026-02-13 14:05:40.645459,Toronto-ab6d,-26,100,Normal
2026-02-13 14:05:41.645459,Toronto-ab6d,25,82,Normal
2026-02-13 14:05:42.645459,Toronto-ab6d,19,50,Normal
2026-02-13 14:05:43.645459,Toronto-ab6d,-23,20,Normal
2026-02-13 14:05:44.645459,Toronto-ab6d,-5,25,Normal
2026-02-13 14:05:45.645459,Toronto-ab6d,-15,13,Normal
2026-02-13 14:05:46.645459,Toronto-ab6d,-24,62,Normal
2026-02-13 14:05:47.645459,Toronto-ab6d,-10,72,Normal
2026-02-13 14:05:48.645459,Toronto-ab6d,28,39,Normal
2026-02-13 14:05:49.645459,Toronto-ab6d,-19,73,Normal
2026-02-13 14:05:50.645459,Toronto-ab6d,-25,46,Normal
2026-02-13 14:05:51.645459,Toronto-ab6d,38,41,Normal
2026-02-13 14:05:52.645459,Toronto-ab6d,40,98,Normal
2026-02-13 14:05:53.645459,Toronto-ab6d,-26,80,Normal
2026-02-13 14:05:54.645459,Toronto-ab6d,45,32,Normal
2026-02-13 14:05:55.645459,Toronto-ab6d,27,35,Normal
2026-02-13 14:05:56.645459,Toronto-ab6d,17,22,Normal
2026-02-13 14:05:57.645459,Toronto-ab6d,-11,63,Normal
2026-02-13 14:05:58.645459,Toronto-ab6d,38,21,Normal
2026-02-13 14:05:59.645459,Toronto-ab6d,17,95,Normal
2026-02-13 14:06:00.645459,Toronto-ab6d,-9,75,Normal
2026-02-13 14:06:01.645459,Toronto-ab6d,34,97,Normal
2026-02-13 14:06:02.645459,Toronto-ab6d,16,92,Normal
2026-02-13 14:06:03.645459,Toronto-ab6d,-24,41,Normal
2026-02-13 14:06:04.645459,Toronto-ab6d,48,73,Normal
2026-02-13 14:06:05.645459,Toronto-ab6d,16,88,Normal
2026-02-13 14:06:06.645459,Toronto-ab6d,27,19,Normal
2026-02-13 14:06:07.645459,Toronto-ab6d,16,7,Normal
2026-02-13 14:06:08.645459,Toronto-ab6d,31,24,Normal
2026-02-13 14:06:09.645459,Toronto-ab6d,-30,92,Normal
2026-02-13 14:06:10.645459,Toronto-ab6d,-6,72,Normal
2026-02-13 14:06:11.645459,Toronto-ab6d,-11,42,Normal
2026-02-13 14:06:12.645459,Toronto-ab6d,-13,49,Normal
2026-02-13 14:06:13.645459,Toronto-ab6d,22,36,Normal
2026-02-13 14:06:14.645459,Toronto-ab6d,22,76,Normal
2026-02-13 14:06:15.645459,Toronto-ab6d,8,10,Normal
2026-02-13 14:06:16.645459,Toronto-ab6d,33,2,Normal
2026-02-13 14:06:17.645459,Toronto-ab6d,16,91,Normal
2026-02-13 14:06:18.645459,Toronto-ab6d,40,30,Normal
2026-02-13 14:06:19.645459,Toronto-ab6d,40,9,Normal
2026-02-13 14:06:20.645459,Toronto-ab6d,-21,37,Normal
2026-02-13 14:06:21.645459,Toronto-ab6d,8,44,Normal
2026-02-13 14:06:22.645459,Toronto-ab6d,-20,10,Normal
2026-02-13 14:06:23.645459,Toronto-ab6d,-18,57,Normal
2026-02-13 14:06:24.645459,Toronto-ab6d,-5,88,Normal
2026-02-13 14:06:25.645459,Toronto-ab6d,0,92,Normal
2026-02-13 14:06:26.645459,Toronto-ab6d,-18,77,Normal
2026-02-13 14:06:27.645459,Toronto-ab6d,-17,0,Normal
2026-02-13 14:06:28.645459,Toronto-ab6d,45,5,Normal
2026-02-13 14:06:29.645459,Toronto-ab6d,8,40,Normal
2026-02-13 14:06:30.645459,Toronto-ab6d,-13,6,Normal
2026-02-13 14:06:31.645459,Toronto-ab6d,-1,98,Normal
2026-02-13 14:06:32.645459,Toronto-ab6d,-14,18,Normal
2026-02-13 14:06:33.645459,Toronto-ab6d,-18,34,Normal
2026-02-13 14:06:34.645459,Toronto-ab6d,15,44,Normal
2026-02-13 14:06:35.645459,Toronto-ab6d,34,14,Normal
2026-02-13 14:06:36.645459,Toronto-ab6d,7,85,Normal
2026-02-13 14:06:37.645459,Toronto-ab6d,39,87,Normal
2026-02-13 14:06:38.645459,Toronto-ab6d,16,69,Normal
2026-02-13 14:06:39.645459,Toronto-ab6d,-11,31,Normal
2026-02-13 14:06:40.645459,Toronto-ab6d,8,91,Normal
2026-02-13 14:06:41.645459,Toronto-ab6d,45,84,Normal
2026-02-13 14:06:42.645459,Toronto-ab6d,42,38,Normal
2026-02-13 14:06:43.645459,Toronto-ab6d,-9,68,Normal
2026-02-13 14:06:44.645459,Toronto-ab6d,28,61,Normal
2026-02-13 14:06:45.645459,Toronto-ab6d,-2,21,Normal
2026-02-13 14:06:46.645459,Toronto-ab6d,-16,85,Normal
2026-02-13 14:06:47.645459,Toronto-ab6d,29,46,Normal
2026-02-13 14:06:48.645459,Toronto-ab6d,7,53,Normal
2026-02-13 14:06:49.645459,Toronto-ab6d,15,26,Normal
2026-02-13 14:06:50.645459,Toronto-ab6d,13,63,Normal
2026-02-13 14:06:51.645459,Toronto-ab6d,-2,95,Normal
2026-02-13 14:06:52.645459,Toronto-ab6d,-12,30,Normal
2026-02-13 14:06:53.645459,Toronto-ab6d,46,99,Normal
2026-02-13 14:06:54.645459,Toronto-ab6d,-15,60,Normal
2026-02-13 14:06:55.645459,Toronto-ab6d,43,91,Normal
2026-02-13 14:06:56.645459,Toronto-ab6d,35,18,Normal
2026-02-13 14:06:57.645459,Toronto-ab6d,-10,66,Normal
2026-02-13 14:06:58.645459,Toronto-ab6d,-5,48,Normal
2026-02-13 14:06:59.645459,Toronto-ab6d,10,3,Normal
2026-02-13 14:07:00.645459,Toronto-ab6d,-22,19,Normal
2026-02-13 14:07:01.645459,Toronto-ab6d,29,60,Normal
2026-02-13 14:07:02.645459,Toronto-ab6d,20,76,Normal
2026-02-13 14:07:03.645459,Toronto-ab6d,-6,26,Normal
2026-02-13 14:07:04.645459,Toronto-ab6d,25,22,Normal
2026-02-13 14:07:05.645459,Toronto-ab6d,25,56,Normal
2026-02-13 14:07:06.645459,Toronto-ab6d,-7,67,Normal
2026-02-13 14:07:07.645459,Toronto-ab6d,35,70,Normal
2026-02-13 14:07:08.645459,Toronto-ab6d,-13,28,Normal
2026-02-13 14:07:09.645459,Toronto-ab6d,-21,86,Normal
2026-02-13 14:07:10.645459,Toronto-ab6d,23,98,Normal
2026-02-13 14:07:11.645459,Toronto-ab6d,30,25,Normal
2026-02-13 14:07:12.645459,Toronto-ab6d,39,8,Normal
2026-02-13 14:07:13.645459,Toronto-ab6d,1,89,Normal
2026-02-13 14:07:14.645459,Toronto-ab6d,22,59,Normal
2026-02-13 14:07:15.645459,Toronto-ab6d,46,33,Normal
2026-02-13 14:07:16.645459,Toronto-ab6d,23,7,Normal
2026-02-13 14:07:17.645459,Toronto-ab6d,-1,91,Normal
2026-02-13 14:07:18.645459,Toronto-ab6d,9,85,Normal
2026-02-13 14:07:19.645459,Toronto-ab6d,17,18,Normal
2026-02-13 14:07:20.645459,Toronto-ab6d,4,25,Normal
2026-02-13 14:07:21.645459,Toronto-ab6d,41,33,Normal
2026-02-13 14:07:22.645459,Toronto-ab6d,12,68,Normal
2026-02-13 14:07:23.645459,Toronto-ab6d,-3,9,Normal
2026-02-13 14:07:24.645459,Toronto-ab6d,37,48,Normal
2026-02-13 14:07:25.645459,Toronto-ab6d,35,64,Normal
2026-02-13 14:07:26.645459,Toronto-ab6d,-3,31,Normal
2026-02-13 14:07:27.645459,Toronto-ab6d,35,59,Normal
2026-02-13 14:07:28.645459,Toronto-ab6d,39,3,Normal
2026-02-13 14:07:29.645459,Toronto-ab6d,48,56,Normal
2026-02-13 14:07:30.645459,Toronto-ab6d,28,92,Normal
2026-02-13 14:07:31.645459,Toronto-ab6d,42,74,Normal
2026-02-13 14:07:32.645459,Toronto-ab6d,-23,13,Normal
2026-02-13 14:07:33.645459,Toronto-ab6d,7,100,Normal
2026-02-13 14:07:34.645459,Toronto-ab6d,20,78,Normal
2026-02-13 14:07:35.645459,Toronto-ab6d,32,53,Normal
2026-02-13 14:07:36.645459,Toronto-ab6d,-18,34,Normal
2026-02-13 14:07:37.645459,Toronto-ab6d,0,1,Normal
2026-02-13 14:07:38.645459,Toronto-ab6d,11,57,Normal
2026-02-13 14:07:39.645459,Toronto-ab6d,-15,90,Normal
2026-02-13 14:07:40.645459,Toronto-ab6d,-27,45,Normal
2026-02-13 14:07:41.645459,Toronto-ab6d,-16,64,Normal
2026-02-13 14:07:42.645459,Toronto-ab6d,1,56,Normal
2026-02-13 14:07:43.645459,Toronto-ab6d,-23,78,Normal
2026-02-13 14:07:44.645459,Toronto-ab6d,-23,52,Normal
2026-02-13 14:07:45.645459,Toronto-ab6d,5,25,Normal
2026-02-13 14:07:46.645459,Toronto-ab6d,32,55,Normal
2026-02-13 14:07:47.645459,Toronto-ab6d,32,78,Normal
2026-02-13 14:07:48.645459,Toronto-ab6d,21,68,Normal
2026-02-13 14:07:49.645459,Toronto-ab6d,49,13,Normal
2026-02-13 14:07:50.645459,Toronto-ab6d,33,78,Normal
2026-02-13 14:07:51.645459,Toronto-ab6d,-11,84,Normal
2026-02-13 14:07:52.645459,Toronto-ab6d,-26,20,Normal
2026-02-13 14:07:53.645459,Toronto-ab6d,6,32,Normal
2026-02-13 14:07:54.645459,Toronto-ab6d,-3,57,Normal
2026-02-13 14:07:55.645459,Toronto-ab6d,-28,32,Normal
2026-02-13 14:07:56.645459,Toronto-ab6d,-29,73,Normal
2026-02-13 14:07:57.645459,Toronto-ab6d,21,7,Normal
2026-02-13 14:07:58.645459,Toronto-ab6d,15,15,Normal
2026-02-13 14:07:59.645459,Toronto-ab6d,-2,14,Normal
2026-02-13 14:08:00.645459,Toronto-ab6d,23,72,Normal
2026-02-13 14:08:01.645459,Toronto-ab6d,-1,64,Normal
2026-02-13 14:08:02.645459,Toronto-ab6d,49,53,Normal
2026-02-13 14:08:03.645459,Toronto-ab6d,22,7,Normal
2026-02-13 14:08:04.645459,Toronto-ab6d,4,51,Normal
2026-02-13 14:08:05.645459,Toronto-ab6d,-23,47,Normal
2026-02-13 14:08:06.645459,Toronto-ab6d,-15,8,Normal
2026-02-13 14:08:07.645459,Toronto-ab6d,28,54,Normal
2026-02-13 14:08:08.645459,Toronto-ab6d,-26,32,Normal
2026-02-13 14:08:09.645459,Toronto-ab6d,12,91,Normal
2026-02-13 14:08:10.645459,Toronto-ab6d,-29,54,Normal
2026-02-13 14:08:11.645459,Toronto-ab6d,1,72,Normal
2026-02-13 14:08:12.645459,Toronto-ab6d,19,53,Normal
2026-02-13 14:08:13.645459,Toronto-ab6d,-21,49,Normal
2026-02-13 14:08:14.645459,Toronto-ab6d,44,17,Normal
2026-02-13 14:08:15.645459,Toronto-ab6d,23,47,Normal
2026-02-13 14:08:16.645459,Toronto-ab6d,49,27,Normal
2026-02-13 14:08:17.645459,Toronto-ab6d,5,21,Normal
2026-02-13 14:08:18.645459,Toronto-ab6d,-9,73,Normal
2026-02-13 14:08:19.645459,Toronto-ab6d,45,10,Normal
2026-02-13 14:08:20.645459,Toronto-ab6d,3,31,Normal
2026-02-13 14:08:21.645459,Toronto-ab6d,-20,19,Normal
2026-02-13 14:08:22.645459,Toronto-ab6d,44,27,Normal
2026-02-13 14:08:23.645459,Toronto-ab6d,49,4,Normal
2026-02-13 14:08:24.645459,Toronto-ab6d,13,33,Normal
2026-02-13 14:08:25.645459,Toronto-ab6d,45,51,Normal
2026-02-13 14:08:26.645459,Toronto-ab6d,0,79,Normal
2026-02-13 14:08:27.645459,Toronto-ab6d,36,5,Normal
2026-02-13 14:08:28.645459,Toronto-ab6d,-11,44,Normal
2026-02-13 14:08:29.645459,Toronto-ab6d,38,56,Normal
2026-02-13 14:08:30.645459,Toronto-ab6d,8,52,Normal
2026-02-13 14:08:31.645459,Toronto-ab6d,40,46,Normal
2026-02-13 14:08:32.645459,Toronto-ab6d,-15,87,Normal
2026-02-13 14:08:33.645459,Toronto-ab6d,-12,26,Normal
2026-02-13 14:08:34.645459,Toronto-ab6d,-9,5,Normal
2026-02-13 14:08:35.645459,Toronto-ab6d,33,29,Normal
2026-02-13 14:08:36.645459,Toronto-ab6d,22,42,Normal
2026-02-13 14:08:37.645459,Toronto-ab6d,46,89,Normal
2026-02-13 14:08:38.645459,Toronto-ab6d,2,88,Normal
2026-02-13 14:08:39.645459,Toronto-ab6d,-21,51,Normal
2026-02-13 14:08:40.645459,Toronto-ab6d,-18,74,Normal
2026-02-13 14:08:41.645459,Toronto-ab6d,-27,16,Normal
2026-02-13 14:08:42.645459,Toronto-ab6d,-10,78,Normal
2026-02-13 14:08:43.645459,Toronto-ab6d,18,61,Normal
2026-02-13 14:08:44.645459,Toronto-ab6d,2,54,Normal
2026-02-13 14:08:45.645459,Toronto-ab6d,9,78,Normal
2026-02-13 14:08:46.645459,Toronto-ab6d,4,70,Normal
2026-02-13 14:08:47.645459,Toronto-ab6d,0,65,Normal
2026-02-13 14:08:48.645459,Toronto-ab6d,-22,8,Normal
2026-02-13 14:08:49.645459,Toronto-ab6d,30,68,Normal
2026-02-13 14:08:50.645459,Toronto-ab6d,-8,42,Normal
2026-02-13 14:08:51.645459,Toronto-ab6d,-20,9,Normal
2026-02-13 14:08:52.645459,Toronto-ab6d,10,17,Normal
2026-02-13 14:08:53.645459,Toronto-ab6d,27,48,Normal
2026-02-13 14:08:54.645459,Toronto-ab6d,32,0,Normal
2026-02-13 14:08:55.645459,Toronto-ab6d,-19,26,Normal
2026-02-13 14:08:56.645459,Toronto-ab6d,-26,57,Normal
2026-02-13 14:08:57.645459,Toronto-ab6d,45,80,Normal
2026-02-13 14:08:58.645459,Toronto-ab6d,31,45,Normal
2026-02-13 14:08:59.645459,Toronto-ab6d,-14,10,Normal
2026-02-13 14:09:00.645459,Toronto-ab6d,21,12,Normal
2026-02-13 14:09:01.645459,Toronto-ab6d,4,97,Normal
2026-02-13 14:09:02.645459,Toronto-ab6d,-25,57,Normal
2026-02-13 14:09:03.645459,Toronto-ab6d,32,13,Normal
2026-02-13 14:09:04.645459,Toronto-ab6d,25,95,Normal
2026-02-13 14:09:05.645459,Toronto-ab6d,-4,11,Normal
2026-02-13 14:09:06.645459,Toronto-ab6d,40,42,Normal
2026-02-13 14:09:07.645459,Toronto-ab6d,48,7,Normal
2026-02-13 14:09:08.645459,Toronto-ab6d,28,92,Normal
2026-02-13 14:09:09.645459,Toronto-ab6d,19,19,Normal
2026-02-13 14:09:10.645459,Toronto-ab6d,-5,37,Normal
2026-02-13 14:09:11.645459,Toronto-ab6d,30,54,Normal
2026-02-13 14:09:12.645459,Toronto-ab6d,13,4,Normal
2026-02-13 14:09:13.645459,Toronto-ab6d,9,4,Normal
2026-02-13 14:09:14.645459,Toronto-ab6d,-11,47,Normal
2026-02-13 14:09:15.645459,Toronto-ab6d,36,18,Normal
2026-02-13 14:09:16.645459,Toronto-ab6d,11,47,Normal
2026-02-13 14:09:17.645459,Toronto-ab6d,13,86,Normal
2026-02-13 14:09:18.645459,Toronto-ab6d,-11,97,Normal
2026-02-13 14:09:19.645459,Toronto-ab6d,3,8,Normal
2026-02-13 14:09:20.645459,Toronto-ab6d,-2,73,Normal
2026-02-13 14:09:21.645459,Toronto-ab6d,-16,30,Normal
2026-02-13 14:09:22.645459,Toronto-ab6d,-2,37,Normal
2026-02-13 14:09:23.645459,Toronto-ab6d,-17,22,Normal
2026-02-13 14:09:24.645459,Toronto-ab6d,18,8,Normal
2026-02-13 14:09:25.645459,Toronto-ab6d,15,71,Normal
2026-02-13 14:09:26.645459,Toronto-ab6d,35,88,Normal
2026-02-13 14:09:27.645459,Toronto-ab6d,42,26,Normal
2026-02-13 14:09:28.645459,Toronto-ab6d,12,91,Normal
2026-02-13 14:09:29.645459,Toronto-ab6d,-17,27,Normal
2026-02-13 14:09:30.645459,Toronto-ab6d,11,77,Normal
2026-02-13 14:09:31.645459,Toronto-ab6d,47,9,Normal
2026-02-13 14:09:32.645459,Toronto-ab6d,3,57,Normal
2026-02-13 14:09:33.645459,Toronto-ab6d,4,6,Normal
2026-02-13 14:09:34.645459,Toronto-ab6d,4,81,Normal
2026-02-13 14:09:35.645459,Toronto-ab6d,32,59,Normal
2026-02-13 14:09:36.645459,Toronto-ab6d,10,76,Normal
2026-02-13 14:09:37.645459,Toronto-ab6d,16,92,Normal
2026-02-13 14:09:38.645459,Toronto-ab6d,47,34,Normal
2026-02-13 14:09:39.645459,Toronto-ab6d,19,55,Normal
2026-02-13 14:09:40.645459,Toronto-ab6d,10,45,Normal
2026-02-13 14:09:41.645459,Toronto-ab6d,17,43,Normal
2026-02-13 14:09:42.645459,Toronto-ab6d,35,16,Normal
2026-02-13 14:09:43.645459,Toronto-ab6d,-3,73,Normal
2026-02-13 14:09:44.645459,Toronto-ab6d,41,79,Normal
2026-02-13 14:09:45.645459,Toronto-ab6d,43,46,Normal
2026-02-13 14:09:46.645459,Toronto-ab6d,22,93,Normal
2026-02-13 14:09:47.645459,Toronto-ab6d,-30,83,Normal
2026-02-13 14:09:48.645459,Toronto-ab6d,22,11,Normal
2026-02-13 14:09:49.645459,Toronto-ab6d,-5,84,Normal
2026-02-13 14:09:50.645459,Toronto-ab6d,23,74,Normal
2026-02-13 14:09:51.645459,Toronto-ab6d,30,4,Normal
2026-02-13 14:09:52.645459,Toronto-ab6d,-1,64,Normal
2026-02-13 14:09:53.645459,Toronto-ab6d,46,64,Normal
2026-02-13 14:09:54.645459,Toronto-ab6d,2,69,Normal
2026-02-13 14:09:55.645459,Toronto-ab6d,-7,34,Normal
2026-02-13 14:09:56.645459,Toronto-ab6d,2,53,Normal
2026-02-13 14:09:57.645459,Toronto-ab6d,23,85,Normal
2026-02-13 14:09:58.645459,Toronto-ab6d,19,62,Normal
2026-02-13 14:09:59.645459,Toronto-ab6d,-7,96,Normal
2026-02-13 14:10:00.645459,Toronto-ab6d,50,88,Normal
2026-02-13 14:10:01.645459,Toronto-ab6d,-29,62,Normal
2026-02-13 14:10:02.645459,Toronto-ab6d,49,6,Normal
2026-02-13 14:10:03.645459,Toronto-ab6d,24,90,Normal
2026-02-13 14:10:04.645459,Toronto-ab6d,20,99,Normal
2026-02-13 14:10:05.645459,Toronto-ab6d,31,56,Normal
2026-02-13 14:10:06.645459,Toronto-ab6d,26,24,Normal
2026-02-13 14:10:07.645459,Toronto-ab6d,39,45,Normal
2026-02-13 14:10:08.645459,Toronto-ab6d,11,30,Normal
2026-02-13 14:10:09.645459,Toronto-ab6d,3,34,Normal
2026-02-13 14:10:10.645459,Toronto-ab6d,-23,45,Normal
2026-02-13 14:10:11.645459,Toronto-ab6d,11,22,Normal
2026-02-13 14:10:12.645459,Toronto-ab6d,-4,43,Normal
2026-02-13 14:10:13.645459,Toronto-ab6d,15,0,Normal
2026-02-13 14:10:14.645459,Toronto-ab6d,-3,27,Normal
2026-02-13 14:10:15.645459,Toronto-ab6d,40,70,Normal
2026-02-13 14:10:16.645459,Toronto-ab6d,-12,77,Normal
2026-02-13 14:10:17.645459,Toronto-ab6d,38,23,Normal
2026-02-13 14:10:18.645459,Toronto-ab6d,28,64,Normal
2026-02-13 14:10:19.645459,Toronto-ab6d,31,91,Normal
2026-02-13 14:10:20.645459,Toronto-ab6d,-2,91,Normal
2026-02-13 14:10:21.645459,Toronto-ab6d,2,27,Normal
2026-02-13 14:10:22.645459,Toronto-ab6d,50,100,Normal
2026-02-13 14:10:23.645459,Toronto-ab6d,-30,61,Normal
2026-02-13 14:10:24.645459,Toronto-ab6d,-14,77,Normal
2026-02-13 14:10:25.645459,Toronto-ab6d,17,46,Normal
2026-02-13 14:10:26.645459,Toronto-ab6d,17,8,Normal
2026-02-13 14:10:27.645459,Toronto-ab6d,-13,62,Normal
2026-02-13 14:10:28.645459,Toronto-ab6d,-11,26,Normal
2026-02-13 14:10:29.645459,Toronto-ab6d,38,71,Normal
2026-02-13 14:10:30.645459,Toronto-ab6d,-19,24,Normal
2026-02-13 14:10:31.645459,Toronto-ab6d,-22,90,Normal
2026-02-13 14:10:32.645459,Toronto-ab6d,35,52,Normal
2026-02-13 14:10:33.645459,Toronto-ab6d,-5,17,Normal
2026-02-13 14:10:34.645459,Toronto-ab6d,-4,51,Normal
2026-02-13 14:10:35.645459,Toronto-ab6d,8,29,Normal
2026-02-13 14:10:36.645459,Toronto-ab6d,5,48,Normal
2026-02-13 14:10:37.645459,Toronto-ab6d,43,41,Normal
2026-02-13 14:10:38.645459,Toronto-ab6d,-8,4,Normal
2026-02-13 14:10:39.645459,Toronto-ab6d,33,67,Normal
2026-02-13 14:10:40.645459,Toronto-ab6d,-15,44,Normal
2026-02-13 14:10:41.645459,Toronto-ab6d,-26,37,Normal
2026-02-13 14:10:42.645459,Toronto-ab6d,-19,38,Normal
2026-02-13 14:10:43.645459,Toronto-ab6d,47,29,Normal
2026-02-13 14:10:44.645459,Toronto-ab6d,39,40,Normal
2026-02-13 14:10:45.645459,Toronto-ab6d,-11,35,Normal
2026-02-13 14:10:46.645459,Toronto-ab6d,-7,53,Normal
2026-02-13 14:10:47.645459,Toronto-ab6d,-14,13,Normal
2026-02-13 14:10:48.645459,Toronto-ab6d,10,5,Normal
2026-02-13 14:10:49.645459,Toronto-ab6d,4,83,Normal
2026-02-13 14:10:50.645459,Toronto-ab6d,-21,35,Normal
2026-02-13 14:10:51.645459,Toronto-ab6d,-11,54,Normal
2026-02-13 14:10:52.645459,Toronto-ab6d,16,67,Normal
2026-02-13 14:10:53.645459,Toronto-ab6d,-17,67,Normal
2026-02-13 14:10:54.645459,Toronto-ab6d,10,79,Normal
2026-02-13 14:10:55.645459,Toronto-ab6d,43,15,Normal
2026-02-13 14:10:56.645459,Toronto-ab6d,-3,52,Normal
2026-02-13 14:10:57.645459,Toronto-ab6d,8,100,Normal
2026-02-13 14:10:58.645459,Toronto-ab6d,2,42,Normal
2026-02-13 14:10:59.645459,Toronto-ab6d,16,37,Normal
2026-02-13 14:11:00.645459,Toronto-ab6d,38,98,Normal
2026-02-13 14:11:01.645459,Toronto-ab6d,-14,10,Normal
2026-02-13 14:11:02.645459,Toronto-ab6d,8,0,Normal
2026-02-13 14:11:03.645459,Toronto-ab6d,-30,18,Normal
2026-02-13 14:11:04.645459,Toronto-ab6d,19,43,Normal
2026-02-13 14:11:05.645459,Toronto-ab6d,-8,53,Normal
2026-02-13 14:11:06.645459,Toronto-ab6d,44,82,Normal
2026-02-13 14:11:07.645459,Toronto-ab6d,8,32,Normal
2026-02-13 14:11:08.645459,Toronto-ab6d,14,86,Normal
2026-02-13 14:11:09.645459,Toronto-ab6d,-25,92,Normal
2026-02-13 14:11:10.645459,Toronto-ab6d,-20,29,Normal
2026-02-13 14:11:11.645459,Toronto-ab6d,17,75,Normal
2026-02-13 14:11:12.645459,Toronto-ab6d,34,64,Normal
2026-02-13 14:11:13.645459,Toronto-ab6d,-28,92,Normal
2026-02-13 14:11:14.645459,Toronto-ab6d,-21,95,Normal
2026-02-13 14:11:15.645459,Toronto-ab6d,-21,86,Normal
2026-02-13 14:11:16.645459,Toronto-ab6d,40,0,Normal
2026-02-13 14:11:17.645459,Toronto-ab6d,-13,81,Normal
2026-02-13 14:11:18.645459,Toronto-ab6d,9,71,Normal
2026-02-13 14:11:19.645459,Toronto-ab6d,-5,14,Normal
2026-02-13 14:11:20.645459,Toronto-ab6d,39,76,Normal
2026-02-13 14:11:21.645459,Toronto-ab6d,20,34,Normal
2026-02-13 14:11:22.645459,Toronto-ab6d,-18,2,Normal
2026-02-13 14:11:23.645459,Toronto-ab6d,-1,43,Normal
2026-02-13 14:11:24.645459,Toronto-ab6d,35,39,Normal
2026-02-13 14:11:25.645459,Toronto-ab6d,42,45,Normal
2026-02-13 14:11:26.645459,Toronto-ab6d,37,93,Normal
2026-02-13 14:11:27.645459,Toronto-ab6d,-22,36,Normal
2026-02-13 14:11:28.645459,Toronto-ab6d,21,75,Normal
2026-02-13 14:11:29.645459,Toronto-ab6d,39,29,Normal
2026-02-13 14:11:30.645459,Toronto-ab6d,27,50,Normal
2026-02-13 14:11:31.645459,Toronto-ab6d,41,65,Normal
2026-02-13 14:11:32.645459,Toronto-ab6d,0,81,Normal
2026-02-13 14:11:33.645459,Toronto-ab6d,-5,2,Normal
2026-02-13 14:11:34.645459,Toronto-ab6d,37,44,Normal
2026-02-13 14:11:35.645459,Toronto-ab6d,-12,45,Normal
2026-02-13 14:11:36.645459,Toronto-ab6d,18,52,Normal
2026-02-13 14:11:37.645459,Toronto-ab6d,20,88,Normal
2026-02-13 14:11:38.645459,Toronto-ab6d,33,29,Normal
2026-02-13 14:11:39.645459,Toronto-ab6d,-20,11,Normal
2026-02-13 14:11:40.645459,Toronto-ab6d,42,3,Normal
2026-02-13 14:11:41.645459,Toronto-ab6d,33,54,Normal
2026-02-13 14:11:42.645459,Toronto-ab6d,49,49,Normal
2026-02-13 14:11:43.645459,Toronto-ab6d,22,69,Normal
2026-02-13 14:11:44.645459,Toronto-ab6d,-11,25,Normal
2026-02-13 14:11:45.645459,Toronto-ab6d,-8,78,Normal
2026-02-13 14:11:46.645459,Toronto-ab6d,-13,48,Normal
2026-02-13 14:11:47.645459,Toronto-ab6d,-29,97,Normal
2026-02-13 14:11:48.645459,Toronto-ab6d,16,28,Normal
2026-02-13 14:11:49.645459,Toronto-ab6d,-5,43,Normal
2026-02-13 14:11:50.645459,Toronto-ab6d,29,45,Normal
2026-02-13 14:11:51.645459,Toronto-ab6d,-22,14,Normal
2026-02-13 14:11:52.645459,Toronto-ab6d,28,9,Normal
2026-02-13 14:11:53.645459,Toronto-ab6d,31,64,Normal
2026-02-13 14:11:54.645459,Toronto-ab6d,-12,60,Normal
2026-02-13 14:11:55.645459,Toronto-ab6d,3,83,Normal
2026-02-13 14:11:56.645459,Toronto-ab6d,24,13,Normal
2026-02-13 14:11:57.645459,Toronto-ab6d,29,32,Normal
2026-02-13 14:11:58.645459,Toronto-ab6d,37,37,Normal
2026-02-13 14:11:59.645459,Toronto-ab6d,32,62,Normal
2026-02-13 14:12:00.645459,Toronto-ab6d,15,26,Normal
2026-02-13 14:12:01.645459,Toronto-ab6d,-18,62,Normal
2026-02-13 14:12:02.645459,Toronto-ab6d,1,15,Normal
2026-02-13 14:12:03.645459,Toronto-ab6d,-5,19,Normal
2026-02-13 14:12:04.645459,Toronto-ab6d,1,65,Normal
2026-02-13 14:12:05.645459,Toronto-ab6d,-10,75,Normal
2026-02-13 14:12:06.645459,Toronto-ab6d,30,100,Normal
2026-02-13 14:12:07.645459,Toronto-ab6d,31,81,Normal
2026-02-13 14:12:08.645459,Toronto-ab6d,15,36,Normal
2026-02-13 14:12:09.645459,Toronto-ab6d,-25,95,Normal
2026-02-13 14:12:10.645459,Toronto-ab6d,19,65,Normal
2026-02-13 14:12:11.645459,Toronto-ab6d,-29,46,Normal
2026-02-13 14:12:12.645459,Toronto-ab6d,21,1,Normal
2026-02-13 14:12:13.645459,Toronto-ab6d,-21,4,Normal
2026-02-13 14:12:14.645459,Toronto-ab6d,6,46,Normal
2026-02-13 14:12:15.645459,Toronto-ab6d,-26,60,Normal
2026-02-13 14:12:16.645459,Toronto-ab6d,44,49,Normal
2026-02-13 14:12:17.645459,Toronto-ab6d,-17,2,Normal
2026-02-13 14:12:18.645459,Toronto-ab6d,-22,56,Normal
2026-02-13 14:12:19.645459,Toronto-ab6d,-21,31,Normal
2026-02-13 14:12:20.645459,Toronto-ab6d,12,74,Normal
2026-02-13 14:12:21.645459,Toronto-ab6d,37,91,Normal
2026-02-13 14:12:22.645459,Toronto-ab6d,10,0,Normal
2026-02-13 14:12:23.645459,Toronto-ab6d,37,86,Normal
2026-02-13 14:12:24.645459,Toronto-ab6d,-30,20,Normal
2026-02-13 14:12:25.645459,Toronto-ab6d,32,31,Normal
2026-02-13 14:12:26.645459,Toronto-ab6d,-4,89,Normal
2026-02-13 14:12:27.645459,Toronto-ab6d,-6,75,Normal
2026-02-13 14:12:28.645459,Toronto-ab6d,-2,46,Normal
2026-02-13 14:12:29.645459,Toronto-ab6d,19,32,Normal
2026-02-13 14:12:30.645459,Toronto-ab6d,-9,42,Normal
2026-02-13 14:12:31.645459,Toronto-ab6d,11,40,Normal
2026-02-13 14:12:32.645459,Toronto-ab6d,-9,87,Normal
2026-02-13 14:12:33.645459,Toronto-ab6d,-17,49,Normal
2026-02-13 14:12:34.645459,Toronto-ab6d,28,12,Normal
2026-02-13 14:12:35.645459,Toronto-ab6d,-8,26,Normal
2026-02-13 14:12:36.645459,Toronto-ab6d,-2,56,Normal
2026-02-13 14:12:37.645459,Toronto-ab6d,35,49,Normal
2026-02-13 14:12:38.645459,Toronto-ab6d,-24,61,Normal
2026-02-13 14:12:39.645459,Toronto-ab6d,-6,25,Normal
2026-02-13 14:12:40.645459,Toronto-ab6d,-21,46,Normal
2026-02-13 14:12:41.645459,Toronto-ab6d,-9,24,Normal
2026-02-13 14:12:42.645459,Toronto-ab6d,-20,43,Normal
2026-02-13 14:12:43.645459,Toronto-ab6d,-25,4,Normal
2026-02-13 14:12:44.645459,Toronto-ab6d,-19,45,Normal
2026-02-13 14:12:45.645459,Toronto-ab6d,50,87,Normal
2026-02-13 14:12:46.645459,Toronto-ab6d,16,50,Normal
2026-02-13 14:12:47.645459,Toronto-ab6d,-9,6,Normal
2026-02-13 14:12:48.645459,Toronto-ab6d,48,26,Normal
2026-02-13 14:12:49.645459,Toronto-ab6d,43,81,Normal
2026-02-13 14:12:50.645459,Toronto-ab6d,-24,61,Normal
2026-02-13 14:12:51.645459,Toronto-ab6d,6,1,Normal
2026-02-13 14:12:52.645459,Toronto-ab6d,44,25,Normal
2026-02-13 14:12:53.645459,Toronto-ab6d,50,54,Normal
2026-02-13 14:12:54.645459,Toronto-ab6d,-18,38,Normal
2026-02-13 14:12:55.645459,Toronto-ab6d,28,12,Normal
2026-02-13 14:12:56.645459,Toronto-ab6d,-17,8,Normal
2026-02-13 14:12:57.645459,Toronto-ab6d,2,29,Normal
2026-02-13 14:12:58.645459,Toronto-ab6d,-25,100,Normal
2026-02-13 14:12:59.645459,Toronto-ab6d,27,2,Normal
2026-02-13 14:13:00.645459,Toronto-ab6d,-15,38,Normal
2026-02-13 14:13:01.645459,Toronto-ab6d,-12,58,Normal
2026-02-13 14:13:02.645459,Toronto-ab6d,-1,68,Normal
2026-02-13 14:13:03.645459,Toronto-ab6d,10,74,Normal
2026-02-13 14:13:04.645459,Toronto-ab6d,46,81,Normal
2026-02-13 14:13:05.645459,Toronto-ab6d,8,69,Normal
2026-02-13 14:13:06.645459,Toronto-ab6d,36,98,Normal
2026-02-13 14:13:07.645459,Toronto-ab6d,-26,40,Normal
2026-02-13 14:13:08.645459,Toronto-ab6d,39,74,Normal
2026-02-13 14:13:09.645459,Toronto-ab6d,30,54,Normal
2026-02-13 14:13:10.645459,Toronto-ab6d,14,66,Normal
2026-02-13 14:13:11.645459,Toronto-ab6d,-16,72,Normal
2026-02-13 14:13:12.645459,Toronto-ab6d,39,0,Normal
2026-02-13 14:13:13.645459,Toronto-ab6d,-28,85,Normal
2026-02-13 14:13:14.645459,Toronto-ab6d,10,21,Normal
2026-02-13 14:13:15.645459,Toronto-ab6d,19,51,Normal
2026-02-13 14:13:16.645459,Toronto-ab6d,-28,82,Normal
2026-02-13 14:13:17.645459,Toronto-ab6d,-30,77,Normal
2026-02-13 14:13:18.645459,Toronto-ab6d,-8,16,Normal
2026-02-13 14:13:19.645459,Toronto-ab6d,33,55,Normal
2026-02-13 14:13:20.645459,Toronto-ab6d,48,30,Normal
2026-02-13 14:13:21.645459,Toronto-ab6d,-26,73,Normal
2026-02-13 14:13:22.645459,Toronto-ab6d,3,33,Normal
2026-02-13 14:13:23.645459,Toronto-ab6d,20,24,Normal
2026-02-13 14:13:24.645459,Toronto-ab6d,15,7,Normal
2026-02-13 14:13:25.645459,Toronto-ab6d,-4,68,Normal
2026-02-13 14:13:26.645459,Toronto-ab6d,-22,68,Normal
2026-02-13 14:13:27.645459,Toronto-ab6d,-17,37,Normal
2026-02-13 14:13:28.645459,Toronto-ab6d,26,77,Normal
2026-02-13 14:13:29.645459,Toronto-ab6d,2,20,Normal
2026-02-13 14:13:30.645459,Toronto-ab6d,12,97,Normal
2026-02-13 14:13:31.645459,Toronto-ab6d,40,18,Normal
2026-02-13 14:13:32.645459,Toronto-ab6d,30,48,Normal
2026-02-13 14:13:33.645459,Toronto-ab6d,-24,82,Normal
2026-02-13 14:13:34.645459,Toronto-ab6d,-25,89,Normal
2026-02-13 14:13:35.645459,Toronto-ab6d,-13,17,Normal
2026-02-13 14:13:36.645459,Toronto-ab6d,21,46,Normal
2026-02-13 14:13:37.645459,Toronto-ab6d,0,32,Normal
2026-02-13 14:13:38.645459,Toronto-ab6d,15,84,Normal
2026-02-13 14:13:39.645459,Toronto-ab6d,11,86,Normal
2026-02-13 14:13:40.645459,Toronto-ab6d,-4,77,Normal
2026-02-13 14:13:41.645459,Toronto-ab6d,-8,34,Normal
2026-02-13 14:13:42.645459,Toronto-ab6d,-12,47,Normal
2026-02-13 14:13:43.645459,Toronto-ab6d,31,0,Normal
2026-02-13 14:13:44.645459,Toronto-ab6d,-2,48,Normal
2026-02-13 14:13:45.645459,Toronto-ab6d,-24,22,Normal
2026-02-13 14:13:46.645459,Toronto-ab6d,30,54,Normal
2026-02-13 14:13:47.645459,Toronto-ab6d,39,38,Normal
2026-02-13 14:13:48.645459,Toronto-ab6d,-5,2,Normal
2026-02-13 14:13:49.645459,Toronto-ab6d,1,90,Normal
2026-02-13 14:13:50.645459,Toronto-ab6d,47,60,Normal
2026-02-13 14:13:51.645459,Toronto-ab6d,15,40,Normal
2026-02-13 14:13:52.645459,Toronto-ab6d,20,24,Normal
2026-02-13 14:13:53.645459,Toronto-ab6d,15,62,Normal
2026-02-13 14:13:54.645459,Toronto-ab6d,3,5,Normal
2026-02-13 14:13:55.645459,Toronto-ab6d,39,19,Normal
2026-02-13 14:13:56.645459,Toronto-ab6d,25,72,Normal
2026-02-13 14:13:57.645459,Toronto-ab6d,37,25,Normal
2026-02-13 14:13:58.645459,Toronto-ab6d,-4,11,Normal
2026-02-13 14:13:59.645459,Toronto-ab6d,-24,25,Normal
2026-02-13 14:14:00.645459,Toronto-ab6d,2,56,Normal
2026-02-13 14:14:01.645459,Toronto-ab6d,19,75,Normal
2026-02-13 14:14:02.645459,Toronto-ab6d,43,54,Normal
2026-02-13 14:14:03.645459,Toronto-ab6d,13,24,Normal
2026-02-13 14:14:04.645459,Toronto-ab6d,-12,67,Normal
2026-02-13 14:14:05.645459,Toronto-ab6d,-12,99,Normal
2026-02-13 14:14:06.645459,Toronto-ab6d,34,54,Normal
2026-02-13 14:14:07.645459,Toronto-ab6d,-6,67,Normal
2026-02-13 14:14:08.645459,Toronto-ab6d,40,90,Normal
2026-02-13 14:14:09.645459,Toronto-ab6d,-9,59,Normal
2026-02-13 14:14:10.645459,Toronto-ab6d,13,84,Normal
2026-02-13 14:14:11.645459,Toronto-ab6d,46,91,Normal
2026-02-13 14:14:12.645459,Toronto-ab6d,-29,63,Normal
2026-02-13 14:14:13.645459,Toronto-ab6d,31,15,Normal
2026-02-13 14:14:14.645459,Toronto-ab6d,23,46,Normal
2026-02-13 14:14:15.645459,Toronto-ab6d,-18,45,Normal
2026-02-13 14:14:16.645459,Toronto-ab6d,50,43,Normal
2026-02-13 14:14:17.645459,Toronto-ab6d,6,52,Normal
2026-02-13 14:14:18.645459,Toronto-ab6d,19,14,Normal
2026-02-13 14:14:19.645459,Toronto-ab6d,-18,28,Normal
2026-02-13 14:14:20.645459,Toronto-ab6d,45,43,Normal
2026-02-13 14:14:21.645459,Toronto-ab6d,-8,90,Normal
2026-02-13 14:14:22.645459,Toronto-ab6d,20,37,Normal
2026-02-13 14:14:23.645459,Toronto-ab6d,-5,74,Normal
2026-02-13 14:14:24.645459,Toronto-ab6d,14,37,Normal
2026-02-13 14:14:25.645459,Toronto-ab6d,32,87,Normal
2026-02-13 14:14:26.645459,Toronto-ab6d,23,60,Normal
2026-02-13 14:14:27.645459,Toronto-ab6d,20,10,Normal
2026-02-13 14:14:28.645459,Toronto-ab6d,24,75,Normal
2026-02-13 14:14:29.645459,Toronto-ab6d,-27,14,Normal
2026-02-13 14:14:30.645459,Toronto-ab6d,-16,62,Normal
2026-02-13 14:14:31.645459,Toronto-ab6d,34,81,Normal
2026-02-13 14:14:32.645459,Toronto-ab6d,13,25,Normal
2026-02-13 14:14:33.645459,Toronto-ab6d,37,77,Normal
2026-02-13 14:14:34.645459,Toronto-ab6d,7,17,Normal
2026-02-13 14:14:35.645459,Toronto-ab6d,-9,56,Normal
2026-02-13 14:14:36.645459,Toronto-ab6d,-3,25,Normal
2026-02-13 14:14:37.645459,Toronto-ab6d,-9,31,Normal
2026-02-13 14:14:38.645459,Toronto-ab6d,21,54,Normal
2026-02-13 14:14:39.645459,Toronto-ab6d,22,6,Normal
2026-02-13 14:14:40.645459,Toronto-ab6d,29,93,Normal
2026-02-13 14:14:41.645459,Toronto-ab6d,-19,1,Normal
2026-02-13 14:14:42.645459,Toronto-ab6d,6,54,Normal
2026-02-13 14:14:43.645459,Toronto-ab6d,40,51,Normal
2026-02-13 14:14:44.645459,Toronto-ab6d,7,57,Normal
2026-02-13 14:14:45.645459,Toronto-ab6d,16,65,Normal
2026-02-13 14:14:46.645459,Toronto-ab6d,17,85,Normal
2026-02-13 14:14:47.645459,Toronto-ab6d,-20,35,Normal
2026-02-13 14:14:48.645459,Toronto-ab6d,28,1,Normal
2026-02-13 14:14:49.645459,Toronto-ab6d,-18,88,Normal
2026-02-13 14:14:50.645459,Toronto-ab6d,28,49,Normal
2026-02-13 14:14:51.645459,Toronto-ab6d,46,6,Normal
2026-02-13 14:14:52.645459,Toronto-ab6d,27,6,Normal
2026-02-13 14:14:53.645459,Toronto-ab6d,7,12,Normal
2026-02-13 14:14:54.645459,Toronto-ab6d,30,14,Normal
2026-02-13 14:14:55.645459,Toronto-ab6d,-15,86,Normal
2026-02-13 14:14:56.645459,Toronto-ab6d,26,27,Normal
2026-02-13 14:14:57.645459,Toronto-ab6d,-30,37,Normal
2026-02-13 14:14:58.645459,Toronto-ab6d,5,35,Normal
2026-02-13 14:14:59.645459,Toronto-ab6d,-7,58,Normal
2026-02-13 14:15:00.645459,Toronto-ab6d,34,93,Normal
2026-02-13 14:15:01.645459,Toronto-ab6d,-8,18,Normal
2026-02-13 14:15:02.645459,Toronto-ab6d,22,60,Normal
2026-02-13 14:15:03.645459,Toronto-ab6d,42,85,Normal
2026-02-13 14:15:04.645459,Toronto-ab6d,37,83,Normal
2026-02-13 14:15:05.645459,Toronto-ab6d,-11,57,Normal
2026-02-13 14:15:06.645459,Toronto-ab6d,15,65,Normal
2026-02-13 14:15:07.645459,Toronto-ab6d,33,59,Normal
2026-02-13 14:15:08.645459,Toronto-ab6d,-2,46,Normal
2026-02-13 14:15:09.645459,Toronto-ab6d,14,66,Normal
2026-02-13 14:15:10.645459,Toronto-ab6d,33,72,Normal
2026-02-13 14:15:11.645459,Toronto-ab6d,-11,94,Normal
2026-02-13 14:15:12.645459,Toronto-ab6d,-14,50,Normal
2026-02-13 14:15:13.645459,Toronto-ab6d,-25,69,Normal
2026-02-13 14:15:14.645459,Toronto-ab6d,8,70,Normal
2026-02-13 14:15:15.645459,Toronto-ab6d,39,41,Normal
2026-02-13 14:15:16.645459,Toronto-ab6d,36,63,Normal
2026-02-13 14:15:17.645459,Toronto-ab6d,-9,20,Normal
2026-02-13 14:15:18.645459,Toronto-ab6d,20,45,Normal
2026-02-13 14:15:19.645459,Toronto-ab6d,19,71,Normal
2026-02-13 14:15:20.645459,Toronto-ab6d,-10,88,Normal
2026-02-13 14:15:21.645459,Toronto-ab6d,3,10,Normal
2026-02-13 14:15:22.645459,Toronto-ab6d,4,41,Normal
2026-02-13 14:15:23.645459,Toronto-ab6d,-27,41,Normal
2026-02-13 14:15:24.645459,Toronto-ab6d,-10,74,Normal
2026-02-13 14:15:25.645459,Toronto-ab6d,-12,87,Normal
2026-02-13 14:15:26.645459,Toronto-ab6d,50,23,Normal
2026-02-13 14:15:27.645459,Toronto-ab6d,35,76,Normal
2026-02-13 14:15:28.645459,Toronto-ab6d,48,29,Normal
2026-02-13 14:15:29.645459,Toronto-ab6d,49,32,Normal
2026-02-13 14:15:30.645459,Toronto-ab6d,9,9,Normal
2026-02-13 14:15:31.645459,Toronto-ab6d,-17,34,Normal
2026-02-13 14:15:32.645459,Toronto-ab6d,-27,43,Normal
2026-02-13 14:15:33.645459,Toronto-ab6d,7,45,Normal
2026-02-13 14:15:34.645459,Toronto-ab6d,46,25,Normal
2026-02-13 14:15:35.645459,Toronto-ab6d,-11,35,Normal
2026-02-13 14:15:36.645459,Toronto-ab6d,-17,76,Normal
2026-02-13 14:15:37.645459,Toronto-ab6d,16,17,Normal
2026-02-13 14:15:38.645459,Toronto-ab6d,33,89,Normal
2026-02-13 14:15:39.645459,Toronto-ab6d,6,70,Normal
2026-02-13 14:15:40.645459,Toronto-ab6d,5,52,Normal
2026-02-13 14:15:41.645459,Toronto-ab6d,29,63,Normal
2026-02-13 14:15:42.645459,Toronto-ab6d,30,7,Normal
2026-02-13 14:15:43.645459,Toronto-ab6d,5,5,Normal
2026-02-13 14:15:44.645459,Toronto-ab6d,42,75,Normal
2026-02-13 14:15:45.645459,Toronto-ab6d,10,1,Normal
2026-02-13 14:15:46.645459,Toronto-ab6d,28,15,Normal
2026-02-13 14:15:47.645459,Toronto-ab6d,1,77,Normal
2026-02-13 14:15:48.645459,Toronto-ab6d,43,55,Normal
2026-02-13 14:15:49.645459,Toronto-ab6d,38,85,Normal
2026-02-13 14:15:50.645459,Toronto-ab6d,40,17,Normal
2026-02-13 14:15:51.645459,Toronto-ab6d,-23,36,Normal
2026-02-13 14:15:52.645459,Toronto-ab6d,23,100,Normal
2026-02-13 14:15:53.645459,Toronto-ab6d,3,90,Normal
2026-02-13 14:15:54.645459,Toronto-ab6d,36,81,Normal
2026-02-13 14:15:55.645459,Toronto-ab6d,30,88,Normal
2026-02-13 14:15:56.645459,Toronto-ab6d,31,76,Normal
2026-02-13 14:15:57.645459,Toronto-ab6d,5,8,Normal
2026-02-13 14:15:58.645459,Toronto-ab6d,-29,3,Normal
2026-02-13 14:15:59.645459,Toronto-ab6d,36,10,Normal
2026-02-13 14:16:00.645459,Toronto-ab6d,24,95,Normal
2026-02-13 14:16:01.645459,Toronto-ab6d,-21,97,Normal
2026-02-13 14:16:02.645459,Toronto-ab6d,-25,51,Normal
2026-02-13 14:16:03.645459,Toronto-ab6d,31,91,Normal
2026-02-13 14:16:04.645459,Toronto-ab6d,42,3,Normal
2026-02-13 14:16:05.645459,Toronto-ab6d,-26,11,Normal
2026-02-13 14:16:06.645459,Toronto-ab6d,46,1,Normal
2026-02-13 14:16:07.645459,Toronto-ab6d,15,81,Normal
2026-02-13 14:16:08.645459,Toronto-ab6d,25,8,Normal
2026-02-13 14:16:09.645459,Toronto-ab6d,-2,90,Normal
2026-02-13 14:16:10.645459,Toronto-ab6d,6,15,Normal
2026-02-13 14:16:11.645459,Toronto-ab6d,-25,62,Normal
2026-02-13 14:16:12.645459,Toronto-ab6d,38,40,Normal
2026-02-13 14:16:13.645459,Toronto-ab6d,-27,86,Normal
2026-02-13 14:16:14.645459,Toronto-ab6d,21,88,Normal
2026-02-13 14:16:15.645459,Toronto-ab6d,17,41,Normal
2026-02-13 14:16:16.645459,Toronto-ab6d,6,64,Normal
2026-02-13 14:16:17.645459,Toronto-ab6d,-3,43,Normal
2026-02-13 14:16:18.645459,Toronto-ab6d,-29,44,Normal
2026-02-13 14:16:19.645459,Toronto-ab6d,17,15,Normal
2026-02-13 14:16:20.645459,Toronto-ab6d,23,16,Normal
2026-02-13 14:16:21.645459,Toronto-ab6d,26,64,Normal
2026-02-13 14:16:22.645459,Toronto-ab6d,45,46,Normal
2026-02-13 14:16:23.645459,Toronto-ab6d,-28,24,Normal
2026-02-13 14:16:24.645459,Toronto-ab6d,-9,8,Normal
2026-02-13 14:16:25.645459,Toronto-ab6d,46,60,Normal
2026-02-13 14:16:26.645459,Toronto-ab6d,-3,93,Normal
2026-02-13 14:16:27.645459,Toronto-ab6d,-26,89,Normal
2026-02-13 14:16:28.645459,Toronto-ab6d,27,72,Normal
2026-02-13 14:16:29.645459,Toronto-ab6d,-5,47,Normal
2026-02-13 14:16:30.645459,Toronto-ab6d,12,89,Normal
2026-02-13 14:16:31.645459,Toronto-ab6d,41,83,Normal
2026-02-13 14:16:32.645459,Toronto-ab6d,9,84,Normal
2026-02-13 14:16:33.645459,Toronto-ab6d,41,7,Normal
2026-02-13 14:16:34.645459,Toronto-ab6d,2,39,Normal
2026-02-13 14:16:35.645459,Toronto-ab6d,5,94,Normal
2026-02-13 14:16:36.645459,Toronto-ab6d,-8,12,Normal
2026-02-13 14:16:37.645459,Toronto-ab6d,25,31,Normal
2026-02-13 14:16:38.645459,Toronto-ab6d,8,10,Normal
2026-02-13 14:16:39.645459,Toronto-ab6d,-22,3,Normal
2026-02-13 14:16:40.645459,Toronto-ab6d,-29,45,Normal
2026-02-13 14:16:41.645459,Toronto-ab6d,47,69,Normal
2026-02-13 14:16:42.645459,Toronto-ab6d,31,4,Normal
2026-02-13 14:16:43.645459,Toronto-ab6d,28,12,Normal
2026-02-13 14:16:44.645459,Toronto-ab6d,7,99,Normal
2026-02-13 14:16:45.645459,Toronto-ab6d,19,73,Normal
2026-02-13 14:16:46.645459,Toronto-ab6d,12,72,Normal
2026-02-13 14:16:47.645459,Toronto-ab6d,12,14,Normal
2026-02-13 14:16:48.645459,Toronto-ab6d,0,76,Normal
2026-02-13 14:16:49.645459,Toronto-ab6d,22,43,Normal
2026-02-13 14:16:50.645459,Toronto-ab6d,-20,98,Normal
2026-02-13 14:16:51.645459,Toronto-ab6d,50,48,Normal
2026-02-13 14:16:52.645459,Toronto-ab6d,31,97,Normal
2026-02-13 14:16:53.645459,Toronto-ab6d,37,23,Normal
2026-02-13 14:16:54.645459,Toronto-ab6d,-5,46,Normal
2026-02-13 14:16:55.645459,Toronto-ab6d,-18,91,Normal
2026-02-13 14:16:56.645459,Toronto-ab6d,-8,2,Normal
2026-02-13 14:16:57.645459,Toronto-ab6d,-30,25,Normal
2026-02-13 14:16:58.645459,Toronto-ab6d,-20,49,Normal
2026-02-13 14:16:59.645459,Toronto-ab6d,-5,55,Normal
2026-02-13 14:17:00.645459,Toronto-ab6d,32,46,Normal
2026-02-13 14:17:01.645459,Toronto-ab6d,34,51,Normal
2026-02-13 14:17:02.645459,Toronto-ab6d,26,51,Normal
2026-02-13 14:17:03.645459,Toronto-ab6d,4,81,Normal
2026-02-13 14:17:04.645459,Toronto-ab6d,13,75,Normal
2026-02-13 14:17:05.645459,Toronto-ab6d,-14,13,Normal
2026-02-13 14:17:06.645459,Toronto-ab6d,2,17,Normal
2026-02-13 14:17:07.645459,Toronto-ab6d,-22,12,Normal
2026-02-13 14:17:08.645459,Toronto-ab6d,-10,60,Normal
2026-02-13 14:17:09.645459,Toronto-ab6d,5,40,Normal
2026-02-13 14:17:10.645459,Toronto-ab6d,39,74,Normal
2026-02-13 14:17:11.645459,Toronto-ab6d,-11,65,Normal
2026-02-13 14:17:12.645459,Toronto-ab6d,36,93,Normal
2026-02-13 14:17:13.645459,Toronto-ab6d,8,79,Normal
2026-02-13 14:17:14.645459,Toronto-ab6d,48,8,Normal
2026-02-13 14:17:15.645459,Toronto-ab6d,-5,66,Normal
2026-02-13 14:17:16.645459,Toronto-ab6d,13,75,Normal
2026-02-13 14:17:17.645459,Toronto-ab6d,41,21,Normal
2026-02-13 14:17:18.645459,Toronto-ab6d,41,30,Normal
2026-02-13 14:17:19.645459,Toronto-ab6d,-24,85,Normal
2026-02-13 14:17:20.645459,Toronto-ab6d,-2,71,Normal
2026-02-13 14:17:21.645459,Toronto-ab6d,18,3,Normal
2026-02-13 14:17:22.645459,Toronto-ab6d,36,82,Normal
2026-02-13 14:17:23.645459,Toronto-ab6d,50,91,Normal
2026-02-13 14:17:24.645459,Toronto-ab6d,29,23,Normal
2026-02-13 14:17:25.645459,Toronto-ab6d,12,66,Normal
2026-02-13 14:17:26.645459,Toronto-ab6d,14,79,Normal
2026-02-13 14:17:27.645459,Toronto-ab6d,6,30,Normal
2026-02-13 14:17:28.645459,Toronto-ab6d,-24,71,Normal
2026-02-13 14:17:29.645459,Toronto-ab6d,14,82,Normal
2026-02-13 14:17:30.645459,Toronto-ab6d,-12,19,Normal
2026-02-13 14:17:31.645459,Toronto-ab6d,14,80,Normal
2026-02-13 14:17:32.645459,Toronto-ab6d,-30,80,Normal
2026-02-13 14:17:33.645459,Toronto-ab6d,23,70,Normal
2026-02-13 14:17:34.645459,Toronto-ab6d,-4,36,Normal
2026-02-13 14:17:35.645459,Toronto-ab6d,14,86,Normal
2026-02-13 14:17:36.645459,Toronto-ab6d,46,3,Normal
2026-02-13 14:17:37.645459,Toronto-ab6d,9,61,Normal
2026-02-13 14:17:38.645459,Toronto-ab6d,13,20,Normal
2026-02-13 14:17:39.645459,Toronto-ab6d,-30,29,Normal
2026-02-13 14:17:40.645459,Toronto-ab6d,3,61,Normal
2026-02-13 14:17:41.645459,Toronto-ab6d,9,14,Normal
2026-02-13 14:17:42.645459,Toronto-ab6d,13,46,Normal
2026-02-13 14:17:43.645459,Toronto-ab6d,-27,63,Normal
2026-02-13 14:17:44.645459,Toronto-ab6d,38,22,Normal
2026-02-13 14:17:45.645459,Toronto-ab6d,23,87,Normal
2026-02-13 14:17:46.645459,Toronto-ab6d,9,0,Normal
2026-02-13 14:17:47.645459,Toronto-ab6d,48,47,Normal
2026-02-13 14:17:48.645459,Toronto-ab6d,-1,7,Normal
2026-02-13 14:17:49.645459,Toronto-ab6d,3,6,Normal
2026-02-13 14:17:50.645459,Toronto-ab6d,-22,50,Normal
2026-02-13 14:17:51.645459,Toronto-ab6d,5,85,Normal
2026-02-13 14:17:52.645459,Toronto-ab6d,-7,72,Normal
2026-02-13 14:17:53.645459,Toronto-ab6d,10,33,Normal
2026-02-13 14:17:54.645459,Toronto-ab6d,36,27,Normal
2026-02-13 14:17:55.645459,Toronto-ab6d,16,57,Normal
2026-02-13 14:17:56.645459,Toronto-ab6d,-21,98,Normal
2026-02-13 14:17:57.645459,Toronto-ab6d,-9,76,Normal
2026-02-13 14:17:58.645459,Toronto-ab6d,0,18,Normal
2026-02-13 14:17:59.645459,Toronto-ab6d,26,38,Normal
2026-02-13 14:18:00.645459,Toronto-ab6d,15,23,Normal
2026-02-13 14:18:01.645459,Toronto-ab6d,35,77,Normal
2026-02-13 14:18:02.645459,Toronto-ab6d,32,5,Normal
2026-02-13 14:18:03.645459,Toronto-ab6d,19,33,Normal
2026-02-13 14:18:04.645459,Toronto-ab6d,26,53,Normal
2026-02-13 14:18:05.645459,Toronto-ab6d,28,6,Normal
2026-02-13 14:18:06.645459,Toronto-ab6d,-15,71,Normal
2026-02-13 14:18:07.645459,Toronto-ab6d,22,10,Normal
2026-02-13 14:18:08.645459,Toronto-ab6d,-2,34,Normal
2026-02-13 14:18:09.645459,Toronto-ab6d,-16,34,Normal
2026-02-13 14:18:10.645459,Toronto-ab6d,-10,77,Normal
2026-02-13 14:18:11.645459,Toronto-ab6d,-12,9,Normal
2026-02-13 14:18:12.645459,Toronto-ab6d,-20,43,Normal
2026-02-13 14:18:13.645459,Toronto-ab6d,0,54,Normal
2026-02-13 14:18:14.645459,Toronto-ab6d,-23,86,Normal
2026-02-13 14:18:15.645459,Toronto-ab6d,47,90,Normal
2026-02-13 14:18:16.645459,Toronto-ab6d,45,61,Normal
2026-02-13 14:18:17.645459,Toronto-ab6d,38,78,Normal
2026-02-13 14:18:18.645459,Toronto-ab6d,8,1,Normal
2026-02-13 14:18:19.645459,Toronto-ab6d,-18,33,Normal
2026-02-13 14:18:20.645459,Toronto-ab6d,3,85,Normal
2026-02-13 14:18:21.645459,Toronto-ab6d,-30,47,Normal
2026-02-13 14:18:22.645459,Toronto-ab6d,-18,84,Normal
2026-02-13 14:18:23.645459,Toronto-ab6d,-8,55,Normal
2026-02-13 14:18:24.645459,Toronto-ab6d,50,94,Normal
2026-02-13 14:18:25.645459,Toronto-ab6d,35,79,Normal
2026-02-13 14:18:26.645459,Toronto-ab6d,11,25,Normal
2026-02-13 14:18:27.645459,Toronto-ab6d,-8,57,Normal
2026-02-13 14:18:28.645459,Toronto-ab6d,-3,95,Normal
2026-02-13 14:18:29.645459,Toronto-ab6d,32,47,Normal
2026-02-13 14:18:30.645459,Toronto-ab6d,-1,65,Normal
2026-02-13 14:18:31.645459,Toronto-ab6d,-8,69,Normal
2026-02-13 14:18:32.645459,Toronto-ab6d,-18,4,Normal
2026-02-13 14:18:33.645459,Toronto-ab6d,11,29,Normal
2026-02-13 14:18:34.645459,Toronto-ab6d,46,69,Normal
2026-02-13 14:18:35.645459,Toronto-ab6d,-10,69,Normal
2026-02-13 14:18:36.645459,Toronto-ab6d,6,44,Normal
2026-02-13 14:18:37.645459,Toronto-ab6d,48,84,Normal
2026-02-13 14:18:38.645459,Toronto-ab6d,-30,3,Normal
2026-02-13 14:18:39.645459,Toronto-ab6d,-21,61,Normal
2026-02-13 14:18:40.645459,Toronto-ab6d,-23,46,Normal
2026-02-13 14:18:41.645459,Toronto-ab6d,-9,88,Normal
2026-02-13 14:18:42.645459,Toronto-ab6d,-28,24,Normal
2026-02-13 14:18:43.645459,Toronto-ab6d,3,24,Normal
2026-02-13 14:18:44.645459,Toronto-ab6d,28,34,Normal
2026-02-13 14:18:45.645459,Toronto-ab6d,13,39,Normal
2026-02-13 14:18:46.645459,Toronto-ab6d,30,22,Normal
2026-02-13 14:18:47.645459,Toronto-ab6d,16,94,Normal
2026-02-13 14:18:48.645459,Toronto-ab6d,-20,83,Normal
2026-02-13 14:18:49.645459,Toronto-ab6d,-21,74,Normal
2026-02-13 14:18:50.645459,Toronto-ab6d,-19,41,Normal
2026-02-13 14:18:51.645459,Toronto-ab6d,46,44,Normal
2026-02-13 14:18:52.645459,Toronto-ab6d,43,60,Normal
2026-02-13 14:18:53.645459,Toronto-ab6d,-23,27,Normal
2026-02-13 14:18:54.645459,Toronto-ab6d,46,95,Normal
2026-02-13 14:18:55.645459,Toronto-ab6d,-25,71,Normal
2026-02-13 14:18:56.645459,Toronto-ab6d,27,81,Normal
2026-02-13 14:18:57.645459,Toronto-ab6d,6,0,Normal
2026-02-13 14:18:58.645459,Toronto-ab6d,22,42,Normal
2026-02-13 14:18:59.645459,Toronto-ab6d,41,69,Normal
2026-02-13 14:19:00.645459,Toronto-ab6d,22,17,Normal
2026-02-13 14:19:01.645459,Toronto-ab6d,35,63,Normal
2026-02-13 14:19:02.645459,Toronto-ab6d,40,37,Normal
2026-02-13 14:19:03.645459,Toronto-ab6d,10,31,Normal
2026-02-13 14:19:04.645459,Toronto-ab6d,0,46,Normal
2026-02-13 14:19:05.645459,Toronto-ab6d,22,61,Normal
2026-02-13 14:19:06.645459,Toronto-ab6d,4,89,Normal
2026-02-13 14:19:07.645459,Toronto-ab6d,45,98,Normal
2026-02-13 14:19:08.645459,Toronto-ab6d,-22,68,Normal
2026-02-13 14:19:09.645459,Toronto-ab6d,40,100,Normal
2026-02-13 14:19:10.645459,Toronto-ab6d,27,21,Normal
2026-02-13 14:19:11.645459,Toronto-ab6d,35,4,Normal
2026-02-13 14:19:12.645459,Toronto-ab6d,-23,49,Normal
2026-02-13 14:19:13.645459,Toronto-ab6d,49,52,Normal
2026-02-13 14:19:14.645459,Toronto-ab6d,50,97,Normal
2026-02-13 14:19:15.645459,Toronto-ab6d,-28,15,Normal
2026-02-13 14:19:16.645459,Toronto-ab6d,42,13,Normal
2026-02-13 14:19:17.645459,Toronto-ab6d,13,92,Normal
2026-02-13 14:19:18.645459,Toronto-ab6d,37,22,Normal
2026-02-13 14:19:19.645459,Toronto-ab6d,0,44,Normal
2026-02-13 14:19:20.645459,Toronto-ab6d,20,40,Normal
2026-02-13 14:19:21.645459,Toronto-ab6d,12,83,Normal
2026-02-13 14:19:22.645459,Toronto-ab6d,40,34,Normal
2026-02-13 14:19:23.645459,Toronto-ab6d,41,12,Normal
2026-02-13 14:19:24.645459,Toronto-ab6d,36,89,Normal
2026-02-13 14:19:25.645459,Toronto-ab6d,-28,64,Normal
2026-02-13 14:19:26.645459,Toronto-ab6d,-8,58,Normal
2026-02-13 14:19:27.645459,Toronto-ab6d,-5,96,Normal
2026-02-13 14:19:28.645459,Toronto-ab6d,14,84,Normal
2026-02-13 14:19:29.645459,Toronto-ab6d,9,68,Normal
2026-02-13 14:19:30.645459,Toronto-ab6d,9,56,Normal
2026-02-13 14:19:31.645459,Toronto-ab6d,38,78,Normal
2026-02-13 14:19:32.645459,Toronto-ab6d,1,88,Normal
2026-02-13 14:19:33.645459,Toronto-ab6d,-15,35,Normal
2026-02-13 14:19:34.645459,Toronto-ab6d,40,30,Normal
2026-02-13 14:19:35.645459,Toronto-ab6d,-30,81,Normal
2026-02-13 14:19:36.645459,Toronto-ab6d,-20,70,Normal
2026-02-13 14:19:37.645459,Toronto-ab6d,-6,32,Normal
2026-02-13 14:19:38.645459,Toronto-ab6d,6,65,Normal
2026-02-13 14:19:39.645459,Toronto-ab6d,32,58,Normal
2026-02-13 14:19:40.645459,Toronto-ab6d,-18,97,Normal
2026-02-13 14:19:41.645459,Toronto-ab6d,24,71,Normal
2026-02-13 14:19:42.645459,Toronto-ab6d,33,99,Normal
2026-02-13 14:19:43.645459,Toronto-ab6d,4,27,Normal
2026-02-13 14:19:44.645459,Toronto-ab6d,-23,39,Normal
2026-02-13 14:19:45.645459,Toronto-ab6d,-17,2,Normal
2026-02-13 14:19:46.645459,Toronto-ab6d,37,81,Normal
2026-02-13 14:19:47.645459,Toronto-ab6d,-15,5,Normal
2026-02-13 14:19:48.645459,Toronto-ab6d,14,93,Normal
2026-02-13 14:19:49.645459,Toronto-ab6d,-8,23,Normal
2026-02-13 14:19:50.645459,Toronto-ab6d,-28,41,Normal
2026-02-13 14:19:51.645459,Toronto-ab6d,2,1,Normal
2026-02-13 14:19:52.645459,Toronto-ab6d,50,20,Normal
2026-02-13 14:19:53.645459,Toronto-ab6d,48,78,Normal
2026-02-13 14:19:54.645459,Toronto-ab6d,47,40,Normal
2026-02-13 14:19:55.645459,Toronto-ab6d,31,71,Normal
2026-02-13 14:19:56.645459,Toronto-ab6d,39,74,Normal
2026-02-13 14:19:57.645459,Toronto-ab6d,39,10,Normal
2026-02-13 14:19:58.645459,Toronto-ab6d,30,77,Normal
2026-02-13 14:19:59.645459,Toronto-ab6d,49,55,Normal
2026-02-13 14:20:00.645459,Toronto-ab6d,-15,10,Normal
2026-02-13 14:20:01.645459,Toronto-ab6d,27,76,Normal
2026-02-13 14:20:02.645459,Toronto-ab6d,-9,11,Normal
2026-02-13 14:20:03.645459,Toronto-ab6d,-23,21,Normal
2026-02-13 14:20:04.645459,Toronto-ab6d,-24,52,Normal
2026-02-13 14:20:05.645459,Toronto-ab6d,44,64,Normal
2026-02-13 14:20:06.645459,Toronto-ab6d,25,77,Normal
2026-02-13 14:20:07.645459,Toronto-ab6d,46,9,Normal
2026-02-13 14:20:08.645459,Toronto-ab6d,9,10,Normal
2026-02-13 14:20:09.645459,Toronto-ab6d,21,46,Normal
2026-02-13 14:20:10.645459,Toronto-ab6d,-19,98,Normal
2026-02-13 14:20:11.645459,Toronto-ab6d,-20,3,Normal
2026-02-13 14:20:12.645459,Toronto-ab6d,45,79,Normal
2026-02-13 14:20:13.645459,Toronto-ab6d,33,84,Normal
2026-02-13 14:20:14.645459,Toronto-ab6d,-6,78,Normal
2026-02-13 14:20:15.645459,Toronto-ab6d,-18,23,Normal
2026-02-13 14:20:16.645459,Toronto-ab6d,-25,62,Normal
2026-02-13 14:20:17.645459,Toronto-ab6d,32,86,Normal
2026-02-13 14:20:18.645459,Toronto-ab6d,18,1,Normal
2026-02-13 14:20:19.645459,Toronto-ab6d,-25,4,Normal
2026-02-13 14:20:20.645459,Toronto-ab6d,17,65,Normal
2026-02-13 14:20:21.645459,Toronto-ab6d,36,23,Normal
2026-02-13 14:20:22.645459,Toronto-ab6d,16,84,Normal
2026-02-13 14:20:23.645459,Toronto-ab6d,17,45,Normal
2026-02-13 14:20:24.645459,Toronto-ab6d,-26,17,Normal
2026-02-13 14:20:25.645459,Toronto-ab6d,-18,38,Normal
2026-02-13 14:20:26.645459,Toronto-ab6d,-9,76,Normal
2026-02-13 14:20:27.645459,Toronto-ab6d,33,93,Normal
2026-02-13 14:20:28.645459,Toronto-ab6d,-14,20,Normal
2026-02-13 14:20:29.645459,Toronto-ab6d,44,30,Normal
2026-02-13 14:20:30.645459,Toronto-ab6d,37,39,Normal
2026-02-13 14:20:31.645459,Toronto-ab6d,38,29,Normal
2026-02-13 14:20:32.645459,Toronto-ab6d,13,80,Normal
2026-02-13 14:20:33.645459,Toronto-ab6d,15,18,Normal
2026-02-13 14:20:34.645459,Toronto-ab6d,-16,32,Normal
2026-02-13 14:20:35.645459,Toronto-ab6d,12,26,Normal
2026-02-13 14:20:36.645459,Toronto-ab6d,35,62,Normal
2026-02-13 14:20:37.645459,Toronto-ab6d,-19,90,Normal
2026-02-13 14:20:38.645459,Toronto-ab6d,26,15,Normal
2026-02-13 14:20:39.645459,Toronto-ab6d,28,61,Normal
2026-02-13 14:20:40.645459,Toronto-ab6d,-28,67,Normal
2026-02-13 14:20:41.645459,Toronto-ab6d,35,95,Normal
2026-02-13 14:20:42.645459,Toronto-ab6d,35,74,Normal
2026-02-13 14:20:43.645459,Toronto-ab6d,-28,81,Normal
2026-02-13 14:20:44.645459,Toronto-ab6d,3,91,Normal
2026-02-13 14:20:45.645459,Toronto-ab6d,-25,45,Normal
2026-02-13 14:20:46.645459,Toronto-ab6d,6,34,Normal
2026-02-13 14:20:47.645459,Toronto-ab6d,12,66,Normal
2026-02-13 14:20:48.645459,Toronto-ab6d,-11,72,Normal
2026-02-13 14:20:49.645459,Toronto-ab6d,-25,64,Normal
2026-02-13 14:20:50.645459,Toronto-ab6d,31,21,Normal
2026-02-13 14:20:51.645459,Toronto-ab6d,2,45,Normal
2026-02-13 14:20:52.645459,Toronto-ab6d,36,99,Normal
2026-02-13 14:20:53.645459,Toronto-ab6d,-25,17,Normal
2026-02-13 14:20:54.645459,Toronto-ab6d,33,91,Normal
2026-02-13 14:20:55.645459,Toronto-ab6d,-25,86,Normal
2026-02-13 14:20:56.645459,Toronto-ab6d,0,20,Normal
2026-02-13 14:20:57.645459,Toronto-ab6d,4,15,Normal
2026-02-13 14:20:58.645459,Toronto-ab6d,16,63,Normal
2026-02-13 14:20:59.645459,Toronto-ab6d,17,24,Normal
2026-02-13 14:21:00.645459,Toronto-ab6d,28,57,Normal
2026-02-13 14:21:01.645459,Toronto-ab6d,3,100,Normal
2026-02-13 14:21:02.645459,Toronto-ab6d,-25,65,Normal
2026-02-13 14:21:03.645459,Toronto-ab6d,47,48,Normal
2026-02-13 14:21:04.645459,Toronto-ab6d,45,16,Normal
2026-02-13 14:21:05.645459,Toronto-ab6d,40,5,Normal
2026-02-13 14:21:06.645459,Toronto-ab6d,14,17,Normal
2026-02-13 14:21:07.645459,Toronto-ab6d,0,25,Normal
2026-02-13 14:21:08.645459,Toronto-ab6d,45,83,Normal
2026-02-13 14:21:09.645459,Toronto-ab6d,26,67,Normal
2026-02-13 14:21:10.645459,Toronto-ab6d,-7,32,Normal
2026-02-13 14:21:11.645459,Toronto-ab6d,-21,22,Normal
2026-02-13 14:21:12.645459,Toronto-ab6d,34,29,Normal
2026-02-13 14:21:13.645459,Toronto-ab6d,14,85,Normal
2026-02-13 14:21:14.645459,Toronto-ab6d,-11,58,Normal
2026-02-13 14:21:15.645459,Toronto-ab6d,19,19,Normal
2026-02-13 14:21:16.645459,Toronto-ab6d,27,72,Normal
2026-02-13 14:21:17.645459,Toronto-ab6d,-28,92,Normal
2026-02-13 14:21:18.645459,Toronto-ab6d,37,65,Normal
2026-02-13 14:21:19.645459,Toronto-ab6d,-10,66,Normal
2026-02-13 14:21:20.645459,Toronto-ab6d,19,98,Normal
2026-02-13 14:21:21.645459,Toronto-ab6d,1,12,Normal
2026-02-13 14:21:22.645459,Toronto-ab6d,-16,82,Normal
2026-02-13 14:21:23.645459,Toronto-ab6d,-17,62,Normal
2026-02-13 14:21:24.645459,Toronto-ab6d,26,72,Normal
2026-02-13 14:21:25.645459,Toronto-ab6d,38,86,Normal
2026-02-13 14:21:26.645459,Toronto-ab6d,-4,35,Normal
2026-02-13 14:21:27.645459,Toronto-ab6d,28,22,Normal
2026-02-13 14:21:28.645459,Toronto-ab6d,-29,34,Normal
2026-02-13 14:21:29.645459,Toronto-ab6d,8,24,Normal
2026-02-13 14:21:30.645459,Toronto-ab6d,-24,1,Normal
2026-02-13 14:21:31.645459,Toronto-ab6d,28,73,Normal
2026-02-13 14:21:32.645459,Toronto-ab6d,-13,22,Normal
2026-02-13 14:21:33.645459,Toronto-ab6d,39,97,Normal
2026-02-13 14:21:34.645459,Toronto-ab6d,20,1,Normal
2026-02-13 14:21:35.645459,Toronto-ab6d,-16,37,Normal
2026-02-13 14:21:36.645459,Toronto-ab6d,-26,13,Normal
2026-02-13 14:21:37.645459,Toronto-ab6d,43,85,Normal
2026-02-13 14:21:38.645459,Toronto-ab6d,11,7,Normal
2026-02-13 14:21:39.645459,Toronto-ab6d,-17,94,Normal
2026-02-13 14:21:40.645459,Toronto-ab6d,45,90,Normal
2026-02-13 14:21:41.645459,Toronto-ab6d,48,21,Normal
2026-02-13 14:21:42.645459,Toronto-ab6d,20,100,Normal
2026-02-13 14:21:43.645459,Toronto-ab6d,0,72,Normal
2026-02-13 14:21:44.645459,Toronto-ab6d,-15,73,Normal
2026-02-13 14:21:45.645459,Toronto-ab6d,-9,6,Normal
2026-02-13 14:21:46.645459,Toronto-ab6d,29,67,Normal
2026-02-13 14:21:47.645459,Toronto-ab6d,-1,45,Normal
2026-02-13 14:21:48.645459,Toronto-ab6d,6,34,Normal
2026-02-13 14:21:49.645459,Toronto-ab6d,7,28,Normal
2026-02-13 14:21:50.645459,Toronto-ab6d,31,36,Normal
2026-02-13 14:21:51.645459,Toronto-ab6d,46,27,Normal
2026-02-13 14:21:52.645459,Toronto-ab6d,-18,65,Normal
2026-02-13 14:21:53.645459,Toronto-ab6d,-17,90,Normal
2026-02-13 14:21:54.645459,Toronto-ab6d,-1,43,Normal
2026-02-13 14:21:55.645459,Toronto-ab6d,4,35,Normal
2026-02-13 14:21:56.645459,Toronto-ab6d,47,9,Normal
2026-02-13 14:21:57.645459,Toronto-ab6d,-10,43,Normal
2026-02-13 14:21:58.645459,Toronto-ab6d,-22,55,Normal
2026-02-13 14:21:59.645459,Toronto-ab6d,40,40,Normal
2026-02-13 14:22:00.645459,Toronto-ab6d,-6,39,Normal
2026-02-13 14:22:01.645459,Toronto-ab6d,44,8,Normal
2026-02-13 14:22:02.645459,Toronto-ab6d,42,49,Normal
2026-02-13 14:22:03.645459,Toronto-ab6d,-5,44,Normal
2026-02-13 14:22:04.645459,Toronto-ab6d,34,85,Normal
2026-02-13 14:22:05.645459,Toronto-ab6d,17,43,Normal
2026-02-13 14:22:06.645459,Toronto-ab6d,-8,91,Normal
2026-02-13 14:22:07.645459,Toronto-ab6d,27,18,Normal
2026-02-13 14:22:08.645459,Toronto-ab6d,-11,61,Normal
2026-02-13 14:22:09.645459,Toronto-ab6d,34,60,Normal
2026-02-13 14:22:10.645459,Toronto-ab6d,41,28,Normal
2026-02-13 14:22:11.645459,Toronto-ab6d,39,86,Normal
2026-02-13 14:22:12.645459,Toronto-ab6d,7,52,Normal
2026-02-13 14:22:13.645459,Toronto-ab6d,8,29,Normal
2026-02-13 14:22:14.645459,Toronto-ab6d,-26,37,Normal
2026-02-13 14:22:15.645459,Toronto-ab6d,5,80,Normal
2026-02-13 14:22:16.645459,Toronto-ab6d,48,97,Normal
2026-02-13 14:22:17.645459,Toronto-ab6d,43,43,Normal
2026-02-13 14:22:18.645459,Toronto-ab6d,-17,12,Normal
2026-02-13 14:22:19.645459,Toronto-ab6d,36,50,Normal
2026-02-13 14:22:20.645459,Toronto-ab6d,-3,32,Normal
2026-02-13 14:22:21.645459,Toronto-ab6d,-3,76,Normal
2026-02-13 14:22:22.645459,Toronto-ab6d,-4,4,Normal
2026-02-13 14:22:23.645459,Toronto-ab6d,50,72,Normal
2026-02-13 14:22:24.645459,Toronto-ab6d,-12,48,Normal
2026-02-13 14:22:25.645459,Toronto-ab6d,21,76,Normal
2026-02-13 14:22:26.645459,Toronto-ab6d,-3,65,Normal
2026-02-13 14:22:27.645459,Toronto-ab6d,29,10,Normal
2026-02-13 14:22:28.645459,Toronto-ab6d,22,15,Normal
2026-02-13 14:22:29.645459,Toronto-ab6d,-16,76,Normal
2026-02-13 14:22:30.645459,Toronto-ab6d,24,35,Normal
2026-02-13 14:22:31.645459,Toronto-ab6d,4,50,Normal
2026-02-13 14:22:32.645459,Toronto-ab6d,6,46,Normal
2026-02-13 14:22:33.645459,Toronto-ab6d,-11,0,Normal
2026-02-13 14:22:34.645459,Toronto-ab6d,11,44,Normal
2026-02-13 14:22:35.645459,Toronto-ab6d,-15,21,Normal
2026-02-13 14:22:36.645459,Toronto-ab6d,5,28,Normal
2026-02-13 14:22:37.645459,Toronto-ab6d,5,10,Normal
2026-02-13 14:22:38.645459,Toronto-ab6d,-7,72,Normal
2026-02-13 14:22:39.645459,Toronto-ab6d,-4,23,Normal
2026-02-13 14:22:40.645459,Toronto-ab6d,5,97,Normal
2026-02-13 14:22:41.645459,Toronto-ab6d,34,70,Normal
2026-02-13 14:22:42.645459,Toronto-ab6d,33,16,Normal
2026-02-13 14:22:43.645459,Toronto-ab6d,-18,56,Normal
2026-02-13 14:22:44.645459,Toronto-ab6d,11,71,Normal
2026-02-13 14:22:45.645459,Toronto-ab6d,-9,35,Normal
2026-02-13 14:22:46.645459,Toronto-ab6d,17,20,Normal
2026-02-13 14:22:47.645459,Toronto-ab6d,0,82,Normal
2026-02-13 14:22:48.645459,Toronto-ab6d,28,42,Normal
2026-02-13 14:22:49.645459,Toronto-ab6d,34,82,Normal
2026-02-13 14:22:50.645459,Toronto-ab6d,42,99,Normal
2026-02-13 14:22:51.645459,Toronto-ab6d,-21,61,Normal
2026-02-13 14:22:52.645459,Toronto-ab6d,24,44,Normal
2026-02-13 14:22:53.645459,Toronto-ab6d,44,72,Normal
2026-02-13 14:22:54.645459,Toronto-ab6d,3,32,Normal
2026-02-13 14:22:55.645459,Toronto-ab6d,37,26,Normal
2026-02-13 14:22:56.645459,Toronto-ab6d,12,69,Normal
2026-02-13 14:22:57.645459,Toronto-ab6d,-22,33,Normal
2026-02-13 14:22:58.645459,Toronto-ab6d,44,39,Normal
2026-02-13 14:22:59.645459,Toronto-ab6d,36,97,Normal
2026-02-13 14:23:00.645459,Toronto-ab6d,29,45,Normal
2026-02-13 14:23:01.645459,Toronto-ab6d,-6,25,Normal
2026-02-13 14:23:02.645459,Toronto-ab6d,1,53,Normal
2026-02-13 14:23:03.645459,Toronto-ab6d,-30,42,Normal
2026-02-13 14:23:04.645459,Toronto-ab6d,1,44,Normal
2026-02-13 14:23:05.645459,Toronto-ab6d,25,19,Normal
2026-02-13 14:23:06.645459,Toronto-ab6d,29,27,Normal
2026-02-13 14:23:07.645459,Toronto-ab6d,4,42,Normal
2026-02-13 14:23:08.645459,Toronto-ab6d,-17,34,Normal
2026-02-13 14:23:09.645459,Toronto-ab6d,-8,53,Normal
2026-02-13 14:23:10.645459,Toronto-ab6d,25,1,Normal
2026-02-13 14:23:11.645459,Toronto-ab6d,39,59,Normal
2026-02-13 14:23:12.645459,Toronto-ab6d,21,48,Normal
2026-02-13 14:23:13.645459,Toronto-ab6d,-5,35,Normal
2026-02-13 14:23:14.645459,Toronto-ab6d,17,57,Normal
2026-02-13 14:23:15.645459,Toronto-ab6d,20,32,Normal
2026-02-13 14:23:16.645459,Toronto-ab6d,49,30,Normal
2026-02-13 14:23:17.645459,Toronto-ab6d,-27,47,Normal
2026-02-13 14:23:18.645459,Toronto-ab6d,50,4,Normal
2026-02-13 14:23:19.645459,Toronto-ab6d,-13,64,Normal
2026-02-13 14:23:20.645459,Toronto-ab6d,-5,15,Normal
2026-02-13 14:23:21.645459,Toronto-ab6d,15,37,Normal
2026-02-13 14:23:22.645459,Toronto-ab6d,49,71,Normal
2026-02-13 14:23:23.645459,Toronto-ab6d,37,66,Normal
2026-02-13 14:23:24.645459,Toronto-ab6d,4,99,Normal
2026-02-13 14:23:25.645459,Toronto-ab6d,-2,55,Normal
2026-02-13 14:23:26.645459,Toronto-ab6d,38,89,Normal
2026-02-13 14:23:27.645459,Toronto-ab6d,10,71,Normal
2026-02-13 14:23:28.645459,Toronto-ab6d,21,9,Normal
2026-02-13 14:23:29.645459,Toronto-ab6d,-13,50,Normal
2026-02-13 14:23:30.645459,Toronto-ab6d,26,41,Normal
2026-02-13 14:23:31.645459,Toronto-ab6d,34,6,Normal
2026-02-13 14:23:32.645459,Toronto-ab6d,-19,63,Normal
2026-02-13 14:23:33.645459,Toronto-ab6d,1,63,Normal
2026-02-13 14:23:34.645459,Toronto-ab6d,15,56,Normal
2026-02-13 14:23:35.645459,Toronto-ab6d,16,12,Normal
2026-02-13 14:23:36.645459,Toronto-ab6d,49,45,Normal
2026-02-13 14:23:37.645459,Toronto-ab6d,14,77,Normal
2026-02-13 14:23:38.645459,Toronto-ab6d,-3,34,Normal
2026-02-13 14:23:39.645459,Toronto-ab6d,-11,79,Normal
2026-02-13 14:23:40.645459,Toronto-ab6d,1,76,Normal
2026-02-13 14:23:41.645459,Toronto-ab6d,49,14,Normal
2026-02-13 14:23:42.645459,Toronto-ab6d,10,22,Normal
2026-02-13 14:23:43.645459,Toronto-ab6d,10,9,Normal
2026-02-13 14:23:44.645459,Toronto-ab6d,-15,97,Normal
2026-02-13 14:23:45.645459,Toronto-ab6d,-28,80,Normal
2026-02-13 14:23:46.645459,Toronto-ab6d,50,96,Normal
2026-02-13 14:23:47.645459,Toronto-ab6d,-3,80,Normal
2026-02-13 14:23:48.645459,Toronto-ab6d,-1,33,Normal
2026-02-13 14:23:49.645459,Toronto-ab6d,-17,4,Normal
2026-02-13 14:23:50.645459,Toronto-ab6d,-17,65,Normal
2026-02-13 14:23:51.645459,Toronto-ab6d,28,26,Normal
2026-02-13 14:23:52.645459,Toronto-ab6d,-6,77,Normal
2026-02-13 14:23:53.645459,Toronto-ab6d,-5,35,Normal
2026-02-13 14:23:54.645459,Toronto-ab6d,18,68,Normal
2026-02-13 14:23:55.645459,Toronto-ab6d,11,1,Normal
2026-02-13 14:23:56.645459,Toronto-ab6d,47,82,Normal
2026-02-13 14:23:57.645459,Toronto-ab6d,16,84,Normal
2026-02-13 14:23:58.645459,Toronto-ab6d,24,51,Normal
2026-02-13 14:23:59.645459,Toronto-ab6d,-10,45,Normal
2026-02-13 14:24:00.645459,Toronto-ab6d,-3,20,Normal
2026-02-13 14:24:01.645459,Toronto-ab6d,-18,50,Normal
2026-02-13 14:24:02.645459,Toronto-ab6d,-6,92,Normal
2026-02-13 14:24:03.645459,Toronto-ab6d,-4,20,Normal
2026-02-13 14:24:04.645459,Toronto-ab6d,6,96,Normal
2026-02-13 14:24:05.645459,Toronto-ab6d,5,47,Normal
2026-02-13 14:24:06.645459,Toronto-ab6d,38,49,Normal
2026-02-13 14:24:07.645459,Toronto-ab6d,24,11,Normal
2026-02-13 14:24:08.645459,Toronto-ab6d,47,81,Normal
2026-02-13 14:24:09.645459,Toronto-ab6d,-24,17,Normal
2026-02-13 14:24:10.645459,Toronto-ab6d,36,85,Normal
2026-02-13 14:24:11.645459,Toronto-ab6d,38,80,Normal
2026-02-13 14:24:12.645459,Toronto-ab6d,37,86,Normal
2026-02-13 14:24:13.645459,Toronto-ab6d,-2,85,Normal
2026-02-13 14:24:14.645459,Toronto-ab6d,48,28,Normal
2026-02-13 14:24:15.645459,Toronto-ab6d,40,17,Normal
2026-02-13 14:24:16.645459,Toronto-ab6d,-21,5,Normal
2026-02-13 14:24:17.645459,Toronto-ab6d,26,21,Normal
2026-02-13 14:24:18.645459,Toronto-ab6d,5,37,Normal
2026-02-13 14:24:19.645459,Toronto-ab6d,10,56,Normal
2026-02-13 14:24:20.645459,Toronto-ab6d,-30,72,Normal
2026-02-13 14:24:21.645459,Toronto-ab6d,50,65,Normal
2026-02-13 14:24:22.645459,Toronto-ab6d,32,78,Normal
2026-02-13 14:24:23.645459,Toronto-ab6d,17,40,Normal
2026-02-13 14:24:24.645459,Toronto-ab6d,38,90,Normal
2026-02-13 14:24:25.645459,Toronto-ab6d,-25,0,Normal
2026-02-13 14:24:26.645459,Toronto-ab6d,-15,96,Normal
2026-02-13 14:24:27.645459,Toronto-ab6d,-6,18,Normal
2026-02-13 14:24:28.645459,Toronto-ab6d,40,62,Normal
2026-02-13 14:24:29.645459,Toronto-ab6d,39,87,Normal
2026-02-13 14:24:30.645459,Toronto-ab6d,3,8,Normal
2026-02-13 14:24:31.645459,Toronto-ab6d,24,29,Normal
2026-02-13 14:24:32.645459,Toronto-ab6d,48,65,Normal
2026-02-13 14:24:33.645459,Toronto-ab6d,27,81,Normal
2026-02-13 14:24:34.645459,Toronto-ab6d,16,72,Normal
2026-02-13 14:24:35.645459,Toronto-ab6d,21,28,Normal
2026-02-13 14:24:36.645459,Toronto-ab6d,0,15,Normal
2026-02-13 14:24:37.645459,Toronto-ab6d,19,88,Normal
2026-02-13 14:24:38.645459,Toronto-ab6d,-22,17,Normal
2026-02-13 14:24:39.645459,Toronto-ab6d,5,53,Normal
2026-02-13 14:24:40.645459,Toronto-ab6d,13,27,Normal
2026-02-13 14:24:41.645459,Toronto-ab6d,29,76,Normal
2026-02-13 14:24:42.645459,Toronto-ab6d,31,26,Normal
2026-02-13 14:24:43.645459,Toronto-ab6d,15,6,Normal
2026-02-13 14:24:44.645459,Toronto-ab6d,18,46,Normal
2026-02-13 14:24:45.645459,Toronto-ab6d,-14,13,Normal
2026-02-13 14:24:46.645459,Toronto-ab6d,23,19,Normal
2026-02-13 14:24:47.645459,Toronto-ab6d,30,61,Normal
2026-02-13 14:24:48.645459,Toronto-ab6d,18,29,Normal
2026-02-13 14:24:49.645459,Toronto-ab6d,18,41,Normal
2026-02-13 14:24:50.645459,Toronto-ab6d,-16,55,Normal
2026-02-13 14:24:51.645459,Toronto-ab6d,-29,69,Normal
2026-02-13 14:24:52.645459,Toronto-ab6d,5,69,Normal
2026-02-13 14:24:53.645459,Toronto-ab6d,-4,72,Normal
2026-02-13 14:24:54.645459,Toronto-ab6d,29,11,Normal
2026-02-13 14:24:55.645459,Toronto-ab6d,27,98,Normal
2026-02-13 14:24:56.645459,Toronto-ab6d,44,78,Normal
2026-02-13 14:24:57.645459,Toronto-ab6d,13,4,Normal
2026-02-13 14:24:58.645459,Toronto-ab6d,25,26,Normal
2026-02-13 14:24:59.645459,Toronto-ab6d,8,3,Normal
2026-02-13 14:25:00.645459,Toronto-ab6d,-25,86,Normal
2026-02-13 14:25:01.645459,Toronto-ab6d,32,33,Normal
2026-02-13 14:25:02.645459,Toronto-ab6d,5,3,Normal
2026-02-13 14:25:03.645459,Toronto-ab6d,-19,28,Normal
2026-02-13 14:25:04.645459,Toronto-ab6d,30,60,Normal
2026-02-13 14:25:05.645459,Toronto-ab6d,7,81,Normal
2026-02-13 14:25:06.645459,Toronto-ab6d,28,47,Normal
2026-02-13 14:25:07.645459,Toronto-ab6d,-20,65,Normal
2026-02-13 14:25:08.645459,Toronto-ab6d,-3,24,Normal
2026-02-13 14:25:09.645459,Toronto-ab6d,1,77,Normal
2026-02-13 14:25:10.645459,Toronto-ab6d,-1,13,Normal
2026-02-13 14:25:11.645459,Toronto-ab6d,-9,94,Normal
2026-02-13 14:25:12.645459,Toronto-ab6d,-1,5,Normal
2026-02-13 14:25:13.645459,Toronto-ab6d,-9,30,Normal
2026-02-13 14:25:14.645459,Toronto-ab6d,31,48,Normal
2026-02-13 14:25:15.645459,Toronto-ab6d,-6,70,Normal
2026-02-13 14:25:16.645459,Toronto-ab6d,0,99,Normal
2026-02-13 14:25:17.645459,Toronto-ab6d,22,32,Normal
2026-02-13 14:25:18.645459,Toronto-ab6d,1,46,Normal
2026-02-13 14:25:19.645459,Toronto-ab6d,30,70,Normal
2026-02-13 14:25:20.645459,Toronto-ab6d,43,81,Normal
2026-02-13 14:25:21.645459,Toronto-ab6d,30,5,Normal
2026-02-13 14:25:22.645459,Toronto-ab6d,2,37,Normal
2026-02-13 14:25:23.645459,Toronto-ab6d,-15,46,Normal
2026-02-13 14:25:24.645459,Toronto-ab6d,38,97,Normal
2026-02-13 14:25:25.645459,Toronto-ab6d,22,68,Normal
2026-02-13 14:25:26.645459,Toronto-ab6d,44,27,Normal
2026-02-13 14:25:27.645459,Toronto-ab6d,24,15,Normal
2026-02-13 14:25:28.645459,Toronto-ab6d,-17,38,Normal
2026-02-13 14:25:29.645459,Toronto-ab6d,18,75,Normal
2026-02-13 14:25:30.645459,Toronto-ab6d,22,39,Normal
2026-02-13 14:25:31.645459,Toronto-ab6d,10,4,Normal
2026-02-13 14:25:32.645459,Toronto-ab6d,-3,10,Normal
2026-02-13 14:25:33.645459,Toronto-ab6d,45,95,Normal
2026-02-13 14:25:34.645459,Toronto-ab6d,3,18,Normal
2026-02-13 14:25:35.645459,Toronto-ab6d,-9,82,Normal
2026-02-13 14:25:36.645459,Toronto-ab6d,5,32,Normal
2026-02-13 14:25:37.645459,Toronto-ab6d,42,32,Normal
2026-02-13 14:25:38.645459,Toronto-ab6d,19,75,Normal
2026-02-13 14:25:39.645459,Toronto-ab6d,47,43,Normal
2026-02-13 14:25:40.645459,Toronto-ab6d,3,80,Normal
2026-02-13 14:25:41.645459,Toronto-ab6d,24,66,Normal
2026-02-13 14:25:42.645459,Toronto-ab6d,-11,96,Normal
2026-02-13 14:25:43.645459,Toronto-ab6d,0,91,Normal
2026-02-13 14:25:44.645459,Toronto-ab6d,13,87,Normal
2026-02-13 14:25:45.645459,Toronto-ab6d,-21,37,Normal
2026-02-13 14:25:46.645459,Toronto-ab6d,-8,32,Normal
2026-02-13 14:25:47.645459,Toronto-ab6d,25,11,Normal
2026-02-13 14:25:48.645459,Toronto-ab6d,50,56,Normal
2026-02-13 14:25:49.645459,Toronto-ab6d,-11,13,Normal
2026-02-13 14:25:50.645459,Toronto-ab6d,-23,48,Normal
2026-02-13 14:25:51.645459,Toronto-ab6d,-18,98,Normal
2026-02-13 14:25:52.645459,Toronto-ab6d,-4,5,Normal
2026-02-13 14:25:53.645459,Toronto-ab6d,-17,87,Normal
2026-02-13 14:25:54.645459,Toronto-ab6d,18,54,Normal
2026-02-13 14:25:55.645459,Toronto-ab6d,41,76,Normal
2026-02-13 14:25:56.645459,Toronto-ab6d,2,100,Normal
2026-02-13 14:25:57.645459,Toronto-ab6d,38,43,Normal
2026-02-13 14:25:58.645459,Toronto-ab6d,32,84,Normal
2026-02-13 14:25:59.645459,Toronto-ab6d,34,79,Normal
2026-02-13 14:26:00.645459,Toronto-ab6d,-18,76,Normal
2026-02-13 14:26:01.645459,Toronto-ab6d,41,33,Normal
2026-02-13 14:26:02.645459,Toronto-ab6d,44,91,Normal
2026-02-13 14:26:03.645459,Toronto-ab6d,29,18,Normal
2026-02-13 14:26:04.645459,Toronto-ab6d,-18,6,Normal
2026-02-13 14:26:05.645459,Toronto-ab6d,39,78,Normal
2026-02-13 14:26:06.645459,Toronto-ab6d,-8,27,Normal
2026-02-13 14:26:07.645459,Toronto-ab6d,-1,47,Normal
2026-02-13 14:26:08.645459,Toronto-ab6d,-26,77,Normal
2026-02-13 14:26:09.645459,Toronto-ab6d,32,58,Normal
2026-02-13 14:26:10.645459,Toronto-ab6d,2,41,Normal
2026-02-13 14:26:11.645459,Toronto-ab6d,-27,27,Normal
2026-02-13 14:26:12.645459,Toronto-ab6d,36,97,Normal
2026-02-13 14:26:13.645459,Toronto-ab6d,30,99,Normal
2026-02-13 14:26:14.645459,Toronto-ab6d,-25,85,Normal
2026-02-13 14:26:15.645459,Toronto-ab6d,-4,63,Normal
2026-02-13 14:26:16.645459,Toronto-ab6d,43,21,Normal
2026-02-13 14:26:17.645459,Toronto-ab6d,-30,33,Normal
2026-02-13 14:26:18.645459,Toronto-ab6d,2,6,Normal
2026-02-13 14:26:19.645459,Toronto-ab6d,9,50,Normal
2026-02-13 14:26:20.645459,Toronto-ab6d,49,12,Normal
2026-02-13 14:26:21.645459,Toronto-ab6d,2,75,Normal
2026-02-13 14:26:22.645459,Toronto-ab6d,-1,22,Normal
2026-02-13 14:26:23.645459,Toronto-ab6d,18,90,Normal
2026-02-13 14:26:24.645459,Toronto-ab6d,-7,33,Normal
2026-02-13 14:26:25.645459,Toronto-ab6d,10,47,Normal
2026-02-13 14:26:26.645459,Toronto-ab6d,46,6,Normal
2026-02-13 14:26:27.645459,Toronto-ab6d,38,38,Normal
2026-02-13 14:26:28.645459,Toronto-ab6d,17,9,Normal
2026-02-13 14:26:29.645459,Toronto-ab6d,46,71,Normal
2026-02-13 14:26:30.645459,Toronto-ab6d,28,40,Normal
2026-02-13 14:26:31.645459,Toronto-ab6d,47,4,Normal
2026-02-13 14:26:32.645459,Toronto-ab6d,-17,6,Normal
2026-02-13 14:26:33.645459,Toronto-ab6d,0,20,Normal
2026-02-13 14:26:34.645459,Toronto-ab6d,38,75,Normal
2026-02-13 14:26:35.645459,Toronto-ab6d,-27,52,Normal
2026-02-13 14:26:36.645459,Toronto-ab6d,-4,16,Normal
2026-02-13 14:26:37.645459,Toronto-ab6d,-7,29,Normal
2026-02-13 14:26:38.645459,Toronto-ab6d,3,88,Normal
2026-02-13 14:26:39.645459,Toronto-ab6d,-24,77,Normal
2026-02-13 14:26:40.645459,Toronto-ab6d,-13,33,Normal
2026-02-13 14:26:41.645459,Toronto-ab6d,41,21,Normal
2026-02-13 14:26:42.645459,Toronto-ab6d,16,98,Normal
2026-02-13 14:26:43.645459,Toronto-ab6d,31,14,Normal
2026-02-13 14:26:44.645459,Toronto-ab6d,38,64,Normal
2026-02-13 14:26:45.645459,Toronto-ab6d,7,43,Normal
2026-02-13 14:26:46.645459,Toronto-ab6d,-6,99,Normal
2026-02-13 14:26:47.645459,Toronto-ab6d,-11,32,Normal
2026-02-13 14:26:48.645459,Toronto-ab6d,50,25,Normal
2026-02-13 14:26:49.645459,Toronto-ab6d,-8,63,Normal
2026-02-13 14:26:50.645459,Toronto-ab6d,5,8,Normal
2026-02-13 14:26:51.645459,Toronto-ab6d,2,3,Normal
2026-02-13 14:26:52.645459,Toronto-ab6d,-30,32,Normal
2026-02-13 14:26:53.645459,Toronto-ab6d,-18,62,Normal
2026-02-13 14:26:54.645459,Toronto-ab6d,5,89,Normal
2026-02-13 14:26:55.645459,Toronto-ab6d,18,94,Normal
2026-02-13 14:26:56.645459,Toronto-ab6d,-14,67,Normal
2026-02-13 14:26:57.645459,Toronto-ab6d,36,72,Normal
2026-02-13 14:26:58.645459,Toronto-ab6d,32,47,Normal
2026-02-13 14:26:59.645459,Toronto-ab6d,-24,14,Normal
2026-02-13 14:27:00.645459,Toronto-ab6d,12,69,Normal
2026-02-13 14:27:01.645459,Toronto-ab6d,26,27,Normal
2026-02-13 14:27:02.645459,Toronto-ab6d,50,99,Normal
2026-02-13 14:27:03.645459,Toronto-ab6d,2,90,Normal
2026-02-13 14:27:04.645459,Toronto-ab6d,37,27,Normal
2026-02-13 14:27:05.645459,Toronto-ab6d,-28,46,Normal
2026-02-13 14:27:06.645459,Toronto-ab6d,25,29,Normal
2026-02-13 14:27:07.645459,Toronto-ab6d,16,45,Normal
2026-02-13 14:27:08.645459,Toronto-ab6d,-14,68,Normal
2026-02-13 14:27:09.645459,Toronto-ab6d,-28,84,Normal
2026-02-13 14:27:10.645459,Toronto-ab6d,-29,88,Normal
2026-02-13 14:27:11.645459,Toronto-ab6d,-2,20,Normal
2026-02-13 14:27:12.645459,Toronto-ab6d,48,86,Normal
2026-02-13 14:27:13.645459,Toronto-ab6d,-9,18,Normal
2026-02-13 14:27:14.645459,Toronto-ab6d,6,11,Normal
2026-02-13 14:27:15.645459,Toronto-ab6d,4,43,Normal
2026-02-13 14:27:16.645459,Toronto-ab6d,33,75,Normal
2026-02-13 14:27:17.645459,Toronto-ab6d,-21,32,Normal
2026-02-13 14:27:18.645459,Toronto-ab6d,43,41,Normal
2026-02-13 14:27:19.645459,Toronto-ab6d,-29,25,Normal
2026-02-13 14:27:20.645459,Toronto-ab6d,27,39,Normal
2026-02-13 14:27:21.645459,Toronto-ab6d,-30,53,Normal
2026-02-13 14:27:22.645459,Toronto-ab6d,-22,79,Normal
2026-02-13 14:27:23.645459,Toronto-ab6d,-24,18,Normal
2026-02-13 14:27:24.645459,Toronto-ab6d,-26,54,Normal
2026-02-13 14:27:25.645459,Toronto-ab6d,8,24,Normal
2026-02-13 14:27:26.645459,Toronto-ab6d,20,27,Normal
2026-02-13 14:27:27.645459,Toronto-ab6d,31,85,Normal
2026-02-13 14:27:28.645459,Toronto-ab6d,-25,96,Normal
2026-02-13 14:27:29.645459,Toronto-ab6d,44,31,Normal
2026-02-13 14:27:30.645459,Toronto-ab6d,47,53,Normal
2026-02-13 14:27:31.645459,Toronto-ab6d,-7,23,Normal
2026-02-13 14:27:32.645459,Toronto-ab6d,36,89,Normal
2026-02-13 14:27:33.645459,Toronto-ab6d,8,9,Normal
2026-02-13 14:27:34.645459,Toronto-ab6d,10,11,Normal
2026-02-13 14:27:35.645459,Toronto-ab6d,41,43,Normal
2026-02-13 14:27:36.645459,Toronto-ab6d,-26,87,Normal
2026-02-13 14:27:37.645459,Toronto-ab6d,30,96,Normal
2026-02-13 14:27:38.645459,Toronto-ab6d,27,86,Normal
2026-02-13 14:27:39.645459,Toronto-ab6d,13,12,Normal
2026-02-13 14:27:40.645459,Toronto-ab6d,-7,90,Normal
2026-02-13 14:27:41.645459,Toronto-ab6d,-7,81,Normal
2026-02-13 14:27:42.645459,Toronto-ab6d,-13,6,Normal
2026-02-13 14:27:43.645459,Toronto-ab6d,22,5,Normal
2026-02-13 14:27:44.645459,Toronto-ab6d,41,99,Normal
2026-02-13 14:27:45.645459,Toronto-ab6d,38,16,Normal
2026-02-13 14:27:46.645459,Toronto-ab6d,40,75,Normal
2026-02-13 14:27:47.645459,Toronto-ab6d,14,9,Normal
2026-02-13 14:27:48.645459,Toronto-ab6d,24,72,Normal
2026-02-13 14:27:49.645459,Toronto-ab6d,-8,91,Normal
2026-02-13 14:27:50.645459,Toronto-ab6d,14,33,Normal
2026-02-13 14:27:51.645459,Toronto-ab6d,-30,36,Normal
2026-02-13 14:27:52.645459,Toronto-ab6d,-22,93,Normal
2026-02-13 14:27:53.645459,Toronto-ab6d,-4,76,Normal
2026-02-13 14:27:54.645459,Toronto-ab6d,-21,31,Normal
2026-02-13 14:27:55.645459,Toronto-ab6d,44,65,Normal
2026-02-13 14:27:56.645459,Toronto-ab6d,-20,83,Normal
2026-02-13 14:27:57.645459,Toronto-ab6d,-13,51,Normal
2026-02-13 14:27:58.645459,Toronto-ab6d,25,25,Normal
2026-02-13 14:27:59.645459,Toronto-ab6d,36,19,Normal
2026-02-13 14:28:00.645459,Toronto-ab6d,-24,40,Normal
2026-02-13 14:28:01.645459,Toronto-ab6d,31,12,Normal
2026-02-13 14:28:02.645459,Toronto-ab6d,27,78,Normal
2026-02-13 14:28:03.645459,Toronto-ab6d,26,34,Normal
2026-02-13 14:28:04.645459,Toronto-ab6d,17,51,Normal
2026-02-13 14:28:05.645459,Toronto-ab6d,-15,22,Normal
2026-02-13 14:28:06.645459,Toronto-ab6d,-29,13,Normal
2026-02-13 14:28:07.645459,Toronto-ab6d,20,76,Normal
2026-02-13 14:28:08.645459,Toronto-ab6d,-13,34,Normal
2026-02-13 14:28:09.645459,Toronto-ab6d,-13,52,Normal
2026-02-13 14:28:10.645459,Toronto-ab6d,15,8,Normal
2026-02-13 14:28:11.645459,Toronto-ab6d,6,44,Normal
2026-02-13 14:28:12.645459,Toronto-ab6d,30,63,Normal
2026-02-13 14:28:13.645459,Toronto-ab6d,-28,60,Normal
2026-02-13 14:28:14.645459,Toronto-ab6d,18,58,Normal
2026-02-13 14:28:15.645459,Toronto-ab6d,35,18,Normal
2026-02-13 14:28:16.645459,Toronto-ab6d,5,38,Normal
2026-02-13 14:28:17.645459,Toronto-ab6d,-3,9,Normal
2026-02-13 14:28:18.645459,Toronto-ab6d,-4,3,Normal
2026-02-13 14:28:19.645459,Toronto-ab6d,-3,83,Normal
2026-02-13 14:28:20.645459,Toronto-ab6d,-30,85,Normal
2026-02-13 14:28:21.645459,Toronto-ab6d,3,91,Normal
2026-02-13 14:28:22.645459,Toronto-ab6d,5,64,Normal
2026-02-13 14:28:23.645459,Toronto-ab6d,-7,30,Normal
2026-02-13 14:28:24.645459,Toronto-ab6d,33,84,Normal
2026-02-13 14:28:25.645459,Toronto-ab6d,-22,92,Normal
2026-02-13 14:28:26.645459,Toronto-ab6d,-1,81,Normal
2026-02-13 14:28:27.645459,Toronto-ab6d,40,13,Normal
2026-02-13 14:28:28.645459,Toronto-ab6d,22,0,Normal
2026-02-13 14:28:29.645459,Toronto-ab6d,36,44,Normal
2026-02-13 14:28:30.645459,Toronto-ab6d,4,1,Normal
2026-02-13 14:28:31.645459,Toronto-ab6d,5,85,Normal
2026-02-13 14:28:32.645459,Toronto-ab6d,-5,34,Normal
2026-02-13 14:28:33.645459,Toronto-ab6d,-7,56,Normal
2026-02-13 14:28:34.645459,Toronto-ab6d,37,4,Normal
2026-02-13 14:28:35.645459,Toronto-ab6d,32,73,Normal
2026-02-13 14:28:36.645459,Toronto-ab6d,-10,31,Normal
2026-02-13 14:28:37.645459,Toronto-ab6d,-6,59,Normal
2026-02-13 14:28:38.645459,Toronto-ab6d,-20,43,Normal
2026-02-13 14:28:39.645459,Toronto-ab6d,5,77,Normal
2026-02-13 14:28:40.645459,Toronto-ab6d,38,74,Normal
2026-02-13 14:28:41.645459,Toronto-ab6d,50,29,Normal
2026-02-13 14:28:42.645459,Toronto-ab6d,-15,53,Normal
2026-02-13 14:28:43.645459,Toronto-ab6d,43,81,Normal
2026-02-13 14:28:44.645459,Toronto-ab6d,-12,97,Normal
2026-02-13 14:28:45.645459,Toronto-ab6d,-26,5,Normal
2026-02-13 14:28:46.645459,Toronto-ab6d,-5,27,Normal
2026-02-13 14:28:47.645459,Toronto-ab6d,49,100,Normal
2026-02-13 14:28:48.645459,Toronto-ab6d,-30,80,Normal
2026-02-13 14:28:49.645459,Toronto-ab6d,4,13,Normal
2026-02-13 14:28:50.645459,Toronto-ab6d,3,7,Normal
2026-02-13 14:28:51.645459,Toronto-ab6d,0,67,Normal
2026-02-13 14:28:52.645459,Toronto-ab6d,33,15,Normal
2026-02-13 14:28:53.645459,Toronto-ab6d,-20,92,Normal
2026-02-13 14:28:54.645459,Toronto-ab6d,45,50,Normal
2026-02-13 14:28:55.645459,Toronto-ab6d,45,22,Normal
2026-02-13 14:28:56.645459,Toronto-ab6d,-29,38,Normal
2026-02-13 14:28:57.645459,Toronto-ab6d,39,30,Normal
2026-02-13 14:28:58.645459,Toronto-ab6d,-19,60,Normal
2026-02-13 14:28:59.645459,Toronto-ab6d,40,99,Normal
2026-02-13 14:29:00.645459,Toronto-ab6d,-4,86,Normal
2026-02-13 14:29:01.645459,Toronto-ab6d,38,2,Normal
2026-02-13 14:29:02.645459,Toronto-ab6d,47,35,Normal
2026-02-13 14:29:03.645459,Toronto-ab6d,27,1,Normal
2026-02-13 14:29:04.645459,Toronto-ab6d,-19,64,Normal
2026-02-13 14:29:05.645459,Toronto-ab6d,-27,34,Normal
2026-02-13 14:29:06.645459,Toronto-ab6d,-30,44,Normal
2026-02-13 14:29:07.645459,Toronto-ab6d,36,74,Normal
2026-02-13 14:29:08.645459,Toronto-ab6d,2,42,Normal
2026-02-13 14:29:09.645459,Toronto-ab6d,35,30,Normal
2026-02-13 14:29:10.645459,Toronto-ab6d,49,77,Normal
2026-02-13 14:29:11.645459,Toronto-ab6d,-2,40,Normal
2026-02-13 14:29:12.645459,Toronto-ab6d,20,60,Normal
2026-02-13 14:29:13.645459,Toronto-ab6d,45,49,Normal
2026-02-13 14:29:14.645459,Toronto-ab6d,-9,38,Normal
2026-02-13 14:29:15.645459,Toronto-ab6d,-29,81,Normal
2026-02-13 14:29:16.645459,Toronto-ab6d,-24,14,Normal
2026-02-13 14:29:17.645459,Toronto-ab6d,27,36,Normal
2026-02-13 14:29:18.645459,Toronto-ab6d,30,31,Normal
2026-02-13 14:29:19.645459,Toronto-ab6d,27,32,Normal
2026-02-13 14:29:20.645459,Toronto-ab6d,-25,54,Normal
2026-02-13 14:29:21.645459,Toronto-ab6d,34,59,Normal
2026-02-13 14:29:22.645459,Toronto-ab6d,33,38,Normal
2026-02-13 14:29:23.645459,Toronto-ab6d,22,17,Normal
2026-02-13 14:29:24.645459,Toronto-ab6d,-17,6,Normal
2026-02-13 14:29:25.645459,Toronto-ab6d,18,10,Normal
2026-02-13 14:29:26.645459,Toronto-ab6d,5,3,Normal
2026-02-13 14:29:27.645459,Toronto-ab6d,1,80,Normal
2026-02-13 14:29:28.645459,Toronto-ab6d,-10,39,Normal
2026-02-13 14:29:29.645459,Toronto-ab6d,-3,73,Normal
2026-02-13 14:29:30.645459,Toronto-ab6d,-19,97,Normal
2026-02-13 14:29:31.645459,Toronto-ab6d,4,94,Normal
2026-02-13 14:29:32.645459,Toronto-ab6d,33,71,Normal
2026-02-13 14:29:33.645459,Toronto-ab6d,47,33,Normal
2026-02-13 14:29:34.645459,Toronto-ab6d,-11,15,Normal
2026-02-13 14:29:35.645459,Toronto-ab6d,-12,46,Normal
2026-02-13 14:29:36.645459,Toronto-ab6d,-3,19,Normal
2026-02-13 14:29:37.645459,Toronto-ab6d,-18,15,Normal
2026-02-13 14:29:38.645459,Toronto-ab6d,16,22,Normal
2026-02-13 14:29:39.645459,Toronto-ab6d,34,46,Normal
2026-02-13 14:29:40.645459,Toronto-ab6d,6,24,Normal
2026-02-13 14:29:41.645459,Toronto-ab6d,-13,36,Normal
2026-02-13 14:29:42.645459,Toronto-ab6d,47,93,Normal
2026-02-13 14:29:43.645459,Toronto-ab6d,16,8,Normal
2026-02-13 14:29:44.645459,Toronto-ab6d,-12,56,Normal
2026-02-13 14:29:45.645459,Toronto-ab6d,12,33,Normal
2026-02-13 14:29:46.645459,Toronto-ab6d,-22,93,Normal
2026-02-13 14:29:47.645459,Toronto-ab6d,-29,83,Normal
2026-02-13 14:29:48.645459,Toronto-ab6d,33,22,Normal
2026-02-13 14:29:49.645459,Toronto-ab6d,2,100,Normal
2026-02-13 14:29:50.645459,Toronto-ab6d,-20,43,Normal
2026-02-13 14:29:51.645459,Toronto-ab6d,18,82,Normal
2026-02-13 14:29:52.645459,Toronto-ab6d,-3,34,Normal
2026-02-13 14:29:53.645459,Toronto-ab6d,-15,27,Normal
2026-02-13 14:29:54.645459,Toronto-ab6d,16,32,Normal
2026-02-13 14:29:55.645459,Toronto-ab6d,-23,19,Normal
2026-02-13 14:29:56.645459,Toronto-ab6d,17,10,Normal
2026-02-13 14:29:57.645459,Toronto-ab6d,-18,57,Normal
2026-02-13 14:29:58.645459,Toronto-ab6d,26,35,Normal
2026-02-13 14:29:59.645459,Toronto-ab6d,45,13,Normal
2026-02-13 14:30:00.645459,Toronto-ab6d,13,18,Normal
2026-02-13 14:30:01.645459,Toronto-ab6d,7,80,Normal
2026-02-13 14:30:02.645459,Toronto-ab6d,22,94,Normal
2026-02-13 14:30:03.645459,Toronto-ab6d,16,72,Normal
2026-02-13 14:30:04.645459,Toronto-ab6d,-7,85,Normal
2026-02-13 14:30:05.645459,Toronto-ab6d,-24,75,Normal
2026-02-13 14:30:06.645459,Toronto-ab6d,8,8,Normal
2026-02-13 14:30:07.645459,Toronto-ab6d,-19,74,Normal
2026-02-13 14:30:08.645459,Toronto-ab6d,8,27,Normal
2026-02-13 14:30:09.645459,Toronto-ab6d,-2,96,Normal
2026-02-13 14:30:10.645459,Toronto-ab6d,21,80,Normal
2026-02-13 14:30:11.645459,Toronto-ab6d,25,6,Normal
2026-02-13 14:30:12.645459,Toronto-ab6d,5,58,Normal
2026-02-13 14:30:13.645459,Toronto-ab6d,-10,80,Normal
2026-02-13 14:30:14.645459,Toronto-ab6d,-1,49,Normal
2026-02-13 14:30:15.645459,Toronto-ab6d,-4,94,Normal
2026-02-13 14:30:16.645459,Toronto-ab6d,29,39,Normal
2026-02-13 14:30:17.645459,Toronto-ab6d,-6,43,Normal
2026-02-13 14:30:18.645459,Toronto-ab6d,-16,12,Normal
2026-02-13 14:30:19.645459,Toronto-ab6d,32,98,Normal
2026-02-13 14:30:20.645459,Toronto-ab6d,1,33,Normal
2026-02-13 14:30:21.645459,Toronto-ab6d,28,1,Normal
2026-02-13 14:30:22.645459,Toronto-ab6d,30,82,Normal
2026-02-13 14:30:23.645459,Toronto-ab6d,-2,69,Normal
2026-02-13 14:30:24.645459,Toronto-ab6d,26,25,Normal
2026-02-13 14:30:25.645459,Toronto-ab6d,-12,50,Normal
2026-02-13 14:30:26.645459,Toronto-ab6d,32,65,Normal
2026-02-13 14:30:27.645459,Toronto-ab6d,24,79,Normal
2026-02-13 14:30:28.645459,Toronto-ab6d,-29,5,Normal
2026-02-13 14:30:29.645459,Toronto-ab6d,50,3,Normal
2026-02-13 14:30:30.645459,Toronto-ab6d,39,50,Normal
2026-02-13 14:30:31.645459,Toronto-ab6d,37,61,Normal
2026-02-13 14:30:32.645459,Toronto-ab6d,-27,22,Normal
2026-02-13 14:30:33.645459,Toronto-ab6d,16,11,Normal
2026-02-13 14:30:34.645459,Toronto-ab6d,6,64,Normal
2026-02-13 14:30:35.645459,Toronto-ab6d,47,8,Normal
2026-02-13 14:30:36.645459,Toronto-ab6d,37,94,Normal
2026-02-13 14:30:37.645459,Toronto-ab6d,33,56,Normal
2026-02-13 14:30:38.645459,Toronto-ab6d,-12,3,Normal
2026-02-13 14:30:39.645459,Toronto-ab6d,12,2,Normal
2026-02-13 14:30:40.645459,Toronto-ab6d,36,49,Normal
2026-02-13 14:30:41.645459,Toronto-ab6d,11,88,Normal
2026-02-13 14:30:42.645459,Toronto-ab6d,12,91,Normal
2026-02-13 14:30:43.645459,Toronto-ab6d,48,61,Normal
2026-02-13 14:30:44.645459,Toronto-ab6d,16,80,Normal
2026-02-13 14:30:45.645459,Toronto-ab6d,34,88,Normal
2026-02-13 14:30:46.645459,Toronto-ab6d,-3,86,Normal
2026-02-13 14:30:47.645459,Toronto-ab6d,28,45,Normal
2026-02-13 14:30:48.645459,Toronto-ab6d,-5,11,Normal
2026-02-13 14:30:49.645459,Toronto-ab6d,-29,29,Normal
2026-02-13 14:30:50.645459,Toronto-ab6d,-7,11,Normal
2026-02-13 14:30:51.645459,Toronto-ab6d,-24,86,Normal
2026-02-13 14:30:52.645459,Toronto-ab6d,1,9,Normal
2026-02-13 14:30:53.645459,Toronto-ab6d,-20,44,Normal
2026-02-13 14:30:54.645459,Toronto-ab6d,4,74,Normal
2026-02-13 14:30:55.645459,Toronto-ab6d,28,58,Normal
2026-02-13 14:30:56.645459,Toronto-ab6d,7,11,Normal
2026-02-13 14:30:57.645459,Toronto-ab6d,-27,58,Normal
2026-02-13 14:30:58.645459,Toronto-ab6d,12,28,Normal
2026-02-13 14:30:59.645459,Toronto-ab6d,16,15,Normal
2026-02-13 14:31:00.645459,Toronto-ab6d,37,32,Normal
2026-02-13 14:31:01.645459,Toronto-ab6d,-8,56,Normal
2026-02-13 14:31:02.645459,Toronto-ab6d,36,75,Normal
2026-02-13 14:31:03.645459,Toronto-ab6d,-16,69,Normal
2026-02-13 14:31:04.645459,Toronto-ab6d,-4,87,Normal
2026-02-13 14:31:05.645459,Toronto-ab6d,5,100,Normal
2026-02-13 14:31:06.645459,Toronto-ab6d,12,8,Normal
2026-02-13 14:31:07.645459,Toronto-ab6d,-17,99,Normal
2026-02-13 14:31:08.645459,Toronto-ab6d,-20,73,Normal
2026-02-13 14:31:09.645459,Toronto-ab6d,7,73,Normal
2026-02-13 14:31:10.645459,Toronto-ab6d,33,29,Normal
2026-02-13 14:31:11.645459,Toronto-ab6d,37,82,Normal
2026-02-13 14:31:12.645459,Toronto-ab6d,6,31,Normal
2026-02-13 14:31:13.645459,Toronto-ab6d,-8,86,Normal
2026-02-13 14:31:14.645459,Toronto-ab6d,-24,65,Normal
2026-02-13 14:31:15.645459,Toronto-ab6d,42,1,Normal
2026-02-13 14:31:16.645459,Toronto-ab6d,2,88,Normal
2026-02-13 14:31:17.645459,Toronto-ab6d,-26,61,Normal
2026-02-13 14:31:18.645459,Toronto-ab6d,24,10,Normal
2026-02-13 14:31:19.645459,Toronto-ab6d,-30,67,Normal
2026-02-13 14:31:20.645459,Toronto-ab6d,12,36,Normal
2026-02-13 14:31:21.645459,Toronto-ab6d,7,29,Normal
2026-02-13 14:31:22.645459,Toronto-ab6d,-22,71,Normal
2026-02-13 14:31:23.645459,Toronto-ab6d,-21,29,Normal
2026-02-13 14:31:24.645459,Toronto-ab6d,-7,74,Normal
2026-02-13 14:31:25.645459,Toronto-ab6d,21,15,Normal
2026-02-13 14:31:26.645459,Toronto-ab6d,36,1,Normal
2026-02-13 14:31:27.645459,Toronto-ab6d,43,58,Normal
2026-02-13 14:31:28.645459,Toronto-ab6d,13,72,Normal
2026-02-13 14:31:29.645459,Toronto-ab6d,28,100,Normal
2026-02-13 14:31:30.645459,Toronto-ab6d,-21,84,Normal
2026-02-13 14:31:31.645459,Toronto-ab6d,12,85,Normal
2026-02-13 14:31:32.645459,Toronto-ab6d,4,76,Normal
2026-02-13 14:31:33.645459,Toronto-ab6d,-16,19,Normal
2026-02-13 14:31:34.645459,Toronto-ab6d,36,75,Normal
2026-02-13 14:31:35.645459,Toronto-ab6d,3,96,Normal
2026-02-13 14:31:36.645459,Toronto-ab6d,9,83,Normal
2026-02-13 14:31:37.645459,Toronto-ab6d,46,86,Normal
2026-02-13 14:31:38.645459,Toronto-ab6d,9,37,Normal
2026-02-13 14:31:39.645459,Toronto-ab6d,-8,42,Normal
2026-02-13 14:31:40.645459,Toronto-ab6d,-9,89,Normal
2026-02-13 14:31:41.645459,Toronto-ab6d,23,49,Normal
2026-02-13 14:31:42.645459,Toronto-ab6d,20,42,Normal
2026-02-13 14:31:43.645459,Toronto-ab6d,-7,42,Normal
2026-02-13 14:31:44.645459,Toronto-ab6d,-17,35,Normal
2026-02-13 14:31:45.645459,Toronto-ab6d,47,97,Normal
2026-02-13 14:31:46.645459,Toronto-ab6d,-30,30,Normal
2026-02-13 14:31:47.645459,Toronto-ab6d,3,79,Normal
2026-02-13 14:31:48.645459,Toronto-ab6d,28,46,Normal
2026-02-13 14:31:49.645459,Toronto-ab6d,32,46,Normal
2026-02-13 14:31:50.645459,Toronto-ab6d,18,10,Normal
2026-02-13 14:31:51.645459,Toronto-ab6d,4,18,Normal
2026-02-13 14:31:52.645459,Toronto-ab6d,-28,32,Normal
2026-02-13 14:31:53.645459,Toronto-ab6d,10,53,Normal
2026-02-13 14:31:54.645459,Toronto-ab6d,-23,29,Normal
2026-02-13 14:31:55.645459,Toronto-ab6d,-24,81,Normal
2026-02-13 14:31:56.645459,Toronto-ab6d,18,64,Normal
2026-02-13 14:31:57.645459,Toronto-ab6d,-7,60,Normal
2026-02-13 14:31:58.645459,Toronto-ab6d,37,35,Normal
2026-02-13 14:31:59.645459,Toronto-ab6d,-10,33,Normal
2026-02-13 14:32:00.645459,Toronto-ab6d,50,50,Normal
2026-02-13 14:32:01.645459,Toronto-ab6d,11,81,Normal
2026-02-13 14:32:02.645459,Toronto-ab6d,-18,10,Normal
2026-02-13 14:32:03.645459,Toronto-ab6d,1,47,Normal
2026-02-13 14:32:04.645459,Toronto-ab6d,28,51,Normal
2026-02-13 14:32:05.645459,Toronto-ab6d,5,91,Normal
2026-02-13 14:32:06.645459,Toronto-ab6d,43,30,Normal
2026-02-13 14:32:07.645459,Toronto-ab6d,24,47,Normal
2026-02-13 14:32:08.645459,Toronto-ab6d,18,27,Normal
2026-02-13 14:32:09.645459,Toronto-ab6d,-23,70,Normal
2026-02-13 14:32:10.645459,Toronto-ab6d,48,83,Normal
2026-02-13 14:32:11.645459,Toronto-ab6d,10,77,Normal
2026-02-13 14:32:12.645459,Toronto-ab6d,15,48,Normal
2026-02-13 14:32:13.645459,Toronto-ab6d,-24,10,Normal
2026-02-13 14:32:14.645459,Toronto-ab6d,-19,2,Normal
2026-02-13 14:32:15.645459,Toronto-ab6d,-22,48,Normal
2026-02-13 14:32:16.645459,Toronto-ab6d,-5,43,Normal
2026-02-13 14:32:17.645459,Toronto-ab6d,23,72,Normal
2026-02-13 14:32:18.645459,Toronto-ab6d,-9,96,Normal
