timestamp,station_id,temp,humid,condition
2026-02-11 13:32:28.052196,Berlin-9e38,10,100,Normal
2026-02-11 13:32:29.052196,Berlin-9e38,-9,2,Normal
2026-02-11 13:32:30.052196,Berlin-9e38,50,45,Normal
2026-02-11 13:32:31.052196,Berlin-9e38,18,63,Normal
2026-02-11 13:32:32.052196,Berlin-9e38,-6,19,Normal
2026-02-11 13:32:33.052196,Berlin-9e38,-11,66,Normal
2026-02-11 13:32:34.052196,Berlin-9e38,15,40,Normal
2026-02-11 13:32:35.052196,Berlin-9e38,50,93,Normal
2026-02-11 13:32:36.052196,Berlin-9e38,22,16,Normal
2026-02-11 13:32:37.052196,Berlin-9e38,42,14,Normal
2026-02-11 13:32:38.052196,Berlin-9e38,40,77,Normal
2026-02-11 13:32:39.052196,Berlin-9e38,-22,17,Normal
2026-02-11 13:32:40.052196,Berlin-9e38,-15,87,Normal
2026-02-11 13:32:41.052196,Berlin-9e38,5,60,Normal
2026-02-11 13:32:42.052196,Berlin-9e38,38,14,Normal
2026-02-11 13:32:43.052196,Berlin-9e38,30,80,Normal
2026-02-11 13:32:44.052196,Berlin-9e38,31,57,Normal
2026-02-11 13:32:45.052196,Berlin-9e38,35,98,Normal
2026-02-11 13:32:46.052196,Berlin-9e38,7,99,Normal
2026-02-11 13:32:47.052196,Berlin-9e38,7,98,Normal
2026-02-11 13:32:48.052196,Berlin-9e38,-16,37,Normal
2026-02-11 13:32:49.052196,Berlin-9e38,46,62,Normal
2026-02-11 13:32:50.052196,Berlin-9e38,45,88,Normal
2026-02-11 13:32:51.052196,Berlin-9e38,-22,87,Normal
2026-02-11 13:32:52.052196,Berlin-9e38,1,78,Normal
2026-02-11 13:32:53.052196,Berlin-9e38,41,79,Normal
2026-02-11 13:32:54.052196,Berlin-9e38,9,12,Normal
2026-02-11 13:32:55.052196,Berlin-9e38,-21,95,Normal
2026-02-11 13:32:56.052196,Berlin-9e38,49,47,Normal
2026-02-11 13:32:57.052196,Berlin-9e38,-16,49,Normal
2026-02-11 13:32:58.052196,Berlin-9e38,30,47,Normal
2026-02-11 13:32:59.052196,Berlin-9e38,-11,83,Normal
2026-02-11 13:33:00.052196,Berlin-9e38,7,75,Normal
2026-02-11 13:33:01.052196,Berlin-9e38,24,42,Normal
2026-02-11 13:33:02.052196,Berlin-9e38,50,33,Normal
2026-02-11 13:33:03.052196,Berlin-9e38,-24,97,Normal
2026-02-11 13:33:04.052196,Berlin-9e38,-18,37,Normal
2026-02-11 13:33:05.052196,Berlin-9e38,7,37,Normal
2026-02-11 13:33:06.052196,Berlin-9e38,-26,57,Normal
2026-02-11 13:33:07.052196,Berlin-9e38,12,23,Normal
2026-02-11 13:33:08.052196,Berlin-9e38,-7,48,Normal
2026-02-11 13:33:09.052196,Berlin-9e38,-4,27,Normal
2026-02-11 13:33:10.052196,Berlin-9e38,32,41,Normal
2026-02-11 13:33:11.052196,Berlin-9e38,18,45,Normal
2026-02-11 13:33:12.052196,Berlin-9e38,48,52,Normal
2026-02-11 13:33:13.052196,Berlin-9e38,21,47,Normal
2026-02-11 13:33:14.052196,Berlin-9e38,21,39,Normal
2026-02-11 13:33:15.052196,Berlin-9e38,19,86,Normal
2026-02-11 13:33:16.052196,Berlin-9e38,33,38,Normal
2026-02-11 13:33:17.052196,Berlin-9e38,-16,30,Normal
2026-02-11 13:33:18.052196,Berlin-9e38,17,62,Normal
2026-02-11 13:33:19.052196,Berlin-9e38,38,26,Normal
2026-02-11 13:33:20.052196,Berlin-9e38,-30,89,Normal
2026-02-11 13:33:21.052196,Berlin-9e38,19,93,Normal
2026-02-11 13:33:22.052196,Berlin-9e38,26,12,Normal
2026-02-11 13:33:23.052196,Berlin-9e38,-26,94,Normal
2026-02-11 13:33:24.052196,Berlin-9e38,46,43,Normal
2026-02-11 13:33:25.052196,Berlin-9e38,-25,67,Normal
2026-02-11 13:33:26.052196,Berlin-9e38,-3,35,Normal
2026-02-11 13:33:27.052196,Berlin-9e38,48,78,Normal
2026-02-11 13:33:28.052196,Berlin-9e38,-25,84,Normal
2026-02-11 13:33:29.052196,Berlin-9e38,-21,11,Normal
2026-02-11 13:33:30.052196,Berlin-9e38,47,16,Normal
2026-02-11 13:33:31.052196,Berlin-9e38,2,39,Normal
2026-02-11 13:33:32.052196,Berlin-9e38,2,28,Normal
2026-02-11 13:33:33.052196,Berlin-9e38,41,2,Normal
2026-02-11 13:33:34.052196,Berlin-9e38,-24,23,Normal
2026-02-11 13:33:35.052196,Berlin-9e38,-20,9,Normal
2026-02-11 13:33:36.052196,Berlin-9e38,11,34,Normal
2026-02-11 13:33:37.052196,Berlin-9e38,47,42,Normal
2026-02-11 13:33:38.052196,Berlin-9e38,46,68,Normal
2026-02-11 13:33:39.052196,Berlin-9e38,16,75,Normal
2026-02-11 13:33:40.052196,Berlin-9e38,50,95,Normal
2026-02-11 13:33:41.052196,Berlin-9e38,8,4,Normal
2026-02-11 13:33:42.052196,Berlin-9e38,19,52,Normal
2026-02-11 13:33:43.052196,Berlin-9e38,18,6,Normal
2026-02-11 13:33:44.052196,Berlin-9e38,16,5,Normal
2026-02-11 13:33:45.052196,Berlin-9e38,31,21,Normal
2026-02-11 13:33:46.052196,Berlin-9e38,47,45,Normal
2026-02-11 13:33:47.052196,Berlin-9e38,-22,77,Normal
2026-02-11 13:33:48.052196,Berlin-9e38,18,53,Normal
2026-02-11 13:33:49.052196,Berlin-9e38,-7,68,Normal
2026-02-11 13:33:50.052196,Berlin-9e38,19,70,Normal
2026-02-11 13:33:51.052196,Berlin-9e38,16,92,Normal
2026-02-11 13:33:52.052196,Berlin-9e38,-6,89,Normal
2026-02-11 13:33:53.052196,Berlin-9e38,40,8,Normal
2026-02-11 13:33:54.052196,Berlin-9e38,18,73,Normal
2026-02-11 13:33:55.052196,Berlin-9e38,18,38,Normal
2026-02-11 13:33:56.052196,Berlin-9e38,34,72,Normal
2026-02-11 13:33:57.052196,Berlin-9e38,41,12,Normal
2026-02-11 13:33:58.052196,Berlin-9e38,29,27,Normal
2026-02-11 13:33:59.052196,Berlin-9e38,25,18,Normal
2026-02-11 13:34:00.052196,Berlin-9e38,37,78,Normal
2026-02-11 13:34:01.052196,Berlin-9e38,38,51,Normal
2026-02-11 13:34:02.052196,Berlin-9e38,46,34,Normal
2026-02-11 13:34:03.052196,Berlin-9e38,-21,53,Normal
2026-02-11 13:34:04.052196,Berlin-9e38,28,92,Normal
2026-02-11 13:34:05.052196,Berlin-9e38,-24,11,Normal
2026-02-11 13:34:06.052196,Berlin-9e38,22,99,Normal
2026-02-11 13:34:07.052196,Berlin-9e38,22,12,Normal
2026-02-11 13:34:08.052196,Berlin-9e38,-5,100,Normal
2026-02-11 13:34:09.052196,Berlin-9e38,40,55,Normal
2026-02-11 13:34:10.052196,Berlin-9e38,24,5,Normal
2026-02-11 13:34:11.052196,Berlin-9e38,10,100,Normal
2026-02-11 13:34:12.052196,Berlin-9e38,13,51,Normal
2026-02-11 13:34:13.052196,Berlin-9e38,-7,43,Normal
2026-02-11 13:34:14.052196,Berlin-9e38,45,84,Normal
2026-02-11 13:34:15.052196,Berlin-9e38,29,52,Normal
2026-02-11 13:34:16.052196,Berlin-9e38,20,63,Normal
2026-02-11 13:34:17.052196,Berlin-9e38,3,74,Normal
2026-02-11 13:34:18.052196,Berlin-9e38,48,90,Normal
2026-02-11 13:34:19.052196,Berlin-9e38,28,3,Normal
2026-02-11 13:34:20.052196,Berlin-9e38,10,8,Normal
2026-02-11 13:34:21.052196,Berlin-9e38,50,59,Normal
2026-02-11 13:34:22.052196,Berlin-9e38,-10,52,Normal
2026-02-11 13:34:23.052196,Berlin-9e38,12,49,Normal
2026-02-11 13:34:24.052196,Berlin-9e38,17,59,Normal
2026-02-11 13:34:25.052196,Berlin-9e38,16,36,Normal
2026-02-11 13:34:26.052196,Berlin-9e38,42,61,Normal
2026-02-11 13:34:27.052196,Berlin-9e38,-14,96,Normal
2026-02-11 13:34:28.052196,Berlin-9e38,-19,39,Normal
2026-02-11 13:34:29.052196,Berlin-9e38,16,30,Normal
2026-02-11 13:34:30.052196,Berlin-9e38,-18,64,Normal
2026-02-11 13:34:31.052196,Berlin-9e38,6,25,Normal
2026-02-11 13:34:32.052196,Berlin-9e38,11,58,Normal
2026-02-11 13:34:33.052196,Berlin-9e38,29,76,Normal
2026-02-11 13:34:34.052196,Berlin-9e38,15,18,Normal
2026-02-11 13:34:35.052196,Berlin-9e38,34,59,Normal
2026-02-11 13:34:36.052196,Berlin-9e38,16,27,Normal
2026-02-11 13:34:37.052196,Berlin-9e38,34,7,Normal
2026-02-11 13:34:38.052196,Berlin-9e38,39,85,Normal
2026-02-11 13:34:39.052196,Berlin-9e38,16,97,Normal
2026-02-11 13:34:40.052196,Berlin-9e38,-22,79,Normal
2026-02-11 13:34:41.052196,Berlin-9e38,47,15,Normal
2026-02-11 13:34:42.052196,Berlin-9e38,3,69,Normal
2026-02-11 13:34:43.052196,Berlin-9e38,18,23,Normal
2026-02-11 13:34:44.052196,Berlin-9e38,7,65,Normal
2026-02-11 13:34:45.052196,Berlin-9e38,-29,98,Normal
2026-02-11 13:34:46.052196,Berlin-9e38,-1,70,Normal
2026-02-11 13:34:47.052196,Berlin-9e38,6,15,Normal
2026-02-11 13:34:48.052196,Berlin-9e38,-8,27,Normal
2026-02-11 13:34:49.052196,Berlin-9e38,18,17,Normal
2026-02-11 13:34:50.052196,Berlin-9e38,15,7,Normal
2026-02-11 13:34:51.052196,Berlin-9e38,40,43,Normal
2026-02-11 13:34:52.052196,Berlin-9e38,25,89,Normal
2026-02-11 13:34:53.052196,Berlin-9e38,26,87,Normal
2026-02-11 13:34:54.052196,Berlin-9e38,1,9,Normal
2026-02-11 13:34:55.052196,Berlin-9e38,-23,50,Normal
2026-02-11 13:34:56.052196,Berlin-9e38,14,26,Normal
2026-02-11 13:34:57.052196,Berlin-9e38,44,13,Normal
2026-02-11 13:34:58.052196,Berlin-9e38,-14,27,Normal
2026-02-11 13:34:59.052196,Berlin-9e38,45,50,Normal
2026-02-11 13:35:00.052196,Berlin-9e38,15,20,Normal
2026-02-11 13:35:01.052196,Berlin-9e38,15,59,Normal
2026-02-11 13:35:02.052196,Berlin-9e38,-26,13,Normal
2026-02-11 13:35:03.052196,Berlin-9e38,18,51,Normal
2026-02-11 13:35:04.052196,Berlin-9e38,-24,67,Normal
2026-02-11 13:35:05.052196,Berlin-9e38,-19,89,Normal
2026-02-11 13:35:06.052196,Berlin-9e38,-10,44,Normal
2026-02-11 13:35:07.052196,Berlin-9e38,-1,3,Normal
2026-02-11 13:35:08.052196,Berlin-9e38,40,4,Normal
2026-02-11 13:35:09.052196,Berlin-9e38,49,57,Normal
2026-02-11 13:35:10.052196,Berlin-9e38,19,41,Normal
2026-02-11 13:35:11.052196,Berlin-9e38,11,93,Normal
2026-02-11 13:35:12.052196,Berlin-9e38,-19,6,Normal
2026-02-11 13:35:13.052196,Berlin-9e38,19,79,Normal
2026-02-11 13:35:14.052196,Berlin-9e38,22,29,Normal
2026-02-11 13:35:15.052196,Berlin-9e38,21,80,Normal
2026-02-11 13:35:16.052196,Berlin-9e38,24,75,Normal
2026-02-11 13:35:17.052196,Berlin-9e38,1,38,Normal
2026-02-11 13:35:18.052196,Berlin-9e38,-21,62,Normal
2026-02-11 13:35:19.052196,Berlin-9e38,33,14,Normal
2026-02-11 13:35:20.052196,Berlin-9e38,44,27,Normal
2026-02-11 13:35:21.052196,Berlin-9e38,32,64,Normal
2026-02-11 13:35:22.052196,Berlin-9e38,-26,52,Normal
2026-02-11 13:35:23.052196,Berlin-9e38,16,74,Normal
2026-02-11 13:35:24.052196,Berlin-9e38,-13,64,Normal
2026-02-11 13:35:25.052196,Berlin-9e38,-17,59,Normal
2026-02-11 13:35:26.052196,Berlin-9e38,-23,7,Normal
2026-02-11 13:35:27.052196,Berlin-9e38,35,59,Normal
2026-02-11 13:35:28.052196,Berlin-9e38,31,23,Normal
2026-02-11 13:35:29.052196,Berlin-9e38,-26,1,Normal
2026-02-11 13:35:30.052196,Berlin-9e38,50,78,Normal
2026-02-11 13:35:31.052196,Berlin-9e38,38,90,Normal
2026-02-11 13:35:32.052196,Berlin-9e38,-20,83,Normal
2026-02-11 13:35:33.052196,Berlin-9e38,13,74,Normal
2026-02-11 13:35:34.052196,Berlin-9e38,-15,85,Normal
2026-02-11 13:35:35.052196,Berlin-9e38,25,16,Normal
2026-02-11 13:35:36.052196,Berlin-9e38,-15,58,Normal
2026-02-11 13:35:37.052196,Berlin-9e38,-2,65,Normal
2026-02-11 13:35:38.052196,Berlin-9e38,-8,74,Normal
2026-02-11 13:35:39.052196,Berlin-9e38,-3,8,Normal
2026-02-11 13:35:40.052196,Berlin-9e38,-3,9,Normal
2026-02-11 13:35:41.052196,Berlin-9e38,-16,3,Normal
2026-02-11 13:35:42.052196,Berlin-9e38,-17,47,Normal
2026-02-11 13:35:43.052196,Berlin-9e38,12,85,Normal
2026-02-11 13:35:44.052196,Berlin-9e38,-18,67,Normal
2026-02-11 13:35:45.052196,Berlin-9e38,-29,51,Normal
2026-02-11 13:35:46.052196,Berlin-9e38,47,20,Normal
2026-02-11 13:35:47.052196,Berlin-9e38,35,93,Normal
2026-02-11 13:35:48.052196,Berlin-9e38,-11,65,Normal
2026-02-11 13:35:49.052196,Berlin-9e38,-27,23,Normal
2026-02-11 13:35:50.052196,Berlin-9e38,16,57,Normal
2026-02-11 13:35:51.052196,Berlin-9e38,43,81,Normal
2026-02-11 13:35:52.052196,Berlin-9e38,46,97,Normal
2026-02-11 13:35:53.052196,Berlin-9e38,7,3,Normal
2026-02-11 13:35:54.052196,Berlin-9e38,21,32,Normal
2026-02-11 13:35:55.052196,Berlin-9e38,41,52,Normal
2026-02-11 13:35:56.052196,Berlin-9e38,-23,30,Normal
2026-02-11 13:35:57.052196,Berlin-9e38,-19,93,Normal
2026-02-11 13:35:58.052196,Berlin-9e38,-24,89,Normal
2026-02-11 13:35:59.052196,Berlin-9e38,-18,62,Normal
2026-02-11 13:36:00.052196,Berlin-9e38,23,76,Normal
2026-02-11 13:36:01.052196,Berlin-9e38,-24,42,Normal
2026-02-11 13:36:02.052196,Berlin-9e38,31,90,Normal
2026-02-11 13:36:03.052196,Berlin-9e38,2,12,Normal
2026-02-11 13:36:04.052196,Berlin-9e38,9,64,Normal
2026-02-11 13:36:05.052196,Berlin-9e38,-6,17,Normal
2026-02-11 13:36:06.052196,Berlin-9e38,25,51,Normal
2026-02-11 13:36:07.052196,Berlin-9e38,23,65,Normal
2026-02-11 13:36:08.052196,Berlin-9e38,-29,71,Normal
2026-02-11 13:36:09.052196,Berlin-9e38,42,100,Normal
2026-02-11 13:36:10.052196,Berlin-9e38,23,45,Normal
2026-02-11 13:36:11.052196,Berlin-9e38,28,66,Normal
2026-02-11 13:36:12.052196,Berlin-9e38,-20,49,Normal
2026-02-11 13:36:13.052196,Berlin-9e38,14,66,Normal
2026-02-11 13:36:14.052196,Berlin-9e38,-23,8,Normal
2026-02-11 13:36:15.052196,Berlin-9e38,8,23,Normal
2026-02-11 13:36:16.052196,Berlin-9e38,-4,19,Normal
2026-02-11 13:36:17.052196,Berlin-9e38,24,98,Normal
2026-02-11 13:36:18.052196,Berlin-9e38,-9,79,Normal
2026-02-11 13:36:19.052196,Berlin-9e38,8,47,Normal
2026-02-11 13:36:20.052196,Berlin-9e38,-17,84,Normal
2026-02-11 13:36:21.052196,Berlin-9e38,-2,28,Normal
2026-02-11 13:36:22.052196,Berlin-9e38,26,56,Normal
2026-02-11 13:36:23.052196,Berlin-9e38,-18,14,Normal
2026-02-11 13:36:24.052196,Berlin-9e38,45,44,Normal
2026-02-11 13:36:25.052196,Berlin-9e38,-16,32,Normal
2026-02-11 13:36:26.052196,Berlin-9e38,3,42,Normal
2026-02-11 13:36:27.052196,Berlin-9e38,-18,81,Normal
2026-02-11 13:36:28.052196,Berlin-9e38,17,91,Normal
2026-02-11 13:36:29.052196,Berlin-9e38,12,80,Normal
2026-02-11 13:36:30.052196,Berlin-9e38,-24,26,Normal
2026-02-11 13:36:31.052196,Berlin-9e38,-1,14,Normal
2026-02-11 13:36:32.052196,Berlin-9e38,24,25,Normal
2026-02-11 13:36:33.052196,Berlin-9e38,45,76,Normal
2026-02-11 13:36:34.052196,Berlin-9e38,-14,40,Normal
2026-02-11 13:36:35.052196,Berlin-9e38,1,34,Normal
2026-02-11 13:36:36.052196,Berlin-9e38,34,51,Normal
2026-02-11 13:36:37.052196,Berlin-9e38,33,47,Normal
2026-02-11 13:36:38.052196,Berlin-9e38,-30,9,Normal
2026-02-11 13:36:39.052196,Berlin-9e38,46,19,Normal
2026-02-11 13:36:40.052196,Berlin-9e38,6,74,Normal
2026-02-11 13:36:41.052196,Berlin-9e38,-22,100,Normal
2026-02-11 13:36:42.052196,Berlin-9e38,35,82,Normal
2026-02-11 13:36:43.052196,Berlin-9e38,18,47,Normal
2026-02-11 13:36:44.052196,Berlin-9e38,-20,28,Normal
2026-02-11 13:36:45.052196,Berlin-9e38,45,20,Normal
2026-02-11 13:36:46.052196,Berlin-9e38,21,51,Normal
2026-02-11 13:36:47.052196,Berlin-9e38,13,89,Normal
2026-02-11 13:36:48.052196,Berlin-9e38,14,47,Normal
2026-02-11 13:36:49.052196,Berlin-9e38,45,70,Normal
2026-02-11 13:36:50.052196,Berlin-9e38,5,14,Normal
2026-02-11 13:36:51.052196,Berlin-9e38,13,78,Normal
2026-02-11 13:36:52.052196,Berlin-9e38,32,90,Normal
2026-02-11 13:36:53.052196,Berlin-9e38,-2,24,Normal
2026-02-11 13:36:54.052196,Berlin-9e38,45,85,Normal
2026-02-11 13:36:55.052196,Berlin-9e38,17,67,Normal
2026-02-11 13:36:56.052196,Berlin-9e38,1,14,Normal
2026-02-11 13:36:57.052196,Berlin-9e38,16,26,Normal
2026-02-11 13:36:58.052196,Berlin-9e38,49,53,Normal
2026-02-11 13:36:59.052196,Berlin-9e38,27,27,Normal
2026-02-11 13:37:00.052196,Berlin-9e38,39,26,Normal
2026-02-11 13:37:01.052196,Berlin-9e38,14,69,Normal
2026-02-11 13:37:02.052196,Berlin-9e38,1,92,Normal
2026-02-11 13:37:03.052196,Berlin-9e38,-17,50,Normal
2026-02-11 13:37:04.052196,Berlin-9e38,-10,12,Normal
2026-02-11 13:37:05.052196,Berlin-9e38,2,65,Normal
2026-02-11 13:37:06.052196,Berlin-9e38,-10,19,Normal
2026-02-11 13:37:07.052196,Berlin-9e38,10,87,Normal
2026-02-11 13:37:08.052196,Berlin-9e38,-2,56,Normal
2026-02-11 13:37:09.052196,Berlin-9e38,24,53,Normal
2026-02-11 13:37:10.052196,Berlin-9e38,-13,34,Normal
2026-02-11 13:37:11.052196,Berlin-9e38,34,4,Normal
2026-02-11 13:37:12.052196,Berlin-9e38,8,54,Normal
2026-02-11 13:37:13.052196,Berlin-9e38,22,69,Normal
2026-02-11 13:37:14.052196,Berlin-9e38,21,25,Normal
2026-02-11 13:37:15.052196,Berlin-9e38,10,11,Normal
2026-02-11 13:37:16.052196,Berlin-9e38,-9,46,Normal
2026-02-11 13:37:17.052196,Berlin-9e38,-6,14,Normal
2026-02-11 13:37:18.052196,Berlin-9e38,-19,69,Normal
2026-02-11 13:37:19.052196,Berlin-9e38,-12,26,Normal
2026-02-11 13:37:20.052196,Berlin-9e38,-23,40,Normal
2026-02-11 13:37:21.052196,Berlin-9e38,24,55,Normal
2026-02-11 13:37:22.052196,Berlin-9e38,1,94,Normal
2026-02-11 13:37:23.052196,Berlin-9e38,44,57,Normal
2026-02-11 13:37:24.052196,Berlin-9e38,-4,25,Normal
2026-02-11 13:37:25.052196,Berlin-9e38,15,60,Normal
2026-02-11 13:37:26.052196,Berlin-9e38,-6,46,Normal
2026-02-11 13:37:27.052196,Berlin-9e38,-20,3,Normal
2026-02-11 13:37:28.052196,Berlin-9e38,10,91,Normal
2026-02-11 13:37:29.052196,Berlin-9e38,-30,63,Normal
2026-02-11 13:37:30.052196,Berlin-9e38,30,92,Normal
2026-02-11 13:37:31.052196,Berlin-9e38,35,85,Normal
2026-02-11 13:37:32.052196,Berlin-9e38,10,25,Normal
2026-02-11 13:37:33.052196,Berlin-9e38,33,32,Normal
2026-02-11 13:37:34.052196,Berlin-9e38,-19,76,Normal
2026-02-11 13:37:35.052196,Berlin-9e38,22,82,Normal
2026-02-11 13:37:36.052196,Berlin-9e38,9,47,Normal
2026-02-11 13:37:37.052196,Berlin-9e38,15,11,Normal
2026-02-11 13:37:38.052196,Berlin-9e38,-24,25,Normal
2026-02-11 13:37:39.052196,Berlin-9e38,-21,82,Normal
2026-02-11 13:37:40.052196,Berlin-9e38,32,51,Normal
2026-02-11 13:37:41.052196,Berlin-9e38,20,39,Normal
2026-02-11 13:37:42.052196,Berlin-9e38,-14,65,Normal
2026-02-11 13:37:43.052196,Berlin-9e38,-21,78,Normal
2026-02-11 13:37:44.052196,Berlin-9e38,-7,55,Normal
2026-02-11 13:37:45.052196,Berlin-9e38,31,79,Normal
2026-02-11 13:37:46.052196,Berlin-9e38,19,26,Normal
2026-02-11 13:37:47.052196,Berlin-9e38,15,21,Normal
2026-02-11 13:37:48.052196,Berlin-9e38,42,87,Normal
2026-02-11 13:37:49.052196,Berlin-9e38,-3,100,Normal
2026-02-11 13:37:50.052196,Berlin-9e38,0,7,Normal
2026-02-11 13:37:51.052196,Berlin-9e38,31,96,Normal
2026-02-11 13:37:52.052196,Berlin-9e38,-26,12,Normal
2026-02-11 13:37:53.052196,Berlin-9e38,-3,9,Normal
2026-02-11 13:37:54.052196,Berlin-9e38,5,27,Normal
2026-02-11 13:37:55.052196,Berlin-9e38,-12,17,Normal
2026-02-11 13:37:56.052196,Berlin-9e38,-10,60,Normal
2026-02-11 13:37:57.052196,Berlin-9e38,50,21,Normal
2026-02-11 13:37:58.052196,Berlin-9e38,-26,51,Normal
2026-02-11 13:37:59.052196,Berlin-9e38,30,78,Normal
2026-02-11 13:38:00.052196,Berlin-9e38,6,58,Normal
2026-02-11 13:38:01.052196,Berlin-9e38,-22,35,Normal
2026-02-11 13:38:02.052196,Berlin-9e38,48,95,Normal
2026-02-11 13:38:03.052196,Berlin-9e38,49,31,Normal
2026-02-11 13:38:04.052196,Berlin-9e38,35,38,Normal
2026-02-11 13:38:05.052196,Berlin-9e38,21,4,Normal
2026-02-11 13:38:06.052196,Berlin-9e38,4,18,Normal
2026-02-11 13:38:07.052196,Berlin-9e38,48,24,Normal
2026-02-11 13:38:08.052196,Berlin-9e38,18,13,Normal
2026-02-11 13:38:09.052196,Berlin-9e38,13,42,Normal
2026-02-11 13:38:10.052196,Berlin-9e38,-29,63,Normal
2026-02-11 13:38:11.052196,Berlin-9e38,45,53,Normal
2026-02-11 13:38:12.052196,Berlin-9e38,23,73,Normal
2026-02-11 13:38:13.052196,Berlin-9e38,0,51,Normal
2026-02-11 13:38:14.052196,Berlin-9e38,17,38,Normal
2026-02-11 13:38:15.052196,Berlin-9e38,33,29,Normal
2026-02-11 13:38:16.052196,Berlin-9e38,9,55,Normal
2026-02-11 13:38:17.052196,Berlin-9e38,48,50,Normal
2026-02-11 13:38:18.052196,Berlin-9e38,44,36,Normal
2026-02-11 13:38:19.052196,Berlin-9e38,-22,1,Normal
2026-02-11 13:38:20.052196,Berlin-9e38,8,1,Normal
2026-02-11 13:38:21.052196,Berlin-9e38,28,84,Normal
2026-02-11 13:38:22.052196,Berlin-9e38,35,63,Normal
2026-02-11 13:38:23.052196,Berlin-9e38,15,39,Normal
2026-02-11 13:38:24.052196,Berlin-9e38,39,94,Normal
2026-02-11 13:38:25.052196,Berlin-9e38,9,94,Normal
2026-02-11 13:38:26.052196,Berlin-9e38,33,96,Normal
2026-02-11 13:38:27.052196,Berlin-9e38,9,96,Normal
2026-02-11 13:38:28.052196,Berlin-9e38,5,79,Normal
2026-02-11 13:38:29.052196,Berlin-9e38,5,59,Normal
2026-02-11 13:38:30.052196,Berlin-9e38,11,76,Normal
2026-02-11 13:38:31.052196,Berlin-9e38,-9,19,Normal
2026-02-11 13:38:32.052196,Berlin-9e38,-10,71,Normal
2026-02-11 13:38:33.052196,Berlin-9e38,13,41,Normal
2026-02-11 13:38:34.052196,Berlin-9e38,17,44,Normal
2026-02-11 13:38:35.052196,Berlin-9e38,-13,65,Normal
2026-02-11 13:38:36.052196,Berlin-9e38,-29,39,Normal
2026-02-11 13:38:37.052196,Berlin-9e38,-29,97,Normal
2026-02-11 13:38:38.052196,Berlin-9e38,47,47,Normal
2026-02-11 13:38:39.052196,Berlin-9e38,39,78,Normal
2026-02-11 13:38:40.052196,Berlin-9e38,-6,82,Normal
2026-02-11 13:38:41.052196,Berlin-9e38,30,84,Normal
2026-02-11 13:38:42.052196,Berlin-9e38,48,22,Normal
2026-02-11 13:38:43.052196,Berlin-9e38,-12,89,Normal
2026-02-11 13:38:44.052196,Berlin-9e38,45,14,Normal
2026-02-11 13:38:45.052196,Berlin-9e38,34,16,Normal
2026-02-11 13:38:46.052196,Berlin-9e38,12,94,Normal
2026-02-11 13:38:47.052196,Berlin-9e38,9,21,Normal
2026-02-11 13:38:48.052196,Berlin-9e38,-2,86,Normal
2026-02-11 13:38:49.052196,Berlin-9e38,37,52,Normal
2026-02-11 13:38:50.052196,Berlin-9e38,22,93,Normal
2026-02-11 13:38:51.052196,Berlin-9e38,-14,84,Normal
2026-02-11 13:38:52.052196,Berlin-9e38,-13,29,Normal
2026-02-11 13:38:53.052196,Berlin-9e38,-6,81,Normal
2026-02-11 13:38:54.052196,Berlin-9e38,-9,39,Normal
2026-02-11 13:38:55.052196,Berlin-9e38,-18,81,Normal
2026-02-11 13:38:56.052196,Berlin-9e38,11,66,Normal
2026-02-11 13:38:57.052196,Berlin-9e38,-12,2,Normal
2026-02-11 13:38:58.052196,Berlin-9e38,-18,78,Normal
2026-02-11 13:38:59.052196,Berlin-9e38,-1,63,Normal
2026-02-11 13:39:00.052196,Berlin-9e38,49,64,Normal
2026-02-11 13:39:01.052196,Berlin-9e38,-11,19,Normal
2026-02-11 13:39:02.052196,Berlin-9e38,40,99,Normal
2026-02-11 13:39:03.052196,Berlin-9e38,7,96,Normal
2026-02-11 13:39:04.052196,Berlin-9e38,12,36,Normal
2026-02-11 13:39:05.052196,Berlin-9e38,-26,52,Normal
2026-02-11 13:39:06.052196,Berlin-9e38,-4,66,Normal
2026-02-11 13:39:07.052196,Berlin-9e38,-30,96,Normal
2026-02-11 13:39:08.052196,Berlin-9e38,15,64,Normal
2026-02-11 13:39:09.052196,Berlin-9e38,-15,28,Normal
2026-02-11 13:39:10.052196,Berlin-9e38,30,69,Normal
2026-02-11 13:39:11.052196,Berlin-9e38,-5,67,Normal
2026-02-11 13:39:12.052196,Berlin-9e38,-10,91,Normal
2026-02-11 13:39:13.052196,Berlin-9e38,21,78,Normal
2026-02-11 13:39:14.052196,Berlin-9e38,17,30,Normal
2026-02-11 13:39:15.052196,Berlin-9e38,19,27,Normal
2026-02-11 13:39:16.052196,Berlin-9e38,-28,77,Normal
2026-02-11 13:39:17.052196,Berlin-9e38,-23,37,Normal
2026-02-11 13:39:18.052196,Berlin-9e38,-9,40,Normal
2026-02-11 13:39:19.052196,Berlin-9e38,30,10,Normal
2026-02-11 13:39:20.052196,Berlin-9e38,45,90,Normal
2026-02-11 13:39:21.052196,Berlin-9e38,17,43,Normal
2026-02-11 13:39:22.052196,Berlin-9e38,40,20,Normal
2026-02-11 13:39:23.052196,Berlin-9e38,10,52,Normal
2026-02-11 13:39:24.052196,Berlin-9e38,-12,41,Normal
2026-02-11 13:39:25.052196,Berlin-9e38,18,30,Normal
2026-02-11 13:39:26.052196,Berlin-9e38,26,14,Normal
2026-02-11 13:39:27.052196,Berlin-9e38,43,99,Normal
2026-02-11 13:39:28.052196,Berlin-9e38,37,24,Normal
2026-02-11 13:39:29.052196,Berlin-9e38,-12,55,Normal
2026-02-11 13:39:30.052196,Berlin-9e38,34,76,Normal
2026-02-11 13:39:31.052196,Berlin-9e38,-6,79,Normal
2026-02-11 13:39:32.052196,Berlin-9e38,13,17,Normal
2026-02-11 13:39:33.052196,Berlin-9e38,26,73,Normal
2026-02-11 13:39:34.052196,Berlin-9e38,15,10,Normal
2026-02-11 13:39:35.052196,Berlin-9e38,-16,80,Normal
2026-02-11 13:39:36.052196,Berlin-9e38,45,7,Normal
2026-02-11 13:39:37.052196,Berlin-9e38,-8,6,Normal
2026-02-11 13:39:38.052196,Berlin-9e38,-26,87,Normal
2026-02-11 13:39:39.052196,Berlin-9e38,25,49,Normal
2026-02-11 13:39:40.052196,Berlin-9e38,20,0,Normal
2026-02-11 13:39:41.052196,Berlin-9e38,21,42,Normal
2026-02-11 13:39:42.052196,Berlin-9e38,39,93,Normal
2026-02-11 13:39:43.052196,Berlin-9e38,-20,97,Normal
2026-02-11 13:39:44.052196,Berlin-9e38,-18,39,Normal
2026-02-11 13:39:45.052196,Berlin-9e38,45,67,Normal
2026-02-11 13:39:46.052196,Berlin-9e38,-30,37,Normal
2026-02-11 13:39:47.052196,Berlin-9e38,-22,5,Normal
2026-02-11 13:39:48.052196,Berlin-9e38,-1,24,Normal
2026-02-11 13:39:49.052196,Berlin-9e38,15,28,Normal
2026-02-11 13:39:50.052196,Berlin-9e38,18,51,Normal
2026-02-11 13:39:51.052196,Berlin-9e38,44,8,Normal
2026-02-11 13:39:52.052196,Berlin-9e38,-27,6,Normal
2026-02-11 13:39:53.052196,Berlin-9e38,-1,49,Normal
2026-02-11 13:39:54.052196,Berlin-9e38,40,16,Normal
2026-02-11 13:39:55.052196,Berlin-9e38,32,8,Normal
2026-02-11 13:39:56.052196,Berlin-9e38,42,22,Normal
2026-02-11 13:39:57.052196,Berlin-9e38,2,70,Normal
2026-02-11 13:39:58.052196,Berlin-9e38,-4,64,Normal
2026-02-11 13:39:59.052196,Berlin-9e38,22,60,Normal
2026-02-11 13:40:00.052196,Berlin-9e38,-27,66,Normal
2026-02-11 13:40:01.052196,Berlin-9e38,-26,12,Normal
2026-02-11 13:40:02.052196,Berlin-9e38,-23,42,Normal
2026-02-11 13:40:03.052196,Berlin-9e38,24,68,Normal
2026-02-11 13:40:04.052196,Berlin-9e38,-7,67,Normal
2026-02-11 13:40:05.052196,Berlin-9e38,9,75,Normal
2026-02-11 13:40:06.052196,Berlin-9e38,-10,77,Normal
2026-02-11 13:40:07.052196,Berlin-9e38,29,58,Normal
2026-02-11 13:40:08.052196,Berlin-9e38,46,69,Normal
2026-02-11 13:40:09.052196,Berlin-9e38,-26,92,Normal
2026-02-11 13:40:10.052196,Berlin-9e38,12,24,Normal
2026-02-11 13:40:11.052196,Berlin-9e38,20,58,Normal
2026-02-11 13:40:12.052196,Berlin-9e38,15,96,Normal
2026-02-11 13:40:13.052196,Berlin-9e38,19,62,Normal
2026-02-11 13:40:14.052196,Berlin-9e38,6,10,Normal
2026-02-11 13:40:15.052196,Berlin-9e38,-5,35,Normal
2026-02-11 13:40:16.052196,Berlin-9e38,29,82,Normal
2026-02-11 13:40:17.052196,Berlin-9e38,-11,95,Normal
2026-02-11 13:40:18.052196,Berlin-9e38,13,54,Normal
2026-02-11 13:40:19.052196,Berlin-9e38,34,54,Normal
2026-02-11 13:40:20.052196,Berlin-9e38,-13,1,Normal
2026-02-11 13:40:21.052196,Berlin-9e38,38,88,Normal
2026-02-11 13:40:22.052196,Berlin-9e38,31,67,Normal
2026-02-11 13:40:23.052196,Berlin-9e38,-20,85,Normal
2026-02-11 13:40:24.052196,Berlin-9e38,23,3,Normal
2026-02-11 13:40:25.052196,Berlin-9e38,49,17,Normal
2026-02-11 13:40:26.052196,Berlin-9e38,8,81,Normal
2026-02-11 13:40:27.052196,Berlin-9e38,30,3,Normal
2026-02-11 13:40:28.052196,Berlin-9e38,29,73,Normal
2026-02-11 13:40:29.052196,Berlin-9e38,-13,1,Normal
2026-02-11 13:40:30.052196,Berlin-9e38,2,41,Normal
2026-02-11 13:40:31.052196,Berlin-9e38,47,42,Normal
2026-02-11 13:40:32.052196,Berlin-9e38,-16,67,Normal
2026-02-11 13:40:33.052196,Berlin-9e38,4,86,Normal
2026-02-11 13:40:34.052196,Berlin-9e38,-6,29,Normal
2026-02-11 13:40:35.052196,Berlin-9e38,-28,72,Normal
2026-02-11 13:40:36.052196,Berlin-9e38,-7,24,Normal
2026-02-11 13:40:37.052196,Berlin-9e38,1,11,Normal
2026-02-11 13:40:38.052196,Berlin-9e38,34,40,Normal
2026-02-11 13:40:39.052196,Berlin-9e38,20,60,Normal
2026-02-11 13:40:40.052196,Berlin-9e38,-17,7,Normal
2026-02-11 13:40:41.052196,Berlin-9e38,32,85,Normal
2026-02-11 13:40:42.052196,Berlin-9e38,-2,15,Normal
2026-02-11 13:40:43.052196,Berlin-9e38,-6,59,Normal
2026-02-11 13:40:44.052196,Berlin-9e38,30,62,Normal
2026-02-11 13:40:45.052196,Berlin-9e38,2,92,Normal
2026-02-11 13:40:46.052196,Berlin-9e38,41,100,Normal
2026-02-11 13:40:47.052196,Berlin-9e38,-8,60,Normal
2026-02-11 13:40:48.052196,Berlin-9e38,16,68,Normal
2026-02-11 13:40:49.052196,Berlin-9e38,-17,14,Normal
2026-02-11 13:40:50.052196,Berlin-9e38,14,91,Normal
2026-02-11 13:40:51.052196,Berlin-9e38,-27,7,Normal
2026-02-11 13:40:52.052196,Berlin-9e38,27,85,Normal
2026-02-11 13:40:53.052196,Berlin-9e38,29,15,Normal
2026-02-11 13:40:54.052196,Berlin-9e38,-20,2,Normal
2026-02-11 13:40:55.052196,Berlin-9e38,42,94,Normal
2026-02-11 13:40:56.052196,Berlin-9e38,38,6,Normal
2026-02-11 13:40:57.052196,Berlin-9e38,43,1,Normal
2026-02-11 13:40:58.052196,Berlin-9e38,-26,72,Normal
2026-02-11 13:40:59.052196,Berlin-9e38,10,16,Normal
2026-02-11 13:41:00.052196,Berlin-9e38,45,3,Normal
2026-02-11 13:41:01.052196,Berlin-9e38,25,6,Normal
2026-02-11 13:41:02.052196,Berlin-9e38,26,12,Normal
2026-02-11 13:41:03.052196,Berlin-9e38,-15,72,Normal
2026-02-11 13:41:04.052196,Berlin-9e38,-24,39,Normal
2026-02-11 13:41:05.052196,Berlin-9e38,28,95,Normal
2026-02-11 13:41:06.052196,Berlin-9e38,50,82,Normal
2026-02-11 13:41:07.052196,Berlin-9e38,-16,12,Normal
2026-02-11 13:41:08.052196,Berlin-9e38,-5,19,Normal
2026-02-11 13:41:09.052196,Berlin-9e38,-26,7,Normal
2026-02-11 13:41:10.052196,Berlin-9e38,-18,19,Normal
2026-02-11 13:41:11.052196,Berlin-9e38,44,32,Normal
2026-02-11 13:41:12.052196,Berlin-9e38,14,66,Normal
2026-02-11 13:41:13.052196,Berlin-9e38,-6,85,Normal
2026-02-11 13:41:14.052196,Berlin-9e38,-28,83,Normal
2026-02-11 13:41:15.052196,Berlin-9e38,33,55,Normal
2026-02-11 13:41:16.052196,Berlin-9e38,23,28,Normal
2026-02-11 13:41:17.052196,Berlin-9e38,-21,88,Normal
2026-02-11 13:41:18.052196,Berlin-9e38,-22,17,Normal
2026-02-11 13:41:19.052196,Berlin-9e38,50,33,Normal
2026-02-11 13:41:20.052196,Berlin-9e38,14,78,Normal
2026-02-11 13:41:21.052196,Berlin-9e38,2,7,Normal
2026-02-11 13:41:22.052196,Berlin-9e38,36,87,Normal
2026-02-11 13:41:23.052196,Berlin-9e38,-30,58,Normal
2026-02-11 13:41:24.052196,Berlin-9e38,-18,2,Normal
2026-02-11 13:41:25.052196,Berlin-9e38,30,97,Normal
2026-02-11 13:41:26.052196,Berlin-9e38,8,59,Normal
2026-02-11 13:41:27.052196,Berlin-9e38,48,51,Normal
2026-02-11 13:41:28.052196,Berlin-9e38,-17,44,Normal
2026-02-11 13:41:29.052196,Berlin-9e38,26,19,Normal
2026-02-11 13:41:30.052196,Berlin-9e38,-11,47,Normal
2026-02-11 13:41:31.052196,Berlin-9e38,13,74,Normal
2026-02-11 13:41:32.052196,Berlin-9e38,12,40,Normal
2026-02-11 13:41:33.052196,Berlin-9e38,21,57,Normal
2026-02-11 13:41:34.052196,Berlin-9e38,6,69,Normal
2026-02-11 13:41:35.052196,Berlin-9e38,1,26,Normal
2026-02-11 13:41:36.052196,Berlin-9e38,46,11,Normal
2026-02-11 13:41:37.052196,Berlin-9e38,-6,97,Normal
2026-02-11 13:41:38.052196,Berlin-9e38,48,28,Normal
2026-02-11 13:41:39.052196,Berlin-9e38,19,94,Normal
2026-02-11 13:41:40.052196,Berlin-9e38,-17,48,Normal
2026-02-11 13:41:41.052196,Berlin-9e38,15,17,Normal
2026-02-11 13:41:42.052196,Berlin-9e38,49,91,Normal
2026-02-11 13:41:43.052196,Berlin-9e38,-16,41,Normal
2026-02-11 13:41:44.052196,Berlin-9e38,24,66,Normal
2026-02-11 13:41:45.052196,Berlin-9e38,-27,11,Normal
2026-02-11 13:41:46.052196,Berlin-9e38,20,95,Normal
2026-02-11 13:41:47.052196,Berlin-9e38,-7,34,Normal
2026-02-11 13:41:48.052196,Berlin-9e38,-19,31,Normal
2026-02-11 13:41:49.052196,Berlin-9e38,24,59,Normal
2026-02-11 13:41:50.052196,Berlin-9e38,-9,27,Normal
2026-02-11 13:41:51.052196,Berlin-9e38,47,25,Normal
2026-02-11 13:41:52.052196,Berlin-9e38,47,64,Normal
2026-02-11 13:41:53.052196,Berlin-9e38,-29,57,Normal
2026-02-11 13:41:54.052196,Berlin-9e38,8,78,Normal
2026-02-11 13:41:55.052196,Berlin-9e38,-24,78,Normal
2026-02-11 13:41:56.052196,Berlin-9e38,28,23,Normal
2026-02-11 13:41:57.052196,Berlin-9e38,-30,54,Normal
2026-02-11 13:41:58.052196,Berlin-9e38,12,78,Normal
2026-02-11 13:41:59.052196,Berlin-9e38,-3,56,Normal
2026-02-11 13:42:00.052196,Berlin-9e38,-15,2,Normal
2026-02-11 13:42:01.052196,Berlin-9e38,32,96,Normal
2026-02-11 13:42:02.052196,Berlin-9e38,-7,93,Normal
2026-02-11 13:42:03.052196,Berlin-9e38,31,37,Normal
2026-02-11 13:42:04.052196,Berlin-9e38,-19,98,Normal
2026-02-11 13:42:05.052196,Berlin-9e38,9,5,Normal
2026-02-11 13:42:06.052196,Berlin-9e38,17,97,Normal
2026-02-11 13:42:07.052196,Berlin-9e38,-12,86,Normal
2026-02-11 13:42:08.052196,Berlin-9e38,-25,6,Normal
2026-02-11 13:42:09.052196,Berlin-9e38,38,14,Normal
2026-02-11 13:42:10.052196,Berlin-9e38,1,63,Normal
2026-02-11 13:42:11.052196,Berlin-9e38,-21,98,Normal
2026-02-11 13:42:12.052196,Berlin-9e38,12,35,Normal
2026-02-11 13:42:13.052196,Berlin-9e38,25,23,Normal
2026-02-11 13:42:14.052196,Berlin-9e38,14,28,Normal
2026-02-11 13:42:15.052196,Berlin-9e38,11,84,Normal
2026-02-11 13:42:16.052196,Berlin-9e38,-26,72,Normal
2026-02-11 13:42:17.052196,Berlin-9e38,14,81,Normal
2026-02-11 13:42:18.052196,Berlin-9e38,19,66,Normal
2026-02-11 13:42:19.052196,Berlin-9e38,24,30,Normal
2026-02-11 13:42:20.052196,Berlin-9e38,34,13,Normal
2026-02-11 13:42:21.052196,Berlin-9e38,-26,86,Normal
2026-02-11 13:42:22.052196,Berlin-9e38,-12,11,Normal
2026-02-11 13:42:23.052196,Berlin-9e38,43,79,Normal
2026-02-11 13:42:24.052196,Berlin-9e38,22,63,Normal
2026-02-11 13:42:25.052196,Berlin-9e38,-7,80,Normal
2026-02-11 13:42:26.052196,Berlin-9e38,8,6,Normal
2026-02-11 13:42:27.052196,Berlin-9e38,12,27,Normal
2026-02-11 13:42:28.052196,Berlin-9e38,8,72,Normal
2026-02-11 13:42:29.052196,Berlin-9e38,31,54,Normal
2026-02-11 13:42:30.052196,Berlin-9e38,-28,37,Normal
2026-02-11 13:42:31.052196,Berlin-9e38,42,61,Normal
2026-02-11 13:42:32.052196,Berlin-9e38,13,20,Normal
2026-02-11 13:42:33.052196,Berlin-9e38,2,91,Normal
2026-02-11 13:42:34.052196,Berlin-9e38,-7,71,Normal
2026-02-11 13:42:35.052196,Berlin-9e38,10,92,Normal
2026-02-11 13:42:36.052196,Berlin-9e38,39,33,Normal
2026-02-11 13:42:37.052196,Berlin-9e38,-8,96,Normal
2026-02-11 13:42:38.052196,Berlin-9e38,-26,65,Normal
2026-02-11 13:42:39.052196,Berlin-9e38,19,11,Normal
2026-02-11 13:42:40.052196,Berlin-9e38,-9,45,Normal
2026-02-11 13:42:41.052196,Berlin-9e38,4,52,Normal
2026-02-11 13:42:42.052196,Berlin-9e38,22,79,Normal
2026-02-11 13:42:43.052196,Berlin-9e38,-26,23,Normal
2026-02-11 13:42:44.052196,Berlin-9e38,0,35,Normal
2026-02-11 13:42:45.052196,Berlin-9e38,-17,58,Normal
2026-02-11 13:42:46.052196,Berlin-9e38,11,14,Normal
2026-02-11 13:42:47.052196,Berlin-9e38,20,15,Normal
2026-02-11 13:42:48.052196,Berlin-9e38,22,45,Normal
2026-02-11 13:42:49.052196,Berlin-9e38,-14,21,Normal
2026-02-11 13:42:50.052196,Berlin-9e38,44,10,Normal
2026-02-11 13:42:51.052196,Berlin-9e38,45,40,Normal
2026-02-11 13:42:52.052196,Berlin-9e38,-12,60,Normal
2026-02-11 13:42:53.052196,Berlin-9e38,11,51,Normal
2026-02-11 13:42:54.052196,Berlin-9e38,-14,8,Normal
2026-02-11 13:42:55.052196,Berlin-9e38,43,61,Normal
2026-02-11 13:42:56.052196,Berlin-9e38,33,60,Normal
2026-02-11 13:42:57.052196,Berlin-9e38,47,34,Normal
2026-02-11 13:42:58.052196,Berlin-9e38,-23,17,Normal
2026-02-11 13:42:59.052196,Berlin-9e38,-12,71,Normal
2026-02-11 13:43:00.052196,Berlin-9e38,-8,39,Normal
2026-02-11 13:43:01.052196,Berlin-9e38,-12,12,Normal
2026-02-11 13:43:02.052196,Berlin-9e38,-19,95,Normal
2026-02-11 13:43:03.052196,Berlin-9e38,24,31,Normal
2026-02-11 13:43:04.052196,Berlin-9e38,-22,84,Normal
2026-02-11 13:43:05.052196,Berlin-9e38,16,64,Normal
2026-02-11 13:43:06.052196,Berlin-9e38,10,49,Normal
2026-02-11 13:43:07.052196,Berlin-9e38,-28,0,Normal
2026-02-11 13:43:08.052196,Berlin-9e38,-12,4,Normal
2026-02-11 13:43:09.052196,Berlin-9e38,6,42,Normal
2026-02-11 13:43:10.052196,Berlin-9e38,7,38,Normal
2026-02-11 13:43:11.052196,Berlin-9e38,-2,93,Normal
2026-02-11 13:43:12.052196,Berlin-9e38,-7,89,Normal
2026-02-11 13:43:13.052196,Berlin-9e38,-9,75,Normal
2026-02-11 13:43:14.052196,Berlin-9e38,1,18,Normal
2026-02-11 13:43:15.052196,Berlin-9e38,50,82,Normal
2026-02-11 13:43:16.052196,Berlin-9e38,-27,16,Normal
2026-02-11 13:43:17.052196,Berlin-9e38,-1,88,Normal
2026-02-11 13:43:18.052196,Berlin-9e38,1,85,Normal
2026-02-11 13:43:19.052196,Berlin-9e38,49,61,Normal
2026-02-11 13:43:20.052196,Berlin-9e38,45,36,Normal
2026-02-11 13:43:21.052196,Berlin-9e38,-14,85,Normal
2026-02-11 13:43:22.052196,Berlin-9e38,28,74,Normal
2026-02-11 13:43:23.052196,Berlin-9e38,-24,27,Normal
2026-02-11 13:43:24.052196,Berlin-9e38,-27,58,Normal
2026-02-11 13:43:25.052196,Berlin-9e38,21,58,Normal
2026-02-11 13:43:26.052196,Berlin-9e38,-12,68,Normal
2026-02-11 13:43:27.052196,Berlin-9e38,-15,57,Normal
2026-02-11 13:43:28.052196,Berlin-9e38,37,53,Normal
2026-02-11 13:43:29.052196,Berlin-9e38,-19,41,Normal
2026-02-11 13:43:30.052196,Berlin-9e38,-24,78,Normal
2026-02-11 13:43:31.052196,Berlin-9e38,-11,84,Normal
2026-02-11 13:43:32.052196,Berlin-9e38,-20,22,Normal
2026-02-11 13:43:33.052196,Berlin-9e38,24,23,Normal
2026-02-11 13:43:34.052196,Berlin-9e38,29,37,Normal
2026-02-11 13:43:35.052196,Berlin-9e38,-29,3,Normal
2026-02-11 13:43:36.052196,Berlin-9e38,9,28,Normal
2026-02-11 13:43:37.052196,Berlin-9e38,47,11,Normal
2026-02-11 13:43:38.052196,Berlin-9e38,-29,93,Normal
2026-02-11 13:43:39.052196,Berlin-9e38,-14,14,Normal
2026-02-11 13:43:40.052196,Berlin-9e38,-21,66,Normal
2026-02-11 13:43:41.052196,Berlin-9e38,-1,86,Normal
2026-02-11 13:43:42.052196,Berlin-9e38,-4,46,Normal
2026-02-11 13:43:43.052196,Berlin-9e38,15,33,Normal
2026-02-11 13:43:44.052196,Berlin-9e38,-28,22,Normal
2026-02-11 13:43:45.052196,Berlin-9e38,41,36,Normal
2026-02-11 13:43:46.052196,Berlin-9e38,17,62,Normal
2026-02-11 13:43:47.052196,Berlin-9e38,43,32,Normal
2026-02-11 13:43:48.052196,Berlin-9e38,20,83,Normal
2026-02-11 13:43:49.052196,Berlin-9e38,29,2,Normal
2026-02-11 13:43:50.052196,Berlin-9e38,-2,22,Normal
2026-02-11 13:43:51.052196,Berlin-9e38,-28,6,Normal
2026-02-11 13:43:52.052196,Berlin-9e38,23,66,Normal
2026-02-11 13:43:53.052196,Berlin-9e38,27,77,Normal
2026-02-11 13:43:54.052196,Berlin-9e38,-19,8,Normal
2026-02-11 13:43:55.052196,Berlin-9e38,-7,79,Normal
2026-02-11 13:43:56.052196,Berlin-9e38,-30,71,Normal
2026-02-11 13:43:57.052196,Berlin-9e38,-23,9,Normal
2026-02-11 13:43:58.052196,Berlin-9e38,9,99,Normal
2026-02-11 13:43:59.052196,Berlin-9e38,26,5,Normal
2026-02-11 13:44:00.052196,Berlin-9e38,10,12,Normal
2026-02-11 13:44:01.052196,Berlin-9e38,3,82,Normal
2026-02-11 13:44:02.052196,Berlin-9e38,41,88,Normal
2026-02-11 13:44:03.052196,Berlin-9e38,-3,50,Normal
2026-02-11 13:44:04.052196,Berlin-9e38,12,30,Normal
2026-02-11 13:44:05.052196,Berlin-9e38,38,84,Normal
2026-02-11 13:44:06.052196,Berlin-9e38,-10,9,Normal
2026-02-11 13:44:07.052196,Berlin-9e38,11,21,Normal
2026-02-11 13:44:08.052196,Berlin-9e38,-1,85,Normal
2026-02-11 13:44:09.052196,Berlin-9e38,36,48,Normal
2026-02-11 13:44:10.052196,Berlin-9e38,50,36,Normal
2026-02-11 13:44:11.052196,Berlin-9e38,40,63,Normal
2026-02-11 13:44:12.052196,Berlin-9e38,-12,29,Normal
2026-02-11 13:44:13.052196,Berlin-9e38,-7,55,Normal
2026-02-11 13:44:14.052196,Berlin-9e38,35,24,Normal
2026-02-11 13:44:15.052196,Berlin-9e38,-24,33,Normal
2026-02-11 13:44:16.052196,Berlin-9e38,-5,100,Normal
2026-02-11 13:44:17.052196,Berlin-9e38,-14,67,Normal
2026-02-11 13:44:18.052196,Berlin-9e38,28,41,Normal
2026-02-11 13:44:19.052196,Berlin-9e38,37,67,Normal
2026-02-11 13:44:20.052196,Berlin-9e38,11,3,Normal
2026-02-11 13:44:21.052196,Berlin-9e38,-4,90,Normal
2026-02-11 13:44:22.052196,Berlin-9e38,-30,85,Normal
2026-02-11 13:44:23.052196,Berlin-9e38,-7,75,Normal
2026-02-11 13:44:24.052196,Berlin-9e38,13,25,Normal
2026-02-11 13:44:25.052196,Berlin-9e38,-25,22,Normal
2026-02-11 13:44:26.052196,Berlin-9e38,3,33,Normal
2026-02-11 13:44:27.052196,Berlin-9e38,-9,78,Normal
2026-02-11 13:44:28.052196,Berlin-9e38,-24,53,Normal
2026-02-11 13:44:29.052196,Berlin-9e38,41,57,Normal
2026-02-11 13:44:30.052196,Berlin-9e38,31,6,Normal
2026-02-11 13:44:31.052196,Berlin-9e38,20,81,Normal
2026-02-11 13:44:32.052196,Berlin-9e38,40,35,Normal
2026-02-11 13:44:33.052196,Berlin-9e38,20,8,Normal
2026-02-11 13:44:34.052196,Berlin-9e38,18,68,Normal
2026-02-11 13:44:35.052196,Berlin-9e38,31,45,Normal
2026-02-11 13:44:36.052196,Berlin-9e38,-17,50,Normal
2026-02-11 13:44:37.052196,Berlin-9e38,13,32,Normal
2026-02-11 13:44:38.052196,Berlin-9e38,-3,66,Normal
2026-02-11 13:44:39.052196,Berlin-9e38,-4,3,Normal
2026-02-11 13:44:40.052196,Berlin-9e38,35,45,Normal
2026-02-11 13:44:41.052196,Berlin-9e38,5,97,Normal
2026-02-11 13:44:42.052196,Berlin-9e38,-7,78,Normal
2026-02-11 13:44:43.052196,Berlin-9e38,-14,94,Normal
2026-02-11 13:44:44.052196,Berlin-9e38,-2,72,Normal
2026-02-11 13:44:45.052196,Berlin-9e38,-22,96,Normal
2026-02-11 13:44:46.052196,Berlin-9e38,-25,1,Normal
2026-02-11 13:44:47.052196,Berlin-9e38,13,2,Normal
2026-02-11 13:44:48.052196,Berlin-9e38,27,19,Normal
2026-02-11 13:44:49.052196,Berlin-9e38,8,70,Normal
2026-02-11 13:44:50.052196,Berlin-9e38,1,56,Normal
2026-02-11 13:44:51.052196,Berlin-9e38,-13,31,Normal
2026-02-11 13:44:52.052196,Berlin-9e38,9,50,Normal
2026-02-11 13:44:53.052196,Berlin-9e38,29,52,Normal
2026-02-11 13:44:54.052196,Berlin-9e38,-24,10,Normal
2026-02-11 13:44:55.052196,Berlin-9e38,22,84,Normal
2026-02-11 13:44:56.052196,Berlin-9e38,12,44,Normal
2026-02-11 13:44:57.052196,Berlin-9e38,45,3,Normal
2026-02-11 13:44:58.052196,Berlin-9e38,50,49,Normal
2026-02-11 13:44:59.052196,Berlin-9e38,6,66,Normal
2026-02-11 13:45:00.052196,Berlin-9e38,-13,55,Normal
2026-02-11 13:45:01.052196,Berlin-9e38,26,79,Normal
2026-02-11 13:45:02.052196,Berlin-9e38,19,94,Normal
2026-02-11 13:45:03.052196,Berlin-9e38,15,8,Normal
2026-02-11 13:45:04.052196,Berlin-9e38,45,51,Normal
2026-02-11 13:45:05.052196,Berlin-9e38,35,9,Normal
2026-02-11 13:45:06.052196,Berlin-9e38,30,99,Normal
2026-02-11 13:45:07.052196,Berlin-9e38,33,27,Normal
2026-02-11 13:45:08.052196,Berlin-9e38,-12,62,Normal
2026-02-11 13:45:09.052196,Berlin-9e38,39,64,Normal
2026-02-11 13:45:10.052196,Berlin-9e38,37,16,Normal
2026-02-11 13:45:11.052196,Berlin-9e38,-14,91,Normal
2026-02-11 13:45:12.052196,Berlin-9e38,38,48,Normal
2026-02-11 13:45:13.052196,Berlin-9e38,24,93,Normal
2026-02-11 13:45:14.052196,Berlin-9e38,-20,82,Normal
2026-02-11 13:45:15.052196,Berlin-9e38,20,39,Normal
2026-02-11 13:45:16.052196,Berlin-9e38,-3,45,Normal
2026-02-11 13:45:17.052196,Berlin-9e38,34,11,Normal
2026-02-11 13:45:18.052196,Berlin-9e38,31,62,Normal
2026-02-11 13:45:19.052196,Berlin-9e38,-19,91,Normal
2026-02-11 13:45:20.052196,Berlin-9e38,10,71,Normal
2026-02-11 13:45:21.052196,Berlin-9e38,12,30,Normal
2026-02-11 13:45:22.052196,Berlin-9e38,3,10,Normal
2026-02-11 13:45:23.052196,Berlin-9e38,30,10,Normal
2026-02-11 13:45:24.052196,Berlin-9e38,1,9,Normal
2026-02-11 13:45:25.052196,Berlin-9e38,-24,57,Normal
2026-02-11 13:45:26.052196,Berlin-9e38,42,86,Normal
2026-02-11 13:45:27.052196,Berlin-9e38,38,4,Normal
2026-02-11 13:45:28.052196,Berlin-9e38,-10,12,Normal
2026-02-11 13:45:29.052196,Berlin-9e38,22,56,Normal
2026-02-11 13:45:30.052196,Berlin-9e38,7,70,Normal
2026-02-11 13:45:31.052196,Berlin-9e38,17,92,Normal
2026-02-11 13:45:32.052196,Berlin-9e38,14,67,Normal
2026-02-11 13:45:33.052196,Berlin-9e38,6,49,Normal
2026-02-11 13:45:34.052196,Berlin-9e38,33,4,Normal
2026-02-11 13:45:35.052196,Berlin-9e38,26,70,Normal
2026-02-11 13:45:36.052196,Berlin-9e38,19,9,Normal
2026-02-11 13:45:37.052196,Berlin-9e38,2,87,Normal
2026-02-11 13:45:38.052196,Berlin-9e38,21,85,Normal
2026-02-11 13:45:39.052196,Berlin-9e38,10,77,Normal
2026-02-11 13:45:40.052196,Berlin-9e38,30,86,Normal
2026-02-11 13:45:41.052196,Berlin-9e38,29,7,Normal
2026-02-11 13:45:42.052196,Berlin-9e38,-1,49,Normal
2026-02-11 13:45:43.052196,Berlin-9e38,-4,84,Normal
2026-02-11 13:45:44.052196,Berlin-9e38,29,7,Normal
2026-02-11 13:45:45.052196,Berlin-9e38,-11,61,Normal
2026-02-11 13:45:46.052196,Berlin-9e38,29,95,Normal
2026-02-11 13:45:47.052196,Berlin-9e38,3,40,Normal
2026-02-11 13:45:48.052196,Berlin-9e38,0,9,Normal
2026-02-11 13:45:49.052196,Berlin-9e38,-25,26,Normal
2026-02-11 13:45:50.052196,Berlin-9e38,23,29,Normal
2026-02-11 13:45:51.052196,Berlin-9e38,-6,29,Normal
2026-02-11 13:45:52.052196,Berlin-9e38,16,64,Normal
2026-02-11 13:45:53.052196,Berlin-9e38,14,64,Normal
2026-02-11 13:45:54.052196,Berlin-9e38,32,86,Normal
2026-02-11 13:45:55.052196,Berlin-9e38,14,63,Normal
2026-02-11 13:45:56.052196,Berlin-9e38,21,48,Normal
2026-02-11 13:45:57.052196,Berlin-9e38,13,31,Normal
2026-02-11 13:45:58.052196,Berlin-9e38,17,50,Normal
2026-02-11 13:45:59.052196,Berlin-9e38,28,89,Normal
2026-02-11 13:46:00.052196,Berlin-9e38,10,69,Normal
2026-02-11 13:46:01.052196,Berlin-9e38,33,59,Normal
2026-02-11 13:46:02.052196,Berlin-9e38,-2,10,Normal
2026-02-11 13:46:03.052196,Berlin-9e38,-22,12,Normal
2026-02-11 13:46:04.052196,Berlin-9e38,35,72,Normal
2026-02-11 13:46:05.052196,Berlin-9e38,-4,44,Normal
2026-02-11 13:46:06.052196,Berlin-9e38,-10,9,Normal
2026-02-11 13:46:07.052196,Berlin-9e38,16,0,Normal
2026-02-11 13:46:08.052196,Berlin-9e38,42,1,Normal
2026-02-11 13:46:09.052196,Berlin-9e38,-8,69,Normal
2026-02-11 13:46:10.052196,Berlin-9e38,-30,30,Normal
2026-02-11 13:46:11.052196,Berlin-9e38,-20,5,Normal
2026-02-11 13:46:12.052196,Berlin-9e38,6,82,Normal
2026-02-11 13:46:13.052196,Berlin-9e38,22,41,Normal
2026-02-11 13:46:14.052196,Berlin-9e38,20,47,Normal
2026-02-11 13:46:15.052196,Berlin-9e38,50,54,Normal
2026-02-11 13:46:16.052196,Berlin-9e38,0,24,Normal
2026-02-11 13:46:17.052196,Berlin-9e38,23,2,Normal
2026-02-11 13:46:18.052196,Berlin-9e38,-12,94,Normal
2026-02-11 13:46:19.052196,Berlin-9e38,42,23,Normal
2026-02-11 13:46:20.052196,Berlin-9e38,-25,64,Normal
2026-02-11 13:46:21.052196,Berlin-9e38,-28,55,Normal
2026-02-11 13:46:22.052196,Berlin-9e38,18,41,Normal
2026-02-11 13:46:23.052196,Berlin-9e38,37,7,Normal
2026-02-11 13:46:24.052196,Berlin-9e38,-14,68,Normal
2026-02-11 13:46:25.052196,Berlin-9e38,29,92,Normal
2026-02-11 13:46:26.052196,Berlin-9e38,48,58,Normal
2026-02-11 13:46:27.052196,Berlin-9e38,27,91,Normal
2026-02-11 13:46:28.052196,Berlin-9e38,-20,66,Normal
2026-02-11 13:46:29.052196,Berlin-9e38,-20,53,Normal
2026-02-11 13:46:30.052196,Berlin-9e38,21,99,Normal
2026-02-11 13:46:31.052196,Berlin-9e38,-3,3,Normal
2026-02-11 13:46:32.052196,Berlin-9e38,47,10,Normal
2026-02-11 13:46:33.052196,Berlin-9e38,16,31,Normal
2026-02-11 13:46:34.052196,Berlin-9e38,17,55,Normal
2026-02-11 13:46:35.052196,Berlin-9e38,3,64,Normal
2026-02-11 13:46:36.052196,Berlin-9e38,48,28,Normal
2026-02-11 13:46:37.052196,Berlin-9e38,8,11,Normal
2026-02-11 13:46:38.052196,Berlin-9e38,46,28,Normal
2026-02-11 13:46:39.052196,Berlin-9e38,-21,90,Normal
2026-02-11 13:46:40.052196,Berlin-9e38,40,43,Normal
2026-02-11 13:46:41.052196,Berlin-9e38,17,49,Normal
2026-02-11 13:46:42.052196,Berlin-9e38,-18,53,Normal
2026-02-11 13:46:43.052196,Berlin-9e38,39,66,Normal
2026-02-11 13:46:44.052196,Berlin-9e38,-13,41,Normal
2026-02-11 13:46:45.052196,Berlin-9e38,29,44,Normal
2026-02-11 13:46:46.052196,Berlin-9e38,-2,91,Normal
2026-02-11 13:46:47.052196,Berlin-9e38,-27,31,Normal
2026-02-11 13:46:48.052196,Berlin-9e38,-15,74,Normal
2026-02-11 13:46:49.052196,Berlin-9e38,-23,40,Normal
2026-02-11 13:46:50.052196,Berlin-9e38,-9,47,Normal
2026-02-11 13:46:51.052196,Berlin-9e38,20,71,Normal
2026-02-11 13:46:52.052196,Berlin-9e38,-11,56,Normal
2026-02-11 13:46:53.052196,Berlin-9e38,-26,38,Normal
2026-02-11 13:46:54.052196,Berlin-9e38,9,70,Normal
2026-02-11 13:46:55.052196,Berlin-9e38,-18,83,Normal
2026-02-11 13:46:56.052196,Berlin-9e38,-13,59,Normal
2026-02-11 13:46:57.052196,Berlin-9e38,-30,1,Normal
2026-02-11 13:46:58.052196,Berlin-9e38,20,10,Normal
2026-02-11 13:46:59.052196,Berlin-9e38,-23,87,Normal
2026-02-11 13:47:00.052196,Berlin-9e38,24,24,Normal
2026-02-11 13:47:01.052196,Berlin-9e38,-21,57,Normal
2026-02-11 13:47:02.052196,Berlin-9e38,16,75,Normal
2026-02-11 13:47:03.052196,Berlin-9e38,-4,72,Normal
2026-02-11 13:47:04.052196,Berlin-9e38,8,8,Normal
2026-02-11 13:47:05.052196,Berlin-9e38,-25,90,Normal
2026-02-11 13:47:06.052196,Berlin-9e38,21,21,Normal
2026-02-11 13:47:07.052196,Berlin-9e38,29,1,Normal
2026-02-11 13:47:08.052196,Berlin-9e38,7,11,Normal
2026-02-11 13:47:09.052196,Berlin-9e38,15,72,Normal
2026-02-11 13:47:10.052196,Berlin-9e38,-12,8,Normal
2026-02-11 13:47:11.052196,Berlin-9e38,37,8,Normal
2026-02-11 13:47:12.052196,Berlin-9e38,-27,37,Normal
2026-02-11 13:47:13.052196,Berlin-9e38,33,60,Normal
2026-02-11 13:47:14.052196,Berlin-9e38,16,94,Normal
2026-02-11 13:47:15.052196,Berlin-9e38,-15,82,Normal
2026-02-11 13:47:16.052196,Berlin-9e38,25,81,Normal
2026-02-11 13:47:17.052196,Berlin-9e38,-28,14,Normal
2026-02-11 13:47:18.052196,Berlin-9e38,48,38,Normal
2026-02-11 13:47:19.052196,Berlin-9e38,-28,24,Normal
2026-02-11 13:47:20.052196,Berlin-9e38,41,27,Normal
2026-02-11 13:47:21.052196,Berlin-9e38,41,63,Normal
2026-02-11 13:47:22.052196,Berlin-9e38,-19,47,Normal
2026-02-11 13:47:23.052196,Berlin-9e38,39,34,Normal
2026-02-11 13:47:24.052196,Berlin-9e38,45,37,Normal
2026-02-11 13:47:25.052196,Berlin-9e38,-20,79,Normal
2026-02-11 13:47:26.052196,Berlin-9e38,49,69,Normal
2026-02-11 13:47:27.052196,Berlin-9e38,-9,17,Normal
2026-02-11 13:47:28.052196,Berlin-9e38,-1,43,Normal
2026-02-11 13:47:29.052196,Berlin-9e38,30,3,Normal
2026-02-11 13:47:30.052196,Berlin-9e38,-27,86,Normal
2026-02-11 13:47:31.052196,Berlin-9e38,29,99,Normal
2026-02-11 13:47:32.052196,Berlin-9e38,48,68,Normal
2026-02-11 13:47:33.052196,Berlin-9e38,-13,94,Normal
2026-02-11 13:47:34.052196,Berlin-9e38,42,45,Normal
2026-02-11 13:47:35.052196,Berlin-9e38,31,8,Normal
2026-02-11 13:47:36.052196,Berlin-9e38,-17,32,Normal
2026-02-11 13:47:37.052196,Berlin-9e38,-13,93,Normal
2026-02-11 13:47:38.052196,Berlin-9e38,6,88,Normal
2026-02-11 13:47:39.052196,Berlin-9e38,9,22,Normal
2026-02-11 13:47:40.052196,Berlin-9e38,33,16,Normal
2026-02-11 13:47:41.052196,Berlin-9e38,2,28,Normal
2026-02-11 13:47:42.052196,Berlin-9e38,17,39,Normal
2026-02-11 13:47:43.052196,Berlin-9e38,-21,72,Normal
2026-02-11 13:47:44.052196,Berlin-9e38,19,73,Normal
2026-02-11 13:47:45.052196,Berlin-9e38,36,90,Normal
2026-02-11 13:47:46.052196,Berlin-9e38,7,77,Normal
2026-02-11 13:47:47.052196,Berlin-9e38,-2,63,Normal
2026-02-11 13:47:48.052196,Berlin-9e38,49,40,Normal
2026-02-11 13:47:49.052196,Berlin-9e38,-20,25,Normal
2026-02-11 13:47:50.052196,Berlin-9e38,30,39,Normal
2026-02-11 13:47:51.052196,Berlin-9e38,-21,41,Normal
2026-02-11 13:47:52.052196,Berlin-9e38,45,0,Normal
2026-02-11 13:47:53.052196,Berlin-9e38,32,83,Normal
2026-02-11 13:47:54.052196,Berlin-9e38,30,29,Normal
2026-02-11 13:47:55.052196,Berlin-9e38,33,44,Normal
2026-02-11 13:47:56.052196,Berlin-9e38,36,62,Normal
2026-02-11 13:47:57.052196,Berlin-9e38,-3,31,Normal
2026-02-11 13:47:58.052196,Berlin-9e38,-30,38,Normal
2026-02-11 13:47:59.052196,Berlin-9e38,-6,29,Normal
2026-02-11 13:48:00.052196,Berlin-9e38,-15,79,Normal
2026-02-11 13:48:01.052196,Berlin-9e38,-13,98,Normal
2026-02-11 13:48:02.052196,Berlin-9e38,1,13,Normal
2026-02-11 13:48:03.052196,Berlin-9e38,19,50,Normal
2026-02-11 13:48:04.052196,Berlin-9e38,-10,9,Normal
2026-02-11 13:48:05.052196,Berlin-9e38,47,25,Normal
2026-02-11 13:48:06.052196,Berlin-9e38,5,61,Normal
2026-02-11 13:48:07.052196,Berlin-9e38,-12,2,Normal
2026-02-11 13:48:08.052196,Berlin-9e38,18,65,Normal
2026-02-11 13:48:09.052196,Berlin-9e38,43,84,Normal
2026-02-11 13:48:10.052196,Berlin-9e38,37,8,Normal
2026-02-11 13:48:11.052196,Berlin-9e38,-16,18,Normal
2026-02-11 13:48:12.052196,Berlin-9e38,39,84,Normal
2026-02-11 13:48:13.052196,Berlin-9e38,29,4,Normal
2026-02-11 13:48:14.052196,Berlin-9e38,-27,2,Normal
2026-02-11 13:48:15.052196,Berlin-9e38,16,80,Normal
2026-02-11 13:48:16.052196,Berlin-9e38,4,20,Normal
2026-02-11 13:48:17.052196,Berlin-9e38,-23,23,Normal
2026-02-11 13:48:18.052196,Berlin-9e38,34,85,Normal
2026-02-11 13:48:19.052196,Berlin-9e38,19,73,Normal
2026-02-11 13:48:20.052196,Berlin-9e38,43,30,Normal
2026-02-11 13:48:21.052196,Berlin-9e38,-15,66,Normal
2026-02-11 13:48:22.052196,Berlin-9e38,41,43,Normal
2026-02-11 13:48:23.052196,Berlin-9e38,-21,90,Normal
2026-02-11 13:48:24.052196,Berlin-9e38,45,2,Normal
2026-02-11 13:48:25.052196,Berlin-9e38,48,90,Normal
2026-02-11 13:48:26.052196,Berlin-9e38,9,25,Normal
2026-02-11 13:48:27.052196,Berlin-9e38,39,54,Normal
2026-02-11 13:48:28.052196,Berlin-9e38,22,2,Normal
2026-02-11 13:48:29.052196,Berlin-9e38,49,87,Normal
2026-02-11 13:48:30.052196,Berlin-9e38,48,44,Normal
2026-02-11 13:48:31.052196,Berlin-9e38,-30,81,Normal
2026-02-11 13:48:32.052196,Berlin-9e38,-4,90,Normal
2026-02-11 13:48:33.052196,Berlin-9e38,25,17,Normal
2026-02-11 13:48:34.052196,Berlin-9e38,1,89,Normal
2026-02-11 13:48:35.052196,Berlin-9e38,11,21,Normal
2026-02-11 13:48:36.052196,Berlin-9e38,-30,44,Normal
2026-02-11 13:48:37.052196,Berlin-9e38,7,12,Normal
2026-02-11 13:48:38.052196,Berlin-9e38,13,34,Normal
2026-02-11 13:48:39.052196,Berlin-9e38,-11,100,Normal
2026-02-11 13:48:40.052196,Berlin-9e38,-21,98,Normal
2026-02-11 13:48:41.052196,Berlin-9e38,7,50,Normal
2026-02-11 13:48:42.052196,Berlin-9e38,-2,23,Normal
2026-02-11 13:48:43.052196,Berlin-9e38,12,74,Normal
2026-02-11 13:48:44.052196,Berlin-9e38,23,88,Normal
2026-02-11 13:48:45.052196,Berlin-9e38,-18,43,Normal
2026-02-11 13:48:46.052196,Berlin-9e38,-29,24,Normal
2026-02-11 13:48:47.052196,Berlin-9e38,10,84,Normal
2026-02-11 13:48:48.052196,Berlin-9e38,34,99,Normal
2026-02-11 13:48:49.052196,Berlin-9e38,-28,53,Normal
2026-02-11 13:48:50.052196,Berlin-9e38,35,10,Normal
2026-02-11 13:48:51.052196,Berlin-9e38,39,100,Normal
2026-02-11 13:48:52.052196,Berlin-9e38,47,100,Normal
2026-02-11 13:48:53.052196,Berlin-9e38,-5,11,Normal
2026-02-11 13:48:54.052196,Berlin-9e38,38,5,Normal
2026-02-11 13:48:55.052196,Berlin-9e38,32,79,Normal
2026-02-11 13:48:56.052196,Berlin-9e38,32,9,Normal
2026-02-11 13:48:57.052196,Berlin-9e38,35,61,Normal
2026-02-11 13:48:58.052196,Berlin-9e38,0,19,Normal
2026-02-11 13:48:59.052196,Berlin-9e38,48,42,Normal
2026-02-11 13:49:00.052196,Berlin-9e38,-19,86,Normal
2026-02-11 13:49:01.052196,Berlin-9e38,-9,45,Normal
2026-02-11 13:49:02.052196,Berlin-9e38,43,16,Normal
2026-02-11 13:49:03.052196,Berlin-9e38,38,80,Normal
2026-02-11 13:49:04.052196,Berlin-9e38,25,33,Normal
2026-02-11 13:49:05.052196,Berlin-9e38,10,50,Normal
2026-02-11 13:49:06.052196,Berlin-9e38,-26,10,Normal
2026-02-11 13:49:07.052196,Berlin-9e38,-10,62,Normal
2026-02-11 13:49:08.052196,Berlin-9e38,-25,78,Normal
2026-02-11 13:49:09.052196,Berlin-9e38,3,14,Normal
2026-02-11 13:49:10.052196,Berlin-9e38,-3,84,Normal
2026-02-11 13:49:11.052196,Berlin-9e38,-11,23,Normal
2026-02-11 13:49:12.052196,Berlin-9e38,38,70,Normal
2026-02-11 13:49:13.052196,Berlin-9e38,-9,34,Normal
2026-02-11 13:49:14.052196,Berlin-9e38,30,76,Normal
2026-02-11 13:49:15.052196,Berlin-9e38,44,65,Normal
2026-02-11 13:49:16.052196,Berlin-9e38,-7,88,Normal
2026-02-11 13:49:17.052196,Berlin-9e38,31,65,Normal
2026-02-11 13:49:18.052196,Berlin-9e38,27,16,Normal
2026-02-11 13:49:19.052196,Berlin-9e38,-2,47,Normal
2026-02-11 13:49:20.052196,Berlin-9e38,-20,63,Normal
2026-02-11 13:49:21.052196,Berlin-9e38,-24,89,Normal
2026-02-11 13:49:22.052196,Berlin-9e38,-1,34,Normal
2026-02-11 13:49:23.052196,Berlin-9e38,40,80,Normal
2026-02-11 13:49:24.052196,Berlin-9e38,-7,25,Normal
2026-02-11 13:49:25.052196,Berlin-9e38,-4,31,Normal
2026-02-11 13:49:26.052196,Berlin-9e38,46,14,Normal
2026-02-11 13:49:27.052196,Berlin-9e38,-11,0,Normal
2026-02-11 13:49:28.052196,Berlin-9e38,46,46,Normal
2026-02-11 13:49:29.052196,Berlin-9e38,39,63,Normal
2026-02-11 13:49:30.052196,Berlin-9e38,30,38,Normal
2026-02-11 13:49:31.052196,Berlin-9e38,45,59,Normal
2026-02-11 13:49:32.052196,Berlin-9e38,-1,57,Normal
2026-02-11 13:49:33.052196,Berlin-9e38,4,16,Normal
2026-02-11 13:49:34.052196,Berlin-9e38,-29,93,Normal
2026-02-11 13:49:35.052196,Berlin-9e38,41,37,Normal
2026-02-11 13:49:36.052196,Berlin-9e38,39,44,Normal
2026-02-11 13:49:37.052196,Berlin-9e38,0,66,Normal
2026-02-11 13:49:38.052196,Berlin-9e38,11,58,Normal
2026-02-11 13:49:39.052196,Berlin-9e38,41,29,Normal
2026-02-11 13:49:40.052196,Berlin-9e38,17,12,Normal
2026-02-11 13:49:41.052196,Berlin-9e38,29,23,Normal
2026-02-11 13:49:42.052196,Berlin-9e38,26,4,Normal
2026-02-11 13:49:43.052196,Berlin-9e38,17,34,Normal
2026-02-11 13:49:44.052196,Berlin-9e38,44,38,Normal
2026-02-11 13:49:45.052196,Berlin-9e38,47,10,Normal
2026-02-11 13:49:46.052196,Berlin-9e38,19,17,Normal
2026-02-11 13:49:47.052196,Berlin-9e38,-7,68,Normal
2026-02-11 13:49:48.052196,Berlin-9e38,-15,73,Normal
2026-02-11 13:49:49.052196,Berlin-9e38,41,4,Normal
2026-02-11 13:49:50.052196,Berlin-9e38,-27,9,Normal
2026-02-11 13:49:51.052196,Berlin-9e38,20,33,Normal
2026-02-11 13:49:52.052196,Berlin-9e38,9,58,Normal
2026-02-11 13:49:53.052196,Berlin-9e38,-14,10,Normal
2026-02-11 13:49:54.052196,Berlin-9e38,39,86,Normal
2026-02-11 13:49:55.052196,Berlin-9e38,19,38,Normal
2026-02-11 13:49:56.052196,Berlin-9e38,22,45,Normal
2026-02-11 13:49:57.052196,Berlin-9e38,43,37,Normal
2026-02-11 13:49:58.052196,Berlin-9e38,13,62,Normal
2026-02-11 13:49:59.052196,Berlin-9e38,25,50,Normal
2026-02-11 13:50:00.052196,Berlin-9e38,38,50,Normal
2026-02-11 13:50:01.052196,Berlin-9e38,10,77,Normal
2026-02-11 13:50:02.052196,Berlin-9e38,24,45,Normal
2026-02-11 13:50:03.052196,Berlin-9e38,50,39,Normal
2026-02-11 13:50:04.052196,Berlin-9e38,-18,5,Normal
2026-02-11 13:50:05.052196,Berlin-9e38,4,87,Normal
2026-02-11 13:50:06.052196,Berlin-9e38,17,68,Normal
2026-02-11 13:50:07.052196,Berlin-9e38,37,91,Normal
2026-02-11 13:50:08.052196,Berlin-9e38,0,71,Normal
2026-02-11 13:50:09.052196,Berlin-9e38,-4,33,Normal
2026-02-11 13:50:10.052196,Berlin-9e38,-23,51,Normal
2026-02-11 13:50:11.052196,Berlin-9e38,-16,84,Normal
2026-02-11 13:50:12.052196,Berlin-9e38,5,4,Normal
2026-02-11 13:50:13.052196,Berlin-9e38,34,63,Normal
2026-02-11 13:50:14.052196,Berlin-9e38,-7,27,Normal
2026-02-11 13:50:15.052196,Berlin-9e38,27,84,Normal
2026-02-11 13:50:16.052196,Berlin-9e38,-8,18,Normal
2026-02-11 13:50:17.052196,Berlin-9e38,10,72,Normal
2026-02-11 13:50:18.052196,Berlin-9e38,-24,18,Normal
2026-02-11 13:50:19.052196,Berlin-9e38,-29,25,Normal
2026-02-11 13:50:20.052196,Berlin-9e38,-9,3,Normal
2026-02-11 13:50:21.052196,Berlin-9e38,3,21,Normal
2026-02-11 13:50:22.052196,Berlin-9e38,27,7,Normal
2026-02-11 13:50:23.052196,Berlin-9e38,-15,50,Normal
2026-02-11 13:50:24.052196,Berlin-9e38,11,47,Normal
2026-02-11 13:50:25.052196,Berlin-9e38,4,40,Normal
2026-02-11 13:50:26.052196,Berlin-9e38,37,52,Normal
2026-02-11 13:50:27.052196,Berlin-9e38,36,19,Normal
2026-02-11 13:50:28.052196,Berlin-9e38,25,83,Normal
2026-02-11 13:50:29.052196,Berlin-9e38,-11,3,Normal
2026-02-11 13:50:30.052196,Berlin-9e38,10,33,Normal
2026-02-11 13:50:31.052196,Berlin-9e38,33,64,Normal
2026-02-11 13:50:32.052196,Berlin-9e38,25,47,Normal
2026-02-11 13:50:33.052196,Berlin-9e38,-26,44,Normal
2026-02-11 13:50:34.052196,Berlin-9e38,47,90,Normal
2026-02-11 13:50:35.052196,Berlin-9e38,-7,40,Normal
2026-02-11 13:50:36.052196,Berlin-9e38,23,78,Normal
2026-02-11 13:50:37.052196,Berlin-9e38,42,98,Normal
2026-02-11 13:50:38.052196,Berlin-9e38,6,87,Normal
2026-02-11 13:50:39.052196,Berlin-9e38,17,57,Normal
2026-02-11 13:50:40.052196,Berlin-9e38,5,74,Normal
2026-02-11 13:50:41.052196,Berlin-9e38,11,88,Normal
2026-02-11 13:50:42.052196,Berlin-9e38,-13,94,Normal
2026-02-11 13:50:43.052196,Berlin-9e38,-7,39,Normal
2026-02-11 13:50:44.052196,Berlin-9e38,36,46,Normal
2026-02-11 13:50:45.052196,Berlin-9e38,-4,39,Normal
2026-02-11 13:50:46.052196,Berlin-9e38,43,29,Normal
2026-02-11 13:50:47.052196,Berlin-9e38,19,74,Normal
2026-02-11 13:50:48.052196,Berlin-9e38,22,57,Normal
2026-02-11 13:50:49.052196,Berlin-9e38,-19,59,Normal
2026-02-11 13:50:50.052196,Berlin-9e38,28,48,Normal
2026-02-11 13:50:51.052196,Berlin-9e38,-23,47,Normal
2026-02-11 13:50:52.052196,Berlin-9e38,13,80,Normal
2026-02-11 13:50:53.052196,Berlin-9e38,49,54,Normal
2026-02-11 13:50:54.052196,Berlin-9e38,-3,9,Normal
2026-02-11 13:50:55.052196,Berlin-9e38,17,100,Normal
2026-02-11 13:50:56.052196,Berlin-9e38,32,94,Normal
2026-02-11 13:50:57.052196,Berlin-9e38,28,42,Normal
2026-02-11 13:50:58.052196,Berlin-9e38,19,32,Normal
2026-02-11 13:50:59.052196,Berlin-9e38,42,64,Normal
2026-02-11 13:51:00.052196,Berlin-9e38,50,16,Normal
2026-02-11 13:51:01.052196,Berlin-9e38,39,54,Normal
2026-02-11 13:51:02.052196,Berlin-9e38,-30,73,Normal
2026-02-11 13:51:03.052196,Berlin-9e38,-30,72,Normal
2026-02-11 13:51:04.052196,Berlin-9e38,18,81,Normal
2026-02-11 13:51:05.052196,Berlin-9e38,29,44,Normal
2026-02-11 13:51:06.052196,Berlin-9e38,-28,79,Normal
2026-02-11 13:51:07.052196,Berlin-9e38,-22,22,Normal
2026-02-11 13:51:08.052196,Berlin-9e38,19,74,Normal
2026-02-11 13:51:09.052196,Berlin-9e38,18,80,Normal
2026-02-11 13:51:10.052196,Berlin-9e38,-13,89,Normal
2026-02-11 13:51:11.052196,Berlin-9e38,-21,74,Normal
2026-02-11 13:51:12.052196,Berlin-9e38,-8,29,Normal
2026-02-11 13:51:13.052196,Berlin-9e38,2,21,Normal
2026-02-11 13:51:14.052196,Berlin-9e38,15,33,Normal
2026-02-11 13:51:15.052196,Berlin-9e38,42,92,Normal
2026-02-11 13:51:16.052196,Berlin-9e38,-1,38,Normal
2026-02-11 13:51:17.052196,Berlin-9e38,46,22,Normal
2026-02-11 13:51:18.052196,Berlin-9e38,16,0,Normal
2026-02-11 13:51:19.052196,Berlin-9e38,-9,42,Normal
2026-02-11 13:51:20.052196,Berlin-9e38,47,96,Normal
2026-02-11 13:51:21.052196,Berlin-9e38,-28,21,Normal
2026-02-11 13:51:22.052196,Berlin-9e38,-3,87,Normal
2026-02-11 13:51:23.052196,Berlin-9e38,20,45,Normal
2026-02-11 13:51:24.052196,Berlin-9e38,23,50,Normal
2026-02-11 13:51:25.052196,Berlin-9e38,-24,56,Normal
2026-02-11 13:51:26.052196,Berlin-9e38,-7,97,Normal
2026-02-11 13:51:27.052196,Berlin-9e38,38,16,Normal
2026-02-11 13:51:28.052196,Berlin-9e38,25,95,Normal
2026-02-11 13:51:29.052196,Berlin-9e38,43,96,Normal
2026-02-11 13:51:30.052196,Berlin-9e38,-29,70,Normal
2026-02-11 13:51:31.052196,Berlin-9e38,27,2,Normal
2026-02-11 13:51:32.052196,Berlin-9e38,27,13,Normal
2026-02-11 13:51:33.052196,Berlin-9e38,19,23,Normal
2026-02-11 13:51:34.052196,Berlin-9e38,11,39,Normal
2026-02-11 13:51:35.052196,Berlin-9e38,-30,65,Normal
2026-02-11 13:51:36.052196,Berlin-9e38,12,27,Normal
2026-02-11 13:51:37.052196,Berlin-9e38,7,6,Normal
2026-02-11 13:51:38.052196,Berlin-9e38,-27,48,Normal
2026-02-11 13:51:39.052196,Berlin-9e38,5,43,Normal
2026-02-11 13:51:40.052196,Berlin-9e38,-18,77,Normal
2026-02-11 13:51:41.052196,Berlin-9e38,14,80,Normal
2026-02-11 13:51:42.052196,Berlin-9e38,48,51,Normal
2026-02-11 13:51:43.052196,Berlin-9e38,-9,64,Normal
2026-02-11 13:51:44.052196,Berlin-9e38,-29,100,Normal
2026-02-11 13:51:45.052196,Berlin-9e38,4,41,Normal
2026-02-11 13:51:46.052196,Berlin-9e38,-18,7,Normal
2026-02-11 13:51:47.052196,Berlin-9e38,46,97,Normal
2026-02-11 13:51:48.052196,Berlin-9e38,42,68,Normal
2026-02-11 13:51:49.052196,Berlin-9e38,36,3,Normal
2026-02-11 13:51:50.052196,Berlin-9e38,41,56,Normal
2026-02-11 13:51:51.052196,Berlin-9e38,7,5,Normal
2026-02-11 13:51:52.052196,Berlin-9e38,20,69,Normal
2026-02-11 13:51:53.052196,Berlin-9e38,-15,99,Normal
2026-02-11 13:51:54.052196,Berlin-9e38,19,91,Normal
2026-02-11 13:51:55.052196,Berlin-9e38,-26,8,Normal
2026-02-11 13:51:56.052196,Berlin-9e38,-30,43,Normal
2026-02-11 13:51:57.052196,Berlin-9e38,48,9,Normal
2026-02-11 13:51:58.052196,Berlin-9e38,-30,6,Normal
2026-02-11 13:51:59.052196,Berlin-9e38,36,14,Normal
2026-02-11 13:52:00.052196,Berlin-9e38,6,0,Normal
2026-02-11 13:52:01.052196,Berlin-9e38,-14,34,Normal
2026-02-11 13:52:02.052196,Berlin-9e38,-30,47,Normal
2026-02-11 13:52:03.052196,Berlin-9e38,34,57,Normal
2026-02-11 13:52:04.052196,Berlin-9e38,-9,44,Normal
2026-02-11 13:52:05.052196,Berlin-9e38,50,35,Normal
2026-02-11 13:52:06.052196,Berlin-9e38,11,31,Normal
2026-02-11 13:52:07.052196,Berlin-9e38,13,13,Normal
2026-02-11 13:52:08.052196,Berlin-9e38,-29,24,Normal
2026-02-11 13:52:09.052196,Berlin-9e38,18,78,Normal
2026-02-11 13:52:10.052196,Berlin-9e38,1,25,Normal
2026-02-11 13:52:11.052196,Berlin-9e38,-18,48,Normal
2026-02-11 13:52:12.052196,Berlin-9e38,-18,22,Normal
2026-02-11 13:52:13.052196,Berlin-9e38,4,21,Normal
2026-02-11 13:52:14.052196,Berlin-9e38,3,94,Normal
2026-02-11 13:52:15.052196,Berlin-9e38,45,76,Normal
2026-02-11 13:52:16.052196,Berlin-9e38,34,35,Normal
2026-02-11 13:52:17.052196,Berlin-9e38,24,95,Normal
2026-02-11 13:52:18.052196,Berlin-9e38,49,80,Normal
2026-02-11 13:52:19.052196,Berlin-9e38,-24,99,Normal
2026-02-11 13:52:20.052196,Berlin-9e38,43,25,Normal
2026-02-11 13:52:21.052196,Berlin-9e38,10,92,Normal
2026-02-11 13:52:22.052196,Berlin-9e38,-25,57,Normal
2026-02-11 13:52:23.052196,Berlin-9e38,-8,72,Normal
2026-02-11 13:52:24.052196,Berlin-9e38,31,6,Normal
2026-02-11 13:52:25.052196,Berlin-9e38,17,20,Normal
2026-02-11 13:52:26.052196,Berlin-9e38,-1,28,Normal
2026-02-11 13:52:27.052196,Berlin-9e38,-2,96,Normal
2026-02-11 13:52:28.052196,Berlin-9e38,19,95,Normal
2026-02-11 13:52:29.052196,Berlin-9e38,46,54,Normal
2026-02-11 13:52:30.052196,Berlin-9e38,-13,58,Normal
2026-02-11 13:52:31.052196,Berlin-9e38,0,51,Normal
2026-02-11 13:52:32.052196,Berlin-9e38,50,41,Normal
2026-02-11 13:52:33.052196,Berlin-9e38,45,19,Normal
2026-02-11 13:52:34.052196,Berlin-9e38,31,13,Normal
2026-02-11 13:52:35.052196,Berlin-9e38,4,68,Normal
2026-02-11 13:52:36.052196,Berlin-9e38,7,49,Normal
2026-02-11 13:52:37.052196,Berlin-9e38,0,96,Normal
2026-02-11 13:52:38.052196,Berlin-9e38,4,5,Normal
2026-02-11 13:52:39.052196,Berlin-9e38,16,63,Normal
2026-02-11 13:52:40.052196,Berlin-9e38,-27,47,Normal
2026-02-11 13:52:41.052196,Berlin-9e38,-12,80,Normal
2026-02-11 13:52:42.052196,Berlin-9e38,48,25,Normal
2026-02-11 13:52:43.052196,Berlin-9e38,30,90,Normal
2026-02-11 13:52:44.052196,Berlin-9e38,-8,47,Normal
2026-02-11 13:52:45.052196,Berlin-9e38,-27,73,Normal
2026-02-11 13:52:46.052196,Berlin-9e38,22,72,Normal
2026-02-11 13:52:47.052196,Berlin-9e38,-3,51,Normal
2026-02-11 13:52:48.052196,Berlin-9e38,-9,95,Normal
2026-02-11 13:52:49.052196,Berlin-9e38,-13,15,Normal
2026-02-11 13:52:50.052196,Berlin-9e38,-22,96,Normal
2026-02-11 13:52:51.052196,Berlin-9e38,24,36,Normal
2026-02-11 13:52:52.052196,Berlin-9e38,-12,21,Normal
2026-02-11 13:52:53.052196,Berlin-9e38,34,32,Normal
2026-02-11 13:52:54.052196,Berlin-9e38,-10,33,Normal
2026-02-11 13:52:55.052196,Berlin-9e38,1,61,Normal
2026-02-11 13:52:56.052196,Berlin-9e38,21,14,Normal
2026-02-11 13:52:57.052196,Berlin-9e38,11,97,Normal
2026-02-11 13:52:58.052196,Berlin-9e38,17,58,Normal
2026-02-11 13:52:59.052196,Berlin-9e38,3,53,Normal
2026-02-11 13:53:00.052196,Berlin-9e38,-8,18,Normal
2026-02-11 13:53:01.052196,Berlin-9e38,16,77,Normal
2026-02-11 13:53:02.052196,Berlin-9e38,31,5,Normal
2026-02-11 13:53:03.052196,Berlin-9e38,-25,42,Normal
2026-02-11 13:53:04.052196,Berlin-9e38,44,66,Normal
2026-02-11 13:53:05.052196,Berlin-9e38,34,25,Normal
2026-02-11 13:53:06.052196,Berlin-9e38,-16,34,Normal
2026-02-11 13:53:07.052196,Berlin-9e38,-7,4,Normal
2026-02-11 13:53:08.052196,Berlin-9e38,26,90,Normal
2026-02-11 13:53:09.052196,Berlin-9e38,26,23,Normal
2026-02-11 13:53:10.052196,Berlin-9e38,-19,65,Normal
2026-02-11 13:53:11.052196,Berlin-9e38,-8,59,Normal
2026-02-11 13:53:12.052196,Berlin-9e38,25,31,Normal
2026-02-11 13:53:13.052196,Berlin-9e38,46,43,Normal
2026-02-11 13:53:14.052196,Berlin-9e38,22,46,Normal
2026-02-11 13:53:15.052196,Berlin-9e38,23,9,Normal
2026-02-11 13:53:16.052196,Berlin-9e38,-29,23,Normal
2026-02-11 13:53:17.052196,Berlin-9e38,-25,87,Normal
2026-02-11 13:53:18.052196,Berlin-9e38,28,1,Normal
2026-02-11 13:53:19.052196,Berlin-9e38,40,38,Normal
2026-02-11 13:53:20.052196,Berlin-9e38,12,77,Normal
2026-02-11 13:53:21.052196,Berlin-9e38,41,4,Normal
2026-02-11 13:53:22.052196,Berlin-9e38,-4,90,Normal
2026-02-11 13:53:23.052196,Berlin-9e38,10,84,Normal
2026-02-11 13:53:24.052196,Berlin-9e38,5,36,Normal
2026-02-11 13:53:25.052196,Berlin-9e38,10,11,Normal
2026-02-11 13:53:26.052196,Berlin-9e38,32,83,Normal
2026-02-11 13:53:27.052196,Berlin-9e38,-28,24,Normal
2026-02-11 13:53:28.052196,Berlin-9e38,48,97,Normal
2026-02-11 13:53:29.052196,Berlin-9e38,-25,85,Normal
2026-02-11 13:53:30.052196,Berlin-9e38,33,30,Normal
2026-02-11 13:53:31.052196,Berlin-9e38,-13,56,Normal
2026-02-11 13:53:32.052196,Berlin-9e38,17,31,Normal
2026-02-11 13:53:33.052196,Berlin-9e38,25,0,Normal
2026-02-11 13:53:34.052196,Berlin-9e38,29,18,Normal
2026-02-11 13:53:35.052196,Berlin-9e38,6,49,Normal
2026-02-11 13:53:36.052196,Berlin-9e38,-6,71,Normal
2026-02-11 13:53:37.052196,Berlin-9e38,-11,81,Normal
2026-02-11 13:53:38.052196,Berlin-9e38,-15,10,Normal
2026-02-11 13:53:39.052196,Berlin-9e38,-6,50,Normal
2026-02-11 13:53:40.052196,Berlin-9e38,-28,69,Normal
2026-02-11 13:53:41.052196,Berlin-9e38,44,39,Normal
2026-02-11 13:53:42.052196,Berlin-9e38,20,92,Normal
2026-02-11 13:53:43.052196,Berlin-9e38,18,55,Normal
2026-02-11 13:53:44.052196,Berlin-9e38,24,33,Normal
2026-02-11 13:53:45.052196,Berlin-9e38,4,4,Normal
2026-02-11 13:53:46.052196,Berlin-9e38,29,47,Normal
2026-02-11 13:53:47.052196,Berlin-9e38,-7,53,Normal
2026-02-11 13:53:48.052196,Berlin-9e38,-27,92,Normal
2026-02-11 13:53:49.052196,Berlin-9e38,-5,90,Normal
2026-02-11 13:53:50.052196,Berlin-9e38,-22,43,Normal
2026-02-11 13:53:51.052196,Berlin-9e38,-4,13,Normal
2026-02-11 13:53:52.052196,Berlin-9e38,8,19,Normal
2026-02-11 13:53:53.052196,Berlin-9e38,-19,73,Normal
2026-02-11 13:53:54.052196,Berlin-9e38,-9,51,Normal
2026-02-11 13:53:55.052196,Berlin-9e38,-24,6,Normal
2026-02-11 13:53:56.052196,Berlin-9e38,4,70,Normal
2026-02-11 13:53:57.052196,Berlin-9e38,-27,87,Normal
2026-02-11 13:53:58.052196,Berlin-9e38,13,57,Normal
2026-02-11 13:53:59.052196,Berlin-9e38,25,98,Normal
2026-02-11 13:54:00.052196,Berlin-9e38,-14,23,Normal
2026-02-11 13:54:01.052196,Berlin-9e38,-18,41,Normal
2026-02-11 13:54:02.052196,Berlin-9e38,17,75,Normal
2026-02-11 13:54:03.052196,Berlin-9e38,23,65,Normal
2026-02-11 13:54:04.052196,Berlin-9e38,50,19,Normal
2026-02-11 13:54:05.052196,Berlin-9e38,29,83,Normal
2026-02-11 13:54:06.052196,Berlin-9e38,13,93,Normal
2026-02-11 13:54:07.052196,Berlin-9e38,34,56,Normal
2026-02-11 13:54:08.052196,Berlin-9e38,-29,2,Normal
2026-02-11 13:54:09.052196,Berlin-9e38,-12,17,Normal
2026-02-11 13:54:10.052196,Berlin-9e38,-8,57,Normal
2026-02-11 13:54:11.052196,Berlin-9e38,-9,4,Normal
2026-02-11 13:54:12.052196,Berlin-9e38,5,83,Normal
2026-02-11 13:54:13.052196,Berlin-9e38,37,45,Normal
2026-02-11 13:54:14.052196,Berlin-9e38,42,43,Normal
2026-02-11 13:54:15.052196,Berlin-9e38,32,65,Normal
2026-02-11 13:54:16.052196,Berlin-9e38,-1,43,Normal
2026-02-11 13:54:17.052196,Berlin-9e38,-20,7,Normal
2026-02-11 13:54:18.052196,Berlin-9e38,41,99,Normal
2026-02-11 13:54:19.052196,Berlin-9e38,39,70,Normal
2026-02-11 13:54:20.052196,Berlin-9e38,-22,9,Normal
2026-02-11 13:54:21.052196,Berlin-9e38,-14,18,Normal
2026-02-11 13:54:22.052196,Berlin-9e38,13,59,Normal
2026-02-11 13:54:23.052196,Berlin-9e38,-29,45,Normal
2026-02-11 13:54:24.052196,Berlin-9e38,21,22,Normal
2026-02-11 13:54:25.052196,Berlin-9e38,46,100,Normal
2026-02-11 13:54:26.052196,Berlin-9e38,7,86,Normal
2026-02-11 13:54:27.052196,Berlin-9e38,-1,71,Normal
2026-02-11 13:54:28.052196,Berlin-9e38,7,21,Normal
2026-02-11 13:54:29.052196,Berlin-9e38,39,52,Normal
2026-02-11 13:54:30.052196,Berlin-9e38,37,100,Normal
2026-02-11 13:54:31.052196,Berlin-9e38,17,84,Normal
2026-02-11 13:54:32.052196,Berlin-9e38,31,18,Normal
2026-02-11 13:54:33.052196,Berlin-9e38,-30,52,Normal
2026-02-11 13:54:34.052196,Berlin-9e38,34,29,Normal
2026-02-11 13:54:35.052196,Berlin-9e38,-4,82,Normal
2026-02-11 13:54:36.052196,Berlin-9e38,41,61,Normal
2026-02-11 13:54:37.052196,Berlin-9e38,-7,29,Normal
2026-02-11 13:54:38.052196,Berlin-9e38,38,30,Normal
2026-02-11 13:54:39.052196,Berlin-9e38,2,20,Normal
2026-02-11 13:54:40.052196,Berlin-9e38,-28,2,Normal
2026-02-11 13:54:41.052196,Berlin-9e38,35,77,Normal
2026-02-11 13:54:42.052196,Berlin-9e38,-1,33,Normal
2026-02-11 13:54:43.052196,Berlin-9e38,47,75,Normal
2026-02-11 13:54:44.052196,Berlin-9e38,-4,2,Normal
2026-02-11 13:54:45.052196,Berlin-9e38,-16,43,Normal
2026-02-11 13:54:46.052196,Berlin-9e38,-10,89,Normal
2026-02-11 13:54:47.052196,Berlin-9e38,9,86,Normal
2026-02-11 13:54:48.052196,Berlin-9e38,34,99,Normal
2026-02-11 13:54:49.052196,Berlin-9e38,29,83,Normal
2026-02-11 13:54:50.052196,Berlin-9e38,25,29,Normal
2026-02-11 13:54:51.052196,Berlin-9e38,-2,34,Normal
2026-02-11 13:54:52.052196,Berlin-9e38,-4,38,Normal
2026-02-11 13:54:53.052196,Berlin-9e38,-8,67,Normal
2026-02-11 13:54:54.052196,Berlin-9e38,19,27,Normal
2026-02-11 13:54:55.052196,Berlin-9e38,-10,68,Normal
2026-02-11 13:54:56.052196,Berlin-9e38,-17,85,Normal
2026-02-11 13:54:57.052196,Berlin-9e38,-30,77,Normal
2026-02-11 13:54:58.052196,Berlin-9e38,49,77,Normal
2026-02-11 13:54:59.052196,Berlin-9e38,50,76,Normal
2026-02-11 13:55:00.052196,Berlin-9e38,8,94,Normal
2026-02-11 13:55:01.052196,Berlin-9e38,43,10,Normal
2026-02-11 13:55:02.052196,Berlin-9e38,29,53,Normal
2026-02-11 13:55:03.052196,Berlin-9e38,5,38,Normal
2026-02-11 13:55:04.052196,Berlin-9e38,6,82,Normal
2026-02-11 13:55:05.052196,Berlin-9e38,50,37,Normal
2026-02-11 13:55:06.052196,Berlin-9e38,-30,26,Normal
2026-02-11 13:55:07.052196,Berlin-9e38,43,34,Normal
2026-02-11 13:55:08.052196,Berlin-9e38,43,97,Normal
2026-02-11 13:55:09.052196,Berlin-9e38,-3,17,Normal
2026-02-11 13:55:10.052196,Berlin-9e38,8,75,Normal
2026-02-11 13:55:11.052196,Berlin-9e38,27,88,Normal
2026-02-11 13:55:12.052196,Berlin-9e38,-3,85,Normal
2026-02-11 13:55:13.052196,Berlin-9e38,41,41,Normal
2026-02-11 13:55:14.052196,Berlin-9e38,-16,12,Normal
2026-02-11 13:55:15.052196,Berlin-9e38,-26,12,Normal
2026-02-11 13:55:16.052196,Berlin-9e38,14,37,Normal
2026-02-11 13:55:17.052196,Berlin-9e38,44,21,Normal
2026-02-11 13:55:18.052196,Berlin-9e38,7,53,Normal
2026-02-11 13:55:19.052196,Berlin-9e38,50,5,Normal
2026-02-11 13:55:20.052196,Berlin-9e38,17,69,Normal
2026-02-11 13:55:21.052196,Berlin-9e38,1,29,Normal
2026-02-11 13:55:22.052196,Berlin-9e38,-26,47,Normal
2026-02-11 13:55:23.052196,Berlin-9e38,34,66,Normal
2026-02-11 13:55:24.052196,Berlin-9e38,5,46,Normal
2026-02-11 13:55:25.052196,Berlin-9e38,13,56,Normal
2026-02-11 13:55:26.052196,Berlin-9e38,3,85,Normal
2026-02-11 13:55:27.052196,Berlin-9e38,15,85,Normal
2026-02-11 13:55:28.052196,Berlin-9e38,0,69,Normal
2026-02-11 13:55:29.052196,Berlin-9e38,-1,41,Normal
2026-02-11 13:55:30.052196,Berlin-9e38,39,41,Normal
2026-02-11 13:55:31.052196,Berlin-9e38,45,54,Normal
2026-02-11 13:55:32.052196,Berlin-9e38,24,2,Normal
2026-02-11 13:55:33.052196,Berlin-9e38,41,24,Normal
2026-02-11 13:55:34.052196,Berlin-9e38,15,4,Normal
2026-02-11 13:55:35.052196,Berlin-9e38,1,64,Normal
2026-02-11 13:55:36.052196,Berlin-9e38,31,83,Normal
2026-02-11 13:55:37.052196,Berlin-9e38,-4,91,Normal
2026-02-11 13:55:38.052196,Berlin-9e38,27,12,Normal
2026-02-11 13:55:39.052196,Berlin-9e38,-16,16,Normal
2026-02-11 13:55:40.052196,Berlin-9e38,-5,90,Normal
2026-02-11 13:55:41.052196,Berlin-9e38,38,72,Normal
2026-02-11 13:55:42.052196,Berlin-9e38,-24,96,Normal
2026-02-11 13:55:43.052196,Berlin-9e38,35,96,Normal
2026-02-11 13:55:44.052196,Berlin-9e38,5,59,Normal
2026-02-11 13:55:45.052196,Berlin-9e38,-12,95,Normal
2026-02-11 13:55:46.052196,Berlin-9e38,-22,78,Normal
2026-02-11 13:55:47.052196,Berlin-9e38,-22,25,Normal
2026-02-11 13:55:48.052196,Berlin-9e38,-28,96,Normal
2026-02-11 13:55:49.052196,Berlin-9e38,-17,45,Normal
2026-02-11 13:55:50.052196,Berlin-9e38,-8,29,Normal
2026-02-11 13:55:51.052196,Berlin-9e38,21,62,Normal
2026-02-11 13:55:52.052196,Berlin-9e38,1,64,Normal
2026-02-11 13:55:53.052196,Berlin-9e38,-17,77,Normal
2026-02-11 13:55:54.052196,Berlin-9e38,9,43,Normal
2026-02-11 13:55:55.052196,Berlin-9e38,-15,57,Normal
2026-02-11 13:55:56.052196,Berlin-9e38,7,39,Normal
2026-02-11 13:55:57.052196,Berlin-9e38,13,38,Normal
2026-02-11 13:55:58.052196,Berlin-9e38,29,3,Normal
2026-02-11 13:55:59.052196,Berlin-9e38,36,15,Normal
2026-02-11 13:56:00.052196,Berlin-9e38,47,55,Normal
2026-02-11 13:56:01.052196,Berlin-9e38,-10,55,Normal
2026-02-11 13:56:02.052196,Berlin-9e38,41,18,Normal
2026-02-11 13:56:03.052196,Berlin-9e38,47,10,Normal
2026-02-11 13:56:04.052196,Berlin-9e38,38,30,Normal
2026-02-11 13:56:05.052196,Berlin-9e38,-6,47,Normal
2026-02-11 13:56:06.052196,Berlin-9e38,32,98,Normal
2026-02-11 13:56:07.052196,Berlin-9e38,-18,19,Normal
2026-02-11 13:56:08.052196,Berlin-9e38,0,78,Normal
2026-02-11 13:56:09.052196,Berlin-9e38,50,67,Normal
2026-02-11 13:56:10.052196,Berlin-9e38,-30,51,Normal
2026-02-11 13:56:11.052196,Berlin-9e38,-28,91,Normal
2026-02-11 13:56:12.052196,Berlin-9e38,-10,14,Normal
2026-02-11 13:56:13.052196,Berlin-9e38,-23,52,Normal
2026-02-11 13:56:14.052196,Berlin-9e38,-25,9,Normal
2026-02-11 13:56:15.052196,Berlin-9e38,19,5,Normal
2026-02-11 13:56:16.052196,Berlin-9e38,-12,69,Normal
2026-02-11 13:56:17.052196,Berlin-9e38,-30,35,Normal
2026-02-11 13:56:18.052196,Berlin-9e38,3,37,Normal
2026-02-11 13:56:19.052196,Berlin-9e38,2,69,Normal
2026-02-11 13:56:20.052196,Berlin-9e38,28,0,Normal
2026-02-11 13:56:21.052196,Berlin-9e38,33,81,Normal
2026-02-11 13:56:22.052196,Berlin-9e38,-19,95,Normal
2026-02-11 13:56:23.052196,Berlin-9e38,49,14,Normal
2026-02-11 13:56:24.052196,Berlin-9e38,36,86,Normal
2026-02-11 13:56:25.052196,Berlin-9e38,-2,81,Normal
2026-02-11 13:56:26.052196,Berlin-9e38,17,75,Normal
2026-02-11 13:56:27.052196,Berlin-9e38,-30,19,Normal
2026-02-11 13:56:28.052196,Berlin-9e38,8,48,Normal
2026-02-11 13:56:29.052196,Berlin-9e38,-8,34,Normal
2026-02-11 13:56:30.052196,Berlin-9e38,-11,81,Normal
2026-02-11 13:56:31.052196,Berlin-9e38,41,69,Normal
2026-02-11 13:56:32.052196,Berlin-9e38,-26,37,Normal
2026-02-11 13:56:33.052196,Berlin-9e38,32,65,Normal
2026-02-11 13:56:34.052196,Berlin-9e38,12,39,Normal
2026-02-11 13:56:35.052196,Berlin-9e38,-19,29,Normal
2026-02-11 13:56:36.052196,Berlin-9e38,27,38,Normal
2026-02-11 13:56:37.052196,Berlin-9e38,46,75,Normal
2026-02-11 13:56:38.052196,Berlin-9e38,20,75,Normal
2026-02-11 13:56:39.052196,Berlin-9e38,22,65,Normal
2026-02-11 13:56:40.052196,Berlin-9e38,43,60,Normal
2026-02-11 13:56:41.052196,Berlin-9e38,15,38,Normal
2026-02-11 13:56:42.052196,Berlin-9e38,48,30,Normal
2026-02-11 13:56:43.052196,Berlin-9e38,24,64,Normal
2026-02-11 13:56:44.052196,Berlin-9e38,26,74,Normal
2026-02-11 13:56:45.052196,Berlin-9e38,42,3,Normal
2026-02-11 13:56:46.052196,Berlin-9e38,-21,37,Normal
2026-02-11 13:56:47.052196,Berlin-9e38,27,57,Normal
2026-02-11 13:56:48.052196,Berlin-9e38,-13,5,Normal
2026-02-11 13:56:49.052196,Berlin-9e38,16,80,Normal
2026-02-11 13:56:50.052196,Berlin-9e38,44,64,Normal
2026-02-11 13:56:51.052196,Berlin-9e38,-9,52,Normal
2026-02-11 13:56:52.052196,Berlin-9e38,20,48,Normal
2026-02-11 13:56:53.052196,Berlin-9e38,38,11,Normal
2026-02-11 13:56:54.052196,Berlin-9e38,42,41,Normal
2026-02-11 13:56:55.052196,Berlin-9e38,47,38,Normal
2026-02-11 13:56:56.052196,Berlin-9e38,40,75,Normal
2026-02-11 13:56:57.052196,Berlin-9e38,20,21,Normal
2026-02-11 13:56:58.052196,Berlin-9e38,-3,44,Normal
2026-02-11 13:56:59.052196,Berlin-9e38,-20,54,Normal
2026-02-11 13:57:00.052196,Berlin-9e38,41,49,Normal
2026-02-11 13:57:01.052196,Berlin-9e38,10,98,Normal
2026-02-11 13:57:02.052196,Berlin-9e38,10,84,Normal
2026-02-11 13:57:03.052196,Berlin-9e38,17,37,Normal
2026-02-11 13:57:04.052196,Berlin-9e38,22,21,Normal
2026-02-11 13:57:05.052196,Berlin-9e38,-24,83,Normal
2026-02-11 13:57:06.052196,Berlin-9e38,34,66,Normal
2026-02-11 13:57:07.052196,Berlin-9e38,-5,51,Normal
2026-02-11 13:57:08.052196,Berlin-9e38,31,73,Normal
2026-02-11 13:57:09.052196,Berlin-9e38,16,62,Normal
2026-02-11 13:57:10.052196,Berlin-9e38,-28,2,Normal
2026-02-11 13:57:11.052196,Berlin-9e38,-5,38,Normal
2026-02-11 13:57:12.052196,Berlin-9e38,34,46,Normal
2026-02-11 13:57:13.052196,Berlin-9e38,-17,82,Normal
2026-02-11 13:57:14.052196,Berlin-9e38,47,72,Normal
2026-02-11 13:57:15.052196,Berlin-9e38,-22,18,Normal
2026-02-11 13:57:16.052196,Berlin-9e38,5,60,Normal
2026-02-11 13:57:17.052196,Berlin-9e38,-25,80,Normal
2026-02-11 13:57:18.052196,Berlin-9e38,-14,78,Normal
2026-02-11 13:57:19.052196,Berlin-9e38,9,63,Normal
2026-02-11 13:57:20.052196,Berlin-9e38,-12,45,Normal
2026-02-11 13:57:21.052196,Berlin-9e38,-17,29,Normal
2026-02-11 13:57:22.052196,Berlin-9e38,39,75,Normal
2026-02-11 13:57:23.052196,Berlin-9e38,4,40,Normal
2026-02-11 13:57:24.052196,Berlin-9e38,34,67,Normal
2026-02-11 13:57:25.052196,Berlin-9e38,-25,89,Normal
2026-02-11 13:57:26.052196,Berlin-9e38,15,9,Normal
2026-02-11 13:57:27.052196,Berlin-9e38,8,16,Normal
2026-02-11 13:57:28.052196,Berlin-9e38,46,46,Normal
2026-02-11 13:57:29.052196,Berlin-9e38,32,30,Normal
2026-02-11 13:57:30.052196,Berlin-9e38,-27,70,Normal
2026-02-11 13:57:31.052196,Berlin-9e38,-8,88,Normal
2026-02-11 13:57:32.052196,Berlin-9e38,19,42,Normal
2026-02-11 13:57:33.052196,Berlin-9e38,24,15,Normal
2026-02-11 13:57:34.052196,Berlin-9e38,17,37,Normal
2026-02-11 13:57:35.052196,Berlin-9e38,20,25,Normal
2026-02-11 13:57:36.052196,Berlin-9e38,-22,9,Normal
2026-02-11 13:57:37.052196,Berlin-9e38,-1,70,Normal
2026-02-11 13:57:38.052196,Berlin-9e38,7,78,Normal
2026-02-11 13:57:39.052196,Berlin-9e38,-11,39,Normal
2026-02-11 13:57:40.052196,Berlin-9e38,18,80,Normal
2026-02-11 13:57:41.052196,Berlin-9e38,-12,70,Normal
2026-02-11 13:57:42.052196,Berlin-9e38,-6,71,Normal
2026-02-11 13:57:43.052196,Berlin-9e38,-28,19,Normal
2026-02-11 13:57:44.052196,Berlin-9e38,32,59,Normal
2026-02-11 13:57:45.052196,Berlin-9e38,-2,23,Normal
2026-02-11 13:57:46.052196,Berlin-9e38,-16,21,Normal
2026-02-11 13:57:47.052196,Berlin-9e38,38,54,Normal
2026-02-11 13:57:48.052196,Berlin-9e38,-11,9,Normal
2026-02-11 13:57:49.052196,Berlin-9e38,-1,30,Normal
2026-02-11 13:57:50.052196,Berlin-9e38,-28,18,Normal
2026-02-11 13:57:51.052196,Berlin-9e38,46,67,Normal
2026-02-11 13:57:52.052196,Berlin-9e38,33,6,Normal
2026-02-11 13:57:53.052196,Berlin-9e38,12,97,Normal
2026-02-11 13:57:54.052196,Berlin-9e38,11,100,Normal
2026-02-11 13:57:55.052196,Berlin-9e38,39,10,Normal
2026-02-11 13:57:56.052196,Berlin-9e38,-16,33,Normal
2026-02-11 13:57:57.052196,Berlin-9e38,4,100,Normal
2026-02-11 13:57:58.052196,Berlin-9e38,44,42,Normal
2026-02-11 13:57:59.052196,Berlin-9e38,7,7,Normal
2026-02-11 13:58:00.052196,Berlin-9e38,15,6,Normal
2026-02-11 13:58:01.052196,Berlin-9e38,12,96,Normal
2026-02-11 13:58:02.052196,Berlin-9e38,47,9,Normal
2026-02-11 13:58:03.052196,Berlin-9e38,42,88,Normal
2026-02-11 13:58:04.052196,Berlin-9e38,21,73,Normal
2026-02-11 13:58:05.052196,Berlin-9e38,50,25,Normal
2026-02-11 13:58:06.052196,Berlin-9e38,0,95,Normal
2026-02-11 13:58:07.052196,Berlin-9e38,-23,58,Normal
2026-02-11 13:58:08.052196,Berlin-9e38,22,91,Normal
2026-02-11 13:58:09.052196,Berlin-9e38,41,3,Normal
2026-02-11 13:58:10.052196,Berlin-9e38,37,28,Normal
2026-02-11 13:58:11.052196,Berlin-9e38,19,74,Normal
2026-02-11 13:58:12.052196,Berlin-9e38,10,96,Normal
2026-02-11 13:58:13.052196,Berlin-9e38,41,99,Normal
2026-02-11 13:58:14.052196,Berlin-9e38,15,57,Normal
2026-02-11 13:58:15.052196,Berlin-9e38,18,71,Normal
2026-02-11 13:58:16.052196,Berlin-9e38,-28,53,Normal
2026-02-11 13:58:17.052196,Berlin-9e38,-3,92,Normal
2026-02-11 13:58:18.052196,Berlin-9e38,7,17,Normal
2026-02-11 13:58:19.052196,Berlin-9e38,37,22,Normal
2026-02-11 13:58:20.052196,Berlin-9e38,40,82,Normal
2026-02-11 13:58:21.052196,Berlin-9e38,39,10,Normal
2026-02-11 13:58:22.052196,Berlin-9e38,41,13,Normal
2026-02-11 13:58:23.052196,Berlin-9e38,1,41,Normal
2026-02-11 13:58:24.052196,Berlin-9e38,-3,38,Normal
2026-02-11 13:58:25.052196,Berlin-9e38,0,98,Normal
2026-02-11 13:58:26.052196,Berlin-9e38,17,35,Normal
2026-02-11 13:58:27.052196,Berlin-9e38,29,35,Normal
2026-02-11 13:58:28.052196,Berlin-9e38,31,20,Normal
2026-02-11 13:58:29.052196,Berlin-9e38,-3,28,Normal
2026-02-11 13:58:30.052196,Berlin-9e38,24,62,Normal
2026-02-11 13:58:31.052196,Berlin-9e38,36,2,Normal
2026-02-11 13:58:32.052196,Berlin-9e38,6,55,Normal
2026-02-11 13:58:33.052196,Berlin-9e38,10,86,Normal
2026-02-11 13:58:34.052196,Berlin-9e38,13,18,Normal
2026-02-11 13:58:35.052196,Berlin-9e38,28,28,Normal
2026-02-11 13:58:36.052196,Berlin-9e38,-18,98,Normal
2026-02-11 13:58:37.052196,Berlin-9e38,-16,51,Normal
2026-02-11 13:58:38.052196,Berlin-9e38,-9,68,Normal
2026-02-11 13:58:39.052196,Berlin-9e38,-27,62,Normal
2026-02-11 13:58:40.052196,Berlin-9e38,-13,83,Normal
2026-02-11 13:58:41.052196,Berlin-9e38,21,89,Normal
2026-02-11 13:58:42.052196,Berlin-9e38,42,52,Normal
2026-02-11 13:58:43.052196,Berlin-9e38,29,75,Normal
2026-02-11 13:58:44.052196,Berlin-9e38,21,49,Normal
2026-02-11 13:58:45.052196,Berlin-9e38,41,61,Normal
2026-02-11 13:58:46.052196,Berlin-9e38,4,62,Normal
2026-02-11 13:58:47.052196,Berlin-9e38,-3,83,Normal
2026-02-11 13:58:48.052196,Berlin-9e38,23,0,Normal
2026-02-11 13:58:49.052196,Berlin-9e38,2,51,Normal
2026-02-11 13:58:50.052196,Berlin-9e38,49,21,Normal
2026-02-11 13:58:51.052196,Berlin-9e38,-29,55,Normal
2026-02-11 13:58:52.052196,Berlin-9e38,34,7,Normal
2026-02-11 13:58:53.052196,Berlin-9e38,-28,9,Normal
2026-02-11 13:58:54.052196,Berlin-9e38,-26,20,Normal
2026-02-11 13:58:55.052196,Berlin-9e38,28,97,Normal
2026-02-11 13:58:56.052196,Berlin-9e38,-14,45,Normal
2026-02-11 13:58:57.052196,Berlin-9e38,36,89,Normal
2026-02-11 13:58:58.052196,Berlin-9e38,1,39,Normal
2026-02-11 13:58:59.052196,Berlin-9e38,-12,40,Normal
2026-02-11 13:59:00.052196,Berlin-9e38,42,51,Normal
2026-02-11 13:59:01.052196,Berlin-9e38,15,8,Normal
2026-02-11 13:59:02.052196,Berlin-9e38,-26,84,Normal
2026-02-11 13:59:03.052196,Berlin-9e38,34,25,Normal
2026-02-11 13:59:04.052196,Berlin-9e38,34,59,Normal
2026-02-11 13:59:05.052196,Berlin-9e38,40,43,Normal
2026-02-11 13:59:06.052196,Berlin-9e38,34,88,Normal
2026-02-11 13:59:07.052196,Berlin-9e38,-3,19,Normal
2026-02-11 13:59:08.052196,Berlin-9e38,-23,77,Normal
2026-02-11 13:59:09.052196,Berlin-9e38,2,49,Normal
2026-02-11 13:59:10.052196,Berlin-9e38,20,23,Normal
2026-02-11 13:59:11.052196,Berlin-9e38,-23,38,Normal
2026-02-11 13:59:12.052196,Berlin-9e38,3,87,Normal
2026-02-11 13:59:13.052196,Berlin-9e38,24,53,Normal
2026-02-11 13:59:14.052196,Berlin-9e38,42,56,Normal
2026-02-11 13:59:15.052196,Berlin-9e38,21,2,Normal
2026-02-11 13:59:16.052196,Berlin-9e38,20,88,Normal
2026-02-11 13:59:17.052196,Berlin-9e38,3,53,Normal
2026-02-11 13:59:18.052196,Berlin-9e38,11,34,Normal
2026-02-11 13:59:19.052196,Berlin-9e38,9,85,Normal
2026-02-11 13:59:20.052196,Berlin-9e38,13,26,Normal
2026-02-11 13:59:21.052196,Berlin-9e38,43,77,Normal
2026-02-11 13:59:22.052196,Berlin-9e38,-5,27,Normal
2026-02-11 13:59:23.052196,Berlin-9e38,39,11,Normal
2026-02-11 13:59:24.052196,Berlin-9e38,45,0,Normal
2026-02-11 13:59:25.052196,Berlin-9e38,-7,91,Normal
2026-02-11 13:59:26.052196,Berlin-9e38,15,88,Normal
2026-02-11 13:59:27.052196,Berlin-9e38,26,55,Normal
2026-02-11 13:59:28.052196,Berlin-9e38,10,6,Normal
2026-02-11 13:59:29.052196,Berlin-9e38,16,77,Normal
2026-02-11 13:59:30.052196,Berlin-9e38,-24,90,Normal
2026-02-11 13:59:31.052196,Berlin-9e38,-12,23,Normal
2026-02-11 13:59:32.052196,Berlin-9e38,-5,39,Normal
2026-02-11 13:59:33.052196,Berlin-9e38,13,25,Normal
2026-02-11 13:59:34.052196,Berlin-9e38,39,5,Normal
2026-02-11 13:59:35.052196,Berlin-9e38,1,75,Normal
2026-02-11 13:59:36.052196,Berlin-9e38,-4,94,Normal
2026-02-11 13:59:37.052196,Berlin-9e38,47,70,Normal
2026-02-11 13:59:38.052196,Berlin-9e38,40,12,Normal
2026-02-11 13:59:39.052196,Berlin-9e38,7,36,Normal
2026-02-11 13:59:40.052196,Berlin-9e38,-10,56,Normal
2026-02-11 13:59:41.052196,Berlin-9e38,29,49,Normal
2026-02-11 13:59:42.052196,Berlin-9e38,10,58,Normal
2026-02-11 13:59:43.052196,Berlin-9e38,-3,32,Normal
2026-02-11 13:59:44.052196,Berlin-9e38,-26,40,Normal
2026-02-11 13:59:45.052196,Berlin-9e38,-3,26,Normal
2026-02-11 13:59:46.052196,Berlin-9e38,5,36,Normal
2026-02-11 13:59:47.052196,Berlin-9e38,26,49,Normal
2026-02-11 13:59:48.052196,Berlin-9e38,12,88,Normal
2026-02-11 13:59:49.052196,Berlin-9e38,27,46,Normal
2026-02-11 13:59:50.052196,Berlin-9e38,8,67,Normal
2026-02-11 13:59:51.052196,Berlin-9e38,26,54,Normal
2026-02-11 13:59:52.052196,Berlin-9e38,-6,79,Normal
2026-02-11 13:59:53.052196,Berlin-9e38,25,48,Normal
2026-02-11 13:59:54.052196,Berlin-9e38,12,0,Normal
2026-02-11 13:59:55.052196,Berlin-9e38,42,66,Normal
2026-02-11 13:59:56.052196,Berlin-9e38,-7,19,Normal
2026-02-11 13:59:57.052196,Berlin-9e38,-29,63,Normal
2026-02-11 13:59:58.052196,Berlin-9e38,12,78,Normal
2026-02-11 13:59:59.052196,Berlin-9e38,-21,96,Normal
2026-02-11 14:00:00.052196,Berlin-9e38,38,89,Normal
2026-02-11 14:00:01.052196,Berlin-9e38,-11,24,Normal
2026-02-11 14:00:02.052196,Berlin-9e38,31,33,Normal
2026-02-11 14:00:03.052196,Berlin-9e38,37,19,Normal
2026-02-11 14:00:04.052196,Berlin-9e38,-7,89,Normal
2026-02-11 14:00:05.052196,Berlin-9e38,12,66,Normal
2026-02-11 14:00:06.052196,Berlin-9e38,36,0,Normal
2026-02-11 14:00:07.052196,Berlin-9e38,-27,48,Normal
2026-02-11 14:00:08.052196,Berlin-9e38,18,100,Normal
2026-02-11 14:00:09.052196,Berlin-9e38,19,53,Normal
2026-02-11 14:00:10.052196,Berlin-9e38,19,62,Normal
2026-02-11 14:00:11.052196,Berlin-9e38,11,0,Normal
2026-02-11 14:00:12.052196,Berlin-9e38,39,74,Normal
2026-02-11 14:00:13.052196,Berlin-9e38,16,75,Normal
2026-02-11 14:00:14.052196,Berlin-9e38,39,2,Normal
2026-02-11 14:00:15.052196,Berlin-9e38,-18,47,Normal
2026-02-11 14:00:16.052196,Berlin-9e38,9,64,Normal
2026-02-11 14:00:17.052196,Berlin-9e38,20,47,Normal
2026-02-11 14:00:18.052196,Berlin-9e38,11,71,Normal
2026-02-11 14:00:19.052196,Berlin-9e38,38,62,Normal
2026-02-11 14:00:20.052196,Berlin-9e38,35,31,Normal
2026-02-11 14:00:21.052196,Berlin-9e38,17,100,Normal
2026-02-11 14:00:22.052196,Berlin-9e38,37,9,Normal
2026-02-11 14:00:23.052196,Berlin-9e38,-11,94,Normal
2026-02-11 14:00:24.052196,Berlin-9e38,-14,51,Normal
2026-02-11 14:00:25.052196,Berlin-9e38,-9,62,Normal
2026-02-11 14:00:26.052196,Berlin-9e38,2,75,Normal
2026-02-11 14:00:27.052196,Berlin-9e38,14,13,Normal
2026-02-11 14:00:28.052196,Berlin-9e38,-16,30,Normal
2026-02-11 14:00:29.052196,Berlin-9e38,40,90,Normal
2026-02-11 14:00:30.052196,Berlin-9e38,27,76,Normal
2026-02-11 14:00:31.052196,Berlin-9e38,4,66,Normal
2026-02-11 14:00:32.052196,Berlin-9e38,-5,76,Normal
2026-02-11 14:00:33.052196,Berlin-9e38,-3,14,Normal
2026-02-11 14:00:34.052196,Berlin-9e38,35,50,Normal
2026-02-11 14:00:35.052196,Berlin-9e38,6,68,Normal
2026-02-11 14:00:36.052196,Berlin-9e38,-5,25,Normal
2026-02-11 14:00:37.052196,Berlin-9e38,2,56,Normal
2026-02-11 14:00:38.052196,Berlin-9e38,-6,4,Normal
2026-02-11 14:00:39.052196,Berlin-9e38,43,40,Normal
2026-02-11 14:00:40.052196,Berlin-9e38,-24,8,Normal
2026-02-11 14:00:41.052196,Berlin-9e38,11,28,Normal
2026-02-11 14:00:42.052196,Berlin-9e38,-25,81,Normal
2026-02-11 14:00:43.052196,Berlin-9e38,-11,34,Normal
2026-02-11 14:00:44.052196,Berlin-9e38,-2,55,Normal
2026-02-11 14:00:45.052196,Berlin-9e38,49,39,Normal
2026-02-11 14:00:46.052196,Berlin-9e38,-7,66,Normal
2026-02-11 14:00:47.052196,Berlin-9e38,35,6,Normal
2026-02-11 14:00:48.052196,Berlin-9e38,13,98,Normal
2026-02-11 14:00:49.052196,Berlin-9e38,35,79,Normal
2026-02-11 14:00:50.052196,Berlin-9e38,-13,60,Normal
2026-02-11 14:00:51.052196,Berlin-9e38,4,83,Normal
2026-02-11 14:00:52.052196,Berlin-9e38,20,16,Normal
2026-02-11 14:00:53.052196,Berlin-9e38,-22,45,Normal
2026-02-11 14:00:54.052196,Berlin-9e38,23,17,Normal
2026-02-11 14:00:55.052196,Berlin-9e38,10,61,Normal
2026-02-11 14:00:56.052196,Berlin-9e38,-11,24,Normal
2026-02-11 14:00:57.052196,Berlin-9e38,19,32,Normal
2026-02-11 14:00:58.052196,Berlin-9e38,37,14,Normal
2026-02-11 14:00:59.052196,Berlin-9e38,31,11,Normal
2026-02-11 14:01:00.052196,Berlin-9e38,18,17,Normal
2026-02-11 14:01:01.052196,Berlin-9e38,39,17,Normal
2026-02-11 14:01:02.052196,Berlin-9e38,26,72,Normal
2026-02-11 14:01:03.052196,Berlin-9e38,-24,43,Normal
2026-02-11 14:01:04.052196,Berlin-9e38,30,35,Normal
2026-02-11 14:01:05.052196,Berlin-9e38,-25,30,Normal
2026-02-11 14:01:06.052196,Berlin-9e38,-30,78,Normal
2026-02-11 14:01:07.052196,Berlin-9e38,4,35,Normal
2026-02-11 14:01:08.052196,Berlin-9e38,30,34,Normal
2026-02-11 14:01:09.052196,Berlin-9e38,41,74,Normal
2026-02-11 14:01:10.052196,Berlin-9e38,-2,56,Normal
2026-02-11 14:01:11.052196,Berlin-9e38,-26,59,Normal
2026-02-11 14:01:12.052196,Berlin-9e38,38,34,Normal
2026-02-11 14:01:13.052196,Berlin-9e38,49,32,Normal
2026-02-11 14:01:14.052196,Berlin-9e38,22,3,Normal
2026-02-11 14:01:15.052196,Berlin-9e38,17,86,Normal
2026-02-11 14:01:16.052196,Berlin-9e38,36,61,Normal
2026-02-11 14:01:17.052196,Berlin-9e38,-8,71,Normal
2026-02-11 14:01:18.052196,Berlin-9e38,-27,64,Normal
2026-02-11 14:01:19.052196,Berlin-9e38,24,25,Normal
2026-02-11 14:01:20.052196,Berlin-9e38,46,54,Normal
2026-02-11 14:01:21.052196,Berlin-9e38,23,25,Normal
2026-02-11 14:01:22.052196,Berlin-9e38,-29,81,Normal
2026-02-11 14:01:23.052196,Berlin-9e38,-4,70,Normal
2026-02-11 14:01:24.052196,Berlin-9e38,7,21,Normal
2026-02-11 14:01:25.052196,Berlin-9e38,12,81,Normal
2026-02-11 14:01:26.052196,Berlin-9e38,2,93,Normal
2026-02-11 14:01:27.052196,Berlin-9e38,15,25,Normal
2026-02-11 14:01:28.052196,Berlin-9e38,-12,7,Normal
2026-02-11 14:01:29.052196,Berlin-9e38,11,31,Normal
2026-02-11 14:01:30.052196,Berlin-9e38,-6,89,Normal
2026-02-11 14:01:31.052196,Berlin-9e38,48,3,Normal
2026-02-11 14:01:32.052196,Berlin-9e38,-24,2,Normal
2026-02-11 14:01:33.052196,Berlin-9e38,5,8,Normal
2026-02-11 14:01:34.052196,Berlin-9e38,43,95,Normal
2026-02-11 14:01:35.052196,Berlin-9e38,-26,85,Normal
2026-02-11 14:01:36.052196,Berlin-9e38,45,8,Normal
2026-02-11 14:01:37.052196,Berlin-9e38,11,26,Normal
2026-02-11 14:01:38.052196,Berlin-9e38,26,39,Normal
2026-02-11 14:01:39.052196,Berlin-9e38,-3,42,Normal
2026-02-11 14:01:40.052196,Berlin-9e38,49,13,Normal
2026-02-11 14:01:41.052196,Berlin-9e38,-3,67,Normal
2026-02-11 14:01:42.052196,Berlin-9e38,32,16,Normal
2026-02-11 14:01:43.052196,Berlin-9e38,39,72,Normal
2026-02-11 14:01:44.052196,Berlin-9e38,9,19,Normal
2026-02-11 14:01:45.052196,Berlin-9e38,45,63,Normal
2026-02-11 14:01:46.052196,Berlin-9e38,-23,83,Normal
2026-02-11 14:01:47.052196,Berlin-9e38,31,66,Normal
2026-02-11 14:01:48.052196,Berlin-9e38,-8,66,Normal
2026-02-11 14:01:49.052196,Berlin-9e38,-9,44,Normal
2026-02-11 14:01:50.052196,Berlin-9e38,6,98,Normal
2026-02-11 14:01:51.052196,Berlin-9e38,16,78,Normal
2026-02-11 14:01:52.052196,Berlin-9e38,6,88,Normal
2026-02-11 14:01:53.052196,Berlin-9e38,40,90,Normal
2026-02-11 14:01:54.052196,Berlin-9e38,20,58,Normal
2026-02-11 14:01:55.052196,Berlin-9e38,43,89,Normal
2026-02-11 14:01:56.052196,Berlin-9e38,-11,78,Normal
2026-02-11 14:01:57.052196,Berlin-9e38,20,43,Normal
2026-02-11 14:01:58.052196,Berlin-9e38,-30,60,Normal
2026-02-11 14:01:59.052196,Berlin-9e38,29,57,Normal
2026-02-11 14:02:00.052196,Berlin-9e38,9,68,Normal
2026-02-11 14:02:01.052196,Berlin-9e38,5,1,Normal
2026-02-11 14:02:02.052196,Berlin-9e38,-10,2,Normal
2026-02-11 14:02:03.052196,Berlin-9e38,-21,99,Normal
2026-02-11 14:02:04.052196,Berlin-9e38,-21,64,Normal
2026-02-11 14:02:05.052196,Berlin-9e38,-25,64,Normal
2026-02-11 14:02:06.052196,Berlin-9e38,41,53,Normal
2026-02-11 14:02:07.052196,Berlin-9e38,42,49,Normal
2026-02-11 14:02:08.052196,Berlin-9e38,-22,11,Normal
2026-02-11 14:02:09.052196,Berlin-9e38,39,48,Normal
2026-02-11 14:02:10.052196,Berlin-9e38,48,28,Normal
2026-02-11 14:02:11.052196,Berlin-9e38,-28,30,Normal
2026-02-11 14:02:12.052196,Berlin-9e38,39,88,Normal
2026-02-11 14:02:13.052196,Berlin-9e38,-24,30,Normal
2026-02-11 14:02:14.052196,Berlin-9e38,34,1,Normal
2026-02-11 14:02:15.052196,Berlin-9e38,47,29,Normal
2026-02-11 14:02:16.052196,Berlin-9e38,-22,51,Normal
2026-02-11 14:02:17.052196,Berlin-9e38,-4,62,Normal
2026-02-11 14:02:18.052196,Berlin-9e38,39,0,Normal
2026-02-11 14:02:19.052196,Berlin-9e38,-3,32,Normal
2026-02-11 14:02:20.052196,Berlin-9e38,40,59,Normal
2026-02-11 14:02:21.052196,Berlin-9e38,32,84,Normal
2026-02-11 14:02:22.052196,Berlin-9e38,-27,11,Normal
2026-02-11 14:02:23.052196,Berlin-9e38,-5,36,Normal
2026-02-11 14:02:24.052196,Berlin-9e38,42,14,Normal
2026-02-11 14:02:25.052196,Berlin-9e38,-23,46,Normal
2026-02-11 14:02:26.052196,Berlin-9e38,10,43,Normal
2026-02-11 14:02:27.052196,Berlin-9e38,11,79,Normal
2026-02-11 14:02:28.052196,Berlin-9e38,-5,14,Normal
2026-02-11 14:02:29.052196,Berlin-9e38,38,14,Normal
2026-02-11 14:02:30.052196,Berlin-9e38,-9,100,Normal
2026-02-11 14:02:31.052196,Berlin-9e38,-29,61,Normal
2026-02-11 14:02:32.052196,Berlin-9e38,32,28,Normal
2026-02-11 14:02:33.052196,Berlin-9e38,32,62,Normal
2026-02-11 14:02:34.052196,Berlin-9e38,-22,88,Normal
2026-02-11 14:02:35.052196,Berlin-9e38,-19,2,Normal
2026-02-11 14:02:36.052196,Berlin-9e38,22,99,Normal
2026-02-11 14:02:37.052196,Berlin-9e38,48,100,Normal
2026-02-11 14:02:38.052196,Berlin-9e38,30,13,Normal
2026-02-11 14:02:39.052196,Berlin-9e38,-4,50,Normal
2026-02-11 14:02:40.052196,Berlin-9e38,22,67,Normal
2026-02-11 14:02:41.052196,Berlin-9e38,48,83,Normal
2026-02-11 14:02:42.052196,Berlin-9e38,-23,32,Normal
2026-02-11 14:02:43.052196,Berlin-9e38,-16,87,Normal
2026-02-11 14:02:44.052196,Berlin-9e38,-29,72,Normal
2026-02-11 14:02:45.052196,Berlin-9e38,-15,1,Normal
2026-02-11 14:02:46.052196,Berlin-9e38,3,41,Normal
2026-02-11 14:02:47.052196,Berlin-9e38,14,29,Normal
2026-02-11 14:02:48.052196,Berlin-9e38,13,6,Normal
2026-02-11 14:02:49.052196,Berlin-9e38,10,92,Normal
2026-02-11 14:02:50.052196,Berlin-9e38,-1,93,Normal
2026-02-11 14:02:51.052196,Berlin-9e38,-4,74,Normal
2026-02-11 14:02:52.052196,Berlin-9e38,-12,100,Normal
2026-02-11 14:02:53.052196,Berlin-9e38,-1,6,Normal
2026-02-11 14:02:54.052196,Berlin-9e38,25,38,Normal
2026-02-11 14:02:55.052196,Berlin-9e38,-14,28,Normal
2026-02-11 14:02:56.052196,Berlin-9e38,28,87,Normal
2026-02-11 14:02:57.052196,Berlin-9e38,-10,28,Normal
2026-02-11 14:02:58.052196,Berlin-9e38,20,80,Normal
2026-02-11 14:02:59.052196,Berlin-9e38,23,18,Normal
2026-02-11 14:03:00.052196,Berlin-9e38,-27,31,Normal
2026-02-11 14:03:01.052196,Berlin-9e38,-3,63,Normal
2026-02-11 14:03:02.052196,Berlin-9e38,-25,62,Normal
2026-02-11 14:03:03.052196,Berlin-9e38,24,20,Normal
2026-02-11 14:03:04.052196,Berlin-9e38,43,75,Normal
2026-02-11 14:03:05.052196,Berlin-9e38,-13,16,Normal
2026-02-11 14:03:06.052196,Berlin-9e38,-17,86,Normal
2026-02-11 14:03:07.052196,Berlin-9e38,50,79,Normal
2026-02-11 14:03:08.052196,Berlin-9e38,-1,95,Normal
2026-02-11 14:03:09.052196,Berlin-9e38,25,52,Normal
2026-02-11 14:03:10.052196,Berlin-9e38,46,69,Normal
2026-02-11 14:03:11.052196,Berlin-9e38,-15,54,Normal
2026-02-11 14:03:12.052196,Berlin-9e38,7,28,Normal
2026-02-11 14:03:13.052196,Berlin-9e38,34,87,Normal
2026-02-11 14:03:14.052196,Berlin-9e38,-14,42,Normal
2026-02-11 14:03:15.052196,Berlin-9e38,-24,48,Normal
2026-02-11 14:03:16.052196,Berlin-9e38,24,74,Normal
2026-02-11 14:03:17.052196,Berlin-9e38,25,41,Normal
2026-02-11 14:03:18.052196,Berlin-9e38,-4,20,Normal
2026-02-11 14:03:19.052196,Berlin-9e38,20,59,Normal
2026-02-11 14:03:20.052196,Berlin-9e38,18,29,Normal
2026-02-11 14:03:21.052196,Berlin-9e38,50,85,Normal
2026-02-11 14:03:22.052196,Berlin-9e38,35,69,Normal
2026-02-11 14:03:23.052196,Berlin-9e38,-3,63,Normal
2026-02-11 14:03:24.052196,Berlin-9e38,13,46,Normal
2026-02-11 14:03:25.052196,Berlin-9e38,2,53,Normal
2026-02-11 14:03:26.052196,Berlin-9e38,-21,97,Normal
2026-02-11 14:03:27.052196,Berlin-9e38,7,50,Normal
2026-02-11 14:03:28.052196,Berlin-9e38,44,82,Normal
2026-02-11 14:03:29.052196,Berlin-9e38,12,24,Normal
2026-02-11 14:03:30.052196,Berlin-9e38,48,64,Normal
2026-02-11 14:03:31.052196,Berlin-9e38,-23,18,Normal
2026-02-11 14:03:32.052196,Berlin-9e38,21,33,Normal
2026-02-11 14:03:33.052196,Berlin-9e38,11,18,Normal
2026-02-11 14:03:34.052196,Berlin-9e38,-20,42,Normal
2026-02-11 14:03:35.052196,Berlin-9e38,14,95,Normal
2026-02-11 14:03:36.052196,Berlin-9e38,-15,45,Normal
2026-02-11 14:03:37.052196,Berlin-9e38,41,56,Normal
2026-02-11 14:03:38.052196,Berlin-9e38,12,70,Normal
2026-02-11 14:03:39.052196,Berlin-9e38,12,36,Normal
2026-02-11 14:03:40.052196,Berlin-9e38,43,25,Normal
2026-02-11 14:03:41.052196,Berlin-9e38,11,36,Normal
2026-02-11 14:03:42.052196,Berlin-9e38,29,99,Normal
2026-02-11 14:03:43.052196,Berlin-9e38,3,8,Normal
2026-02-11 14:03:44.052196,Berlin-9e38,46,18,Normal
2026-02-11 14:03:45.052196,Berlin-9e38,-22,47,Normal
2026-02-11 14:03:46.052196,Berlin-9e38,43,87,Normal
2026-02-11 14:03:47.052196,Berlin-9e38,-10,80,Normal
2026-02-11 14:03:48.052196,Berlin-9e38,16,37,Normal
2026-02-11 14:03:49.052196,Berlin-9e38,-26,45,Normal
2026-02-11 14:03:50.052196,Berlin-9e38,-1,55,Normal
2026-02-11 14:03:51.052196,Berlin-9e38,46,28,Normal
2026-02-11 14:03:52.052196,Berlin-9e38,-17,98,Normal
2026-02-11 14:03:53.052196,Berlin-9e38,16,9,Normal
2026-02-11 14:03:54.052196,Berlin-9e38,19,73,Normal
2026-02-11 14:03:55.052196,Berlin-9e38,-10,53,Normal
2026-02-11 14:03:56.052196,Berlin-9e38,47,36,Normal
2026-02-11 14:03:57.052196,Berlin-9e38,-1,42,Normal
2026-02-11 14:03:58.052196,Berlin-9e38,-8,8,Normal
2026-02-11 14:03:59.052196,Berlin-9e38,9,7,Normal
2026-02-11 14:04:00.052196,Berlin-9e38,-22,33,Normal
2026-02-11 14:04:01.052196,Berlin-9e38,1,14,Normal
2026-02-11 14:04:02.052196,Berlin-9e38,-20,40,Normal
2026-02-11 14:04:03.052196,Berlin-9e38,14,100,Normal
2026-02-11 14:04:04.052196,Berlin-9e38,41,40,Normal
2026-02-11 14:04:05.052196,Berlin-9e38,37,59,Normal
2026-02-11 14:04:06.052196,Berlin-9e38,14,77,Normal
2026-02-11 14:04:07.052196,Berlin-9e38,-1,67,Normal
2026-02-11 14:04:08.052196,Berlin-9e38,-30,47,Normal
2026-02-11 14:04:09.052196,Berlin-9e38,28,44,Normal
2026-02-11 14:04:10.052196,Berlin-9e38,-9,76,Normal
2026-02-11 14:04:11.052196,Berlin-9e38,-25,27,Normal
2026-02-11 14:04:12.052196,Berlin-9e38,27,10,Normal
2026-02-11 14:04:13.052196,Berlin-9e38,33,73,Normal
2026-02-11 14:04:14.052196,Berlin-9e38,-20,98,Normal
2026-02-11 14:04:15.052196,Berlin-9e38,-6,54,Normal
2026-02-11 14:04:16.052196,Berlin-9e38,18,8,Normal
2026-02-11 14:04:17.052196,Berlin-9e38,-8,24,Normal
2026-02-11 14:04:18.052196,Berlin-9e38,44,82,Normal
2026-02-11 14:04:19.052196,Berlin-9e38,10,12,Normal
2026-02-11 14:04:20.052196,Berlin-9e38,13,58,Normal
2026-02-11 14:04:21.052196,Berlin-9e38,-29,58,Normal
2026-02-11 14:04:22.052196,Berlin-9e38,22,71,Normal
2026-02-11 14:04:23.052196,Berlin-9e38,-2,78,Normal
2026-02-11 14:04:24.052196,Berlin-9e38,32,89,Normal
2026-02-11 14:04:25.052196,Berlin-9e38,37,8,Normal
2026-02-11 14:04:26.052196,Berlin-9e38,10,32,Normal
2026-02-11 14:04:27.052196,Berlin-9e38,6,31,Normal
2026-02-11 14:04:28.052196,Berlin-9e38,6,99,Normal
2026-02-11 14:04:29.052196,Berlin-9e38,-5,50,Normal
2026-02-11 14:04:30.052196,Berlin-9e38,-25,78,Normal
2026-02-11 14:04:31.052196,Berlin-9e38,-1,91,Normal
2026-02-11 14:04:32.052196,Berlin-9e38,27,77,Normal
2026-02-11 14:04:33.052196,Berlin-9e38,-11,4,Normal
2026-02-11 14:04:34.052196,Berlin-9e38,-30,49,Normal
2026-02-11 14:04:35.052196,Berlin-9e38,39,31,Normal
2026-02-11 14:04:36.052196,Berlin-9e38,39,22,Normal
2026-02-11 14:04:37.052196,Berlin-9e38,48,87,Normal
2026-02-11 14:04:38.052196,Berlin-9e38,41,0,Normal
2026-02-11 14:04:39.052196,Berlin-9e38,36,60,Normal
2026-02-11 14:04:40.052196,Berlin-9e38,44,93,Normal
2026-02-11 14:04:41.052196,Berlin-9e38,-27,24,Normal
2026-02-11 14:04:42.052196,Berlin-9e38,26,49,Normal
2026-02-11 14:04:43.052196,Berlin-9e38,-17,21,Normal
2026-02-11 14:04:44.052196,Berlin-9e38,-3,15,Normal
2026-02-11 14:04:45.052196,Berlin-9e38,-5,62,Normal
2026-02-11 14:04:46.052196,Berlin-9e38,15,90,Normal
2026-02-11 14:04:47.052196,Berlin-9e38,0,6,Normal
2026-02-11 14:04:48.052196,Berlin-9e38,47,41,Normal
2026-02-11 14:04:49.052196,Berlin-9e38,-25,51,Normal
2026-02-11 14:04:50.052196,Berlin-9e38,-19,80,Normal
2026-02-11 14:04:51.052196,Berlin-9e38,-27,84,Normal
2026-02-11 14:04:52.052196,Berlin-9e38,28,97,Normal
2026-02-11 14:04:53.052196,Berlin-9e38,29,1,Normal
2026-02-11 14:04:54.052196,Berlin-9e38,30,32,Normal
2026-02-11 14:04:55.052196,Berlin-9e38,-2,50,Normal
2026-02-11 14:04:56.052196,Berlin-9e38,32,65,Normal
2026-02-11 14:04:57.052196,Berlin-9e38,-24,83,Normal
2026-02-11 14:04:58.052196,Berlin-9e38,20,54,Normal
2026-02-11 14:04:59.052196,Berlin-9e38,-23,11,Normal
2026-02-11 14:05:00.052196,Berlin-9e38,34,16,Normal
2026-02-11 14:05:01.052196,Berlin-9e38,5,6,Normal
2026-02-11 14:05:02.052196,Berlin-9e38,-24,18,Normal
2026-02-11 14:05:03.052196,Berlin-9e38,14,82,Normal
2026-02-11 14:05:04.052196,Berlin-9e38,-27,69,Normal
2026-02-11 14:05:05.052196,Berlin-9e38,40,69,Normal
2026-02-11 14:05:06.052196,Berlin-9e38,-9,28,Normal
2026-02-11 14:05:07.052196,Berlin-9e38,-28,42,Normal
2026-02-11 14:05:08.052196,Berlin-9e38,-13,63,Normal
2026-02-11 14:05:09.052196,Berlin-9e38,50,40,Normal
2026-02-11 14:05:10.052196,Berlin-9e38,16,82,Normal
2026-02-11 14:05:11.052196,Berlin-9e38,9,93,Normal
2026-02-11 14:05:12.052196,Berlin-9e38,12,52,Normal
2026-02-11 14:05:13.052196,Berlin-9e38,-15,74,Normal
2026-02-11 14:05:14.052196,Berlin-9e38,-8,75,Normal
2026-02-11 14:05:15.052196,Berlin-9e38,-12,35,Normal
2026-02-11 14:05:16.052196,Berlin-9e38,4,30,Normal
2026-02-11 14:05:17.052196,Berlin-9e38,-28,98,Normal
2026-02-11 14:05:18.052196,Berlin-9e38,11,11,Normal
2026-02-11 14:05:19.052196,Berlin-9e38,-28,38,Normal
2026-02-11 14:05:20.052196,Berlin-9e38,-6,18,Normal
2026-02-11 14:05:21.052196,Berlin-9e38,14,0,Normal
2026-02-11 14:05:22.052196,Berlin-9e38,3,3,Normal
2026-02-11 14:05:23.052196,Berlin-9e38,20,98,Normal
2026-02-11 14:05:24.052196,Berlin-9e38,-26,73,Normal
2026-02-11 14:05:25.052196,Berlin-9e38,26,4,Normal
2026-02-11 14:05:26.052196,Berlin-9e38,34,89,Normal
2026-02-11 14:05:27.052196,Berlin-9e38,29,11,Normal
2026-02-11 14:05:28.052196,Berlin-9e38,5,5,Normal
2026-02-11 14:05:29.052196,Berlin-9e38,-1,23,Normal
2026-02-11 14:05:30.052196,Berlin-9e38,-29,67,Normal
2026-02-11 14:05:31.052196,Berlin-9e38,-16,10,Normal
2026-02-11 14:05:32.052196,Berlin-9e38,40,45,Normal
2026-02-11 14:05:33.052196,Berlin-9e38,38,70,Normal
2026-02-11 14:05:34.052196,Berlin-9e38,7,34,Normal
2026-02-11 14:05:35.052196,Berlin-9e38,-4,48,Normal
2026-02-11 14:05:36.052196,Berlin-9e38,-5,14,Normal
2026-02-11 14:05:37.052196,Berlin-9e38,14,82,Normal
2026-02-11 14:05:38.052196,Berlin-9e38,-8,11,Normal
2026-02-11 14:05:39.052196,Berlin-9e38,-19,99,Normal
2026-02-11 14:05:40.052196,Berlin-9e38,-2,41,Normal
2026-02-11 14:05:41.052196,Berlin-9e38,13,88,Normal
2026-02-11 14:05:42.052196,Berlin-9e38,6,0,Normal
2026-02-11 14:05:43.052196,Berlin-9e38,-29,92,Normal
2026-02-11 14:05:44.052196,Berlin-9e38,17,37,Normal
2026-02-11 14:05:45.052196,Berlin-9e38,-12,57,Normal
2026-02-11 14:05:46.052196,Berlin-9e38,-22,92,Normal
2026-02-11 14:05:47.052196,Berlin-9e38,39,20,Normal
