timestamp,station_id,temp,humid,condition
2026-02-16 09:02:59.303281,Paris-3979,36,76,Normal
2026-02-16 09:03:00.303281,Paris-3979,50,17,Normal
2026-02-16 09:03:01.303281,Paris-3979,34,99,Normal
2026-02-16 09:03:02.303281,Paris-3979,-19,26,Normal
2026-02-16 09:03:03.303281,Paris-3979,-15,75,Normal
2026-02-16 09:03:04.303281,Paris-3979,34,25,Normal
2026-02-16 09:03:05.303281,Paris-3979,-15,10,Normal
2026-02-16 09:03:06.303281,Paris-3979,36,6,Normal
2026-02-16 09:03:07.303281,Paris-3979,-2,96,Normal
2026-02-16 09:03:08.303281,Paris-3979,-28,70,Normal
2026-02-16 09:03:09.303281,Paris-3979,26,84,Normal
2026-02-16 09:03:10.303281,Paris-3979,-18,73,Normal
2026-02-16 09:03:11.303281,Paris-3979,26,9,Normal
2026-02-16 09:03:12.303281,Paris-3979,-16,73,Normal
2026-02-16 09:03:13.303281,Paris-3979,-30,61,Normal
2026-02-16 09:03:14.303281,Paris-3979,41,36,Normal
2026-02-16 09:03:15.303281,Paris-3979,-20,60,Normal
2026-02-16 09:03:16.303281,Paris-3979,-16,36,Normal
2026-02-16 09:03:17.303281,Paris-3979,-28,57,Normal
2026-02-16 09:03:18.303281,Paris-3979,9,81,Normal
2026-02-16 09:03:19.303281,Paris-3979,-25,77,Normal
2026-02-16 09:03:20.303281,Paris-3979,35,9,Normal
2026-02-16 09:03:21.303281,Paris-3979,16,95,Normal
2026-02-16 09:03:22.303281,Paris-3979,-4,69,Normal
2026-02-16 09:03:23.303281,Paris-3979,-19,92,Normal
2026-02-16 09:03:24.303281,Paris-3979,-17,0,Normal
2026-02-16 09:03:25.303281,Paris-3979,4,89,Normal
2026-02-16 09:03:26.303281,Paris-3979,7,23,Normal
2026-02-16 09:03:27.303281,Paris-3979,20,40,Normal
2026-02-16 09:03:28.303281,Paris-3979,46,8,Normal
2026-02-16 09:03:29.303281,Paris-3979,7,41,Normal
2026-02-16 09:03:30.303281,Paris-3979,36,89,Normal
2026-02-16 09:03:31.303281,Paris-3979,27,66,Normal
2026-02-16 09:03:32.303281,Paris-3979,-5,51,Normal
2026-02-16 09:03:33.303281,Paris-3979,40,16,Normal
2026-02-16 09:03:34.303281,Paris-3979,39,43,Normal
2026-02-16 09:03:35.303281,Paris-3979,15,83,Normal
2026-02-16 09:03:36.303281,Paris-3979,0,75,Normal
2026-02-16 09:03:37.303281,Paris-3979,43,49,Normal
2026-02-16 09:03:38.303281,Paris-3979,8,58,Normal
2026-02-16 09:03:39.303281,Paris-3979,50,40,Normal
2026-02-16 09:03:40.303281,Paris-3979,40,15,Normal
2026-02-16 09:03:41.303281,Paris-3979,16,14,Normal
2026-02-16 09:03:42.303281,Paris-3979,32,6,Normal
2026-02-16 09:03:43.303281,Paris-3979,28,66,Normal
2026-02-16 09:03:44.303281,Paris-3979,20,19,Normal
2026-02-16 09:03:45.303281,Paris-3979,-12,60,Normal
2026-02-16 09:03:46.303281,Paris-3979,34,89,Normal
2026-02-16 09:03:47.303281,Paris-3979,-12,84,Normal
2026-02-16 09:03:48.303281,Paris-3979,-29,56,Normal
2026-02-16 09:03:49.303281,Paris-3979,33,54,Normal
2026-02-16 09:03:50.303281,Paris-3979,-9,23,Normal
2026-02-16 09:03:51.303281,Paris-3979,46,29,Normal
2026-02-16 09:03:52.303281,Paris-3979,-18,47,Normal
2026-02-16 09:03:53.303281,Paris-3979,-30,35,Normal
2026-02-16 09:03:54.303281,Paris-3979,17,70,Normal
2026-02-16 09:03:55.303281,Paris-3979,19,59,Normal
2026-02-16 09:03:56.303281,Paris-3979,-9,90,Normal
2026-02-16 09:03:57.303281,Paris-3979,22,11,Normal
2026-02-16 09:03:58.303281,Paris-3979,35,58,Normal
2026-02-16 09:03:59.303281,Paris-3979,26,10,Normal
2026-02-16 09:04:00.303281,Paris-3979,16,73,Normal
2026-02-16 09:04:01.303281,Paris-3979,8,29,Normal
2026-02-16 09:04:02.303281,Paris-3979,32,33,Normal
2026-02-16 09:04:03.303281,Paris-3979,21,53,Normal
2026-02-16 09:04:04.303281,Paris-3979,-8,71,Normal
2026-02-16 09:04:05.303281,Paris-3979,3,17,Normal
2026-02-16 09:04:06.303281,Paris-3979,19,4,Normal
2026-02-16 09:04:07.303281,Paris-3979,2,76,Normal
2026-02-16 09:04:08.303281,Paris-3979,-29,57,Normal
2026-02-16 09:04:09.303281,Paris-3979,0,22,Normal
2026-02-16 09:04:10.303281,Paris-3979,24,39,Normal
2026-02-16 09:04:11.303281,Paris-3979,29,60,Normal
2026-02-16 09:04:12.303281,Paris-3979,-10,66,Normal
2026-02-16 09:04:13.303281,Paris-3979,34,16,Normal
2026-02-16 09:04:14.303281,Paris-3979,-25,13,Normal
2026-02-16 09:04:15.303281,Paris-3979,11,9,Normal
2026-02-16 09:04:16.303281,Paris-3979,-30,71,Normal
2026-02-16 09:04:17.303281,Paris-3979,45,54,Normal
2026-02-16 09:04:18.303281,Paris-3979,42,35,Normal
2026-02-16 09:04:19.303281,Paris-3979,17,80,Normal
2026-02-16 09:04:20.303281,Paris-3979,-19,1,Normal
2026-02-16 09:04:21.303281,Paris-3979,-22,55,Normal
2026-02-16 09:04:22.303281,Paris-3979,29,62,Normal
2026-02-16 09:04:23.303281,Paris-3979,-10,53,Normal
2026-02-16 09:04:24.303281,Paris-3979,34,30,Normal
2026-02-16 09:04:25.303281,Paris-3979,36,29,Normal
2026-02-16 09:04:26.303281,Paris-3979,49,66,Normal
2026-02-16 09:04:27.303281,Paris-3979,49,39,Normal
2026-02-16 09:04:28.303281,Paris-3979,40,54,Normal
2026-02-16 09:04:29.303281,Paris-3979,7,43,Normal
2026-02-16 09:04:30.303281,Paris-3979,15,77,Normal
2026-02-16 09:04:31.303281,Paris-3979,-8,95,Normal
2026-02-16 09:04:32.303281,Paris-3979,-16,36,Normal
2026-02-16 09:04:33.303281,Paris-3979,8,52,Normal
2026-02-16 09:04:34.303281,Paris-3979,30,56,Normal
2026-02-16 09:04:35.303281,Paris-3979,40,82,Normal
2026-02-16 09:04:36.303281,Paris-3979,27,39,Normal
2026-02-16 09:04:37.303281,Paris-3979,23,92,Normal
2026-02-16 09:04:38.303281,Paris-3979,-6,90,Normal
2026-02-16 09:04:39.303281,Paris-3979,45,42,Normal
2026-02-16 09:04:40.303281,Paris-3979,-30,61,Normal
2026-02-16 09:04:41.303281,Paris-3979,-28,3,Normal
2026-02-16 09:04:42.303281,Paris-3979,-2,89,Normal
2026-02-16 09:04:43.303281,Paris-3979,-22,71,Normal
2026-02-16 09:04:44.303281,Paris-3979,25,37,Normal
2026-02-16 09:04:45.303281,Paris-3979,-11,2,Normal
2026-02-16 09:04:46.303281,Paris-3979,2,10,Normal
2026-02-16 09:04:47.303281,Paris-3979,12,22,Normal
2026-02-16 09:04:48.303281,Paris-3979,28,39,Normal
2026-02-16 09:04:49.303281,Paris-3979,46,18,Normal
2026-02-16 09:04:50.303281,Paris-3979,38,86,Normal
2026-02-16 09:04:51.303281,Paris-3979,-10,33,Normal
2026-02-16 09:04:52.303281,Paris-3979,-23,16,Normal
2026-02-16 09:04:53.303281,Paris-3979,28,22,Normal
2026-02-16 09:04:54.303281,Paris-3979,46,86,Normal
2026-02-16 09:04:55.303281,Paris-3979,45,5,Normal
2026-02-16 09:04:56.303281,Paris-3979,45,26,Normal
2026-02-16 09:04:57.303281,Paris-3979,8,15,Normal
2026-02-16 09:04:58.303281,Paris-3979,-18,33,Normal
2026-02-16 09:04:59.303281,Paris-3979,25,76,Normal
2026-02-16 09:05:00.303281,Paris-3979,42,40,Normal
2026-02-16 09:05:01.303281,Paris-3979,-26,80,Normal
2026-02-16 09:05:02.303281,Paris-3979,22,29,Normal
2026-02-16 09:05:03.303281,Paris-3979,45,6,Normal
2026-02-16 09:05:04.303281,Paris-3979,32,34,Normal
2026-02-16 09:05:05.303281,Paris-3979,1,66,Normal
2026-02-16 09:05:06.303281,Paris-3979,-28,77,Normal
2026-02-16 09:05:07.303281,Paris-3979,35,62,Normal
2026-02-16 09:05:08.303281,Paris-3979,-23,23,Normal
2026-02-16 09:05:09.303281,Paris-3979,21,50,Normal
2026-02-16 09:05:10.303281,Paris-3979,13,80,Normal
2026-02-16 09:05:11.303281,Paris-3979,-1,97,Normal
2026-02-16 09:05:12.303281,Paris-3979,-3,80,Normal
2026-02-16 09:05:13.303281,Paris-3979,31,41,Normal
2026-02-16 09:05:14.303281,Paris-3979,-30,77,Normal
2026-02-16 09:05:15.303281,Paris-3979,-18,64,Normal
2026-02-16 09:05:16.303281,Paris-3979,-7,56,Normal
2026-02-16 09:05:17.303281,Paris-3979,10,10,Normal
2026-02-16 09:05:18.303281,Paris-3979,14,83,Normal
2026-02-16 09:05:19.303281,Paris-3979,20,17,Normal
2026-02-16 09:05:20.303281,Paris-3979,49,37,Normal
2026-02-16 09:05:21.303281,Paris-3979,-7,74,Normal
2026-02-16 09:05:22.303281,Paris-3979,-30,81,Normal
2026-02-16 09:05:23.303281,Paris-3979,-10,38,Normal
2026-02-16 09:05:24.303281,Paris-3979,36,36,Normal
2026-02-16 09:05:25.303281,Paris-3979,33,39,Normal
2026-02-16 09:05:26.303281,Paris-3979,13,39,Normal
2026-02-16 09:05:27.303281,Paris-3979,-9,15,Normal
2026-02-16 09:05:28.303281,Paris-3979,17,1,Normal
2026-02-16 09:05:29.303281,Paris-3979,4,71,Normal
2026-02-16 09:05:30.303281,Paris-3979,37,30,Normal
2026-02-16 09:05:31.303281,Paris-3979,37,95,Normal
2026-02-16 09:05:32.303281,Paris-3979,38,91,Normal
2026-02-16 09:05:33.303281,Paris-3979,-20,44,Normal
2026-02-16 09:05:34.303281,Paris-3979,27,60,Normal
2026-02-16 09:05:35.303281,Paris-3979,45,99,Normal
2026-02-16 09:05:36.303281,Paris-3979,16,26,Normal
2026-02-16 09:05:37.303281,Paris-3979,22,42,Normal
2026-02-16 09:05:38.303281,Paris-3979,23,72,Normal
2026-02-16 09:05:39.303281,Paris-3979,1,57,Normal
2026-02-16 09:05:40.303281,Paris-3979,20,83,Normal
2026-02-16 09:05:41.303281,Paris-3979,38,82,Normal
2026-02-16 09:05:42.303281,Paris-3979,-30,22,Normal
2026-02-16 09:05:43.303281,Paris-3979,22,23,Normal
2026-02-16 09:05:44.303281,Paris-3979,50,45,Normal
2026-02-16 09:05:45.303281,Paris-3979,26,65,Normal
2026-02-16 09:05:46.303281,Paris-3979,25,63,Normal
2026-02-16 09:05:47.303281,Paris-3979,17,35,Normal
2026-02-16 09:05:48.303281,Paris-3979,13,22,Normal
2026-02-16 09:05:49.303281,Paris-3979,-29,23,Normal
2026-02-16 09:05:50.303281,Paris-3979,-20,92,Normal
2026-02-16 09:05:51.303281,Paris-3979,35,35,Normal
2026-02-16 09:05:52.303281,Paris-3979,16,91,Normal
2026-02-16 09:05:53.303281,Paris-3979,-18,79,Normal
2026-02-16 09:05:54.303281,Paris-3979,-9,30,Normal
2026-02-16 09:05:55.303281,Paris-3979,-4,73,Normal
2026-02-16 09:05:56.303281,Paris-3979,-17,55,Normal
2026-02-16 09:05:57.303281,Paris-3979,0,80,Normal
2026-02-16 09:05:58.303281,Paris-3979,-26,50,Normal
2026-02-16 09:05:59.303281,Paris-3979,14,91,Normal
2026-02-16 09:06:00.303281,Paris-3979,-14,50,Normal
2026-02-16 09:06:01.303281,Paris-3979,-16,14,Normal
2026-02-16 09:06:02.303281,Paris-3979,42,80,Normal
2026-02-16 09:06:03.303281,Paris-3979,-26,88,Normal
2026-02-16 09:06:04.303281,Paris-3979,-5,90,Normal
2026-02-16 09:06:05.303281,Paris-3979,10,92,Normal
2026-02-16 09:06:06.303281,Paris-3979,32,63,Normal
2026-02-16 09:06:07.303281,Paris-3979,26,14,Normal
2026-02-16 09:06:08.303281,Paris-3979,5,80,Normal
2026-02-16 09:06:09.303281,Paris-3979,16,7,Normal
2026-02-16 09:06:10.303281,Paris-3979,-15,18,Normal
2026-02-16 09:06:11.303281,Paris-3979,40,73,Normal
2026-02-16 09:06:12.303281,Paris-3979,-30,30,Normal
2026-02-16 09:06:13.303281,Paris-3979,20,34,Normal
2026-02-16 09:06:14.303281,Paris-3979,-17,90,Normal
2026-02-16 09:06:15.303281,Paris-3979,-6,62,Normal
2026-02-16 09:06:16.303281,Paris-3979,-1,64,Normal
2026-02-16 09:06:17.303281,Paris-3979,50,59,Normal
2026-02-16 09:06:18.303281,Paris-3979,31,25,Normal
2026-02-16 09:06:19.303281,Paris-3979,28,95,Normal
2026-02-16 09:06:20.303281,Paris-3979,5,2,Normal
2026-02-16 09:06:21.303281,Paris-3979,-9,40,Normal
2026-02-16 09:06:22.303281,Paris-3979,18,30,Normal
2026-02-16 09:06:23.303281,Paris-3979,0,96,Normal
2026-02-16 09:06:24.303281,Paris-3979,13,54,Normal
2026-02-16 09:06:25.303281,Paris-3979,-12,24,Normal
2026-02-16 09:06:26.303281,Paris-3979,-8,87,Normal
2026-02-16 09:06:27.303281,Paris-3979,2,64,Normal
2026-02-16 09:06:28.303281,Paris-3979,-16,45,Normal
2026-02-16 09:06:29.303281,Paris-3979,-12,64,Normal
2026-02-16 09:06:30.303281,Paris-3979,29,90,Normal
2026-02-16 09:06:31.303281,Paris-3979,-4,2,Normal
2026-02-16 09:06:32.303281,Paris-3979,12,60,Normal
2026-02-16 09:06:33.303281,Paris-3979,33,40,Normal
2026-02-16 09:06:34.303281,Paris-3979,12,52,Normal
2026-02-16 09:06:35.303281,Paris-3979,-18,33,Normal
2026-02-16 09:06:36.303281,Paris-3979,35,70,Normal
2026-02-16 09:06:37.303281,Paris-3979,46,66,Normal
2026-02-16 09:06:38.303281,Paris-3979,43,75,Normal
2026-02-16 09:06:39.303281,Paris-3979,28,100,Normal
2026-02-16 09:06:40.303281,Paris-3979,26,32,Normal
2026-02-16 09:06:41.303281,Paris-3979,19,77,Normal
2026-02-16 09:06:42.303281,Paris-3979,-20,74,Normal
2026-02-16 09:06:43.303281,Paris-3979,5,69,Normal
2026-02-16 09:06:44.303281,Paris-3979,-24,46,Normal
2026-02-16 09:06:45.303281,Paris-3979,39,88,Normal
2026-02-16 09:06:46.303281,Paris-3979,-12,45,Normal
2026-02-16 09:06:47.303281,Paris-3979,7,92,Normal
2026-02-16 09:06:48.303281,Paris-3979,-1,78,Normal
2026-02-16 09:06:49.303281,Paris-3979,33,81,Normal
2026-02-16 09:06:50.303281,Paris-3979,43,69,Normal
2026-02-16 09:06:51.303281,Paris-3979,18,26,Normal
2026-02-16 09:06:52.303281,Paris-3979,6,28,Normal
2026-02-16 09:06:53.303281,Paris-3979,3,60,Normal
2026-02-16 09:06:54.303281,Paris-3979,31,2,Normal
2026-02-16 09:06:55.303281,Paris-3979,-15,1,Normal
2026-02-16 09:06:56.303281,Paris-3979,23,61,Normal
2026-02-16 09:06:57.303281,Paris-3979,-28,55,Normal
2026-02-16 09:06:58.303281,Paris-3979,-25,74,Normal
2026-02-16 09:06:59.303281,Paris-3979,13,49,Normal
2026-02-16 09:07:00.303281,Paris-3979,40,43,Normal
2026-02-16 09:07:01.303281,Paris-3979,-22,13,Normal
2026-02-16 09:07:02.303281,Paris-3979,-1,86,Normal
2026-02-16 09:07:03.303281,Paris-3979,44,6,Normal
2026-02-16 09:07:04.303281,Paris-3979,13,46,Normal
2026-02-16 09:07:05.303281,Paris-3979,33,81,Normal
2026-02-16 09:07:06.303281,Paris-3979,42,46,Normal
2026-02-16 09:07:07.303281,Paris-3979,14,28,Normal
2026-02-16 09:07:08.303281,Paris-3979,-22,71,Normal
2026-02-16 09:07:09.303281,Paris-3979,0,3,Normal
2026-02-16 09:07:10.303281,Paris-3979,38,55,Normal
2026-02-16 09:07:11.303281,Paris-3979,24,66,Normal
2026-02-16 09:07:12.303281,Paris-3979,-5,37,Normal
2026-02-16 09:07:13.303281,Paris-3979,-4,2,Normal
2026-02-16 09:07:14.303281,Paris-3979,-8,61,Normal
2026-02-16 09:07:15.303281,Paris-3979,28,0,Normal
2026-02-16 09:07:16.303281,Paris-3979,-2,19,Normal
2026-02-16 09:07:17.303281,Paris-3979,24,52,Normal
2026-02-16 09:07:18.303281,Paris-3979,-19,83,Normal
2026-02-16 09:07:19.303281,Paris-3979,47,71,Normal
2026-02-16 09:07:20.303281,Paris-3979,30,78,Normal
2026-02-16 09:07:21.303281,Paris-3979,-16,12,Normal
2026-02-16 09:07:22.303281,Paris-3979,33,52,Normal
2026-02-16 09:07:23.303281,Paris-3979,14,4,Normal
2026-02-16 09:07:24.303281,Paris-3979,41,13,Normal
2026-02-16 09:07:25.303281,Paris-3979,9,31,Normal
2026-02-16 09:07:26.303281,Paris-3979,8,54,Normal
2026-02-16 09:07:27.303281,Paris-3979,50,2,Normal
2026-02-16 09:07:28.303281,Paris-3979,-6,63,Normal
2026-02-16 09:07:29.303281,Paris-3979,46,15,Normal
2026-02-16 09:07:30.303281,Paris-3979,30,61,Normal
2026-02-16 09:07:31.303281,Paris-3979,2,40,Normal
2026-02-16 09:07:32.303281,Paris-3979,5,47,Normal
2026-02-16 09:07:33.303281,Paris-3979,24,70,Normal
2026-02-16 09:07:34.303281,Paris-3979,14,19,Normal
2026-02-16 09:07:35.303281,Paris-3979,-13,4,Normal
2026-02-16 09:07:36.303281,Paris-3979,-16,70,Normal
2026-02-16 09:07:37.303281,Paris-3979,38,60,Normal
2026-02-16 09:07:38.303281,Paris-3979,31,42,Normal
2026-02-16 09:07:39.303281,Paris-3979,48,32,Normal
2026-02-16 09:07:40.303281,Paris-3979,39,80,Normal
2026-02-16 09:07:41.303281,Paris-3979,24,34,Normal
2026-02-16 09:07:42.303281,Paris-3979,-2,44,Normal
2026-02-16 09:07:43.303281,Paris-3979,-18,27,Normal
2026-02-16 09:07:44.303281,Paris-3979,34,30,Normal
2026-02-16 09:07:45.303281,Paris-3979,44,88,Normal
2026-02-16 09:07:46.303281,Paris-3979,30,65,Normal
2026-02-16 09:07:47.303281,Paris-3979,-10,21,Normal
2026-02-16 09:07:48.303281,Paris-3979,-10,21,Normal
2026-02-16 09:07:49.303281,Paris-3979,-22,70,Normal
2026-02-16 09:07:50.303281,Paris-3979,25,36,Normal
2026-02-16 09:07:51.303281,Paris-3979,-7,11,Normal
2026-02-16 09:07:52.303281,Paris-3979,-25,86,Normal
2026-02-16 09:07:53.303281,Paris-3979,14,38,Normal
2026-02-16 09:07:54.303281,Paris-3979,34,48,Normal
2026-02-16 09:07:55.303281,Paris-3979,-23,50,Normal
2026-02-16 09:07:56.303281,Paris-3979,18,38,Normal
2026-02-16 09:07:57.303281,Paris-3979,9,65,Normal
2026-02-16 09:07:58.303281,Paris-3979,-18,22,Normal
2026-02-16 09:07:59.303281,Paris-3979,28,77,Normal
2026-02-16 09:08:00.303281,Paris-3979,-20,65,Normal
2026-02-16 09:08:01.303281,Paris-3979,9,50,Normal
2026-02-16 09:08:02.303281,Paris-3979,-29,44,Normal
2026-02-16 09:08:03.303281,Paris-3979,-10,61,Normal
2026-02-16 09:08:04.303281,Paris-3979,19,77,Normal
2026-02-16 09:08:05.303281,Paris-3979,48,1,Normal
2026-02-16 09:08:06.303281,Paris-3979,-10,100,Normal
2026-02-16 09:08:07.303281,Paris-3979,10,43,Normal
2026-02-16 09:08:08.303281,Paris-3979,-26,93,Normal
2026-02-16 09:08:09.303281,Paris-3979,26,46,Normal
2026-02-16 09:08:10.303281,Paris-3979,6,42,Normal
2026-02-16 09:08:11.303281,Paris-3979,-9,76,Normal
2026-02-16 09:08:12.303281,Paris-3979,23,74,Normal
2026-02-16 09:08:13.303281,Paris-3979,17,36,Normal
2026-02-16 09:08:14.303281,Paris-3979,27,49,Normal
2026-02-16 09:08:15.303281,Paris-3979,6,99,Normal
2026-02-16 09:08:16.303281,Paris-3979,-29,67,Normal
2026-02-16 09:08:17.303281,Paris-3979,6,66,Normal
2026-02-16 09:08:18.303281,Paris-3979,25,2,Normal
2026-02-16 09:08:19.303281,Paris-3979,9,40,Normal
2026-02-16 09:08:20.303281,Paris-3979,-29,9,Normal
2026-02-16 09:08:21.303281,Paris-3979,19,41,Normal
2026-02-16 09:08:22.303281,Paris-3979,-19,0,Normal
2026-02-16 09:08:23.303281,Paris-3979,44,73,Normal
2026-02-16 09:08:24.303281,Paris-3979,22,63,Normal
2026-02-16 09:08:25.303281,Paris-3979,14,6,Normal
2026-02-16 09:08:26.303281,Paris-3979,-26,57,Normal
2026-02-16 09:08:27.303281,Paris-3979,4,38,Normal
2026-02-16 09:08:28.303281,Paris-3979,26,21,Normal
2026-02-16 09:08:29.303281,Paris-3979,14,73,Normal
2026-02-16 09:08:30.303281,Paris-3979,47,88,Normal
2026-02-16 09:08:31.303281,Paris-3979,11,52,Normal
2026-02-16 09:08:32.303281,Paris-3979,50,57,Normal
2026-02-16 09:08:33.303281,Paris-3979,26,89,Normal
2026-02-16 09:08:34.303281,Paris-3979,39,10,Normal
2026-02-16 09:08:35.303281,Paris-3979,-8,78,Normal
2026-02-16 09:08:36.303281,Paris-3979,6,11,Normal
2026-02-16 09:08:37.303281,Paris-3979,14,91,Normal
2026-02-16 09:08:38.303281,Paris-3979,36,39,Normal
2026-02-16 09:08:39.303281,Paris-3979,10,33,Normal
2026-02-16 09:08:40.303281,Paris-3979,-15,40,Normal
2026-02-16 09:08:41.303281,Paris-3979,8,10,Normal
2026-02-16 09:08:42.303281,Paris-3979,-5,76,Normal
2026-02-16 09:08:43.303281,Paris-3979,-21,29,Normal
2026-02-16 09:08:44.303281,Paris-3979,10,58,Normal
2026-02-16 09:08:45.303281,Paris-3979,20,36,Normal
2026-02-16 09:08:46.303281,Paris-3979,10,58,Normal
2026-02-16 09:08:47.303281,Paris-3979,7,95,Normal
2026-02-16 09:08:48.303281,Paris-3979,37,41,Normal
2026-02-16 09:08:49.303281,Paris-3979,-6,26,Normal
2026-02-16 09:08:50.303281,Paris-3979,7,25,Normal
2026-02-16 09:08:51.303281,Paris-3979,3,10,Normal
2026-02-16 09:08:52.303281,Paris-3979,6,18,Normal
2026-02-16 09:08:53.303281,Paris-3979,12,17,Normal
2026-02-16 09:08:54.303281,Paris-3979,41,2,Normal
2026-02-16 09:08:55.303281,Paris-3979,18,72,Normal
2026-02-16 09:08:56.303281,Paris-3979,12,83,Normal
2026-02-16 09:08:57.303281,Paris-3979,27,87,Normal
2026-02-16 09:08:58.303281,Paris-3979,2,31,Normal
2026-02-16 09:08:59.303281,Paris-3979,15,53,Normal
2026-02-16 09:09:00.303281,Paris-3979,48,89,Normal
2026-02-16 09:09:01.303281,Paris-3979,37,3,Normal
2026-02-16 09:09:02.303281,Paris-3979,19,79,Normal
2026-02-16 09:09:03.303281,Paris-3979,48,28,Normal
2026-02-16 09:09:04.303281,Paris-3979,46,54,Normal
2026-02-16 09:09:05.303281,Paris-3979,26,3,Normal
2026-02-16 09:09:06.303281,Paris-3979,18,10,Normal
2026-02-16 09:09:07.303281,Paris-3979,46,85,Normal
2026-02-16 09:09:08.303281,Paris-3979,-5,24,Normal
2026-02-16 09:09:09.303281,Paris-3979,9,61,Normal
2026-02-16 09:09:10.303281,Paris-3979,13,63,Normal
2026-02-16 09:09:11.303281,Paris-3979,31,16,Normal
2026-02-16 09:09:12.303281,Paris-3979,33,52,Normal
2026-02-16 09:09:13.303281,Paris-3979,19,79,Normal
2026-02-16 09:09:14.303281,Paris-3979,19,33,Normal
2026-02-16 09:09:15.303281,Paris-3979,37,60,Normal
2026-02-16 09:09:16.303281,Paris-3979,-11,71,Normal
2026-02-16 09:09:17.303281,Paris-3979,29,95,Normal
2026-02-16 09:09:18.303281,Paris-3979,27,41,Normal
2026-02-16 09:09:19.303281,Paris-3979,14,37,Normal
2026-02-16 09:09:20.303281,Paris-3979,-6,91,Normal
2026-02-16 09:09:21.303281,Paris-3979,-4,94,Normal
2026-02-16 09:09:22.303281,Paris-3979,19,56,Normal
2026-02-16 09:09:23.303281,Paris-3979,-9,34,Normal
2026-02-16 09:09:24.303281,Paris-3979,-9,27,Normal
2026-02-16 09:09:25.303281,Paris-3979,45,75,Normal
2026-02-16 09:09:26.303281,Paris-3979,-11,98,Normal
2026-02-16 09:09:27.303281,Paris-3979,23,26,Normal
2026-02-16 09:09:28.303281,Paris-3979,13,70,Normal
2026-02-16 09:09:29.303281,Paris-3979,9,41,Normal
2026-02-16 09:09:30.303281,Paris-3979,-11,51,Normal
2026-02-16 09:09:31.303281,Paris-3979,34,76,Normal
2026-02-16 09:09:32.303281,Paris-3979,1,87,Normal
2026-02-16 09:09:33.303281,Paris-3979,33,35,Normal
2026-02-16 09:09:34.303281,Paris-3979,28,73,Normal
2026-02-16 09:09:35.303281,Paris-3979,18,57,Normal
2026-02-16 09:09:36.303281,Paris-3979,26,32,Normal
2026-02-16 09:09:37.303281,Paris-3979,26,53,Normal
2026-02-16 09:09:38.303281,Paris-3979,22,39,Normal
2026-02-16 09:09:39.303281,Paris-3979,7,64,Normal
2026-02-16 09:09:40.303281,Paris-3979,21,74,Normal
2026-02-16 09:09:41.303281,Paris-3979,0,3,Normal
2026-02-16 09:09:42.303281,Paris-3979,18,26,Normal
2026-02-16 09:09:43.303281,Paris-3979,30,83,Normal
2026-02-16 09:09:44.303281,Paris-3979,4,62,Normal
2026-02-16 09:09:45.303281,Paris-3979,13,48,Normal
2026-02-16 09:09:46.303281,Paris-3979,-20,42,Normal
2026-02-16 09:09:47.303281,Paris-3979,16,89,Normal
2026-02-16 09:09:48.303281,Paris-3979,-3,0,Normal
2026-02-16 09:09:49.303281,Paris-3979,4,69,Normal
2026-02-16 09:09:50.303281,Paris-3979,33,9,Normal
2026-02-16 09:09:51.303281,Paris-3979,26,67,Normal
2026-02-16 09:09:52.303281,Paris-3979,-2,17,Normal
2026-02-16 09:09:53.303281,Paris-3979,23,91,Normal
2026-02-16 09:09:54.303281,Paris-3979,35,100,Normal
2026-02-16 09:09:55.303281,Paris-3979,-10,26,Normal
2026-02-16 09:09:56.303281,Paris-3979,21,2,Normal
2026-02-16 09:09:57.303281,Paris-3979,-23,64,Normal
2026-02-16 09:09:58.303281,Paris-3979,43,28,Normal
2026-02-16 09:09:59.303281,Paris-3979,34,35,Normal
2026-02-16 09:10:00.303281,Paris-3979,3,91,Normal
2026-02-16 09:10:01.303281,Paris-3979,20,2,Normal
2026-02-16 09:10:02.303281,Paris-3979,-16,43,Normal
2026-02-16 09:10:03.303281,Paris-3979,-24,44,Normal
2026-02-16 09:10:04.303281,Paris-3979,-21,36,Normal
2026-02-16 09:10:05.303281,Paris-3979,-20,83,Normal
2026-02-16 09:10:06.303281,Paris-3979,0,81,Normal
2026-02-16 09:10:07.303281,Paris-3979,50,49,Normal
2026-02-16 09:10:08.303281,Paris-3979,14,8,Normal
2026-02-16 09:10:09.303281,Paris-3979,-27,51,Normal
2026-02-16 09:10:10.303281,Paris-3979,5,47,Normal
2026-02-16 09:10:11.303281,Paris-3979,48,87,Normal
2026-02-16 09:10:12.303281,Paris-3979,10,20,Normal
2026-02-16 09:10:13.303281,Paris-3979,12,26,Normal
2026-02-16 09:10:14.303281,Paris-3979,-25,87,Normal
2026-02-16 09:10:15.303281,Paris-3979,50,8,Normal
2026-02-16 09:10:16.303281,Paris-3979,28,7,Normal
2026-02-16 09:10:17.303281,Paris-3979,17,11,Normal
2026-02-16 09:10:18.303281,Paris-3979,28,68,Normal
2026-02-16 09:10:19.303281,Paris-3979,-18,98,Normal
2026-02-16 09:10:20.303281,Paris-3979,-15,28,Normal
2026-02-16 09:10:21.303281,Paris-3979,28,79,Normal
2026-02-16 09:10:22.303281,Paris-3979,38,84,Normal
2026-02-16 09:10:23.303281,Paris-3979,-9,31,Normal
2026-02-16 09:10:24.303281,Paris-3979,-9,7,Normal
2026-02-16 09:10:25.303281,Paris-3979,49,62,Normal
2026-02-16 09:10:26.303281,Paris-3979,5,79,Normal
2026-02-16 09:10:27.303281,Paris-3979,32,22,Normal
2026-02-16 09:10:28.303281,Paris-3979,30,20,Normal
2026-02-16 09:10:29.303281,Paris-3979,20,73,Normal
2026-02-16 09:10:30.303281,Paris-3979,-21,16,Normal
2026-02-16 09:10:31.303281,Paris-3979,9,82,Normal
2026-02-16 09:10:32.303281,Paris-3979,30,62,Normal
2026-02-16 09:10:33.303281,Paris-3979,-7,85,Normal
2026-02-16 09:10:34.303281,Paris-3979,36,35,Normal
2026-02-16 09:10:35.303281,Paris-3979,-20,39,Normal
2026-02-16 09:10:36.303281,Paris-3979,34,66,Normal
2026-02-16 09:10:37.303281,Paris-3979,-11,17,Normal
2026-02-16 09:10:38.303281,Paris-3979,10,60,Normal
2026-02-16 09:10:39.303281,Paris-3979,37,81,Normal
2026-02-16 09:10:40.303281,Paris-3979,-9,69,Normal
2026-02-16 09:10:41.303281,Paris-3979,1,53,Normal
2026-02-16 09:10:42.303281,Paris-3979,15,75,Normal
2026-02-16 09:10:43.303281,Paris-3979,38,62,Normal
2026-02-16 09:10:44.303281,Paris-3979,0,16,Normal
2026-02-16 09:10:45.303281,Paris-3979,31,19,Normal
2026-02-16 09:10:46.303281,Paris-3979,1,99,Normal
2026-02-16 09:10:47.303281,Paris-3979,24,18,Normal
2026-02-16 09:10:48.303281,Paris-3979,50,2,Normal
2026-02-16 09:10:49.303281,Paris-3979,42,86,Normal
2026-02-16 09:10:50.303281,Paris-3979,-15,63,Normal
2026-02-16 09:10:51.303281,Paris-3979,-30,71,Normal
2026-02-16 09:10:52.303281,Paris-3979,31,14,Normal
2026-02-16 09:10:53.303281,Paris-3979,36,22,Normal
2026-02-16 09:10:54.303281,Paris-3979,19,69,Normal
2026-02-16 09:10:55.303281,Paris-3979,30,52,Normal
2026-02-16 09:10:56.303281,Paris-3979,21,63,Normal
2026-02-16 09:10:57.303281,Paris-3979,13,77,Normal
2026-02-16 09:10:58.303281,Paris-3979,-15,46,Normal
2026-02-16 09:10:59.303281,Paris-3979,40,47,Normal
2026-02-16 09:11:00.303281,Paris-3979,42,21,Normal
2026-02-16 09:11:01.303281,Paris-3979,-3,53,Normal
2026-02-16 09:11:02.303281,Paris-3979,2,53,Normal
2026-02-16 09:11:03.303281,Paris-3979,-15,39,Normal
2026-02-16 09:11:04.303281,Paris-3979,47,69,Normal
2026-02-16 09:11:05.303281,Paris-3979,25,94,Normal
2026-02-16 09:11:06.303281,Paris-3979,-21,48,Normal
2026-02-16 09:11:07.303281,Paris-3979,-14,99,Normal
2026-02-16 09:11:08.303281,Paris-3979,-28,55,Normal
2026-02-16 09:11:09.303281,Paris-3979,-23,26,Normal
2026-02-16 09:11:10.303281,Paris-3979,-5,63,Normal
2026-02-16 09:11:11.303281,Paris-3979,20,59,Normal
2026-02-16 09:11:12.303281,Paris-3979,-20,72,Normal
2026-02-16 09:11:13.303281,Paris-3979,-22,15,Normal
2026-02-16 09:11:14.303281,Paris-3979,11,60,Normal
2026-02-16 09:11:15.303281,Paris-3979,-6,74,Normal
2026-02-16 09:11:16.303281,Paris-3979,23,38,Normal
2026-02-16 09:11:17.303281,Paris-3979,-6,25,Normal
2026-02-16 09:11:18.303281,Paris-3979,46,87,Normal
2026-02-16 09:11:19.303281,Paris-3979,46,69,Normal
2026-02-16 09:11:20.303281,Paris-3979,-24,92,Normal
2026-02-16 09:11:21.303281,Paris-3979,11,32,Normal
2026-02-16 09:11:22.303281,Paris-3979,34,17,Normal
2026-02-16 09:11:23.303281,Paris-3979,24,71,Normal
2026-02-16 09:11:24.303281,Paris-3979,1,98,Normal
2026-02-16 09:11:25.303281,Paris-3979,-10,3,Normal
2026-02-16 09:11:26.303281,Paris-3979,17,63,Normal
2026-02-16 09:11:27.303281,Paris-3979,8,28,Normal
2026-02-16 09:11:28.303281,Paris-3979,-29,23,Normal
2026-02-16 09:11:29.303281,Paris-3979,47,9,Normal
2026-02-16 09:11:30.303281,Paris-3979,46,50,Normal
2026-02-16 09:11:31.303281,Paris-3979,-23,28,Normal
2026-02-16 09:11:32.303281,Paris-3979,39,81,Normal
2026-02-16 09:11:33.303281,Paris-3979,35,36,Normal
2026-02-16 09:11:34.303281,Paris-3979,25,17,Normal
2026-02-16 09:11:35.303281,Paris-3979,33,16,Normal
2026-02-16 09:11:36.303281,Paris-3979,46,100,Normal
2026-02-16 09:11:37.303281,Paris-3979,39,64,Normal
2026-02-16 09:11:38.303281,Paris-3979,20,56,Normal
2026-02-16 09:11:39.303281,Paris-3979,33,58,Normal
2026-02-16 09:11:40.303281,Paris-3979,30,12,Normal
2026-02-16 09:11:41.303281,Paris-3979,15,75,Normal
2026-02-16 09:11:42.303281,Paris-3979,18,12,Normal
2026-02-16 09:11:43.303281,Paris-3979,-5,60,Normal
2026-02-16 09:11:44.303281,Paris-3979,45,53,Normal
2026-02-16 09:11:45.303281,Paris-3979,-12,49,Normal
2026-02-16 09:11:46.303281,Paris-3979,-13,73,Normal
2026-02-16 09:11:47.303281,Paris-3979,-16,30,Normal
2026-02-16 09:11:48.303281,Paris-3979,-10,27,Normal
2026-02-16 09:11:49.303281,Paris-3979,10,23,Normal
2026-02-16 09:11:50.303281,Paris-3979,12,22,Normal
2026-02-16 09:11:51.303281,Paris-3979,3,40,Normal
2026-02-16 09:11:52.303281,Paris-3979,13,4,Normal
2026-02-16 09:11:53.303281,Paris-3979,-27,24,Normal
2026-02-16 09:11:54.303281,Paris-3979,50,37,Normal
2026-02-16 09:11:55.303281,Paris-3979,-14,97,Normal
2026-02-16 09:11:56.303281,Paris-3979,11,36,Normal
2026-02-16 09:11:57.303281,Paris-3979,-4,49,Normal
2026-02-16 09:11:58.303281,Paris-3979,5,6,Normal
2026-02-16 09:11:59.303281,Paris-3979,28,93,Normal
2026-02-16 09:12:00.303281,Paris-3979,-8,19,Normal
2026-02-16 09:12:01.303281,Paris-3979,41,69,Normal
2026-02-16 09:12:02.303281,Paris-3979,40,30,Normal
2026-02-16 09:12:03.303281,Paris-3979,33,81,Normal
2026-02-16 09:12:04.303281,Paris-3979,33,9,Normal
2026-02-16 09:12:05.303281,Paris-3979,43,20,Normal
2026-02-16 09:12:06.303281,Paris-3979,30,64,Normal
2026-02-16 09:12:07.303281,Paris-3979,12,85,Normal
2026-02-16 09:12:08.303281,Paris-3979,14,13,Normal
2026-02-16 09:12:09.303281,Paris-3979,1,96,Normal
2026-02-16 09:12:10.303281,Paris-3979,-11,27,Normal
2026-02-16 09:12:11.303281,Paris-3979,-11,74,Normal
2026-02-16 09:12:12.303281,Paris-3979,-20,12,Normal
2026-02-16 09:12:13.303281,Paris-3979,48,3,Normal
2026-02-16 09:12:14.303281,Paris-3979,14,45,Normal
2026-02-16 09:12:15.303281,Paris-3979,-24,60,Normal
2026-02-16 09:12:16.303281,Paris-3979,48,89,Normal
2026-02-16 09:12:17.303281,Paris-3979,38,5,Normal
2026-02-16 09:12:18.303281,Paris-3979,0,13,Normal
2026-02-16 09:12:19.303281,Paris-3979,12,55,Normal
2026-02-16 09:12:20.303281,Paris-3979,41,41,Normal
2026-02-16 09:12:21.303281,Paris-3979,12,66,Normal
2026-02-16 09:12:22.303281,Paris-3979,-8,76,Normal
2026-02-16 09:12:23.303281,Paris-3979,-19,39,Normal
2026-02-16 09:12:24.303281,Paris-3979,12,80,Normal
2026-02-16 09:12:25.303281,Paris-3979,-30,29,Normal
2026-02-16 09:12:26.303281,Paris-3979,-18,24,Normal
2026-02-16 09:12:27.303281,Paris-3979,-29,100,Normal
2026-02-16 09:12:28.303281,Paris-3979,47,38,Normal
2026-02-16 09:12:29.303281,Paris-3979,23,5,Normal
2026-02-16 09:12:30.303281,Paris-3979,24,30,Normal
2026-02-16 09:12:31.303281,Paris-3979,2,38,Normal
2026-02-16 09:12:32.303281,Paris-3979,-7,59,Normal
2026-02-16 09:12:33.303281,Paris-3979,37,70,Normal
2026-02-16 09:12:34.303281,Paris-3979,39,58,Normal
2026-02-16 09:12:35.303281,Paris-3979,29,37,Normal
2026-02-16 09:12:36.303281,Paris-3979,-3,2,Normal
2026-02-16 09:12:37.303281,Paris-3979,-13,3,Normal
2026-02-16 09:12:38.303281,Paris-3979,-19,87,Normal
2026-02-16 09:12:39.303281,Paris-3979,-22,75,Normal
2026-02-16 09:12:40.303281,Paris-3979,16,9,Normal
2026-02-16 09:12:41.303281,Paris-3979,9,31,Normal
2026-02-16 09:12:42.303281,Paris-3979,3,78,Normal
2026-02-16 09:12:43.303281,Paris-3979,-28,20,Normal
2026-02-16 09:12:44.303281,Paris-3979,-3,43,Normal
2026-02-16 09:12:45.303281,Paris-3979,6,84,Normal
2026-02-16 09:12:46.303281,Paris-3979,37,75,Normal
2026-02-16 09:12:47.303281,Paris-3979,15,4,Normal
2026-02-16 09:12:48.303281,Paris-3979,40,49,Normal
2026-02-16 09:12:49.303281,Paris-3979,-19,42,Normal
2026-02-16 09:12:50.303281,Paris-3979,-13,1,Normal
2026-02-16 09:12:51.303281,Paris-3979,-16,46,Normal
2026-02-16 09:12:52.303281,Paris-3979,-27,12,Normal
2026-02-16 09:12:53.303281,Paris-3979,39,82,Normal
2026-02-16 09:12:54.303281,Paris-3979,16,29,Normal
2026-02-16 09:12:55.303281,Paris-3979,50,75,Normal
2026-02-16 09:12:56.303281,Paris-3979,1,22,Normal
2026-02-16 09:12:57.303281,Paris-3979,28,44,Normal
2026-02-16 09:12:58.303281,Paris-3979,12,44,Normal
2026-02-16 09:12:59.303281,Paris-3979,36,34,Normal
2026-02-16 09:13:00.303281,Paris-3979,-17,29,Normal
2026-02-16 09:13:01.303281,Paris-3979,12,4,Normal
2026-02-16 09:13:02.303281,Paris-3979,45,87,Normal
2026-02-16 09:13:03.303281,Paris-3979,4,58,Normal
2026-02-16 09:13:04.303281,Paris-3979,-9,29,Normal
2026-02-16 09:13:05.303281,Paris-3979,33,36,Normal
2026-02-16 09:13:06.303281,Paris-3979,-11,27,Normal
2026-02-16 09:13:07.303281,Paris-3979,34,36,Normal
2026-02-16 09:13:08.303281,Paris-3979,-13,27,Normal
2026-02-16 09:13:09.303281,Paris-3979,15,99,Normal
2026-02-16 09:13:10.303281,Paris-3979,12,16,Normal
2026-02-16 09:13:11.303281,Paris-3979,-5,83,Normal
2026-02-16 09:13:12.303281,Paris-3979,26,63,Normal
2026-02-16 09:13:13.303281,Paris-3979,29,55,Normal
2026-02-16 09:13:14.303281,Paris-3979,6,100,Normal
2026-02-16 09:13:15.303281,Paris-3979,7,78,Normal
2026-02-16 09:13:16.303281,Paris-3979,-4,9,Normal
2026-02-16 09:13:17.303281,Paris-3979,-1,13,Normal
2026-02-16 09:13:18.303281,Paris-3979,22,32,Normal
2026-02-16 09:13:19.303281,Paris-3979,11,85,Normal
2026-02-16 09:13:20.303281,Paris-3979,15,44,Normal
2026-02-16 09:13:21.303281,Paris-3979,-8,97,Normal
2026-02-16 09:13:22.303281,Paris-3979,-25,48,Normal
2026-02-16 09:13:23.303281,Paris-3979,14,76,Normal
2026-02-16 09:13:24.303281,Paris-3979,28,91,Normal
2026-02-16 09:13:25.303281,Paris-3979,16,58,Normal
2026-02-16 09:13:26.303281,Paris-3979,-17,13,Normal
2026-02-16 09:13:27.303281,Paris-3979,-12,82,Normal
2026-02-16 09:13:28.303281,Paris-3979,13,86,Normal
2026-02-16 09:13:29.303281,Paris-3979,14,30,Normal
2026-02-16 09:13:30.303281,Paris-3979,32,68,Normal
2026-02-16 09:13:31.303281,Paris-3979,30,27,Normal
2026-02-16 09:13:32.303281,Paris-3979,-17,75,Normal
2026-02-16 09:13:33.303281,Paris-3979,-28,20,Normal
2026-02-16 09:13:34.303281,Paris-3979,-1,99,Normal
2026-02-16 09:13:35.303281,Paris-3979,-14,54,Normal
2026-02-16 09:13:36.303281,Paris-3979,-2,40,Normal
2026-02-16 09:13:37.303281,Paris-3979,25,4,Normal
2026-02-16 09:13:38.303281,Paris-3979,39,42,Normal
2026-02-16 09:13:39.303281,Paris-3979,-16,73,Normal
2026-02-16 09:13:40.303281,Paris-3979,9,38,Normal
2026-02-16 09:13:41.303281,Paris-3979,46,29,Normal
2026-02-16 09:13:42.303281,Paris-3979,0,80,Normal
2026-02-16 09:13:43.303281,Paris-3979,48,24,Normal
2026-02-16 09:13:44.303281,Paris-3979,-27,73,Normal
2026-02-16 09:13:45.303281,Paris-3979,28,27,Normal
2026-02-16 09:13:46.303281,Paris-3979,-12,5,Normal
2026-02-16 09:13:47.303281,Paris-3979,-11,0,Normal
2026-02-16 09:13:48.303281,Paris-3979,3,85,Normal
2026-02-16 09:13:49.303281,Paris-3979,-29,68,Normal
2026-02-16 09:13:50.303281,Paris-3979,4,99,Normal
2026-02-16 09:13:51.303281,Paris-3979,-29,17,Normal
2026-02-16 09:13:52.303281,Paris-3979,-20,78,Normal
2026-02-16 09:13:53.303281,Paris-3979,-13,41,Normal
2026-02-16 09:13:54.303281,Paris-3979,17,52,Normal
2026-02-16 09:13:55.303281,Paris-3979,12,37,Normal
2026-02-16 09:13:56.303281,Paris-3979,-14,34,Normal
2026-02-16 09:13:57.303281,Paris-3979,47,92,Normal
2026-02-16 09:13:58.303281,Paris-3979,16,49,Normal
2026-02-16 09:13:59.303281,Paris-3979,41,29,Normal
2026-02-16 09:14:00.303281,Paris-3979,-6,11,Normal
2026-02-16 09:14:01.303281,Paris-3979,2,25,Normal
2026-02-16 09:14:02.303281,Paris-3979,37,10,Normal
2026-02-16 09:14:03.303281,Paris-3979,14,39,Normal
2026-02-16 09:14:04.303281,Paris-3979,19,72,Normal
2026-02-16 09:14:05.303281,Paris-3979,44,11,Normal
2026-02-16 09:14:06.303281,Paris-3979,-24,5,Normal
2026-02-16 09:14:07.303281,Paris-3979,9,16,Normal
2026-02-16 09:14:08.303281,Paris-3979,-1,87,Normal
2026-02-16 09:14:09.303281,Paris-3979,-29,55,Normal
2026-02-16 09:14:10.303281,Paris-3979,35,2,Normal
2026-02-16 09:14:11.303281,Paris-3979,14,16,Normal
2026-02-16 09:14:12.303281,Paris-3979,-10,19,Normal
2026-02-16 09:14:13.303281,Paris-3979,37,90,Normal
2026-02-16 09:14:14.303281,Paris-3979,32,82,Normal
2026-02-16 09:14:15.303281,Paris-3979,34,2,Normal
2026-02-16 09:14:16.303281,Paris-3979,-5,96,Normal
2026-02-16 09:14:17.303281,Paris-3979,46,53,Normal
2026-02-16 09:14:18.303281,Paris-3979,13,10,Normal
2026-02-16 09:14:19.303281,Paris-3979,-24,22,Normal
2026-02-16 09:14:20.303281,Paris-3979,15,14,Normal
2026-02-16 09:14:21.303281,Paris-3979,4,96,Normal
2026-02-16 09:14:22.303281,Paris-3979,31,38,Normal
2026-02-16 09:14:23.303281,Paris-3979,38,69,Normal
2026-02-16 09:14:24.303281,Paris-3979,-26,82,Normal
2026-02-16 09:14:25.303281,Paris-3979,27,79,Normal
2026-02-16 09:14:26.303281,Paris-3979,4,73,Normal
2026-02-16 09:14:27.303281,Paris-3979,2,92,Normal
2026-02-16 09:14:28.303281,Paris-3979,35,26,Normal
2026-02-16 09:14:29.303281,Paris-3979,46,90,Normal
2026-02-16 09:14:30.303281,Paris-3979,-15,90,Normal
2026-02-16 09:14:31.303281,Paris-3979,-17,63,Normal
2026-02-16 09:14:32.303281,Paris-3979,9,68,Normal
2026-02-16 09:14:33.303281,Paris-3979,-18,8,Normal
2026-02-16 09:14:34.303281,Paris-3979,19,17,Normal
2026-02-16 09:14:35.303281,Paris-3979,31,96,Normal
2026-02-16 09:14:36.303281,Paris-3979,-19,61,Normal
2026-02-16 09:14:37.303281,Paris-3979,14,25,Normal
2026-02-16 09:14:38.303281,Paris-3979,-1,31,Normal
2026-02-16 09:14:39.303281,Paris-3979,8,8,Normal
2026-02-16 09:14:40.303281,Paris-3979,-5,89,Normal
2026-02-16 09:14:41.303281,Paris-3979,23,56,Normal
2026-02-16 09:14:42.303281,Paris-3979,21,70,Normal
2026-02-16 09:14:43.303281,Paris-3979,-29,7,Normal
2026-02-16 09:14:44.303281,Paris-3979,13,48,Normal
2026-02-16 09:14:45.303281,Paris-3979,9,15,Normal
2026-02-16 09:14:46.303281,Paris-3979,-18,59,Normal
2026-02-16 09:14:47.303281,Paris-3979,-9,13,Normal
2026-02-16 09:14:48.303281,Paris-3979,11,34,Normal
2026-02-16 09:14:49.303281,Paris-3979,25,29,Normal
2026-02-16 09:14:50.303281,Paris-3979,42,98,Normal
2026-02-16 09:14:51.303281,Paris-3979,3,93,Normal
2026-02-16 09:14:52.303281,Paris-3979,10,60,Normal
2026-02-16 09:14:53.303281,Paris-3979,-4,46,Normal
2026-02-16 09:14:54.303281,Paris-3979,-1,12,Normal
2026-02-16 09:14:55.303281,Paris-3979,-13,46,Normal
2026-02-16 09:14:56.303281,Paris-3979,-23,34,Normal
2026-02-16 09:14:57.303281,Paris-3979,50,39,Normal
2026-02-16 09:14:58.303281,Paris-3979,42,49,Normal
2026-02-16 09:14:59.303281,Paris-3979,5,16,Normal
2026-02-16 09:15:00.303281,Paris-3979,-7,98,Normal
2026-02-16 09:15:01.303281,Paris-3979,49,54,Normal
2026-02-16 09:15:02.303281,Paris-3979,0,34,Normal
2026-02-16 09:15:03.303281,Paris-3979,18,58,Normal
2026-02-16 09:15:04.303281,Paris-3979,-15,9,Normal
2026-02-16 09:15:05.303281,Paris-3979,-14,80,Normal
2026-02-16 09:15:06.303281,Paris-3979,-19,9,Normal
2026-02-16 09:15:07.303281,Paris-3979,25,65,Normal
2026-02-16 09:15:08.303281,Paris-3979,40,73,Normal
2026-02-16 09:15:09.303281,Paris-3979,-13,74,Normal
2026-02-16 09:15:10.303281,Paris-3979,10,64,Normal
2026-02-16 09:15:11.303281,Paris-3979,40,82,Normal
2026-02-16 09:15:12.303281,Paris-3979,-1,65,Normal
2026-02-16 09:15:13.303281,Paris-3979,-6,35,Normal
2026-02-16 09:15:14.303281,Paris-3979,-9,61,Normal
2026-02-16 09:15:15.303281,Paris-3979,-15,60,Normal
2026-02-16 09:15:16.303281,Paris-3979,22,92,Normal
2026-02-16 09:15:17.303281,Paris-3979,20,91,Normal
2026-02-16 09:15:18.303281,Paris-3979,-19,22,Normal
2026-02-16 09:15:19.303281,Paris-3979,8,60,Normal
2026-02-16 09:15:20.303281,Paris-3979,5,41,Normal
2026-02-16 09:15:21.303281,Paris-3979,-14,100,Normal
2026-02-16 09:15:22.303281,Paris-3979,35,100,Normal
2026-02-16 09:15:23.303281,Paris-3979,48,28,Normal
2026-02-16 09:15:24.303281,Paris-3979,26,30,Normal
2026-02-16 09:15:25.303281,Paris-3979,28,49,Normal
2026-02-16 09:15:26.303281,Paris-3979,19,6,Normal
2026-02-16 09:15:27.303281,Paris-3979,42,69,Normal
2026-02-16 09:15:28.303281,Paris-3979,29,86,Normal
2026-02-16 09:15:29.303281,Paris-3979,33,23,Normal
2026-02-16 09:15:30.303281,Paris-3979,48,12,Normal
2026-02-16 09:15:31.303281,Paris-3979,37,74,Normal
2026-02-16 09:15:32.303281,Paris-3979,-20,2,Normal
2026-02-16 09:15:33.303281,Paris-3979,33,0,Normal
2026-02-16 09:15:34.303281,Paris-3979,29,31,Normal
2026-02-16 09:15:35.303281,Paris-3979,33,33,Normal
2026-02-16 09:15:36.303281,Paris-3979,39,56,Normal
2026-02-16 09:15:37.303281,Paris-3979,33,84,Normal
2026-02-16 09:15:38.303281,Paris-3979,-19,42,Normal
2026-02-16 09:15:39.303281,Paris-3979,3,23,Normal
2026-02-16 09:15:40.303281,Paris-3979,39,14,Normal
2026-02-16 09:15:41.303281,Paris-3979,-8,36,Normal
2026-02-16 09:15:42.303281,Paris-3979,26,9,Normal
2026-02-16 09:15:43.303281,Paris-3979,0,82,Normal
2026-02-16 09:15:44.303281,Paris-3979,2,59,Normal
2026-02-16 09:15:45.303281,Paris-3979,-11,47,Normal
2026-02-16 09:15:46.303281,Paris-3979,26,97,Normal
2026-02-16 09:15:47.303281,Paris-3979,47,61,Normal
2026-02-16 09:15:48.303281,Paris-3979,10,35,Normal
2026-02-16 09:15:49.303281,Paris-3979,25,0,Normal
2026-02-16 09:15:50.303281,Paris-3979,44,72,Normal
2026-02-16 09:15:51.303281,Paris-3979,-7,68,Normal
2026-02-16 09:15:52.303281,Paris-3979,7,85,Normal
2026-02-16 09:15:53.303281,Paris-3979,46,88,Normal
2026-02-16 09:15:54.303281,Paris-3979,26,0,Normal
2026-02-16 09:15:55.303281,Paris-3979,9,71,Normal
2026-02-16 09:15:56.303281,Paris-3979,1,33,Normal
2026-02-16 09:15:57.303281,Paris-3979,15,43,Normal
2026-02-16 09:15:58.303281,Paris-3979,-11,6,Normal
2026-02-16 09:15:59.303281,Paris-3979,-23,19,Normal
2026-02-16 09:16:00.303281,Paris-3979,49,65,Normal
2026-02-16 09:16:01.303281,Paris-3979,13,68,Normal
2026-02-16 09:16:02.303281,Paris-3979,-3,22,Normal
2026-02-16 09:16:03.303281,Paris-3979,-17,85,Normal
2026-02-16 09:16:04.303281,Paris-3979,-25,36,Normal
2026-02-16 09:16:05.303281,Paris-3979,26,74,Normal
2026-02-16 09:16:06.303281,Paris-3979,-30,1,Normal
2026-02-16 09:16:07.303281,Paris-3979,-4,98,Normal
2026-02-16 09:16:08.303281,Paris-3979,46,78,Normal
2026-02-16 09:16:09.303281,Paris-3979,47,71,Normal
2026-02-16 09:16:10.303281,Paris-3979,48,12,Normal
2026-02-16 09:16:11.303281,Paris-3979,48,98,Normal
2026-02-16 09:16:12.303281,Paris-3979,27,29,Normal
2026-02-16 09:16:13.303281,Paris-3979,-7,10,Normal
2026-02-16 09:16:14.303281,Paris-3979,15,95,Normal
2026-02-16 09:16:15.303281,Paris-3979,-12,43,Normal
2026-02-16 09:16:16.303281,Paris-3979,-23,10,Normal
2026-02-16 09:16:17.303281,Paris-3979,24,38,Normal
2026-02-16 09:16:18.303281,Paris-3979,41,34,Normal
2026-02-16 09:16:19.303281,Paris-3979,27,93,Normal
2026-02-16 09:16:20.303281,Paris-3979,23,28,Normal
2026-02-16 09:16:21.303281,Paris-3979,-2,35,Normal
2026-02-16 09:16:22.303281,Paris-3979,37,83,Normal
2026-02-16 09:16:23.303281,Paris-3979,20,89,Normal
2026-02-16 09:16:24.303281,Paris-3979,-24,9,Normal
2026-02-16 09:16:25.303281,Paris-3979,-6,86,Normal
2026-02-16 09:16:26.303281,Paris-3979,27,70,Normal
2026-02-16 09:16:27.303281,Paris-3979,-12,46,Normal
2026-02-16 09:16:28.303281,Paris-3979,-9,34,Normal
2026-02-16 09:16:29.303281,Paris-3979,-13,83,Normal
2026-02-16 09:16:30.303281,Paris-3979,41,80,Normal
2026-02-16 09:16:31.303281,Paris-3979,30,80,Normal
2026-02-16 09:16:32.303281,Paris-3979,2,45,Normal
2026-02-16 09:16:33.303281,Paris-3979,-23,20,Normal
2026-02-16 09:16:34.303281,Paris-3979,29,5,Normal
2026-02-16 09:16:35.303281,Paris-3979,47,19,Normal
2026-02-16 09:16:36.303281,Paris-3979,30,38,Normal
2026-02-16 09:16:37.303281,Paris-3979,33,36,Normal
2026-02-16 09:16:38.303281,Paris-3979,-9,6,Normal
2026-02-16 09:16:39.303281,Paris-3979,22,73,Normal
2026-02-16 09:16:40.303281,Paris-3979,6,63,Normal
2026-02-16 09:16:41.303281,Paris-3979,-23,20,Normal
2026-02-16 09:16:42.303281,Paris-3979,12,44,Normal
2026-02-16 09:16:43.303281,Paris-3979,-4,100,Normal
2026-02-16 09:16:44.303281,Paris-3979,41,56,Normal
2026-02-16 09:16:45.303281,Paris-3979,23,86,Normal
2026-02-16 09:16:46.303281,Paris-3979,20,79,Normal
2026-02-16 09:16:47.303281,Paris-3979,9,26,Normal
2026-02-16 09:16:48.303281,Paris-3979,46,17,Normal
2026-02-16 09:16:49.303281,Paris-3979,-27,79,Normal
2026-02-16 09:16:50.303281,Paris-3979,13,87,Normal
2026-02-16 09:16:51.303281,Paris-3979,10,28,Normal
2026-02-16 09:16:52.303281,Paris-3979,-8,100,Normal
2026-02-16 09:16:53.303281,Paris-3979,5,26,Normal
2026-02-16 09:16:54.303281,Paris-3979,23,58,Normal
2026-02-16 09:16:55.303281,Paris-3979,-16,64,Normal
2026-02-16 09:16:56.303281,Paris-3979,37,66,Normal
2026-02-16 09:16:57.303281,Paris-3979,-29,83,Normal
2026-02-16 09:16:58.303281,Paris-3979,45,91,Normal
2026-02-16 09:16:59.303281,Paris-3979,2,62,Normal
2026-02-16 09:17:00.303281,Paris-3979,-25,26,Normal
2026-02-16 09:17:01.303281,Paris-3979,43,60,Normal
2026-02-16 09:17:02.303281,Paris-3979,-21,22,Normal
2026-02-16 09:17:03.303281,Paris-3979,6,9,Normal
2026-02-16 09:17:04.303281,Paris-3979,42,99,Normal
2026-02-16 09:17:05.303281,Paris-3979,3,79,Normal
2026-02-16 09:17:06.303281,Paris-3979,1,32,Normal
2026-02-16 09:17:07.303281,Paris-3979,15,39,Normal
2026-02-16 09:17:08.303281,Paris-3979,-30,72,Normal
2026-02-16 09:17:09.303281,Paris-3979,15,35,Normal
2026-02-16 09:17:10.303281,Paris-3979,31,83,Normal
2026-02-16 09:17:11.303281,Paris-3979,19,13,Normal
2026-02-16 09:17:12.303281,Paris-3979,19,44,Normal
2026-02-16 09:17:13.303281,Paris-3979,-26,94,Normal
2026-02-16 09:17:14.303281,Paris-3979,-14,94,Normal
2026-02-16 09:17:15.303281,Paris-3979,38,28,Normal
2026-02-16 09:17:16.303281,Paris-3979,6,80,Normal
2026-02-16 09:17:17.303281,Paris-3979,12,48,Normal
2026-02-16 09:17:18.303281,Paris-3979,-24,27,Normal
2026-02-16 09:17:19.303281,Paris-3979,13,87,Normal
2026-02-16 09:17:20.303281,Paris-3979,-10,58,Normal
2026-02-16 09:17:21.303281,Paris-3979,41,43,Normal
2026-02-16 09:17:22.303281,Paris-3979,-17,19,Normal
2026-02-16 09:17:23.303281,Paris-3979,40,3,Normal
2026-02-16 09:17:24.303281,Paris-3979,20,40,Normal
2026-02-16 09:17:25.303281,Paris-3979,-28,43,Normal
2026-02-16 09:17:26.303281,Paris-3979,3,64,Normal
2026-02-16 09:17:27.303281,Paris-3979,30,34,Normal
2026-02-16 09:17:28.303281,Paris-3979,-21,81,Normal
2026-02-16 09:17:29.303281,Paris-3979,35,37,Normal
2026-02-16 09:17:30.303281,Paris-3979,-2,47,Normal
2026-02-16 09:17:31.303281,Paris-3979,15,13,Normal
2026-02-16 09:17:32.303281,Paris-3979,50,59,Normal
2026-02-16 09:17:33.303281,Paris-3979,-20,52,Normal
2026-02-16 09:17:34.303281,Paris-3979,-11,33,Normal
2026-02-16 09:17:35.303281,Paris-3979,-24,48,Normal
2026-02-16 09:17:36.303281,Paris-3979,15,46,Normal
2026-02-16 09:17:37.303281,Paris-3979,-5,57,Normal
2026-02-16 09:17:38.303281,Paris-3979,0,6,Normal
2026-02-16 09:17:39.303281,Paris-3979,37,42,Normal
2026-02-16 09:17:40.303281,Paris-3979,-26,91,Normal
2026-02-16 09:17:41.303281,Paris-3979,34,16,Normal
2026-02-16 09:17:42.303281,Paris-3979,6,2,Normal
2026-02-16 09:17:43.303281,Paris-3979,6,86,Normal
2026-02-16 09:17:44.303281,Paris-3979,18,13,Normal
2026-02-16 09:17:45.303281,Paris-3979,17,57,Normal
2026-02-16 09:17:46.303281,Paris-3979,-12,82,Normal
2026-02-16 09:17:47.303281,Paris-3979,-10,98,Normal
2026-02-16 09:17:48.303281,Paris-3979,-1,48,Normal
2026-02-16 09:17:49.303281,Paris-3979,-6,61,Normal
2026-02-16 09:17:50.303281,Paris-3979,0,87,Normal
2026-02-16 09:17:51.303281,Paris-3979,15,37,Normal
2026-02-16 09:17:52.303281,Paris-3979,43,82,Normal
2026-02-16 09:17:53.303281,Paris-3979,8,19,Normal
2026-02-16 09:17:54.303281,Paris-3979,42,50,Normal
2026-02-16 09:17:55.303281,Paris-3979,-17,86,Normal
2026-02-16 09:17:56.303281,Paris-3979,48,56,Normal
2026-02-16 09:17:57.303281,Paris-3979,45,41,Normal
2026-02-16 09:17:58.303281,Paris-3979,0,78,Normal
2026-02-16 09:17:59.303281,Paris-3979,18,63,Normal
2026-02-16 09:18:00.303281,Paris-3979,-23,71,Normal
2026-02-16 09:18:01.303281,Paris-3979,-17,79,Normal
2026-02-16 09:18:02.303281,Paris-3979,6,84,Normal
2026-02-16 09:18:03.303281,Paris-3979,-11,97,Normal
2026-02-16 09:18:04.303281,Paris-3979,26,85,Normal
2026-02-16 09:18:05.303281,Paris-3979,24,13,Normal
2026-02-16 09:18:06.303281,Paris-3979,-15,3,Normal
2026-02-16 09:18:07.303281,Paris-3979,16,88,Normal
2026-02-16 09:18:08.303281,Paris-3979,-27,94,Normal
2026-02-16 09:18:09.303281,Paris-3979,39,55,Normal
2026-02-16 09:18:10.303281,Paris-3979,-26,35,Normal
2026-02-16 09:18:11.303281,Paris-3979,50,39,Normal
2026-02-16 09:18:12.303281,Paris-3979,19,4,Normal
2026-02-16 09:18:13.303281,Paris-3979,45,49,Normal
2026-02-16 09:18:14.303281,Paris-3979,-4,68,Normal
2026-02-16 09:18:15.303281,Paris-3979,42,75,Normal
2026-02-16 09:18:16.303281,Paris-3979,24,73,Normal
2026-02-16 09:18:17.303281,Paris-3979,46,71,Normal
2026-02-16 09:18:18.303281,Paris-3979,46,45,Normal
2026-02-16 09:18:19.303281,Paris-3979,12,46,Normal
2026-02-16 09:18:20.303281,Paris-3979,-6,55,Normal
2026-02-16 09:18:21.303281,Paris-3979,-29,86,Normal
2026-02-16 09:18:22.303281,Paris-3979,35,27,Normal
2026-02-16 09:18:23.303281,Paris-3979,33,62,Normal
2026-02-16 09:18:24.303281,Paris-3979,23,92,Normal
2026-02-16 09:18:25.303281,Paris-3979,50,95,Normal
2026-02-16 09:18:26.303281,Paris-3979,21,92,Normal
2026-02-16 09:18:27.303281,Paris-3979,32,58,Normal
2026-02-16 09:18:28.303281,Paris-3979,-13,7,Normal
2026-02-16 09:18:29.303281,Paris-3979,-20,98,Normal
2026-02-16 09:18:30.303281,Paris-3979,36,21,Normal
2026-02-16 09:18:31.303281,Paris-3979,23,65,Normal
2026-02-16 09:18:32.303281,Paris-3979,25,98,Normal
2026-02-16 09:18:33.303281,Paris-3979,-27,62,Normal
2026-02-16 09:18:34.303281,Paris-3979,50,88,Normal
2026-02-16 09:18:35.303281,Paris-3979,-6,90,Normal
2026-02-16 09:18:36.303281,Paris-3979,-17,33,Normal
2026-02-16 09:18:37.303281,Paris-3979,11,74,Normal
2026-02-16 09:18:38.303281,Paris-3979,-18,46,Normal
2026-02-16 09:18:39.303281,Paris-3979,7,100,Normal
2026-02-16 09:18:40.303281,Paris-3979,-25,18,Normal
2026-02-16 09:18:41.303281,Paris-3979,-12,89,Normal
2026-02-16 09:18:42.303281,Paris-3979,-18,21,Normal
2026-02-16 09:18:43.303281,Paris-3979,9,65,Normal
2026-02-16 09:18:44.303281,Paris-3979,50,82,Normal
2026-02-16 09:18:45.303281,Paris-3979,21,73,Normal
2026-02-16 09:18:46.303281,Paris-3979,-2,1,Normal
2026-02-16 09:18:47.303281,Paris-3979,17,60,Normal
2026-02-16 09:18:48.303281,Paris-3979,37,54,Normal
2026-02-16 09:18:49.303281,Paris-3979,31,41,Normal
2026-02-16 09:18:50.303281,Paris-3979,-22,50,Normal
2026-02-16 09:18:51.303281,Paris-3979,-13,19,Normal
2026-02-16 09:18:52.303281,Paris-3979,33,53,Normal
2026-02-16 09:18:53.303281,Paris-3979,35,20,Normal
2026-02-16 09:18:54.303281,Paris-3979,-1,35,Normal
2026-02-16 09:18:55.303281,Paris-3979,31,19,Normal
2026-02-16 09:18:56.303281,Paris-3979,43,40,Normal
2026-02-16 09:18:57.303281,Paris-3979,-13,86,Normal
2026-02-16 09:18:58.303281,Paris-3979,-1,63,Normal
2026-02-16 09:18:59.303281,Paris-3979,-8,61,Normal
2026-02-16 09:19:00.303281,Paris-3979,27,78,Normal
2026-02-16 09:19:01.303281,Paris-3979,27,49,Normal
2026-02-16 09:19:02.303281,Paris-3979,25,33,Normal
2026-02-16 09:19:03.303281,Paris-3979,-13,78,Normal
2026-02-16 09:19:04.303281,Paris-3979,38,83,Normal
2026-02-16 09:19:05.303281,Paris-3979,28,29,Normal
2026-02-16 09:19:06.303281,Paris-3979,-18,69,Normal
2026-02-16 09:19:07.303281,Paris-3979,31,14,Normal
2026-02-16 09:19:08.303281,Paris-3979,-20,84,Normal
2026-02-16 09:19:09.303281,Paris-3979,-19,39,Normal
2026-02-16 09:19:10.303281,Paris-3979,6,81,Normal
2026-02-16 09:19:11.303281,Paris-3979,-2,49,Normal
2026-02-16 09:19:12.303281,Paris-3979,25,42,Normal
2026-02-16 09:19:13.303281,Paris-3979,-24,9,Normal
2026-02-16 09:19:14.303281,Paris-3979,14,66,Normal
2026-02-16 09:19:15.303281,Paris-3979,-17,24,Normal
2026-02-16 09:19:16.303281,Paris-3979,-11,59,Normal
2026-02-16 09:19:17.303281,Paris-3979,-3,85,Normal
2026-02-16 09:19:18.303281,Paris-3979,32,5,Normal
2026-02-16 09:19:19.303281,Paris-3979,-27,58,Normal
2026-02-16 09:19:20.303281,Paris-3979,24,61,Normal
2026-02-16 09:19:21.303281,Paris-3979,48,25,Normal
2026-02-16 09:19:22.303281,Paris-3979,-4,73,Normal
2026-02-16 09:19:23.303281,Paris-3979,-21,97,Normal
2026-02-16 09:19:24.303281,Paris-3979,34,12,Normal
2026-02-16 09:19:25.303281,Paris-3979,40,10,Normal
2026-02-16 09:19:26.303281,Paris-3979,-1,100,Normal
2026-02-16 09:19:27.303281,Paris-3979,49,52,Normal
2026-02-16 09:19:28.303281,Paris-3979,-17,10,Normal
2026-02-16 09:19:29.303281,Paris-3979,-6,7,Normal
2026-02-16 09:19:30.303281,Paris-3979,-9,20,Normal
2026-02-16 09:19:31.303281,Paris-3979,-10,59,Normal
2026-02-16 09:19:32.303281,Paris-3979,-6,88,Normal
2026-02-16 09:19:33.303281,Paris-3979,47,82,Normal
2026-02-16 09:19:34.303281,Paris-3979,-3,25,Normal
2026-02-16 09:19:35.303281,Paris-3979,-29,15,Normal
2026-02-16 09:19:36.303281,Paris-3979,33,74,Normal
2026-02-16 09:19:37.303281,Paris-3979,-25,0,Normal
2026-02-16 09:19:38.303281,Paris-3979,-21,35,Normal
2026-02-16 09:19:39.303281,Paris-3979,-11,13,Normal
2026-02-16 09:19:40.303281,Paris-3979,15,96,Normal
2026-02-16 09:19:41.303281,Paris-3979,-12,22,Normal
2026-02-16 09:19:42.303281,Paris-3979,19,54,Normal
2026-02-16 09:19:43.303281,Paris-3979,-5,91,Normal
2026-02-16 09:19:44.303281,Paris-3979,35,11,Normal
2026-02-16 09:19:45.303281,Paris-3979,-13,55,Normal
2026-02-16 09:19:46.303281,Paris-3979,-5,26,Normal
2026-02-16 09:19:47.303281,Paris-3979,42,82,Normal
2026-02-16 09:19:48.303281,Paris-3979,34,6,Normal
2026-02-16 09:19:49.303281,Paris-3979,-8,11,Normal
2026-02-16 09:19:50.303281,Paris-3979,-3,33,Normal
2026-02-16 09:19:51.303281,Paris-3979,4,98,Normal
2026-02-16 09:19:52.303281,Paris-3979,43,100,Normal
2026-02-16 09:19:53.303281,Paris-3979,4,22,Normal
2026-02-16 09:19:54.303281,Paris-3979,44,88,Normal
2026-02-16 09:19:55.303281,Paris-3979,-14,48,Normal
2026-02-16 09:19:56.303281,Paris-3979,9,50,Normal
2026-02-16 09:19:57.303281,Paris-3979,6,28,Normal
2026-02-16 09:19:58.303281,Paris-3979,43,2,Normal
2026-02-16 09:19:59.303281,Paris-3979,30,43,Normal
2026-02-16 09:20:00.303281,Paris-3979,46,75,Normal
2026-02-16 09:20:01.303281,Paris-3979,24,89,Normal
2026-02-16 09:20:02.303281,Paris-3979,-23,20,Normal
2026-02-16 09:20:03.303281,Paris-3979,-21,0,Normal
2026-02-16 09:20:04.303281,Paris-3979,-10,78,Normal
2026-02-16 09:20:05.303281,Paris-3979,33,10,Normal
2026-02-16 09:20:06.303281,Paris-3979,10,13,Normal
2026-02-16 09:20:07.303281,Paris-3979,4,63,Normal
2026-02-16 09:20:08.303281,Paris-3979,24,62,Normal
2026-02-16 09:20:09.303281,Paris-3979,6,36,Normal
2026-02-16 09:20:10.303281,Paris-3979,-28,52,Normal
2026-02-16 09:20:11.303281,Paris-3979,-26,11,Normal
2026-02-16 09:20:12.303281,Paris-3979,-12,6,Normal
2026-02-16 09:20:13.303281,Paris-3979,6,60,Normal
2026-02-16 09:20:14.303281,Paris-3979,31,80,Normal
2026-02-16 09:20:15.303281,Paris-3979,-9,32,Normal
2026-02-16 09:20:16.303281,Paris-3979,7,6,Normal
2026-02-16 09:20:17.303281,Paris-3979,-21,93,Normal
2026-02-16 09:20:18.303281,Paris-3979,1,84,Normal
2026-02-16 09:20:19.303281,Paris-3979,49,98,Normal
2026-02-16 09:20:20.303281,Paris-3979,20,39,Normal
2026-02-16 09:20:21.303281,Paris-3979,15,6,Normal
2026-02-16 09:20:22.303281,Paris-3979,3,65,Normal
2026-02-16 09:20:23.303281,Paris-3979,6,19,Normal
2026-02-16 09:20:24.303281,Paris-3979,45,43,Normal
2026-02-16 09:20:25.303281,Paris-3979,-2,88,Normal
2026-02-16 09:20:26.303281,Paris-3979,-13,76,Normal
2026-02-16 09:20:27.303281,Paris-3979,24,39,Normal
2026-02-16 09:20:28.303281,Paris-3979,-19,16,Normal
2026-02-16 09:20:29.303281,Paris-3979,-22,0,Normal
2026-02-16 09:20:30.303281,Paris-3979,32,46,Normal
2026-02-16 09:20:31.303281,Paris-3979,-16,24,Normal
2026-02-16 09:20:32.303281,Paris-3979,36,36,Normal
2026-02-16 09:20:33.303281,Paris-3979,26,93,Normal
2026-02-16 09:20:34.303281,Paris-3979,-6,58,Normal
2026-02-16 09:20:35.303281,Paris-3979,10,9,Normal
2026-02-16 09:20:36.303281,Paris-3979,-25,15,Normal
2026-02-16 09:20:37.303281,Paris-3979,31,23,Normal
2026-02-16 09:20:38.303281,Paris-3979,33,83,Normal
2026-02-16 09:20:39.303281,Paris-3979,25,88,Normal
2026-02-16 09:20:40.303281,Paris-3979,-12,61,Normal
2026-02-16 09:20:41.303281,Paris-3979,-3,57,Normal
2026-02-16 09:20:42.303281,Paris-3979,-11,67,Normal
2026-02-16 09:20:43.303281,Paris-3979,-15,76,Normal
2026-02-16 09:20:44.303281,Paris-3979,40,61,Normal
2026-02-16 09:20:45.303281,Paris-3979,22,69,Normal
2026-02-16 09:20:46.303281,Paris-3979,12,100,Normal
2026-02-16 09:20:47.303281,Paris-3979,-17,50,Normal
2026-02-16 09:20:48.303281,Paris-3979,1,46,Normal
2026-02-16 09:20:49.303281,Paris-3979,-8,28,Normal
2026-02-16 09:20:50.303281,Paris-3979,16,23,Normal
2026-02-16 09:20:51.303281,Paris-3979,-2,58,Normal
2026-02-16 09:20:52.303281,Paris-3979,49,5,Normal
2026-02-16 09:20:53.303281,Paris-3979,10,73,Normal
2026-02-16 09:20:54.303281,Paris-3979,24,54,Normal
2026-02-16 09:20:55.303281,Paris-3979,13,59,Normal
2026-02-16 09:20:56.303281,Paris-3979,7,24,Normal
2026-02-16 09:20:57.303281,Paris-3979,33,84,Normal
2026-02-16 09:20:58.303281,Paris-3979,-17,55,Normal
2026-02-16 09:20:59.303281,Paris-3979,48,1,Normal
2026-02-16 09:21:00.303281,Paris-3979,-9,25,Normal
2026-02-16 09:21:01.303281,Paris-3979,38,9,Normal
2026-02-16 09:21:02.303281,Paris-3979,11,100,Normal
2026-02-16 09:21:03.303281,Paris-3979,35,24,Normal
2026-02-16 09:21:04.303281,Paris-3979,28,8,Normal
2026-02-16 09:21:05.303281,Paris-3979,-3,89,Normal
2026-02-16 09:21:06.303281,Paris-3979,28,13,Normal
2026-02-16 09:21:07.303281,Paris-3979,20,17,Normal
2026-02-16 09:21:08.303281,Paris-3979,-27,74,Normal
2026-02-16 09:21:09.303281,Paris-3979,-29,69,Normal
2026-02-16 09:21:10.303281,Paris-3979,16,56,Normal
2026-02-16 09:21:11.303281,Paris-3979,29,8,Normal
2026-02-16 09:21:12.303281,Paris-3979,38,82,Normal
2026-02-16 09:21:13.303281,Paris-3979,38,94,Normal
2026-02-16 09:21:14.303281,Paris-3979,-29,62,Normal
2026-02-16 09:21:15.303281,Paris-3979,-28,51,Normal
2026-02-16 09:21:16.303281,Paris-3979,22,17,Normal
2026-02-16 09:21:17.303281,Paris-3979,48,75,Normal
2026-02-16 09:21:18.303281,Paris-3979,32,57,Normal
2026-02-16 09:21:19.303281,Paris-3979,17,7,Normal
2026-02-16 09:21:20.303281,Paris-3979,22,32,Normal
2026-02-16 09:21:21.303281,Paris-3979,6,47,Normal
2026-02-16 09:21:22.303281,Paris-3979,31,22,Normal
2026-02-16 09:21:23.303281,Paris-3979,22,27,Normal
2026-02-16 09:21:24.303281,Paris-3979,46,79,Normal
2026-02-16 09:21:25.303281,Paris-3979,-9,91,Normal
2026-02-16 09:21:26.303281,Paris-3979,-7,29,Normal
2026-02-16 09:21:27.303281,Paris-3979,-9,5,Normal
2026-02-16 09:21:28.303281,Paris-3979,-27,60,Normal
2026-02-16 09:21:29.303281,Paris-3979,31,4,Normal
2026-02-16 09:21:30.303281,Paris-3979,4,5,Normal
2026-02-16 09:21:31.303281,Paris-3979,-23,87,Normal
2026-02-16 09:21:32.303281,Paris-3979,-9,42,Normal
2026-02-16 09:21:33.303281,Paris-3979,-22,46,Normal
2026-02-16 09:21:34.303281,Paris-3979,34,65,Normal
2026-02-16 09:21:35.303281,Paris-3979,1,22,Normal
2026-02-16 09:21:36.303281,Paris-3979,47,95,Normal
2026-02-16 09:21:37.303281,Paris-3979,28,9,Normal
2026-02-16 09:21:38.303281,Paris-3979,-28,45,Normal
2026-02-16 09:21:39.303281,Paris-3979,-29,34,Normal
2026-02-16 09:21:40.303281,Paris-3979,8,54,Normal
2026-02-16 09:21:41.303281,Paris-3979,49,45,Normal
2026-02-16 09:21:42.303281,Paris-3979,-5,10,Normal
2026-02-16 09:21:43.303281,Paris-3979,-11,40,Normal
2026-02-16 09:21:44.303281,Paris-3979,-25,46,Normal
2026-02-16 09:21:45.303281,Paris-3979,19,99,Normal
2026-02-16 09:21:46.303281,Paris-3979,10,15,Normal
2026-02-16 09:21:47.303281,Paris-3979,30,86,Normal
2026-02-16 09:21:48.303281,Paris-3979,30,49,Normal
2026-02-16 09:21:49.303281,Paris-3979,45,80,Normal
2026-02-16 09:21:50.303281,Paris-3979,15,45,Normal
2026-02-16 09:21:51.303281,Paris-3979,24,76,Normal
2026-02-16 09:21:52.303281,Paris-3979,-27,11,Normal
2026-02-16 09:21:53.303281,Paris-3979,5,82,Normal
2026-02-16 09:21:54.303281,Paris-3979,-12,28,Normal
2026-02-16 09:21:55.303281,Paris-3979,-27,5,Normal
2026-02-16 09:21:56.303281,Paris-3979,-28,69,Normal
2026-02-16 09:21:57.303281,Paris-3979,21,41,Normal
2026-02-16 09:21:58.303281,Paris-3979,33,19,Normal
2026-02-16 09:21:59.303281,Paris-3979,36,20,Normal
2026-02-16 09:22:00.303281,Paris-3979,25,80,Normal
2026-02-16 09:22:01.303281,Paris-3979,24,55,Normal
2026-02-16 09:22:02.303281,Paris-3979,44,2,Normal
2026-02-16 09:22:03.303281,Paris-3979,23,8,Normal
2026-02-16 09:22:04.303281,Paris-3979,-18,87,Normal
2026-02-16 09:22:05.303281,Paris-3979,-18,48,Normal
2026-02-16 09:22:06.303281,Paris-3979,-19,9,Normal
2026-02-16 09:22:07.303281,Paris-3979,36,7,Normal
2026-02-16 09:22:08.303281,Paris-3979,8,62,Normal
2026-02-16 09:22:09.303281,Paris-3979,-29,43,Normal
2026-02-16 09:22:10.303281,Paris-3979,19,54,Normal
2026-02-16 09:22:11.303281,Paris-3979,-17,93,Normal
2026-02-16 09:22:12.303281,Paris-3979,43,93,Normal
2026-02-16 09:22:13.303281,Paris-3979,13,23,Normal
2026-02-16 09:22:14.303281,Paris-3979,23,20,Normal
2026-02-16 09:22:15.303281,Paris-3979,-15,97,Normal
2026-02-16 09:22:16.303281,Paris-3979,-29,71,Normal
2026-02-16 09:22:17.303281,Paris-3979,6,80,Normal
2026-02-16 09:22:18.303281,Paris-3979,20,53,Normal
2026-02-16 09:22:19.303281,Paris-3979,-17,87,Normal
2026-02-16 09:22:20.303281,Paris-3979,50,100,Normal
2026-02-16 09:22:21.303281,Paris-3979,-22,9,Normal
2026-02-16 09:22:22.303281,Paris-3979,43,3,Normal
2026-02-16 09:22:23.303281,Paris-3979,38,4,Normal
2026-02-16 09:22:24.303281,Paris-3979,24,52,Normal
2026-02-16 09:22:25.303281,Paris-3979,-19,82,Normal
2026-02-16 09:22:26.303281,Paris-3979,-12,35,Normal
2026-02-16 09:22:27.303281,Paris-3979,-11,46,Normal
2026-02-16 09:22:28.303281,Paris-3979,-28,88,Normal
2026-02-16 09:22:29.303281,Paris-3979,-30,54,Normal
2026-02-16 09:22:30.303281,Paris-3979,16,64,Normal
2026-02-16 09:22:31.303281,Paris-3979,37,1,Normal
2026-02-16 09:22:32.303281,Paris-3979,34,85,Normal
2026-02-16 09:22:33.303281,Paris-3979,21,34,Normal
2026-02-16 09:22:34.303281,Paris-3979,22,56,Normal
2026-02-16 09:22:35.303281,Paris-3979,20,80,Normal
2026-02-16 09:22:36.303281,Paris-3979,13,90,Normal
2026-02-16 09:22:37.303281,Paris-3979,36,6,Normal
2026-02-16 09:22:38.303281,Paris-3979,40,53,Normal
2026-02-16 09:22:39.303281,Paris-3979,2,11,Normal
2026-02-16 09:22:40.303281,Paris-3979,47,70,Normal
2026-02-16 09:22:41.303281,Paris-3979,-23,41,Normal
2026-02-16 09:22:42.303281,Paris-3979,-11,14,Normal
2026-02-16 09:22:43.303281,Paris-3979,33,12,Normal
2026-02-16 09:22:44.303281,Paris-3979,-13,49,Normal
2026-02-16 09:22:45.303281,Paris-3979,-28,9,Normal
2026-02-16 09:22:46.303281,Paris-3979,6,61,Normal
2026-02-16 09:22:47.303281,Paris-3979,-28,99,Normal
2026-02-16 09:22:48.303281,Paris-3979,35,42,Normal
2026-02-16 09:22:49.303281,Paris-3979,45,79,Normal
2026-02-16 09:22:50.303281,Paris-3979,-17,99,Normal
2026-02-16 09:22:51.303281,Paris-3979,-18,31,Normal
2026-02-16 09:22:52.303281,Paris-3979,-8,9,Normal
2026-02-16 09:22:53.303281,Paris-3979,48,73,Normal
2026-02-16 09:22:54.303281,Paris-3979,24,48,Normal
2026-02-16 09:22:55.303281,Paris-3979,-16,38,Normal
2026-02-16 09:22:56.303281,Paris-3979,45,16,Normal
2026-02-16 09:22:57.303281,Paris-3979,39,82,Normal
2026-02-16 09:22:58.303281,Paris-3979,-27,96,Normal
2026-02-16 09:22:59.303281,Paris-3979,5,62,Normal
2026-02-16 09:23:00.303281,Paris-3979,41,11,Normal
2026-02-16 09:23:01.303281,Paris-3979,49,14,Normal
2026-02-16 09:23:02.303281,Paris-3979,13,74,Normal
2026-02-16 09:23:03.303281,Paris-3979,-8,7,Normal
2026-02-16 09:23:04.303281,Paris-3979,-25,29,Normal
2026-02-16 09:23:05.303281,Paris-3979,6,52,Normal
2026-02-16 09:23:06.303281,Paris-3979,-22,26,Normal
2026-02-16 09:23:07.303281,Paris-3979,40,8,Normal
2026-02-16 09:23:08.303281,Paris-3979,-6,66,Normal
2026-02-16 09:23:09.303281,Paris-3979,-29,44,Normal
2026-02-16 09:23:10.303281,Paris-3979,23,32,Normal
2026-02-16 09:23:11.303281,Paris-3979,-24,51,Normal
2026-02-16 09:23:12.303281,Paris-3979,-25,71,Normal
2026-02-16 09:23:13.303281,Paris-3979,20,11,Normal
2026-02-16 09:23:14.303281,Paris-3979,31,11,Normal
2026-02-16 09:23:15.303281,Paris-3979,-22,72,Normal
2026-02-16 09:23:16.303281,Paris-3979,-7,46,Normal
2026-02-16 09:23:17.303281,Paris-3979,-19,96,Normal
2026-02-16 09:23:18.303281,Paris-3979,30,85,Normal
2026-02-16 09:23:19.303281,Paris-3979,7,64,Normal
2026-02-16 09:23:20.303281,Paris-3979,39,25,Normal
2026-02-16 09:23:21.303281,Paris-3979,-20,23,Normal
2026-02-16 09:23:22.303281,Paris-3979,-20,70,Normal
2026-02-16 09:23:23.303281,Paris-3979,41,0,Normal
2026-02-16 09:23:24.303281,Paris-3979,6,69,Normal
2026-02-16 09:23:25.303281,Paris-3979,28,84,Normal
2026-02-16 09:23:26.303281,Paris-3979,-21,81,Normal
2026-02-16 09:23:27.303281,Paris-3979,-15,39,Normal
2026-02-16 09:23:28.303281,Paris-3979,0,70,Normal
2026-02-16 09:23:29.303281,Paris-3979,12,3,Normal
2026-02-16 09:23:30.303281,Paris-3979,9,24,Normal
2026-02-16 09:23:31.303281,Paris-3979,-10,58,Normal
2026-02-16 09:23:32.303281,Paris-3979,44,35,Normal
2026-02-16 09:23:33.303281,Paris-3979,4,32,Normal
2026-02-16 09:23:34.303281,Paris-3979,43,26,Normal
2026-02-16 09:23:35.303281,Paris-3979,4,97,Normal
2026-02-16 09:23:36.303281,Paris-3979,28,36,Normal
2026-02-16 09:23:37.303281,Paris-3979,24,78,Normal
2026-02-16 09:23:38.303281,Paris-3979,-1,27,Normal
2026-02-16 09:23:39.303281,Paris-3979,38,73,Normal
2026-02-16 09:23:40.303281,Paris-3979,30,33,Normal
2026-02-16 09:23:41.303281,Paris-3979,17,61,Normal
2026-02-16 09:23:42.303281,Paris-3979,-14,5,Normal
2026-02-16 09:23:43.303281,Paris-3979,44,10,Normal
2026-02-16 09:23:44.303281,Paris-3979,41,64,Normal
2026-02-16 09:23:45.303281,Paris-3979,16,14,Normal
2026-02-16 09:23:46.303281,Paris-3979,26,7,Normal
2026-02-16 09:23:47.303281,Paris-3979,11,73,Normal
2026-02-16 09:23:48.303281,Paris-3979,46,94,Normal
2026-02-16 09:23:49.303281,Paris-3979,-24,86,Normal
2026-02-16 09:23:50.303281,Paris-3979,-21,32,Normal
2026-02-16 09:23:51.303281,Paris-3979,43,56,Normal
2026-02-16 09:23:52.303281,Paris-3979,-29,58,Normal
2026-02-16 09:23:53.303281,Paris-3979,20,51,Normal
2026-02-16 09:23:54.303281,Paris-3979,37,63,Normal
2026-02-16 09:23:55.303281,Paris-3979,-16,85,Normal
2026-02-16 09:23:56.303281,Paris-3979,7,6,Normal
2026-02-16 09:23:57.303281,Paris-3979,41,89,Normal
2026-02-16 09:23:58.303281,Paris-3979,-4,45,Normal
2026-02-16 09:23:59.303281,Paris-3979,-6,64,Normal
2026-02-16 09:24:00.303281,Paris-3979,46,20,Normal
2026-02-16 09:24:01.303281,Paris-3979,-24,8,Normal
2026-02-16 09:24:02.303281,Paris-3979,-13,61,Normal
2026-02-16 09:24:03.303281,Paris-3979,-4,11,Normal
2026-02-16 09:24:04.303281,Paris-3979,-23,51,Normal
2026-02-16 09:24:05.303281,Paris-3979,41,43,Normal
2026-02-16 09:24:06.303281,Paris-3979,4,80,Normal
2026-02-16 09:24:07.303281,Paris-3979,-1,76,Normal
2026-02-16 09:24:08.303281,Paris-3979,12,32,Normal
2026-02-16 09:24:09.303281,Paris-3979,28,94,Normal
2026-02-16 09:24:10.303281,Paris-3979,-26,80,Normal
2026-02-16 09:24:11.303281,Paris-3979,29,90,Normal
2026-02-16 09:24:12.303281,Paris-3979,17,98,Normal
2026-02-16 09:24:13.303281,Paris-3979,-11,55,Normal
2026-02-16 09:24:14.303281,Paris-3979,-30,20,Normal
2026-02-16 09:24:15.303281,Paris-3979,-26,92,Normal
2026-02-16 09:24:16.303281,Paris-3979,40,90,Normal
2026-02-16 09:24:17.303281,Paris-3979,32,39,Normal
2026-02-16 09:24:18.303281,Paris-3979,43,0,Normal
2026-02-16 09:24:19.303281,Paris-3979,-16,55,Normal
2026-02-16 09:24:20.303281,Paris-3979,3,100,Normal
2026-02-16 09:24:21.303281,Paris-3979,-11,35,Normal
2026-02-16 09:24:22.303281,Paris-3979,-19,43,Normal
2026-02-16 09:24:23.303281,Paris-3979,1,73,Normal
2026-02-16 09:24:24.303281,Paris-3979,-26,99,Normal
2026-02-16 09:24:25.303281,Paris-3979,-6,40,Normal
2026-02-16 09:24:26.303281,Paris-3979,40,19,Normal
2026-02-16 09:24:27.303281,Paris-3979,-26,89,Normal
2026-02-16 09:24:28.303281,Paris-3979,21,99,Normal
2026-02-16 09:24:29.303281,Paris-3979,-23,18,Normal
2026-02-16 09:24:30.303281,Paris-3979,-1,16,Normal
2026-02-16 09:24:31.303281,Paris-3979,-18,34,Normal
2026-02-16 09:24:32.303281,Paris-3979,-23,92,Normal
2026-02-16 09:24:33.303281,Paris-3979,0,56,Normal
2026-02-16 09:24:34.303281,Paris-3979,-9,86,Normal
2026-02-16 09:24:35.303281,Paris-3979,3,5,Normal
2026-02-16 09:24:36.303281,Paris-3979,-21,45,Normal
2026-02-16 09:24:37.303281,Paris-3979,14,84,Normal
2026-02-16 09:24:38.303281,Paris-3979,-10,34,Normal
2026-02-16 09:24:39.303281,Paris-3979,-6,61,Normal
2026-02-16 09:24:40.303281,Paris-3979,14,64,Normal
2026-02-16 09:24:41.303281,Paris-3979,-16,51,Normal
2026-02-16 09:24:42.303281,Paris-3979,-7,6,Normal
2026-02-16 09:24:43.303281,Paris-3979,-22,80,Normal
2026-02-16 09:24:44.303281,Paris-3979,9,94,Normal
2026-02-16 09:24:45.303281,Paris-3979,-20,60,Normal
2026-02-16 09:24:46.303281,Paris-3979,41,60,Normal
2026-02-16 09:24:47.303281,Paris-3979,18,39,Normal
2026-02-16 09:24:48.303281,Paris-3979,42,1,Normal
2026-02-16 09:24:49.303281,Paris-3979,15,50,Normal
2026-02-16 09:24:50.303281,Paris-3979,25,22,Normal
2026-02-16 09:24:51.303281,Paris-3979,-20,86,Normal
2026-02-16 09:24:52.303281,Paris-3979,34,6,Normal
2026-02-16 09:24:53.303281,Paris-3979,21,92,Normal
2026-02-16 09:24:54.303281,Paris-3979,-29,52,Normal
2026-02-16 09:24:55.303281,Paris-3979,19,33,Normal
2026-02-16 09:24:56.303281,Paris-3979,32,93,Normal
2026-02-16 09:24:57.303281,Paris-3979,-15,25,Normal
2026-02-16 09:24:58.303281,Paris-3979,44,31,Normal
2026-02-16 09:24:59.303281,Paris-3979,-23,75,Normal
2026-02-16 09:25:00.303281,Paris-3979,-30,92,Normal
2026-02-16 09:25:01.303281,Paris-3979,-28,34,Normal
2026-02-16 09:25:02.303281,Paris-3979,-1,3,Normal
2026-02-16 09:25:03.303281,Paris-3979,28,39,Normal
2026-02-16 09:25:04.303281,Paris-3979,3,28,Normal
2026-02-16 09:25:05.303281,Paris-3979,-24,18,Normal
2026-02-16 09:25:06.303281,Paris-3979,12,45,Normal
2026-02-16 09:25:07.303281,Paris-3979,-27,65,Normal
2026-02-16 09:25:08.303281,Paris-3979,-1,17,Normal
2026-02-16 09:25:09.303281,Paris-3979,15,4,Normal
2026-02-16 09:25:10.303281,Paris-3979,12,10,Normal
2026-02-16 09:25:11.303281,Paris-3979,-26,69,Normal
2026-02-16 09:25:12.303281,Paris-3979,26,22,Normal
2026-02-16 09:25:13.303281,Paris-3979,37,22,Normal
2026-02-16 09:25:14.303281,Paris-3979,13,68,Normal
2026-02-16 09:25:15.303281,Paris-3979,0,100,Normal
2026-02-16 09:25:16.303281,Paris-3979,-18,9,Normal
2026-02-16 09:25:17.303281,Paris-3979,-3,88,Normal
2026-02-16 09:25:18.303281,Paris-3979,23,15,Normal
2026-02-16 09:25:19.303281,Paris-3979,43,54,Normal
2026-02-16 09:25:20.303281,Paris-3979,-4,27,Normal
2026-02-16 09:25:21.303281,Paris-3979,14,11,Normal
2026-02-16 09:25:22.303281,Paris-3979,8,44,Normal
2026-02-16 09:25:23.303281,Paris-3979,6,49,Normal
2026-02-16 09:25:24.303281,Paris-3979,-22,63,Normal
2026-02-16 09:25:25.303281,Paris-3979,42,93,Normal
2026-02-16 09:25:26.303281,Paris-3979,16,73,Normal
2026-02-16 09:25:27.303281,Paris-3979,-5,37,Normal
2026-02-16 09:25:28.303281,Paris-3979,49,63,Normal
2026-02-16 09:25:29.303281,Paris-3979,-1,55,Normal
2026-02-16 09:25:30.303281,Paris-3979,42,48,Normal
2026-02-16 09:25:31.303281,Paris-3979,46,35,Normal
2026-02-16 09:25:32.303281,Paris-3979,35,72,Normal
2026-02-16 09:25:33.303281,Paris-3979,37,59,Normal
2026-02-16 09:25:34.303281,Paris-3979,-5,46,Normal
2026-02-16 09:25:35.303281,Paris-3979,-17,33,Normal
2026-02-16 09:25:36.303281,Paris-3979,1,15,Normal
2026-02-16 09:25:37.303281,Paris-3979,-9,58,Normal
2026-02-16 09:25:38.303281,Paris-3979,-20,30,Normal
2026-02-16 09:25:39.303281,Paris-3979,32,51,Normal
2026-02-16 09:25:40.303281,Paris-3979,35,0,Normal
2026-02-16 09:25:41.303281,Paris-3979,-25,27,Normal
2026-02-16 09:25:42.303281,Paris-3979,34,75,Normal
2026-02-16 09:25:43.303281,Paris-3979,-4,14,Normal
2026-02-16 09:25:44.303281,Paris-3979,29,87,Normal
2026-02-16 09:25:45.303281,Paris-3979,41,51,Normal
2026-02-16 09:25:46.303281,Paris-3979,34,100,Normal
2026-02-16 09:25:47.303281,Paris-3979,-29,0,Normal
2026-02-16 09:25:48.303281,Paris-3979,21,93,Normal
2026-02-16 09:25:49.303281,Paris-3979,-22,7,Normal
2026-02-16 09:25:50.303281,Paris-3979,-3,64,Normal
2026-02-16 09:25:51.303281,Paris-3979,42,92,Normal
2026-02-16 09:25:52.303281,Paris-3979,48,42,Normal
2026-02-16 09:25:53.303281,Paris-3979,31,96,Normal
2026-02-16 09:25:54.303281,Paris-3979,20,8,Normal
2026-02-16 09:25:55.303281,Paris-3979,21,26,Normal
2026-02-16 09:25:56.303281,Paris-3979,-26,57,Normal
2026-02-16 09:25:57.303281,Paris-3979,-29,92,Normal
2026-02-16 09:25:58.303281,Paris-3979,1,34,Normal
2026-02-16 09:25:59.303281,Paris-3979,38,24,Normal
2026-02-16 09:26:00.303281,Paris-3979,22,48,Normal
2026-02-16 09:26:01.303281,Paris-3979,-5,37,Normal
2026-02-16 09:26:02.303281,Paris-3979,39,17,Normal
2026-02-16 09:26:03.303281,Paris-3979,41,73,Normal
2026-02-16 09:26:04.303281,Paris-3979,-19,92,Normal
2026-02-16 09:26:05.303281,Paris-3979,46,40,Normal
2026-02-16 09:26:06.303281,Paris-3979,17,100,Normal
2026-02-16 09:26:07.303281,Paris-3979,24,57,Normal
2026-02-16 09:26:08.303281,Paris-3979,10,24,Normal
2026-02-16 09:26:09.303281,Paris-3979,-17,37,Normal
2026-02-16 09:26:10.303281,Paris-3979,-21,98,Normal
2026-02-16 09:26:11.303281,Paris-3979,21,96,Normal
2026-02-16 09:26:12.303281,Paris-3979,33,84,Normal
2026-02-16 09:26:13.303281,Paris-3979,38,66,Normal
2026-02-16 09:26:14.303281,Paris-3979,22,61,Normal
2026-02-16 09:26:15.303281,Paris-3979,11,98,Normal
2026-02-16 09:26:16.303281,Paris-3979,5,73,Normal
2026-02-16 09:26:17.303281,Paris-3979,38,10,Normal
2026-02-16 09:26:18.303281,Paris-3979,23,59,Normal
2026-02-16 09:26:19.303281,Paris-3979,49,16,Normal
2026-02-16 09:26:20.303281,Paris-3979,47,31,Normal
2026-02-16 09:26:21.303281,Paris-3979,-12,7,Normal
2026-02-16 09:26:22.303281,Paris-3979,-7,32,Normal
2026-02-16 09:26:23.303281,Paris-3979,42,12,Normal
2026-02-16 09:26:24.303281,Paris-3979,17,61,Normal
2026-02-16 09:26:25.303281,Paris-3979,-17,94,Normal
2026-02-16 09:26:26.303281,Paris-3979,-24,87,Normal
2026-02-16 09:26:27.303281,Paris-3979,-7,68,Normal
2026-02-16 09:26:28.303281,Paris-3979,-3,48,Normal
2026-02-16 09:26:29.303281,Paris-3979,-1,34,Normal
2026-02-16 09:26:30.303281,Paris-3979,-15,58,Normal
2026-02-16 09:26:31.303281,Paris-3979,13,10,Normal
2026-02-16 09:26:32.303281,Paris-3979,-17,25,Normal
2026-02-16 09:26:33.303281,Paris-3979,17,50,Normal
2026-02-16 09:26:34.303281,Paris-3979,26,20,Normal
2026-02-16 09:26:35.303281,Paris-3979,49,50,Normal
2026-02-16 09:26:36.303281,Paris-3979,10,72,Normal
2026-02-16 09:26:37.303281,Paris-3979,34,72,Normal
2026-02-16 09:26:38.303281,Paris-3979,-14,69,Normal
2026-02-16 09:26:39.303281,Paris-3979,13,76,Normal
2026-02-16 09:26:40.303281,Paris-3979,-22,73,Normal
2026-02-16 09:26:41.303281,Paris-3979,37,10,Normal
2026-02-16 09:26:42.303281,Paris-3979,-16,12,Normal
2026-02-16 09:26:43.303281,Paris-3979,-20,26,Normal
2026-02-16 09:26:44.303281,Paris-3979,47,30,Normal
2026-02-16 09:26:45.303281,Paris-3979,7,24,Normal
2026-02-16 09:26:46.303281,Paris-3979,38,16,Normal
2026-02-16 09:26:47.303281,Paris-3979,2,94,Normal
2026-02-16 09:26:48.303281,Paris-3979,4,33,Normal
2026-02-16 09:26:49.303281,Paris-3979,-23,94,Normal
2026-02-16 09:26:50.303281,Paris-3979,-5,20,Normal
2026-02-16 09:26:51.303281,Paris-3979,1,4,Normal
2026-02-16 09:26:52.303281,Paris-3979,9,52,Normal
2026-02-16 09:26:53.303281,Paris-3979,1,15,Normal
2026-02-16 09:26:54.303281,Paris-3979,-30,37,Normal
2026-02-16 09:26:55.303281,Paris-3979,36,2,Normal
2026-02-16 09:26:56.303281,Paris-3979,-27,6,Normal
2026-02-16 09:26:57.303281,Paris-3979,25,38,Normal
2026-02-16 09:26:58.303281,Paris-3979,15,12,Normal
2026-02-16 09:26:59.303281,Paris-3979,-16,18,Normal
2026-02-16 09:27:00.303281,Paris-3979,35,98,Normal
2026-02-16 09:27:01.303281,Paris-3979,46,95,Normal
2026-02-16 09:27:02.303281,Paris-3979,25,84,Normal
2026-02-16 09:27:03.303281,Paris-3979,36,91,Normal
2026-02-16 09:27:04.303281,Paris-3979,8,22,Normal
2026-02-16 09:27:05.303281,Paris-3979,8,91,Normal
2026-02-16 09:27:06.303281,Paris-3979,-8,98,Normal
2026-02-16 09:27:07.303281,Paris-3979,16,32,Normal
2026-02-16 09:27:08.303281,Paris-3979,42,57,Normal
2026-02-16 09:27:09.303281,Paris-3979,19,17,Normal
2026-02-16 09:27:10.303281,Paris-3979,-15,68,Normal
2026-02-16 09:27:11.303281,Paris-3979,-19,97,Normal
2026-02-16 09:27:12.303281,Paris-3979,-7,3,Normal
2026-02-16 09:27:13.303281,Paris-3979,-6,62,Normal
2026-02-16 09:27:14.303281,Paris-3979,-2,62,Normal
2026-02-16 09:27:15.303281,Paris-3979,2,96,Normal
2026-02-16 09:27:16.303281,Paris-3979,46,64,Normal
2026-02-16 09:27:17.303281,Paris-3979,5,43,Normal
2026-02-16 09:27:18.303281,Paris-3979,13,68,Normal
2026-02-16 09:27:19.303281,Paris-3979,17,41,Normal
2026-02-16 09:27:20.303281,Paris-3979,41,93,Normal
2026-02-16 09:27:21.303281,Paris-3979,-22,34,Normal
2026-02-16 09:27:22.303281,Paris-3979,-22,91,Normal
2026-02-16 09:27:23.303281,Paris-3979,12,84,Normal
2026-02-16 09:27:24.303281,Paris-3979,-10,36,Normal
2026-02-16 09:27:25.303281,Paris-3979,6,8,Normal
2026-02-16 09:27:26.303281,Paris-3979,3,34,Normal
2026-02-16 09:27:27.303281,Paris-3979,32,86,Normal
2026-02-16 09:27:28.303281,Paris-3979,37,71,Normal
2026-02-16 09:27:29.303281,Paris-3979,27,85,Normal
2026-02-16 09:27:30.303281,Paris-3979,-14,23,Normal
2026-02-16 09:27:31.303281,Paris-3979,-25,39,Normal
2026-02-16 09:27:32.303281,Paris-3979,49,88,Normal
2026-02-16 09:27:33.303281,Paris-3979,5,18,Normal
2026-02-16 09:27:34.303281,Paris-3979,9,79,Normal
2026-02-16 09:27:35.303281,Paris-3979,-15,15,Normal
2026-02-16 09:27:36.303281,Paris-3979,22,99,Normal
2026-02-16 09:27:37.303281,Paris-3979,-19,15,Normal
2026-02-16 09:27:38.303281,Paris-3979,-18,43,Normal
2026-02-16 09:27:39.303281,Paris-3979,40,43,Normal
2026-02-16 09:27:40.303281,Paris-3979,-20,75,Normal
2026-02-16 09:27:41.303281,Paris-3979,33,61,Normal
2026-02-16 09:27:42.303281,Paris-3979,-25,53,Normal
2026-02-16 09:27:43.303281,Paris-3979,32,46,Normal
2026-02-16 09:27:44.303281,Paris-3979,10,15,Normal
2026-02-16 09:27:45.303281,Paris-3979,0,93,Normal
2026-02-16 09:27:46.303281,Paris-3979,4,24,Normal
2026-02-16 09:27:47.303281,Paris-3979,-4,65,Normal
2026-02-16 09:27:48.303281,Paris-3979,9,9,Normal
2026-02-16 09:27:49.303281,Paris-3979,48,80,Normal
2026-02-16 09:27:50.303281,Paris-3979,-7,95,Normal
2026-02-16 09:27:51.303281,Paris-3979,-12,6,Normal
2026-02-16 09:27:52.303281,Paris-3979,32,55,Normal
2026-02-16 09:27:53.303281,Paris-3979,11,27,Normal
2026-02-16 09:27:54.303281,Paris-3979,13,15,Normal
2026-02-16 09:27:55.303281,Paris-3979,6,97,Normal
2026-02-16 09:27:56.303281,Paris-3979,46,14,Normal
2026-02-16 09:27:57.303281,Paris-3979,-8,26,Normal
2026-02-16 09:27:58.303281,Paris-3979,13,68,Normal
2026-02-16 09:27:59.303281,Paris-3979,-10,61,Normal
2026-02-16 09:28:00.303281,Paris-3979,-23,20,Normal
2026-02-16 09:28:01.303281,Paris-3979,-15,70,Normal
2026-02-16 09:28:02.303281,Paris-3979,37,17,Normal
2026-02-16 09:28:03.303281,Paris-3979,23,55,Normal
2026-02-16 09:28:04.303281,Paris-3979,-5,72,Normal
2026-02-16 09:28:05.303281,Paris-3979,27,57,Normal
2026-02-16 09:28:06.303281,Paris-3979,34,90,Normal
2026-02-16 09:28:07.303281,Paris-3979,-7,47,Normal
2026-02-16 09:28:08.303281,Paris-3979,7,8,Normal
2026-02-16 09:28:09.303281,Paris-3979,-18,45,Normal
2026-02-16 09:28:10.303281,Paris-3979,-10,39,Normal
2026-02-16 09:28:11.303281,Paris-3979,47,84,Normal
2026-02-16 09:28:12.303281,Paris-3979,16,88,Normal
2026-02-16 09:28:13.303281,Paris-3979,40,94,Normal
2026-02-16 09:28:14.303281,Paris-3979,-26,37,Normal
2026-02-16 09:28:15.303281,Paris-3979,-28,62,Normal
2026-02-16 09:28:16.303281,Paris-3979,33,56,Normal
2026-02-16 09:28:17.303281,Paris-3979,-18,79,Normal
2026-02-16 09:28:18.303281,Paris-3979,11,35,Normal
2026-02-16 09:28:19.303281,Paris-3979,41,72,Normal
2026-02-16 09:28:20.303281,Paris-3979,-3,29,Normal
2026-02-16 09:28:21.303281,Paris-3979,-21,74,Normal
2026-02-16 09:28:22.303281,Paris-3979,-26,57,Normal
2026-02-16 09:28:23.303281,Paris-3979,45,96,Normal
2026-02-16 09:28:24.303281,Paris-3979,14,22,Normal
2026-02-16 09:28:25.303281,Paris-3979,11,33,Normal
2026-02-16 09:28:26.303281,Paris-3979,-9,55,Normal
2026-02-16 09:28:27.303281,Paris-3979,44,82,Normal
2026-02-16 09:28:28.303281,Paris-3979,45,83,Normal
2026-02-16 09:28:29.303281,Paris-3979,28,47,Normal
2026-02-16 09:28:30.303281,Paris-3979,18,78,Normal
2026-02-16 09:28:31.303281,Paris-3979,4,45,Normal
2026-02-16 09:28:32.303281,Paris-3979,-3,13,Normal
2026-02-16 09:28:33.303281,Paris-3979,-21,43,Normal
2026-02-16 09:28:34.303281,Paris-3979,-7,33,Normal
2026-02-16 09:28:35.303281,Paris-3979,38,83,Normal
2026-02-16 09:28:36.303281,Paris-3979,-14,12,Normal
2026-02-16 09:28:37.303281,Paris-3979,11,24,Normal
2026-02-16 09:28:38.303281,Paris-3979,12,94,Normal
2026-02-16 09:28:39.303281,Paris-3979,38,52,Normal
2026-02-16 09:28:40.303281,Paris-3979,30,87,Normal
2026-02-16 09:28:41.303281,Paris-3979,-18,12,Normal
2026-02-16 09:28:42.303281,Paris-3979,15,57,Normal
2026-02-16 09:28:43.303281,Paris-3979,-24,37,Normal
2026-02-16 09:28:44.303281,Paris-3979,38,43,Normal
2026-02-16 09:28:45.303281,Paris-3979,-12,52,Normal
2026-02-16 09:28:46.303281,Paris-3979,-11,91,Normal
2026-02-16 09:28:47.303281,Paris-3979,43,73,Normal
2026-02-16 09:28:48.303281,Paris-3979,-10,33,Normal
2026-02-16 09:28:49.303281,Paris-3979,-14,0,Normal
2026-02-16 09:28:50.303281,Paris-3979,36,10,Normal
2026-02-16 09:28:51.303281,Paris-3979,6,71,Normal
2026-02-16 09:28:52.303281,Paris-3979,46,90,Normal
2026-02-16 09:28:53.303281,Paris-3979,21,65,Normal
2026-02-16 09:28:54.303281,Paris-3979,-4,93,Normal
2026-02-16 09:28:55.303281,Paris-3979,43,40,Normal
2026-02-16 09:28:56.303281,Paris-3979,-22,83,Normal
2026-02-16 09:28:57.303281,Paris-3979,34,63,Normal
2026-02-16 09:28:58.303281,Paris-3979,38,61,Normal
2026-02-16 09:28:59.303281,Paris-3979,-29,100,Normal
2026-02-16 09:29:00.303281,Paris-3979,5,46,Normal
2026-02-16 09:29:01.303281,Paris-3979,-4,17,Normal
2026-02-16 09:29:02.303281,Paris-3979,24,30,Normal
2026-02-16 09:29:03.303281,Paris-3979,27,34,Normal
2026-02-16 09:29:04.303281,Paris-3979,-13,48,Normal
2026-02-16 09:29:05.303281,Paris-3979,17,50,Normal
2026-02-16 09:29:06.303281,Paris-3979,-28,40,Normal
2026-02-16 09:29:07.303281,Paris-3979,46,0,Normal
2026-02-16 09:29:08.303281,Paris-3979,-10,23,Normal
2026-02-16 09:29:09.303281,Paris-3979,-1,21,Normal
2026-02-16 09:29:10.303281,Paris-3979,6,6,Normal
2026-02-16 09:29:11.303281,Paris-3979,-19,74,Normal
2026-02-16 09:29:12.303281,Paris-3979,25,10,Normal
2026-02-16 09:29:13.303281,Paris-3979,16,87,Normal
2026-02-16 09:29:14.303281,Paris-3979,13,86,Normal
2026-02-16 09:29:15.303281,Paris-3979,12,63,Normal
2026-02-16 09:29:16.303281,Paris-3979,-8,91,Normal
2026-02-16 09:29:17.303281,Paris-3979,1,19,Normal
2026-02-16 09:29:18.303281,Paris-3979,18,34,Normal
2026-02-16 09:29:19.303281,Paris-3979,50,100,Normal
2026-02-16 09:29:20.303281,Paris-3979,49,40,Normal
2026-02-16 09:29:21.303281,Paris-3979,42,100,Normal
2026-02-16 09:29:22.303281,Paris-3979,-24,75,Normal
2026-02-16 09:29:23.303281,Paris-3979,30,57,Normal
2026-02-16 09:29:24.303281,Paris-3979,-10,1,Normal
2026-02-16 09:29:25.303281,Paris-3979,-1,32,Normal
2026-02-16 09:29:26.303281,Paris-3979,35,76,Normal
2026-02-16 09:29:27.303281,Paris-3979,-27,47,Normal
2026-02-16 09:29:28.303281,Paris-3979,47,79,Normal
2026-02-16 09:29:29.303281,Paris-3979,-22,61,Normal
2026-02-16 09:29:30.303281,Paris-3979,19,35,Normal
2026-02-16 09:29:31.303281,Paris-3979,39,28,Normal
2026-02-16 09:29:32.303281,Paris-3979,-16,19,Normal
2026-02-16 09:29:33.303281,Paris-3979,-22,48,Normal
2026-02-16 09:29:34.303281,Paris-3979,-6,54,Normal
2026-02-16 09:29:35.303281,Paris-3979,39,67,Normal
2026-02-16 09:29:36.303281,Paris-3979,2,27,Normal
2026-02-16 09:29:37.303281,Paris-3979,5,12,Normal
2026-02-16 09:29:38.303281,Paris-3979,17,25,Normal
2026-02-16 09:29:39.303281,Paris-3979,33,4,Normal
2026-02-16 09:29:40.303281,Paris-3979,-11,28,Normal
2026-02-16 09:29:41.303281,Paris-3979,-6,29,Normal
2026-02-16 09:29:42.303281,Paris-3979,19,24,Normal
2026-02-16 09:29:43.303281,Paris-3979,-23,79,Normal
2026-02-16 09:29:44.303281,Paris-3979,23,97,Normal
2026-02-16 09:29:45.303281,Paris-3979,31,28,Normal
2026-02-16 09:29:46.303281,Paris-3979,24,73,Normal
2026-02-16 09:29:47.303281,Paris-3979,19,18,Normal
2026-02-16 09:29:48.303281,Paris-3979,-6,99,Normal
2026-02-16 09:29:49.303281,Paris-3979,30,93,Normal
2026-02-16 09:29:50.303281,Paris-3979,42,65,Normal
2026-02-16 09:29:51.303281,Paris-3979,28,29,Normal
2026-02-16 09:29:52.303281,Paris-3979,-24,15,Normal
2026-02-16 09:29:53.303281,Paris-3979,-17,5,Normal
2026-02-16 09:29:54.303281,Paris-3979,0,14,Normal
2026-02-16 09:29:55.303281,Paris-3979,5,14,Normal
2026-02-16 09:29:56.303281,Paris-3979,7,26,Normal
2026-02-16 09:29:57.303281,Paris-3979,-5,12,Normal
2026-02-16 09:29:58.303281,Paris-3979,33,85,Normal
2026-02-16 09:29:59.303281,Paris-3979,26,68,Normal
2026-02-16 09:30:00.303281,Paris-3979,10,2,Normal
2026-02-16 09:30:01.303281,Paris-3979,-24,11,Normal
2026-02-16 09:30:02.303281,Paris-3979,4,63,Normal
2026-02-16 09:30:03.303281,Paris-3979,42,50,Normal
2026-02-16 09:30:04.303281,Paris-3979,-7,32,Normal
2026-02-16 09:30:05.303281,Paris-3979,-20,71,Normal
2026-02-16 09:30:06.303281,Paris-3979,38,4,Normal
2026-02-16 09:30:07.303281,Paris-3979,22,45,Normal
2026-02-16 09:30:08.303281,Paris-3979,-5,78,Normal
2026-02-16 09:30:09.303281,Paris-3979,-17,82,Normal
2026-02-16 09:30:10.303281,Paris-3979,26,52,Normal
2026-02-16 09:30:11.303281,Paris-3979,-19,17,Normal
2026-02-16 09:30:12.303281,Paris-3979,39,53,Normal
2026-02-16 09:30:13.303281,Paris-3979,14,36,Normal
2026-02-16 09:30:14.303281,Paris-3979,-21,24,Normal
2026-02-16 09:30:15.303281,Paris-3979,-9,91,Normal
2026-02-16 09:30:16.303281,Paris-3979,42,64,Normal
2026-02-16 09:30:17.303281,Paris-3979,44,93,Normal
2026-02-16 09:30:18.303281,Paris-3979,-6,21,Normal
2026-02-16 09:30:19.303281,Paris-3979,-9,37,Normal
2026-02-16 09:30:20.303281,Paris-3979,46,53,Normal
2026-02-16 09:30:21.303281,Paris-3979,-14,32,Normal
2026-02-16 09:30:22.303281,Paris-3979,28,21,Normal
2026-02-16 09:30:23.303281,Paris-3979,-25,63,Normal
2026-02-16 09:30:24.303281,Paris-3979,-6,51,Normal
2026-02-16 09:30:25.303281,Paris-3979,36,64,Normal
2026-02-16 09:30:26.303281,Paris-3979,3,68,Normal
2026-02-16 09:30:27.303281,Paris-3979,41,16,Normal
2026-02-16 09:30:28.303281,Paris-3979,-13,30,Normal
2026-02-16 09:30:29.303281,Paris-3979,31,13,Normal
2026-02-16 09:30:30.303281,Paris-3979,44,19,Normal
2026-02-16 09:30:31.303281,Paris-3979,1,76,Normal
2026-02-16 09:30:32.303281,Paris-3979,-29,91,Normal
2026-02-16 09:30:33.303281,Paris-3979,18,45,Normal
2026-02-16 09:30:34.303281,Paris-3979,47,91,Normal
2026-02-16 09:30:35.303281,Paris-3979,-8,13,Normal
2026-02-16 09:30:36.303281,Paris-3979,-20,53,Normal
2026-02-16 09:30:37.303281,Paris-3979,26,68,Normal
2026-02-16 09:30:38.303281,Paris-3979,21,40,Normal
2026-02-16 09:30:39.303281,Paris-3979,-8,44,Normal
2026-02-16 09:30:40.303281,Paris-3979,40,56,Normal
2026-02-16 09:30:41.303281,Paris-3979,48,85,Normal
2026-02-16 09:30:42.303281,Paris-3979,37,80,Normal
2026-02-16 09:30:43.303281,Paris-3979,2,100,Normal
2026-02-16 09:30:44.303281,Paris-3979,42,100,Normal
2026-02-16 09:30:45.303281,Paris-3979,-18,97,Normal
2026-02-16 09:30:46.303281,Paris-3979,50,3,Normal
2026-02-16 09:30:47.303281,Paris-3979,-18,74,Normal
2026-02-16 09:30:48.303281,Paris-3979,20,50,Normal
2026-02-16 09:30:49.303281,Paris-3979,14,8,Normal
2026-02-16 09:30:50.303281,Paris-3979,7,61,Normal
2026-02-16 09:30:51.303281,Paris-3979,8,21,Normal
2026-02-16 09:30:52.303281,Paris-3979,36,2,Normal
2026-02-16 09:30:53.303281,Paris-3979,8,94,Normal
2026-02-16 09:30:54.303281,Paris-3979,18,4,Normal
2026-02-16 09:30:55.303281,Paris-3979,23,78,Normal
2026-02-16 09:30:56.303281,Paris-3979,-21,45,Normal
2026-02-16 09:30:57.303281,Paris-3979,7,16,Normal
2026-02-16 09:30:58.303281,Paris-3979,15,2,Normal
2026-02-16 09:30:59.303281,Paris-3979,-10,83,Normal
2026-02-16 09:31:00.303281,Paris-3979,4,40,Normal
2026-02-16 09:31:01.303281,Paris-3979,36,17,Normal
2026-02-16 09:31:02.303281,Paris-3979,13,78,Normal
2026-02-16 09:31:03.303281,Paris-3979,-10,89,Normal
2026-02-16 09:31:04.303281,Paris-3979,-22,2,Normal
2026-02-16 09:31:05.303281,Paris-3979,-2,97,Normal
2026-02-16 09:31:06.303281,Paris-3979,1,100,Normal
2026-02-16 09:31:07.303281,Paris-3979,36,13,Normal
2026-02-16 09:31:08.303281,Paris-3979,-25,2,Normal
2026-02-16 09:31:09.303281,Paris-3979,28,45,Normal
2026-02-16 09:31:10.303281,Paris-3979,7,58,Normal
2026-02-16 09:31:11.303281,Paris-3979,11,19,Normal
2026-02-16 09:31:12.303281,Paris-3979,25,55,Normal
2026-02-16 09:31:13.303281,Paris-3979,45,60,Normal
2026-02-16 09:31:14.303281,Paris-3979,-5,45,Normal
2026-02-16 09:31:15.303281,Paris-3979,17,18,Normal
2026-02-16 09:31:16.303281,Paris-3979,-29,5,Normal
2026-02-16 09:31:17.303281,Paris-3979,-18,48,Normal
2026-02-16 09:31:18.303281,Paris-3979,-29,80,Normal
2026-02-16 09:31:19.303281,Paris-3979,-29,90,Normal
2026-02-16 09:31:20.303281,Paris-3979,21,11,Normal
2026-02-16 09:31:21.303281,Paris-3979,-6,54,Normal
2026-02-16 09:31:22.303281,Paris-3979,17,74,Normal
2026-02-16 09:31:23.303281,Paris-3979,-2,98,Normal
2026-02-16 09:31:24.303281,Paris-3979,-6,56,Normal
2026-02-16 09:31:25.303281,Paris-3979,-3,1,Normal
2026-02-16 09:31:26.303281,Paris-3979,0,21,Normal
2026-02-16 09:31:27.303281,Paris-3979,-15,59,Normal
2026-02-16 09:31:28.303281,Paris-3979,27,64,Normal
2026-02-16 09:31:29.303281,Paris-3979,17,12,Normal
2026-02-16 09:31:30.303281,Paris-3979,6,43,Normal
2026-02-16 09:31:31.303281,Paris-3979,21,99,Normal
2026-02-16 09:31:32.303281,Paris-3979,8,26,Normal
2026-02-16 09:31:33.303281,Paris-3979,33,71,Normal
2026-02-16 09:31:34.303281,Paris-3979,-18,85,Normal
2026-02-16 09:31:35.303281,Paris-3979,-26,13,Normal
2026-02-16 09:31:36.303281,Paris-3979,-17,85,Normal
2026-02-16 09:31:37.303281,Paris-3979,26,25,Normal
2026-02-16 09:31:38.303281,Paris-3979,-6,38,Normal
2026-02-16 09:31:39.303281,Paris-3979,17,70,Normal
2026-02-16 09:31:40.303281,Paris-3979,25,98,Normal
2026-02-16 09:31:41.303281,Paris-3979,1,66,Normal
2026-02-16 09:31:42.303281,Paris-3979,-21,10,Normal
2026-02-16 09:31:43.303281,Paris-3979,4,83,Normal
2026-02-16 09:31:44.303281,Paris-3979,-2,85,Normal
2026-02-16 09:31:45.303281,Paris-3979,50,86,Normal
2026-02-16 09:31:46.303281,Paris-3979,-3,57,Normal
2026-02-16 09:31:47.303281,Paris-3979,-3,87,Normal
2026-02-16 09:31:48.303281,Paris-3979,-26,69,Normal
2026-02-16 09:31:49.303281,Paris-3979,26,88,Normal
2026-02-16 09:31:50.303281,Paris-3979,-25,58,Normal
2026-02-16 09:31:51.303281,Paris-3979,37,85,Normal
2026-02-16 09:31:52.303281,Paris-3979,-30,58,Normal
2026-02-16 09:31:53.303281,Paris-3979,-23,32,Normal
2026-02-16 09:31:54.303281,Paris-3979,10,39,Normal
2026-02-16 09:31:55.303281,Paris-3979,26,10,Normal
2026-02-16 09:31:56.303281,Paris-3979,7,38,Normal
2026-02-16 09:31:57.303281,Paris-3979,2,65,Normal
2026-02-16 09:31:58.303281,Paris-3979,-27,43,Normal
2026-02-16 09:31:59.303281,Paris-3979,4,81,Normal
2026-02-16 09:32:00.303281,Paris-3979,2,69,Normal
2026-02-16 09:32:01.303281,Paris-3979,24,0,Normal
2026-02-16 09:32:02.303281,Paris-3979,3,94,Normal
2026-02-16 09:32:03.303281,Paris-3979,14,80,Normal
2026-02-16 09:32:04.303281,Paris-3979,50,32,Normal
2026-02-16 09:32:05.303281,Paris-3979,19,87,Normal
2026-02-16 09:32:06.303281,Paris-3979,50,0,Normal
2026-02-16 09:32:07.303281,Paris-3979,-20,88,Normal
2026-02-16 09:32:08.303281,Paris-3979,19,49,Normal
2026-02-16 09:32:09.303281,Paris-3979,9,7,Normal
2026-02-16 09:32:10.303281,Paris-3979,21,2,Normal
2026-02-16 09:32:11.303281,Paris-3979,4,73,Normal
2026-02-16 09:32:12.303281,Paris-3979,-12,20,Normal
2026-02-16 09:32:13.303281,Paris-3979,-4,6,Normal
2026-02-16 09:32:14.303281,Paris-3979,44,79,Normal
2026-02-16 09:32:15.303281,Paris-3979,37,43,Normal
2026-02-16 09:32:16.303281,Paris-3979,36,99,Normal
2026-02-16 09:32:17.303281,Paris-3979,-9,54,Normal
2026-02-16 09:32:18.303281,Paris-3979,4,37,Normal
2026-02-16 09:32:19.303281,Paris-3979,1,36,Normal
2026-02-16 09:32:20.303281,Paris-3979,-8,58,Normal
2026-02-16 09:32:21.303281,Paris-3979,6,20,Normal
2026-02-16 09:32:22.303281,Paris-3979,-16,99,Normal
2026-02-16 09:32:23.303281,Paris-3979,10,94,Normal
2026-02-16 09:32:24.303281,Paris-3979,29,96,Normal
2026-02-16 09:32:25.303281,Paris-3979,-6,36,Normal
2026-02-16 09:32:26.303281,Paris-3979,26,55,Normal
2026-02-16 09:32:27.303281,Paris-3979,24,15,Normal
2026-02-16 09:32:28.303281,Paris-3979,45,13,Normal
2026-02-16 09:32:29.303281,Paris-3979,19,57,Normal
2026-02-16 09:32:30.303281,Paris-3979,47,15,Normal
2026-02-16 09:32:31.303281,Paris-3979,30,92,Normal
2026-02-16 09:32:32.303281,Paris-3979,-9,48,Normal
2026-02-16 09:32:33.303281,Paris-3979,37,61,Normal
2026-02-16 09:32:34.303281,Paris-3979,6,7,Normal
2026-02-16 09:32:35.303281,Paris-3979,29,16,Normal
2026-02-16 09:32:36.303281,Paris-3979,12,84,Normal
2026-02-16 09:32:37.303281,Paris-3979,-3,38,Normal
2026-02-16 09:32:38.303281,Paris-3979,-21,16,Normal
2026-02-16 09:32:39.303281,Paris-3979,24,18,Normal
2026-02-16 09:32:40.303281,Paris-3979,15,81,Normal
2026-02-16 09:32:41.303281,Paris-3979,43,48,Normal
2026-02-16 09:32:42.303281,Paris-3979,25,18,Normal
2026-02-16 09:32:43.303281,Paris-3979,50,40,Normal
2026-02-16 09:32:44.303281,Paris-3979,46,56,Normal
2026-02-16 09:32:45.303281,Paris-3979,-21,41,Normal
2026-02-16 09:32:46.303281,Paris-3979,23,22,Normal
2026-02-16 09:32:47.303281,Paris-3979,-25,65,Normal
2026-02-16 09:32:48.303281,Paris-3979,-7,63,Normal
2026-02-16 09:32:49.303281,Paris-3979,-5,55,Normal
2026-02-16 09:32:50.303281,Paris-3979,-4,34,Normal
2026-02-16 09:32:51.303281,Paris-3979,-23,54,Normal
2026-02-16 09:32:52.303281,Paris-3979,7,52,Normal
2026-02-16 09:32:53.303281,Paris-3979,46,56,Normal
2026-02-16 09:32:54.303281,Paris-3979,-18,79,Normal
2026-02-16 09:32:55.303281,Paris-3979,12,43,Normal
2026-02-16 09:32:56.303281,Paris-3979,-15,67,Normal
2026-02-16 09:32:57.303281,Paris-3979,28,23,Normal
2026-02-16 09:32:58.303281,Paris-3979,-27,70,Normal
2026-02-16 09:32:59.303281,Paris-3979,27,82,Normal
2026-02-16 09:33:00.303281,Paris-3979,17,20,Normal
2026-02-16 09:33:01.303281,Paris-3979,9,9,Normal
2026-02-16 09:33:02.303281,Paris-3979,26,99,Normal
2026-02-16 09:33:03.303281,Paris-3979,19,26,Normal
2026-02-16 09:33:04.303281,Paris-3979,45,6,Normal
2026-02-16 09:33:05.303281,Paris-3979,-9,73,Normal
2026-02-16 09:33:06.303281,Paris-3979,47,41,Normal
2026-02-16 09:33:07.303281,Paris-3979,-14,6,Normal
2026-02-16 09:33:08.303281,Paris-3979,-26,26,Normal
2026-02-16 09:33:09.303281,Paris-3979,3,32,Normal
2026-02-16 09:33:10.303281,Paris-3979,16,18,Normal
2026-02-16 09:33:11.303281,Paris-3979,-15,32,Normal
2026-02-16 09:33:12.303281,Paris-3979,2,40,Normal
2026-02-16 09:33:13.303281,Paris-3979,-15,81,Normal
2026-02-16 09:33:14.303281,Paris-3979,25,69,Normal
2026-02-16 09:33:15.303281,Paris-3979,2,35,Normal
2026-02-16 09:33:16.303281,Paris-3979,-29,39,Normal
2026-02-16 09:33:17.303281,Paris-3979,-28,59,Normal
2026-02-16 09:33:18.303281,Paris-3979,11,15,Normal
2026-02-16 09:33:19.303281,Paris-3979,26,14,Normal
2026-02-16 09:33:20.303281,Paris-3979,-4,90,Normal
2026-02-16 09:33:21.303281,Paris-3979,-14,28,Normal
2026-02-16 09:33:22.303281,Paris-3979,22,79,Normal
2026-02-16 09:33:23.303281,Paris-3979,-6,16,Normal
2026-02-16 09:33:24.303281,Paris-3979,35,3,Normal
2026-02-16 09:33:25.303281,Paris-3979,-12,3,Normal
2026-02-16 09:33:26.303281,Paris-3979,18,84,Normal
2026-02-16 09:33:27.303281,Paris-3979,-26,81,Normal
2026-02-16 09:33:28.303281,Paris-3979,0,39,Normal
2026-02-16 09:33:29.303281,Paris-3979,-11,21,Normal
2026-02-16 09:33:30.303281,Paris-3979,50,24,Normal
2026-02-16 09:33:31.303281,Paris-3979,-17,96,Normal
2026-02-16 09:33:32.303281,Paris-3979,35,72,Normal
2026-02-16 09:33:33.303281,Paris-3979,45,73,Normal
2026-02-16 09:33:34.303281,Paris-3979,27,32,Normal
2026-02-16 09:33:35.303281,Paris-3979,12,34,Normal
2026-02-16 09:33:36.303281,Paris-3979,35,27,Normal
2026-02-16 09:33:37.303281,Paris-3979,6,38,Normal
2026-02-16 09:33:38.303281,Paris-3979,3,16,Normal
2026-02-16 09:33:39.303281,Paris-3979,-20,77,Normal
2026-02-16 09:33:40.303281,Paris-3979,-29,90,Normal
2026-02-16 09:33:41.303281,Paris-3979,31,84,Normal
2026-02-16 09:33:42.303281,Paris-3979,12,77,Normal
2026-02-16 09:33:43.303281,Paris-3979,6,55,Normal
2026-02-16 09:33:44.303281,Paris-3979,-9,24,Normal
2026-02-16 09:33:45.303281,Paris-3979,1,6,Normal
2026-02-16 09:33:46.303281,Paris-3979,-11,44,Normal
2026-02-16 09:33:47.303281,Paris-3979,1,82,Normal
2026-02-16 09:33:48.303281,Paris-3979,37,94,Normal
2026-02-16 09:33:49.303281,Paris-3979,6,44,Normal
2026-02-16 09:33:50.303281,Paris-3979,42,80,Normal
2026-02-16 09:33:51.303281,Paris-3979,-29,13,Normal
2026-02-16 09:33:52.303281,Paris-3979,48,31,Normal
2026-02-16 09:33:53.303281,Paris-3979,-13,2,Normal
2026-02-16 09:33:54.303281,Paris-3979,4,7,Normal
2026-02-16 09:33:55.303281,Paris-3979,15,35,Normal
2026-02-16 09:33:56.303281,Paris-3979,14,98,Normal
2026-02-16 09:33:57.303281,Paris-3979,20,43,Normal
2026-02-16 09:33:58.303281,Paris-3979,42,78,Normal
2026-02-16 09:33:59.303281,Paris-3979,27,16,Normal
2026-02-16 09:34:00.303281,Paris-3979,-16,35,Normal
2026-02-16 09:34:01.303281,Paris-3979,14,70,Normal
2026-02-16 09:34:02.303281,Paris-3979,5,0,Normal
2026-02-16 09:34:03.303281,Paris-3979,3,5,Normal
2026-02-16 09:34:04.303281,Paris-3979,-25,88,Normal
2026-02-16 09:34:05.303281,Paris-3979,26,91,Normal
2026-02-16 09:34:06.303281,Paris-3979,-24,84,Normal
2026-02-16 09:34:07.303281,Paris-3979,24,78,Normal
2026-02-16 09:34:08.303281,Paris-3979,-30,87,Normal
2026-02-16 09:34:09.303281,Paris-3979,-17,46,Normal
2026-02-16 09:34:10.303281,Paris-3979,36,16,Normal
2026-02-16 09:34:11.303281,Paris-3979,43,100,Normal
2026-02-16 09:34:12.303281,Paris-3979,42,89,Normal
2026-02-16 09:34:13.303281,Paris-3979,39,45,Normal
2026-02-16 09:34:14.303281,Paris-3979,33,24,Normal
2026-02-16 09:34:15.303281,Paris-3979,-30,37,Normal
2026-02-16 09:34:16.303281,Paris-3979,14,3,Normal
2026-02-16 09:34:17.303281,Paris-3979,-2,34,Normal
2026-02-16 09:34:18.303281,Paris-3979,-2,54,Normal
2026-02-16 09:34:19.303281,Paris-3979,-8,10,Normal
2026-02-16 09:34:20.303281,Paris-3979,1,90,Normal
2026-02-16 09:34:21.303281,Paris-3979,24,28,Normal
2026-02-16 09:34:22.303281,Paris-3979,-10,43,Normal
2026-02-16 09:34:23.303281,Paris-3979,-3,7,Normal
2026-02-16 09:34:24.303281,Paris-3979,-7,41,Normal
2026-02-16 09:34:25.303281,Paris-3979,42,24,Normal
2026-02-16 09:34:26.303281,Paris-3979,41,5,Normal
2026-02-16 09:34:27.303281,Paris-3979,-17,30,Normal
2026-02-16 09:34:28.303281,Paris-3979,35,17,Normal
2026-02-16 09:34:29.303281,Paris-3979,8,46,Normal
2026-02-16 09:34:30.303281,Paris-3979,29,0,Normal
2026-02-16 09:34:31.303281,Paris-3979,8,50,Normal
2026-02-16 09:34:32.303281,Paris-3979,-13,49,Normal
2026-02-16 09:34:33.303281,Paris-3979,45,94,Normal
2026-02-16 09:34:34.303281,Paris-3979,33,4,Normal
2026-02-16 09:34:35.303281,Paris-3979,-15,84,Normal
2026-02-16 09:34:36.303281,Paris-3979,46,96,Normal
2026-02-16 09:34:37.303281,Paris-3979,42,41,Normal
2026-02-16 09:34:38.303281,Paris-3979,0,80,Normal
2026-02-16 09:34:39.303281,Paris-3979,1,23,Normal
2026-02-16 09:34:40.303281,Paris-3979,33,79,Normal
2026-02-16 09:34:41.303281,Paris-3979,49,8,Normal
2026-02-16 09:34:42.303281,Paris-3979,-18,1,Normal
2026-02-16 09:34:43.303281,Paris-3979,7,96,Normal
2026-02-16 09:34:44.303281,Paris-3979,35,54,Normal
2026-02-16 09:34:45.303281,Paris-3979,39,46,Normal
2026-02-16 09:34:46.303281,Paris-3979,-29,63,Normal
2026-02-16 09:34:47.303281,Paris-3979,49,79,Normal
2026-02-16 09:34:48.303281,Paris-3979,-12,71,Normal
2026-02-16 09:34:49.303281,Paris-3979,26,81,Normal
2026-02-16 09:34:50.303281,Paris-3979,46,31,Normal
2026-02-16 09:34:51.303281,Paris-3979,-6,86,Normal
2026-02-16 09:34:52.303281,Paris-3979,42,67,Normal
2026-02-16 09:34:53.303281,Paris-3979,-14,92,Normal
2026-02-16 09:34:54.303281,Paris-3979,14,72,Normal
2026-02-16 09:34:55.303281,Paris-3979,-20,83,Normal
2026-02-16 09:34:56.303281,Paris-3979,5,48,Normal
2026-02-16 09:34:57.303281,Paris-3979,-4,49,Normal
2026-02-16 09:34:58.303281,Paris-3979,-28,93,Normal
2026-02-16 09:34:59.303281,Paris-3979,33,53,Normal
2026-02-16 09:35:00.303281,Paris-3979,9,40,Normal
2026-02-16 09:35:01.303281,Paris-3979,-7,56,Normal
2026-02-16 09:35:02.303281,Paris-3979,32,86,Normal
2026-02-16 09:35:03.303281,Paris-3979,-14,25,Normal
2026-02-16 09:35:04.303281,Paris-3979,-27,83,Normal
2026-02-16 09:35:05.303281,Paris-3979,-30,56,Normal
2026-02-16 09:35:06.303281,Paris-3979,-17,3,Normal
2026-02-16 09:35:07.303281,Paris-3979,-29,40,Normal
2026-02-16 09:35:08.303281,Paris-3979,9,75,Normal
2026-02-16 09:35:09.303281,Paris-3979,40,78,Normal
2026-02-16 09:35:10.303281,Paris-3979,34,18,Normal
2026-02-16 09:35:11.303281,Paris-3979,31,97,Normal
2026-02-16 09:35:12.303281,Paris-3979,2,2,Normal
2026-02-16 09:35:13.303281,Paris-3979,-6,61,Normal
2026-02-16 09:35:14.303281,Paris-3979,-24,86,Normal
2026-02-16 09:35:15.303281,Paris-3979,44,89,Normal
2026-02-16 09:35:16.303281,Paris-3979,25,63,Normal
2026-02-16 09:35:17.303281,Paris-3979,-1,64,Normal
2026-02-16 09:35:18.303281,Paris-3979,7,66,Normal
2026-02-16 09:35:19.303281,Paris-3979,-3,10,Normal
2026-02-16 09:35:20.303281,Paris-3979,34,24,Normal
2026-02-16 09:35:21.303281,Paris-3979,46,15,Normal
2026-02-16 09:35:22.303281,Paris-3979,-7,9,Normal
2026-02-16 09:35:23.303281,Paris-3979,26,77,Normal
2026-02-16 09:35:24.303281,Paris-3979,50,43,Normal
2026-02-16 09:35:25.303281,Paris-3979,22,44,Normal
2026-02-16 09:35:26.303281,Paris-3979,-2,46,Normal
2026-02-16 09:35:27.303281,Paris-3979,26,54,Normal
2026-02-16 09:35:28.303281,Paris-3979,-25,0,Normal
2026-02-16 09:35:29.303281,Paris-3979,31,44,Normal
2026-02-16 09:35:30.303281,Paris-3979,-17,4,Normal
2026-02-16 09:35:31.303281,Paris-3979,0,53,Normal
2026-02-16 09:35:32.303281,Paris-3979,16,77,Normal
2026-02-16 09:35:33.303281,Paris-3979,37,95,Normal
2026-02-16 09:35:34.303281,Paris-3979,-15,82,Normal
2026-02-16 09:35:35.303281,Paris-3979,37,33,Normal
2026-02-16 09:35:36.303281,Paris-3979,47,28,Normal
2026-02-16 09:35:37.303281,Paris-3979,-14,26,Normal
2026-02-16 09:35:38.303281,Paris-3979,-3,2,Normal
2026-02-16 09:35:39.303281,Paris-3979,-15,67,Normal
2026-02-16 09:35:40.303281,Paris-3979,-12,74,Normal
2026-02-16 09:35:41.303281,Paris-3979,-9,9,Normal
2026-02-16 09:35:42.303281,Paris-3979,46,0,Normal
2026-02-16 09:35:43.303281,Paris-3979,45,66,Normal
2026-02-16 09:35:44.303281,Paris-3979,-2,81,Normal
2026-02-16 09:35:45.303281,Paris-3979,26,64,Normal
2026-02-16 09:35:46.303281,Paris-3979,23,4,Normal
2026-02-16 09:35:47.303281,Paris-3979,-2,48,Normal
2026-02-16 09:35:48.303281,Paris-3979,-12,88,Normal
2026-02-16 09:35:49.303281,Paris-3979,15,97,Normal
2026-02-16 09:35:50.303281,Paris-3979,49,88,Normal
2026-02-16 09:35:51.303281,Paris-3979,10,49,Normal
2026-02-16 09:35:52.303281,Paris-3979,38,28,Normal
2026-02-16 09:35:53.303281,Paris-3979,10,99,Normal
2026-02-16 09:35:54.303281,Paris-3979,34,82,Normal
2026-02-16 09:35:55.303281,Paris-3979,49,45,Normal
2026-02-16 09:35:56.303281,Paris-3979,24,57,Normal
2026-02-16 09:35:57.303281,Paris-3979,-25,67,Normal
2026-02-16 09:35:58.303281,Paris-3979,-18,40,Normal
2026-02-16 09:35:59.303281,Paris-3979,32,58,Normal
2026-02-16 09:36:00.303281,Paris-3979,2,52,Normal
2026-02-16 09:36:01.303281,Paris-3979,17,79,Normal
2026-02-16 09:36:02.303281,Paris-3979,32,53,Normal
2026-02-16 09:36:03.303281,Paris-3979,-28,33,Normal
2026-02-16 09:36:04.303281,Paris-3979,30,15,Normal
2026-02-16 09:36:05.303281,Paris-3979,49,53,Normal
2026-02-16 09:36:06.303281,Paris-3979,31,4,Normal
2026-02-16 09:36:07.303281,Paris-3979,19,69,Normal
2026-02-16 09:36:08.303281,Paris-3979,-15,88,Normal
2026-02-16 09:36:09.303281,Paris-3979,1,23,Normal
2026-02-16 09:36:10.303281,Paris-3979,32,24,Normal
2026-02-16 09:36:11.303281,Paris-3979,46,90,Normal
2026-02-16 09:36:12.303281,Paris-3979,-2,34,Normal
2026-02-16 09:36:13.303281,Paris-3979,13,73,Normal
2026-02-16 09:36:14.303281,Paris-3979,37,91,Normal
2026-02-16 09:36:15.303281,Paris-3979,27,50,Normal
2026-02-16 09:36:16.303281,Paris-3979,10,74,Normal
2026-02-16 09:36:17.303281,Paris-3979,-22,25,Normal
2026-02-16 09:36:18.303281,Paris-3979,41,60,Normal
