timestamp,station_id,temp,humid,condition
2026-02-16 23:02:19.097074,Paris-bb4c,-17,95,Normal
2026-02-16 23:02:20.097074,Paris-bb4c,20,26,Normal
2026-02-16 23:02:21.097074,Paris-bb4c,22,82,Normal
2026-02-16 23:02:22.097074,Paris-bb4c,29,95,Normal
2026-02-16 23:02:23.097074,Paris-bb4c,-30,79,Normal
2026-02-16 23:02:24.097074,Paris-bb4c,-18,25,Normal
2026-02-16 23:02:25.097074,Paris-bb4c,-9,24,Normal
2026-02-16 23:02:26.097074,Paris-bb4c,11,24,Normal
2026-02-16 23:02:27.097074,Paris-bb4c,48,81,Normal
2026-02-16 23:02:28.097074,Paris-bb4c,-12,20,Normal
2026-02-16 23:02:29.097074,Paris-bb4c,31,59,Normal
2026-02-16 23:02:30.097074,Paris-bb4c,-17,88,Normal
2026-02-16 23:02:31.097074,Paris-bb4c,8,18,Normal
2026-02-16 23:02:32.097074,Paris-bb4c,5,77,Normal
2026-02-16 23:02:33.097074,Paris-bb4c,14,65,Normal
2026-02-16 23:02:34.097074,Paris-bb4c,11,76,Normal
2026-02-16 23:02:35.097074,Paris-bb4c,31,47,Normal
2026-02-16 23:02:36.097074,Paris-bb4c,44,46,Normal
2026-02-16 23:02:37.097074,Paris-bb4c,22,74,Normal
2026-02-16 23:02:38.097074,Paris-bb4c,-20,3,Normal
2026-02-16 23:02:39.097074,Paris-bb4c,-20,54,Normal
2026-02-16 23:02:40.097074,Paris-bb4c,-20,48,Normal
2026-02-16 23:02:41.097074,Paris-bb4c,9,83,Normal
2026-02-16 23:02:42.097074,Paris-bb4c,-2,94,Normal
2026-02-16 23:02:43.097074,Paris-bb4c,8,83,Normal
2026-02-16 23:02:44.097074,Paris-bb4c,48,72,Normal
2026-02-16 23:02:45.097074,Paris-bb4c,37,33,Normal
2026-02-16 23:02:46.097074,Paris-bb4c,6,32,Normal
2026-02-16 23:02:47.097074,Paris-bb4c,-26,15,Normal
2026-02-16 23:02:48.097074,Paris-bb4c,-6,62,Normal
2026-02-16 23:02:49.097074,Paris-bb4c,9,82,Normal
2026-02-16 23:02:50.097074,Paris-bb4c,17,48,Normal
2026-02-16 23:02:51.097074,Paris-bb4c,29,50,Normal
2026-02-16 23:02:52.097074,Paris-bb4c,40,16,Normal
2026-02-16 23:02:53.097074,Paris-bb4c,4,96,Normal
2026-02-16 23:02:54.097074,Paris-bb4c,-15,15,Normal
2026-02-16 23:02:55.097074,Paris-bb4c,-11,64,Normal
2026-02-16 23:02:56.097074,Paris-bb4c,27,51,Normal
2026-02-16 23:02:57.097074,Paris-bb4c,38,82,Normal
2026-02-16 23:02:58.097074,Paris-bb4c,42,43,Normal
2026-02-16 23:02:59.097074,Paris-bb4c,46,57,Normal
2026-02-16 23:03:00.097074,Paris-bb4c,35,30,Normal
2026-02-16 23:03:01.097074,Paris-bb4c,-13,86,Normal
2026-02-16 23:03:02.097074,Paris-bb4c,12,39,Normal
2026-02-16 23:03:03.097074,Paris-bb4c,11,79,Normal
2026-02-16 23:03:04.097074,Paris-bb4c,48,2,Normal
2026-02-16 23:03:05.097074,Paris-bb4c,23,81,Normal
2026-02-16 23:03:06.097074,Paris-bb4c,27,80,Normal
2026-02-16 23:03:07.097074,Paris-bb4c,38,91,Normal
2026-02-16 23:03:08.097074,Paris-bb4c,-2,93,Normal
2026-02-16 23:03:09.097074,Paris-bb4c,37,41,Normal
2026-02-16 23:03:10.097074,Paris-bb4c,-22,3,Normal
2026-02-16 23:03:11.097074,Paris-bb4c,46,4,Normal
2026-02-16 23:03:12.097074,Paris-bb4c,-18,84,Normal
2026-02-16 23:03:13.097074,Paris-bb4c,11,99,Normal
2026-02-16 23:03:14.097074,Paris-bb4c,5,68,Normal
2026-02-16 23:03:15.097074,Paris-bb4c,5,64,Normal
2026-02-16 23:03:16.097074,Paris-bb4c,10,23,Normal
2026-02-16 23:03:17.097074,Paris-bb4c,48,37,Normal
2026-02-16 23:03:18.097074,Paris-bb4c,50,52,Normal
2026-02-16 23:03:19.097074,Paris-bb4c,-3,20,Normal
2026-02-16 23:03:20.097074,Paris-bb4c,19,82,Normal
2026-02-16 23:03:21.097074,Paris-bb4c,-23,73,Normal
2026-02-16 23:03:22.097074,Paris-bb4c,-30,65,Normal
2026-02-16 23:03:23.097074,Paris-bb4c,-7,12,Normal
2026-02-16 23:03:24.097074,Paris-bb4c,48,56,Normal
2026-02-16 23:03:25.097074,Paris-bb4c,-14,26,Normal
2026-02-16 23:03:26.097074,Paris-bb4c,-24,46,Normal
2026-02-16 23:03:27.097074,Paris-bb4c,-27,9,Normal
2026-02-16 23:03:28.097074,Paris-bb4c,47,4,Normal
2026-02-16 23:03:29.097074,Paris-bb4c,22,2,Normal
2026-02-16 23:03:30.097074,Paris-bb4c,41,41,Normal
2026-02-16 23:03:31.097074,Paris-bb4c,-12,13,Normal
2026-02-16 23:03:32.097074,Paris-bb4c,10,62,Normal
2026-02-16 23:03:33.097074,Paris-bb4c,16,67,Normal
2026-02-16 23:03:34.097074,Paris-bb4c,30,69,Normal
2026-02-16 23:03:35.097074,Paris-bb4c,-14,87,Normal
2026-02-16 23:03:36.097074,Paris-bb4c,47,98,Normal
2026-02-16 23:03:37.097074,Paris-bb4c,-4,94,Normal
2026-02-16 23:03:38.097074,Paris-bb4c,20,77,Normal
2026-02-16 23:03:39.097074,Paris-bb4c,1,29,Normal
2026-02-16 23:03:40.097074,Paris-bb4c,2,72,Normal
2026-02-16 23:03:41.097074,Paris-bb4c,27,58,Normal
2026-02-16 23:03:42.097074,Paris-bb4c,27,4,Normal
2026-02-16 23:03:43.097074,Paris-bb4c,19,68,Normal
2026-02-16 23:03:44.097074,Paris-bb4c,21,98,Normal
2026-02-16 23:03:45.097074,Paris-bb4c,25,54,Normal
2026-02-16 23:03:46.097074,Paris-bb4c,-10,42,Normal
2026-02-16 23:03:47.097074,Paris-bb4c,-3,5,Normal
2026-02-16 23:03:48.097074,Paris-bb4c,-1,63,Normal
2026-02-16 23:03:49.097074,Paris-bb4c,11,39,Normal
2026-02-16 23:03:50.097074,Paris-bb4c,-12,73,Normal
2026-02-16 23:03:51.097074,Paris-bb4c,2,89,Normal
2026-02-16 23:03:52.097074,Paris-bb4c,-18,6,Normal
2026-02-16 23:03:53.097074,Paris-bb4c,-27,63,Normal
2026-02-16 23:03:54.097074,Paris-bb4c,20,17,Normal
2026-02-16 23:03:55.097074,Paris-bb4c,21,73,Normal
2026-02-16 23:03:56.097074,Paris-bb4c,47,10,Normal
2026-02-16 23:03:57.097074,Paris-bb4c,30,63,Normal
2026-02-16 23:03:58.097074,Paris-bb4c,40,22,Normal
2026-02-16 23:03:59.097074,Paris-bb4c,26,76,Normal
2026-02-16 23:04:00.097074,Paris-bb4c,8,70,Normal
2026-02-16 23:04:01.097074,Paris-bb4c,5,86,Normal
2026-02-16 23:04:02.097074,Paris-bb4c,27,12,Normal
2026-02-16 23:04:03.097074,Paris-bb4c,20,88,Normal
2026-02-16 23:04:04.097074,Paris-bb4c,7,1,Normal
2026-02-16 23:04:05.097074,Paris-bb4c,9,37,Normal
2026-02-16 23:04:06.097074,Paris-bb4c,-30,93,Normal
2026-02-16 23:04:07.097074,Paris-bb4c,26,90,Normal
2026-02-16 23:04:08.097074,Paris-bb4c,0,50,Normal
2026-02-16 23:04:09.097074,Paris-bb4c,-10,55,Normal
2026-02-16 23:04:10.097074,Paris-bb4c,-2,10,Normal
2026-02-16 23:04:11.097074,Paris-bb4c,39,83,Normal
2026-02-16 23:04:12.097074,Paris-bb4c,40,58,Normal
2026-02-16 23:04:13.097074,Paris-bb4c,-8,86,Normal
2026-02-16 23:04:14.097074,Paris-bb4c,18,41,Normal
2026-02-16 23:04:15.097074,Paris-bb4c,-26,71,Normal
2026-02-16 23:04:16.097074,Paris-bb4c,45,53,Normal
2026-02-16 23:04:17.097074,Paris-bb4c,31,95,Normal
2026-02-16 23:04:18.097074,Paris-bb4c,-8,49,Normal
2026-02-16 23:04:19.097074,Paris-bb4c,17,15,Normal
2026-02-16 23:04:20.097074,Paris-bb4c,-17,13,Normal
2026-02-16 23:04:21.097074,Paris-bb4c,49,70,Normal
2026-02-16 23:04:22.097074,Paris-bb4c,19,21,Normal
2026-02-16 23:04:23.097074,Paris-bb4c,-2,70,Normal
2026-02-16 23:04:24.097074,Paris-bb4c,41,11,Normal
2026-02-16 23:04:25.097074,Paris-bb4c,4,9,Normal
2026-02-16 23:04:26.097074,Paris-bb4c,-15,41,Normal
2026-02-16 23:04:27.097074,Paris-bb4c,-3,9,Normal
2026-02-16 23:04:28.097074,Paris-bb4c,43,90,Normal
2026-02-16 23:04:29.097074,Paris-bb4c,12,84,Normal
2026-02-16 23:04:30.097074,Paris-bb4c,-30,13,Normal
2026-02-16 23:04:31.097074,Paris-bb4c,-9,70,Normal
2026-02-16 23:04:32.097074,Paris-bb4c,14,32,Normal
2026-02-16 23:04:33.097074,Paris-bb4c,10,3,Normal
2026-02-16 23:04:34.097074,Paris-bb4c,6,13,Normal
2026-02-16 23:04:35.097074,Paris-bb4c,42,16,Normal
2026-02-16 23:04:36.097074,Paris-bb4c,11,36,Normal
2026-02-16 23:04:37.097074,Paris-bb4c,-23,85,Normal
2026-02-16 23:04:38.097074,Paris-bb4c,-22,50,Normal
2026-02-16 23:04:39.097074,Paris-bb4c,-13,30,Normal
2026-02-16 23:04:40.097074,Paris-bb4c,16,57,Normal
2026-02-16 23:04:41.097074,Paris-bb4c,-8,27,Normal
2026-02-16 23:04:42.097074,Paris-bb4c,-5,17,Normal
2026-02-16 23:04:43.097074,Paris-bb4c,18,63,Normal
2026-02-16 23:04:44.097074,Paris-bb4c,-11,75,Normal
2026-02-16 23:04:45.097074,Paris-bb4c,-7,2,Normal
2026-02-16 23:04:46.097074,Paris-bb4c,30,83,Normal
2026-02-16 23:04:47.097074,Paris-bb4c,5,61,Normal
2026-02-16 23:04:48.097074,Paris-bb4c,-19,85,Normal
2026-02-16 23:04:49.097074,Paris-bb4c,-25,8,Normal
2026-02-16 23:04:50.097074,Paris-bb4c,33,80,Normal
2026-02-16 23:04:51.097074,Paris-bb4c,12,97,Normal
2026-02-16 23:04:52.097074,Paris-bb4c,-6,59,Normal
2026-02-16 23:04:53.097074,Paris-bb4c,-25,57,Normal
2026-02-16 23:04:54.097074,Paris-bb4c,44,91,Normal
2026-02-16 23:04:55.097074,Paris-bb4c,8,27,Normal
2026-02-16 23:04:56.097074,Paris-bb4c,-23,4,Normal
2026-02-16 23:04:57.097074,Paris-bb4c,-19,66,Normal
2026-02-16 23:04:58.097074,Paris-bb4c,-11,21,Normal
2026-02-16 23:04:59.097074,Paris-bb4c,28,38,Normal
2026-02-16 23:05:00.097074,Paris-bb4c,5,89,Normal
2026-02-16 23:05:01.097074,Paris-bb4c,42,12,Normal
2026-02-16 23:05:02.097074,Paris-bb4c,7,92,Normal
2026-02-16 23:05:03.097074,Paris-bb4c,1,1,Normal
2026-02-16 23:05:04.097074,Paris-bb4c,-24,95,Normal
2026-02-16 23:05:05.097074,Paris-bb4c,32,78,Normal
2026-02-16 23:05:06.097074,Paris-bb4c,16,19,Normal
2026-02-16 23:05:07.097074,Paris-bb4c,4,27,Normal
2026-02-16 23:05:08.097074,Paris-bb4c,-21,31,Normal
2026-02-16 23:05:09.097074,Paris-bb4c,-15,30,Normal
2026-02-16 23:05:10.097074,Paris-bb4c,7,38,Normal
2026-02-16 23:05:11.097074,Paris-bb4c,50,66,Normal
2026-02-16 23:05:12.097074,Paris-bb4c,-20,84,Normal
2026-02-16 23:05:13.097074,Paris-bb4c,38,90,Normal
2026-02-16 23:05:14.097074,Paris-bb4c,44,13,Normal
2026-02-16 23:05:15.097074,Paris-bb4c,18,93,Normal
2026-02-16 23:05:16.097074,Paris-bb4c,-14,17,Normal
2026-02-16 23:05:17.097074,Paris-bb4c,14,77,Normal
2026-02-16 23:05:18.097074,Paris-bb4c,26,93,Normal
2026-02-16 23:05:19.097074,Paris-bb4c,-30,14,Normal
2026-02-16 23:05:20.097074,Paris-bb4c,46,62,Normal
2026-02-16 23:05:21.097074,Paris-bb4c,16,59,Normal
2026-02-16 23:05:22.097074,Paris-bb4c,28,43,Normal
2026-02-16 23:05:23.097074,Paris-bb4c,40,21,Normal
2026-02-16 23:05:24.097074,Paris-bb4c,-10,8,Normal
2026-02-16 23:05:25.097074,Paris-bb4c,-9,54,Normal
2026-02-16 23:05:26.097074,Paris-bb4c,-3,23,Normal
2026-02-16 23:05:27.097074,Paris-bb4c,-28,78,Normal
2026-02-16 23:05:28.097074,Paris-bb4c,-5,16,Normal
2026-02-16 23:05:29.097074,Paris-bb4c,25,84,Normal
2026-02-16 23:05:30.097074,Paris-bb4c,-18,33,Normal
2026-02-16 23:05:31.097074,Paris-bb4c,-5,94,Normal
2026-02-16 23:05:32.097074,Paris-bb4c,23,35,Normal
2026-02-16 23:05:33.097074,Paris-bb4c,14,96,Normal
2026-02-16 23:05:34.097074,Paris-bb4c,-25,75,Normal
2026-02-16 23:05:35.097074,Paris-bb4c,31,79,Normal
2026-02-16 23:05:36.097074,Paris-bb4c,34,8,Normal
2026-02-16 23:05:37.097074,Paris-bb4c,20,4,Normal
2026-02-16 23:05:38.097074,Paris-bb4c,-19,9,Normal
2026-02-16 23:05:39.097074,Paris-bb4c,28,27,Normal
2026-02-16 23:05:40.097074,Paris-bb4c,-12,8,Normal
2026-02-16 23:05:41.097074,Paris-bb4c,2,20,Normal
2026-02-16 23:05:42.097074,Paris-bb4c,32,95,Normal
2026-02-16 23:05:43.097074,Paris-bb4c,45,35,Normal
2026-02-16 23:05:44.097074,Paris-bb4c,2,19,Normal
2026-02-16 23:05:45.097074,Paris-bb4c,45,42,Normal
2026-02-16 23:05:46.097074,Paris-bb4c,2,67,Normal
2026-02-16 23:05:47.097074,Paris-bb4c,-6,18,Normal
2026-02-16 23:05:48.097074,Paris-bb4c,19,8,Normal
2026-02-16 23:05:49.097074,Paris-bb4c,-17,54,Normal
2026-02-16 23:05:50.097074,Paris-bb4c,-9,5,Normal
2026-02-16 23:05:51.097074,Paris-bb4c,16,51,Normal
2026-02-16 23:05:52.097074,Paris-bb4c,-30,17,Normal
2026-02-16 23:05:53.097074,Paris-bb4c,-20,0,Normal
2026-02-16 23:05:54.097074,Paris-bb4c,26,36,Normal
2026-02-16 23:05:55.097074,Paris-bb4c,36,7,Normal
2026-02-16 23:05:56.097074,Paris-bb4c,48,46,Normal
2026-02-16 23:05:57.097074,Paris-bb4c,34,30,Normal
2026-02-16 23:05:58.097074,Paris-bb4c,-19,75,Normal
2026-02-16 23:05:59.097074,Paris-bb4c,30,80,Normal
2026-02-16 23:06:00.097074,Paris-bb4c,23,99,Normal
2026-02-16 23:06:01.097074,Paris-bb4c,-16,50,Normal
2026-02-16 23:06:02.097074,Paris-bb4c,28,66,Normal
2026-02-16 23:06:03.097074,Paris-bb4c,-11,37,Normal
2026-02-16 23:06:04.097074,Paris-bb4c,14,44,Normal
2026-02-16 23:06:05.097074,Paris-bb4c,-4,97,Normal
2026-02-16 23:06:06.097074,Paris-bb4c,-29,58,Normal
2026-02-16 23:06:07.097074,Paris-bb4c,-22,66,Normal
2026-02-16 23:06:08.097074,Paris-bb4c,2,22,Normal
2026-02-16 23:06:09.097074,Paris-bb4c,-1,5,Normal
2026-02-16 23:06:10.097074,Paris-bb4c,35,94,Normal
2026-02-16 23:06:11.097074,Paris-bb4c,12,92,Normal
2026-02-16 23:06:12.097074,Paris-bb4c,-25,10,Normal
2026-02-16 23:06:13.097074,Paris-bb4c,-15,69,Normal
2026-02-16 23:06:14.097074,Paris-bb4c,1,17,Normal
2026-02-16 23:06:15.097074,Paris-bb4c,9,89,Normal
2026-02-16 23:06:16.097074,Paris-bb4c,-6,72,Normal
2026-02-16 23:06:17.097074,Paris-bb4c,-19,24,Normal
2026-02-16 23:06:18.097074,Paris-bb4c,-19,33,Normal
2026-02-16 23:06:19.097074,Paris-bb4c,16,63,Normal
2026-02-16 23:06:20.097074,Paris-bb4c,5,13,Normal
2026-02-16 23:06:21.097074,Paris-bb4c,-21,66,Normal
2026-02-16 23:06:22.097074,Paris-bb4c,-13,12,Normal
2026-02-16 23:06:23.097074,Paris-bb4c,-26,92,Normal
2026-02-16 23:06:24.097074,Paris-bb4c,-19,46,Normal
2026-02-16 23:06:25.097074,Paris-bb4c,33,55,Normal
2026-02-16 23:06:26.097074,Paris-bb4c,29,42,Normal
2026-02-16 23:06:27.097074,Paris-bb4c,-26,90,Normal
2026-02-16 23:06:28.097074,Paris-bb4c,12,76,Normal
2026-02-16 23:06:29.097074,Paris-bb4c,-7,2,Normal
2026-02-16 23:06:30.097074,Paris-bb4c,-8,5,Normal
2026-02-16 23:06:31.097074,Paris-bb4c,1,80,Normal
2026-02-16 23:06:32.097074,Paris-bb4c,10,95,Normal
2026-02-16 23:06:33.097074,Paris-bb4c,18,40,Normal
2026-02-16 23:06:34.097074,Paris-bb4c,49,16,Normal
2026-02-16 23:06:35.097074,Paris-bb4c,17,28,Normal
2026-02-16 23:06:36.097074,Paris-bb4c,-24,27,Normal
2026-02-16 23:06:37.097074,Paris-bb4c,16,83,Normal
2026-02-16 23:06:38.097074,Paris-bb4c,-5,32,Normal
2026-02-16 23:06:39.097074,Paris-bb4c,-20,70,Normal
2026-02-16 23:06:40.097074,Paris-bb4c,21,7,Normal
2026-02-16 23:06:41.097074,Paris-bb4c,38,70,Normal
2026-02-16 23:06:42.097074,Paris-bb4c,5,20,Normal
2026-02-16 23:06:43.097074,Paris-bb4c,9,46,Normal
2026-02-16 23:06:44.097074,Paris-bb4c,-23,33,Normal
2026-02-16 23:06:45.097074,Paris-bb4c,8,16,Normal
2026-02-16 23:06:46.097074,Paris-bb4c,-17,72,Normal
2026-02-16 23:06:47.097074,Paris-bb4c,30,5,Normal
2026-02-16 23:06:48.097074,Paris-bb4c,-8,66,Normal
2026-02-16 23:06:49.097074,Paris-bb4c,7,35,Normal
2026-02-16 23:06:50.097074,Paris-bb4c,22,80,Normal
2026-02-16 23:06:51.097074,Paris-bb4c,43,87,Normal
2026-02-16 23:06:52.097074,Paris-bb4c,20,50,Normal
2026-02-16 23:06:53.097074,Paris-bb4c,-11,7,Normal
2026-02-16 23:06:54.097074,Paris-bb4c,-4,7,Normal
2026-02-16 23:06:55.097074,Paris-bb4c,-28,40,Normal
2026-02-16 23:06:56.097074,Paris-bb4c,0,30,Normal
2026-02-16 23:06:57.097074,Paris-bb4c,-23,69,Normal
2026-02-16 23:06:58.097074,Paris-bb4c,35,23,Normal
2026-02-16 23:06:59.097074,Paris-bb4c,32,73,Normal
2026-02-16 23:07:00.097074,Paris-bb4c,27,38,Normal
2026-02-16 23:07:01.097074,Paris-bb4c,-26,42,Normal
2026-02-16 23:07:02.097074,Paris-bb4c,26,4,Normal
2026-02-16 23:07:03.097074,Paris-bb4c,25,2,Normal
2026-02-16 23:07:04.097074,Paris-bb4c,-8,99,Normal
2026-02-16 23:07:05.097074,Paris-bb4c,41,86,Normal
2026-02-16 23:07:06.097074,Paris-bb4c,18,76,Normal
2026-02-16 23:07:07.097074,Paris-bb4c,-12,75,Normal
2026-02-16 23:07:08.097074,Paris-bb4c,32,60,Normal
2026-02-16 23:07:09.097074,Paris-bb4c,38,58,Normal
2026-02-16 23:07:10.097074,Paris-bb4c,-15,24,Normal
2026-02-16 23:07:11.097074,Paris-bb4c,-19,46,Normal
2026-02-16 23:07:12.097074,Paris-bb4c,49,37,Normal
2026-02-16 23:07:13.097074,Paris-bb4c,-1,41,Normal
2026-02-16 23:07:14.097074,Paris-bb4c,46,70,Normal
2026-02-16 23:07:15.097074,Paris-bb4c,27,15,Normal
2026-02-16 23:07:16.097074,Paris-bb4c,19,77,Normal
2026-02-16 23:07:17.097074,Paris-bb4c,-17,96,Normal
2026-02-16 23:07:18.097074,Paris-bb4c,-14,27,Normal
2026-02-16 23:07:19.097074,Paris-bb4c,27,26,Normal
2026-02-16 23:07:20.097074,Paris-bb4c,25,1,Normal
2026-02-16 23:07:21.097074,Paris-bb4c,-15,0,Normal
2026-02-16 23:07:22.097074,Paris-bb4c,-28,12,Normal
2026-02-16 23:07:23.097074,Paris-bb4c,22,75,Normal
2026-02-16 23:07:24.097074,Paris-bb4c,-4,71,Normal
2026-02-16 23:07:25.097074,Paris-bb4c,48,68,Normal
2026-02-16 23:07:26.097074,Paris-bb4c,-9,93,Normal
2026-02-16 23:07:27.097074,Paris-bb4c,17,2,Normal
2026-02-16 23:07:28.097074,Paris-bb4c,-11,63,Normal
2026-02-16 23:07:29.097074,Paris-bb4c,4,19,Normal
2026-02-16 23:07:30.097074,Paris-bb4c,13,46,Normal
2026-02-16 23:07:31.097074,Paris-bb4c,8,78,Normal
2026-02-16 23:07:32.097074,Paris-bb4c,21,79,Normal
2026-02-16 23:07:33.097074,Paris-bb4c,-30,50,Normal
2026-02-16 23:07:34.097074,Paris-bb4c,20,81,Normal
2026-02-16 23:07:35.097074,Paris-bb4c,-24,99,Normal
2026-02-16 23:07:36.097074,Paris-bb4c,12,99,Normal
2026-02-16 23:07:37.097074,Paris-bb4c,22,6,Normal
2026-02-16 23:07:38.097074,Paris-bb4c,32,62,Normal
2026-02-16 23:07:39.097074,Paris-bb4c,50,43,Normal
2026-02-16 23:07:40.097074,Paris-bb4c,-14,53,Normal
2026-02-16 23:07:41.097074,Paris-bb4c,-17,61,Normal
2026-02-16 23:07:42.097074,Paris-bb4c,38,93,Normal
2026-02-16 23:07:43.097074,Paris-bb4c,-12,20,Normal
2026-02-16 23:07:44.097074,Paris-bb4c,-20,40,Normal
2026-02-16 23:07:45.097074,Paris-bb4c,-27,69,Normal
2026-02-16 23:07:46.097074,Paris-bb4c,39,89,Normal
2026-02-16 23:07:47.097074,Paris-bb4c,16,43,Normal
2026-02-16 23:07:48.097074,Paris-bb4c,16,20,Normal
2026-02-16 23:07:49.097074,Paris-bb4c,-11,28,Normal
2026-02-16 23:07:50.097074,Paris-bb4c,33,19,Normal
2026-02-16 23:07:51.097074,Paris-bb4c,43,59,Normal
2026-02-16 23:07:52.097074,Paris-bb4c,7,83,Normal
2026-02-16 23:07:53.097074,Paris-bb4c,30,20,Normal
2026-02-16 23:07:54.097074,Paris-bb4c,23,60,Normal
2026-02-16 23:07:55.097074,Paris-bb4c,-24,0,Normal
2026-02-16 23:07:56.097074,Paris-bb4c,43,15,Normal
2026-02-16 23:07:57.097074,Paris-bb4c,-2,82,Normal
2026-02-16 23:07:58.097074,Paris-bb4c,13,89,Normal
2026-02-16 23:07:59.097074,Paris-bb4c,9,100,Normal
2026-02-16 23:08:00.097074,Paris-bb4c,-12,27,Normal
2026-02-16 23:08:01.097074,Paris-bb4c,47,85,Normal
2026-02-16 23:08:02.097074,Paris-bb4c,-12,17,Normal
2026-02-16 23:08:03.097074,Paris-bb4c,29,48,Normal
2026-02-16 23:08:04.097074,Paris-bb4c,-23,86,Normal
2026-02-16 23:08:05.097074,Paris-bb4c,-19,17,Normal
2026-02-16 23:08:06.097074,Paris-bb4c,-21,68,Normal
2026-02-16 23:08:07.097074,Paris-bb4c,36,88,Normal
2026-02-16 23:08:08.097074,Paris-bb4c,29,30,Normal
2026-02-16 23:08:09.097074,Paris-bb4c,-2,9,Normal
2026-02-16 23:08:10.097074,Paris-bb4c,-30,58,Normal
2026-02-16 23:08:11.097074,Paris-bb4c,17,14,Normal
2026-02-16 23:08:12.097074,Paris-bb4c,-6,5,Normal
2026-02-16 23:08:13.097074,Paris-bb4c,-15,32,Normal
2026-02-16 23:08:14.097074,Paris-bb4c,44,14,Normal
2026-02-16 23:08:15.097074,Paris-bb4c,-22,49,Normal
2026-02-16 23:08:16.097074,Paris-bb4c,20,63,Normal
2026-02-16 23:08:17.097074,Paris-bb4c,45,48,Normal
2026-02-16 23:08:18.097074,Paris-bb4c,27,83,Normal
2026-02-16 23:08:19.097074,Paris-bb4c,-20,99,Normal
2026-02-16 23:08:20.097074,Paris-bb4c,22,69,Normal
2026-02-16 23:08:21.097074,Paris-bb4c,-10,95,Normal
2026-02-16 23:08:22.097074,Paris-bb4c,50,78,Normal
2026-02-16 23:08:23.097074,Paris-bb4c,0,37,Normal
2026-02-16 23:08:24.097074,Paris-bb4c,12,47,Normal
2026-02-16 23:08:25.097074,Paris-bb4c,21,31,Normal
2026-02-16 23:08:26.097074,Paris-bb4c,-6,53,Normal
2026-02-16 23:08:27.097074,Paris-bb4c,36,14,Normal
2026-02-16 23:08:28.097074,Paris-bb4c,18,58,Normal
2026-02-16 23:08:29.097074,Paris-bb4c,49,94,Normal
2026-02-16 23:08:30.097074,Paris-bb4c,9,93,Normal
2026-02-16 23:08:31.097074,Paris-bb4c,-2,25,Normal
2026-02-16 23:08:32.097074,Paris-bb4c,21,48,Normal
2026-02-16 23:08:33.097074,Paris-bb4c,33,48,Normal
2026-02-16 23:08:34.097074,Paris-bb4c,38,28,Normal
2026-02-16 23:08:35.097074,Paris-bb4c,39,5,Normal
2026-02-16 23:08:36.097074,Paris-bb4c,7,66,Normal
2026-02-16 23:08:37.097074,Paris-bb4c,41,41,Normal
2026-02-16 23:08:38.097074,Paris-bb4c,-6,91,Normal
2026-02-16 23:08:39.097074,Paris-bb4c,-22,41,Normal
2026-02-16 23:08:40.097074,Paris-bb4c,2,13,Normal
2026-02-16 23:08:41.097074,Paris-bb4c,2,63,Normal
2026-02-16 23:08:42.097074,Paris-bb4c,42,33,Normal
2026-02-16 23:08:43.097074,Paris-bb4c,26,41,Normal
2026-02-16 23:08:44.097074,Paris-bb4c,-3,27,Normal
2026-02-16 23:08:45.097074,Paris-bb4c,2,98,Normal
2026-02-16 23:08:46.097074,Paris-bb4c,1,59,Normal
2026-02-16 23:08:47.097074,Paris-bb4c,-22,73,Normal
2026-02-16 23:08:48.097074,Paris-bb4c,-12,19,Normal
2026-02-16 23:08:49.097074,Paris-bb4c,34,66,Normal
2026-02-16 23:08:50.097074,Paris-bb4c,-20,83,Normal
2026-02-16 23:08:51.097074,Paris-bb4c,-7,76,Normal
2026-02-16 23:08:52.097074,Paris-bb4c,40,48,Normal
2026-02-16 23:08:53.097074,Paris-bb4c,49,82,Normal
2026-02-16 23:08:54.097074,Paris-bb4c,-8,19,Normal
2026-02-16 23:08:55.097074,Paris-bb4c,-21,85,Normal
2026-02-16 23:08:56.097074,Paris-bb4c,27,83,Normal
2026-02-16 23:08:57.097074,Paris-bb4c,36,58,Normal
2026-02-16 23:08:58.097074,Paris-bb4c,35,87,Normal
2026-02-16 23:08:59.097074,Paris-bb4c,46,89,Normal
2026-02-16 23:09:00.097074,Paris-bb4c,22,17,Normal
2026-02-16 23:09:01.097074,Paris-bb4c,7,8,Normal
2026-02-16 23:09:02.097074,Paris-bb4c,7,39,Normal
2026-02-16 23:09:03.097074,Paris-bb4c,-21,68,Normal
2026-02-16 23:09:04.097074,Paris-bb4c,13,33,Normal
2026-02-16 23:09:05.097074,Paris-bb4c,33,12,Normal
2026-02-16 23:09:06.097074,Paris-bb4c,25,67,Normal
2026-02-16 23:09:07.097074,Paris-bb4c,-2,46,Normal
2026-02-16 23:09:08.097074,Paris-bb4c,3,89,Normal
2026-02-16 23:09:09.097074,Paris-bb4c,16,3,Normal
2026-02-16 23:09:10.097074,Paris-bb4c,5,60,Normal
2026-02-16 23:09:11.097074,Paris-bb4c,-6,21,Normal
2026-02-16 23:09:12.097074,Paris-bb4c,13,90,Normal
2026-02-16 23:09:13.097074,Paris-bb4c,25,81,Normal
2026-02-16 23:09:14.097074,Paris-bb4c,13,81,Normal
2026-02-16 23:09:15.097074,Paris-bb4c,12,49,Normal
2026-02-16 23:09:16.097074,Paris-bb4c,19,94,Normal
2026-02-16 23:09:17.097074,Paris-bb4c,3,81,Normal
2026-02-16 23:09:18.097074,Paris-bb4c,-30,74,Normal
2026-02-16 23:09:19.097074,Paris-bb4c,26,42,Normal
2026-02-16 23:09:20.097074,Paris-bb4c,48,42,Normal
2026-02-16 23:09:21.097074,Paris-bb4c,40,41,Normal
2026-02-16 23:09:22.097074,Paris-bb4c,22,75,Normal
2026-02-16 23:09:23.097074,Paris-bb4c,37,95,Normal
2026-02-16 23:09:24.097074,Paris-bb4c,-16,82,Normal
2026-02-16 23:09:25.097074,Paris-bb4c,18,22,Normal
2026-02-16 23:09:26.097074,Paris-bb4c,-8,97,Normal
2026-02-16 23:09:27.097074,Paris-bb4c,2,90,Normal
2026-02-16 23:09:28.097074,Paris-bb4c,40,65,Normal
2026-02-16 23:09:29.097074,Paris-bb4c,21,48,Normal
2026-02-16 23:09:30.097074,Paris-bb4c,44,3,Normal
2026-02-16 23:09:31.097074,Paris-bb4c,-28,71,Normal
2026-02-16 23:09:32.097074,Paris-bb4c,21,10,Normal
2026-02-16 23:09:33.097074,Paris-bb4c,-17,35,Normal
2026-02-16 23:09:34.097074,Paris-bb4c,14,87,Normal
2026-02-16 23:09:35.097074,Paris-bb4c,-1,18,Normal
2026-02-16 23:09:36.097074,Paris-bb4c,12,15,Normal
2026-02-16 23:09:37.097074,Paris-bb4c,-4,42,Normal
2026-02-16 23:09:38.097074,Paris-bb4c,-8,48,Normal
2026-02-16 23:09:39.097074,Paris-bb4c,49,18,Normal
2026-02-16 23:09:40.097074,Paris-bb4c,11,84,Normal
2026-02-16 23:09:41.097074,Paris-bb4c,41,54,Normal
2026-02-16 23:09:42.097074,Paris-bb4c,32,59,Normal
2026-02-16 23:09:43.097074,Paris-bb4c,-30,4,Normal
2026-02-16 23:09:44.097074,Paris-bb4c,-12,98,Normal
2026-02-16 23:09:45.097074,Paris-bb4c,14,84,Normal
2026-02-16 23:09:46.097074,Paris-bb4c,1,16,Normal
2026-02-16 23:09:47.097074,Paris-bb4c,36,27,Normal
2026-02-16 23:09:48.097074,Paris-bb4c,30,98,Normal
2026-02-16 23:09:49.097074,Paris-bb4c,36,82,Normal
2026-02-16 23:09:50.097074,Paris-bb4c,-30,45,Normal
2026-02-16 23:09:51.097074,Paris-bb4c,42,40,Normal
2026-02-16 23:09:52.097074,Paris-bb4c,-6,3,Normal
2026-02-16 23:09:53.097074,Paris-bb4c,-10,44,Normal
2026-02-16 23:09:54.097074,Paris-bb4c,46,6,Normal
2026-02-16 23:09:55.097074,Paris-bb4c,37,73,Normal
2026-02-16 23:09:56.097074,Paris-bb4c,16,27,Normal
2026-02-16 23:09:57.097074,Paris-bb4c,23,56,Normal
2026-02-16 23:09:58.097074,Paris-bb4c,36,44,Normal
2026-02-16 23:09:59.097074,Paris-bb4c,24,0,Normal
2026-02-16 23:10:00.097074,Paris-bb4c,2,37,Normal
2026-02-16 23:10:01.097074,Paris-bb4c,-13,34,Normal
2026-02-16 23:10:02.097074,Paris-bb4c,-27,100,Normal
2026-02-16 23:10:03.097074,Paris-bb4c,-2,4,Normal
2026-02-16 23:10:04.097074,Paris-bb4c,37,32,Normal
2026-02-16 23:10:05.097074,Paris-bb4c,-18,51,Normal
2026-02-16 23:10:06.097074,Paris-bb4c,7,63,Normal
2026-02-16 23:10:07.097074,Paris-bb4c,50,75,Normal
2026-02-16 23:10:08.097074,Paris-bb4c,9,96,Normal
2026-02-16 23:10:09.097074,Paris-bb4c,5,50,Normal
2026-02-16 23:10:10.097074,Paris-bb4c,10,44,Normal
2026-02-16 23:10:11.097074,Paris-bb4c,42,38,Normal
2026-02-16 23:10:12.097074,Paris-bb4c,-3,61,Normal
2026-02-16 23:10:13.097074,Paris-bb4c,0,36,Normal
2026-02-16 23:10:14.097074,Paris-bb4c,-28,81,Normal
2026-02-16 23:10:15.097074,Paris-bb4c,6,70,Normal
2026-02-16 23:10:16.097074,Paris-bb4c,39,22,Normal
2026-02-16 23:10:17.097074,Paris-bb4c,-9,3,Normal
2026-02-16 23:10:18.097074,Paris-bb4c,-17,22,Normal
2026-02-16 23:10:19.097074,Paris-bb4c,-14,10,Normal
2026-02-16 23:10:20.097074,Paris-bb4c,28,80,Normal
2026-02-16 23:10:21.097074,Paris-bb4c,33,76,Normal
2026-02-16 23:10:22.097074,Paris-bb4c,24,86,Normal
2026-02-16 23:10:23.097074,Paris-bb4c,45,22,Normal
2026-02-16 23:10:24.097074,Paris-bb4c,33,25,Normal
2026-02-16 23:10:25.097074,Paris-bb4c,31,84,Normal
2026-02-16 23:10:26.097074,Paris-bb4c,23,78,Normal
2026-02-16 23:10:27.097074,Paris-bb4c,-6,88,Normal
2026-02-16 23:10:28.097074,Paris-bb4c,7,43,Normal
2026-02-16 23:10:29.097074,Paris-bb4c,-27,44,Normal
2026-02-16 23:10:30.097074,Paris-bb4c,45,59,Normal
2026-02-16 23:10:31.097074,Paris-bb4c,-13,12,Normal
2026-02-16 23:10:32.097074,Paris-bb4c,-21,55,Normal
2026-02-16 23:10:33.097074,Paris-bb4c,-19,3,Normal
2026-02-16 23:10:34.097074,Paris-bb4c,19,44,Normal
2026-02-16 23:10:35.097074,Paris-bb4c,34,90,Normal
2026-02-16 23:10:36.097074,Paris-bb4c,18,65,Normal
2026-02-16 23:10:37.097074,Paris-bb4c,25,29,Normal
2026-02-16 23:10:38.097074,Paris-bb4c,49,97,Normal
2026-02-16 23:10:39.097074,Paris-bb4c,24,4,Normal
2026-02-16 23:10:40.097074,Paris-bb4c,-23,95,Normal
2026-02-16 23:10:41.097074,Paris-bb4c,20,31,Normal
2026-02-16 23:10:42.097074,Paris-bb4c,25,44,Normal
2026-02-16 23:10:43.097074,Paris-bb4c,31,8,Normal
2026-02-16 23:10:44.097074,Paris-bb4c,2,32,Normal
2026-02-16 23:10:45.097074,Paris-bb4c,19,18,Normal
2026-02-16 23:10:46.097074,Paris-bb4c,21,18,Normal
2026-02-16 23:10:47.097074,Paris-bb4c,-11,50,Normal
2026-02-16 23:10:48.097074,Paris-bb4c,40,55,Normal
2026-02-16 23:10:49.097074,Paris-bb4c,26,52,Normal
2026-02-16 23:10:50.097074,Paris-bb4c,6,98,Normal
2026-02-16 23:10:51.097074,Paris-bb4c,39,19,Normal
2026-02-16 23:10:52.097074,Paris-bb4c,-14,84,Normal
2026-02-16 23:10:53.097074,Paris-bb4c,37,46,Normal
2026-02-16 23:10:54.097074,Paris-bb4c,-1,89,Normal
2026-02-16 23:10:55.097074,Paris-bb4c,-21,18,Normal
2026-02-16 23:10:56.097074,Paris-bb4c,-10,5,Normal
2026-02-16 23:10:57.097074,Paris-bb4c,-10,65,Normal
2026-02-16 23:10:58.097074,Paris-bb4c,24,71,Normal
2026-02-16 23:10:59.097074,Paris-bb4c,28,18,Normal
2026-02-16 23:11:00.097074,Paris-bb4c,29,22,Normal
2026-02-16 23:11:01.097074,Paris-bb4c,4,90,Normal
2026-02-16 23:11:02.097074,Paris-bb4c,32,45,Normal
2026-02-16 23:11:03.097074,Paris-bb4c,37,80,Normal
2026-02-16 23:11:04.097074,Paris-bb4c,18,45,Normal
2026-02-16 23:11:05.097074,Paris-bb4c,-18,40,Normal
2026-02-16 23:11:06.097074,Paris-bb4c,-16,85,Normal
2026-02-16 23:11:07.097074,Paris-bb4c,-2,45,Normal
2026-02-16 23:11:08.097074,Paris-bb4c,16,0,Normal
2026-02-16 23:11:09.097074,Paris-bb4c,-18,30,Normal
2026-02-16 23:11:10.097074,Paris-bb4c,37,75,Normal
2026-02-16 23:11:11.097074,Paris-bb4c,-23,62,Normal
2026-02-16 23:11:12.097074,Paris-bb4c,26,88,Normal
2026-02-16 23:11:13.097074,Paris-bb4c,12,27,Normal
2026-02-16 23:11:14.097074,Paris-bb4c,-25,92,Normal
2026-02-16 23:11:15.097074,Paris-bb4c,14,42,Normal
2026-02-16 23:11:16.097074,Paris-bb4c,17,45,Normal
2026-02-16 23:11:17.097074,Paris-bb4c,29,53,Normal
2026-02-16 23:11:18.097074,Paris-bb4c,30,11,Normal
2026-02-16 23:11:19.097074,Paris-bb4c,-19,1,Normal
2026-02-16 23:11:20.097074,Paris-bb4c,-14,89,Normal
2026-02-16 23:11:21.097074,Paris-bb4c,40,44,Normal
2026-02-16 23:11:22.097074,Paris-bb4c,-16,22,Normal
2026-02-16 23:11:23.097074,Paris-bb4c,31,24,Normal
2026-02-16 23:11:24.097074,Paris-bb4c,-29,63,Normal
2026-02-16 23:11:25.097074,Paris-bb4c,-28,40,Normal
2026-02-16 23:11:26.097074,Paris-bb4c,-21,96,Normal
2026-02-16 23:11:27.097074,Paris-bb4c,-20,12,Normal
2026-02-16 23:11:28.097074,Paris-bb4c,50,66,Normal
2026-02-16 23:11:29.097074,Paris-bb4c,35,40,Normal
2026-02-16 23:11:30.097074,Paris-bb4c,-28,16,Normal
2026-02-16 23:11:31.097074,Paris-bb4c,-27,82,Normal
2026-02-16 23:11:32.097074,Paris-bb4c,28,32,Normal
2026-02-16 23:11:33.097074,Paris-bb4c,41,8,Normal
2026-02-16 23:11:34.097074,Paris-bb4c,28,68,Normal
2026-02-16 23:11:35.097074,Paris-bb4c,-28,33,Normal
2026-02-16 23:11:36.097074,Paris-bb4c,-18,71,Normal
2026-02-16 23:11:37.097074,Paris-bb4c,13,1,Normal
2026-02-16 23:11:38.097074,Paris-bb4c,-5,76,Normal
2026-02-16 23:11:39.097074,Paris-bb4c,-12,39,Normal
2026-02-16 23:11:40.097074,Paris-bb4c,-14,88,Normal
2026-02-16 23:11:41.097074,Paris-bb4c,7,90,Normal
2026-02-16 23:11:42.097074,Paris-bb4c,49,51,Normal
2026-02-16 23:11:43.097074,Paris-bb4c,38,30,Normal
2026-02-16 23:11:44.097074,Paris-bb4c,12,44,Normal
2026-02-16 23:11:45.097074,Paris-bb4c,11,23,Normal
2026-02-16 23:11:46.097074,Paris-bb4c,22,87,Normal
2026-02-16 23:11:47.097074,Paris-bb4c,23,82,Normal
2026-02-16 23:11:48.097074,Paris-bb4c,20,33,Normal
2026-02-16 23:11:49.097074,Paris-bb4c,35,69,Normal
2026-02-16 23:11:50.097074,Paris-bb4c,37,66,Normal
2026-02-16 23:11:51.097074,Paris-bb4c,5,26,Normal
2026-02-16 23:11:52.097074,Paris-bb4c,-25,61,Normal
2026-02-16 23:11:53.097074,Paris-bb4c,20,67,Normal
2026-02-16 23:11:54.097074,Paris-bb4c,8,7,Normal
2026-02-16 23:11:55.097074,Paris-bb4c,13,41,Normal
2026-02-16 23:11:56.097074,Paris-bb4c,-24,44,Normal
2026-02-16 23:11:57.097074,Paris-bb4c,-21,26,Normal
2026-02-16 23:11:58.097074,Paris-bb4c,-11,86,Normal
2026-02-16 23:11:59.097074,Paris-bb4c,24,12,Normal
2026-02-16 23:12:00.097074,Paris-bb4c,50,64,Normal
2026-02-16 23:12:01.097074,Paris-bb4c,40,2,Normal
2026-02-16 23:12:02.097074,Paris-bb4c,-8,38,Normal
2026-02-16 23:12:03.097074,Paris-bb4c,-4,21,Normal
2026-02-16 23:12:04.097074,Paris-bb4c,-8,79,Normal
2026-02-16 23:12:05.097074,Paris-bb4c,42,85,Normal
2026-02-16 23:12:06.097074,Paris-bb4c,5,0,Normal
2026-02-16 23:12:07.097074,Paris-bb4c,-19,30,Normal
2026-02-16 23:12:08.097074,Paris-bb4c,-10,1,Normal
2026-02-16 23:12:09.097074,Paris-bb4c,24,54,Normal
2026-02-16 23:12:10.097074,Paris-bb4c,5,45,Normal
2026-02-16 23:12:11.097074,Paris-bb4c,12,88,Normal
2026-02-16 23:12:12.097074,Paris-bb4c,0,98,Normal
2026-02-16 23:12:13.097074,Paris-bb4c,3,84,Normal
2026-02-16 23:12:14.097074,Paris-bb4c,10,64,Normal
2026-02-16 23:12:15.097074,Paris-bb4c,9,17,Normal
2026-02-16 23:12:16.097074,Paris-bb4c,-5,65,Normal
2026-02-16 23:12:17.097074,Paris-bb4c,-15,34,Normal
2026-02-16 23:12:18.097074,Paris-bb4c,30,28,Normal
2026-02-16 23:12:19.097074,Paris-bb4c,-24,75,Normal
2026-02-16 23:12:20.097074,Paris-bb4c,-5,12,Normal
2026-02-16 23:12:21.097074,Paris-bb4c,21,32,Normal
2026-02-16 23:12:22.097074,Paris-bb4c,-22,65,Normal
2026-02-16 23:12:23.097074,Paris-bb4c,34,55,Normal
2026-02-16 23:12:24.097074,Paris-bb4c,-8,65,Normal
2026-02-16 23:12:25.097074,Paris-bb4c,10,54,Normal
2026-02-16 23:12:26.097074,Paris-bb4c,10,11,Normal
2026-02-16 23:12:27.097074,Paris-bb4c,0,47,Normal
2026-02-16 23:12:28.097074,Paris-bb4c,12,1,Normal
2026-02-16 23:12:29.097074,Paris-bb4c,42,51,Normal
2026-02-16 23:12:30.097074,Paris-bb4c,12,52,Normal
2026-02-16 23:12:31.097074,Paris-bb4c,48,95,Normal
2026-02-16 23:12:32.097074,Paris-bb4c,-16,2,Normal
2026-02-16 23:12:33.097074,Paris-bb4c,7,25,Normal
2026-02-16 23:12:34.097074,Paris-bb4c,11,84,Normal
2026-02-16 23:12:35.097074,Paris-bb4c,-4,54,Normal
2026-02-16 23:12:36.097074,Paris-bb4c,45,67,Normal
2026-02-16 23:12:37.097074,Paris-bb4c,-29,77,Normal
2026-02-16 23:12:38.097074,Paris-bb4c,40,11,Normal
2026-02-16 23:12:39.097074,Paris-bb4c,26,86,Normal
2026-02-16 23:12:40.097074,Paris-bb4c,11,48,Normal
2026-02-16 23:12:41.097074,Paris-bb4c,40,52,Normal
2026-02-16 23:12:42.097074,Paris-bb4c,3,15,Normal
2026-02-16 23:12:43.097074,Paris-bb4c,-8,13,Normal
2026-02-16 23:12:44.097074,Paris-bb4c,-23,1,Normal
2026-02-16 23:12:45.097074,Paris-bb4c,-24,4,Normal
2026-02-16 23:12:46.097074,Paris-bb4c,-23,53,Normal
2026-02-16 23:12:47.097074,Paris-bb4c,26,59,Normal
2026-02-16 23:12:48.097074,Paris-bb4c,-20,38,Normal
2026-02-16 23:12:49.097074,Paris-bb4c,-4,5,Normal
2026-02-16 23:12:50.097074,Paris-bb4c,-15,79,Normal
2026-02-16 23:12:51.097074,Paris-bb4c,-4,64,Normal
2026-02-16 23:12:52.097074,Paris-bb4c,11,26,Normal
2026-02-16 23:12:53.097074,Paris-bb4c,-2,0,Normal
2026-02-16 23:12:54.097074,Paris-bb4c,47,11,Normal
2026-02-16 23:12:55.097074,Paris-bb4c,25,9,Normal
2026-02-16 23:12:56.097074,Paris-bb4c,-13,56,Normal
2026-02-16 23:12:57.097074,Paris-bb4c,42,68,Normal
2026-02-16 23:12:58.097074,Paris-bb4c,12,49,Normal
2026-02-16 23:12:59.097074,Paris-bb4c,-18,56,Normal
2026-02-16 23:13:00.097074,Paris-bb4c,-11,52,Normal
2026-02-16 23:13:01.097074,Paris-bb4c,5,100,Normal
2026-02-16 23:13:02.097074,Paris-bb4c,9,50,Normal
2026-02-16 23:13:03.097074,Paris-bb4c,5,42,Normal
2026-02-16 23:13:04.097074,Paris-bb4c,16,31,Normal
2026-02-16 23:13:05.097074,Paris-bb4c,-30,28,Normal
2026-02-16 23:13:06.097074,Paris-bb4c,-25,49,Normal
2026-02-16 23:13:07.097074,Paris-bb4c,17,56,Normal
2026-02-16 23:13:08.097074,Paris-bb4c,27,50,Normal
2026-02-16 23:13:09.097074,Paris-bb4c,14,48,Normal
2026-02-16 23:13:10.097074,Paris-bb4c,49,32,Normal
2026-02-16 23:13:11.097074,Paris-bb4c,-25,7,Normal
2026-02-16 23:13:12.097074,Paris-bb4c,-16,90,Normal
2026-02-16 23:13:13.097074,Paris-bb4c,30,77,Normal
2026-02-16 23:13:14.097074,Paris-bb4c,-28,88,Normal
2026-02-16 23:13:15.097074,Paris-bb4c,29,72,Normal
2026-02-16 23:13:16.097074,Paris-bb4c,2,99,Normal
2026-02-16 23:13:17.097074,Paris-bb4c,6,32,Normal
2026-02-16 23:13:18.097074,Paris-bb4c,3,43,Normal
2026-02-16 23:13:19.097074,Paris-bb4c,27,6,Normal
2026-02-16 23:13:20.097074,Paris-bb4c,-4,71,Normal
2026-02-16 23:13:21.097074,Paris-bb4c,-28,60,Normal
2026-02-16 23:13:22.097074,Paris-bb4c,36,43,Normal
2026-02-16 23:13:23.097074,Paris-bb4c,30,24,Normal
2026-02-16 23:13:24.097074,Paris-bb4c,32,87,Normal
2026-02-16 23:13:25.097074,Paris-bb4c,-11,2,Normal
2026-02-16 23:13:26.097074,Paris-bb4c,39,29,Normal
2026-02-16 23:13:27.097074,Paris-bb4c,29,64,Normal
2026-02-16 23:13:28.097074,Paris-bb4c,-9,8,Normal
2026-02-16 23:13:29.097074,Paris-bb4c,-17,70,Normal
2026-02-16 23:13:30.097074,Paris-bb4c,-30,38,Normal
2026-02-16 23:13:31.097074,Paris-bb4c,-21,78,Normal
2026-02-16 23:13:32.097074,Paris-bb4c,-20,51,Normal
2026-02-16 23:13:33.097074,Paris-bb4c,33,82,Normal
2026-02-16 23:13:34.097074,Paris-bb4c,-29,36,Normal
2026-02-16 23:13:35.097074,Paris-bb4c,42,1,Normal
2026-02-16 23:13:36.097074,Paris-bb4c,-19,21,Normal
2026-02-16 23:13:37.097074,Paris-bb4c,7,98,Normal
2026-02-16 23:13:38.097074,Paris-bb4c,23,19,Normal
2026-02-16 23:13:39.097074,Paris-bb4c,-24,42,Normal
2026-02-16 23:13:40.097074,Paris-bb4c,-8,70,Normal
2026-02-16 23:13:41.097074,Paris-bb4c,16,44,Normal
2026-02-16 23:13:42.097074,Paris-bb4c,33,96,Normal
2026-02-16 23:13:43.097074,Paris-bb4c,5,22,Normal
2026-02-16 23:13:44.097074,Paris-bb4c,18,41,Normal
2026-02-16 23:13:45.097074,Paris-bb4c,39,36,Normal
2026-02-16 23:13:46.097074,Paris-bb4c,24,68,Normal
2026-02-16 23:13:47.097074,Paris-bb4c,18,32,Normal
2026-02-16 23:13:48.097074,Paris-bb4c,-23,47,Normal
2026-02-16 23:13:49.097074,Paris-bb4c,29,49,Normal
2026-02-16 23:13:50.097074,Paris-bb4c,-4,3,Normal
2026-02-16 23:13:51.097074,Paris-bb4c,6,58,Normal
2026-02-16 23:13:52.097074,Paris-bb4c,33,62,Normal
2026-02-16 23:13:53.097074,Paris-bb4c,46,52,Normal
2026-02-16 23:13:54.097074,Paris-bb4c,35,83,Normal
2026-02-16 23:13:55.097074,Paris-bb4c,-17,23,Normal
2026-02-16 23:13:56.097074,Paris-bb4c,48,73,Normal
2026-02-16 23:13:57.097074,Paris-bb4c,-6,29,Normal
2026-02-16 23:13:58.097074,Paris-bb4c,-2,76,Normal
2026-02-16 23:13:59.097074,Paris-bb4c,16,59,Normal
2026-02-16 23:14:00.097074,Paris-bb4c,20,18,Normal
2026-02-16 23:14:01.097074,Paris-bb4c,-15,43,Normal
2026-02-16 23:14:02.097074,Paris-bb4c,29,99,Normal
2026-02-16 23:14:03.097074,Paris-bb4c,1,31,Normal
2026-02-16 23:14:04.097074,Paris-bb4c,36,74,Normal
2026-02-16 23:14:05.097074,Paris-bb4c,16,15,Normal
2026-02-16 23:14:06.097074,Paris-bb4c,18,4,Normal
2026-02-16 23:14:07.097074,Paris-bb4c,3,5,Normal
2026-02-16 23:14:08.097074,Paris-bb4c,-26,50,Normal
2026-02-16 23:14:09.097074,Paris-bb4c,10,55,Normal
2026-02-16 23:14:10.097074,Paris-bb4c,23,90,Normal
2026-02-16 23:14:11.097074,Paris-bb4c,45,71,Normal
2026-02-16 23:14:12.097074,Paris-bb4c,24,7,Normal
2026-02-16 23:14:13.097074,Paris-bb4c,50,17,Normal
2026-02-16 23:14:14.097074,Paris-bb4c,-7,34,Normal
2026-02-16 23:14:15.097074,Paris-bb4c,1,48,Normal
2026-02-16 23:14:16.097074,Paris-bb4c,36,62,Normal
2026-02-16 23:14:17.097074,Paris-bb4c,1,46,Normal
2026-02-16 23:14:18.097074,Paris-bb4c,-5,58,Normal
2026-02-16 23:14:19.097074,Paris-bb4c,36,46,Normal
2026-02-16 23:14:20.097074,Paris-bb4c,30,48,Normal
2026-02-16 23:14:21.097074,Paris-bb4c,15,68,Normal
2026-02-16 23:14:22.097074,Paris-bb4c,47,92,Normal
2026-02-16 23:14:23.097074,Paris-bb4c,36,66,Normal
2026-02-16 23:14:24.097074,Paris-bb4c,-24,38,Normal
2026-02-16 23:14:25.097074,Paris-bb4c,25,52,Normal
2026-02-16 23:14:26.097074,Paris-bb4c,-29,10,Normal
2026-02-16 23:14:27.097074,Paris-bb4c,20,81,Normal
2026-02-16 23:14:28.097074,Paris-bb4c,13,49,Normal
2026-02-16 23:14:29.097074,Paris-bb4c,-6,19,Normal
2026-02-16 23:14:30.097074,Paris-bb4c,-20,55,Normal
2026-02-16 23:14:31.097074,Paris-bb4c,23,56,Normal
2026-02-16 23:14:32.097074,Paris-bb4c,13,69,Normal
2026-02-16 23:14:33.097074,Paris-bb4c,33,12,Normal
2026-02-16 23:14:34.097074,Paris-bb4c,18,53,Normal
2026-02-16 23:14:35.097074,Paris-bb4c,49,39,Normal
2026-02-16 23:14:36.097074,Paris-bb4c,0,51,Normal
2026-02-16 23:14:37.097074,Paris-bb4c,21,6,Normal
2026-02-16 23:14:38.097074,Paris-bb4c,-7,82,Normal
2026-02-16 23:14:39.097074,Paris-bb4c,9,55,Normal
2026-02-16 23:14:40.097074,Paris-bb4c,13,53,Normal
2026-02-16 23:14:41.097074,Paris-bb4c,12,58,Normal
2026-02-16 23:14:42.097074,Paris-bb4c,-5,57,Normal
2026-02-16 23:14:43.097074,Paris-bb4c,-23,22,Normal
2026-02-16 23:14:44.097074,Paris-bb4c,-7,61,Normal
2026-02-16 23:14:45.097074,Paris-bb4c,-1,34,Normal
2026-02-16 23:14:46.097074,Paris-bb4c,19,11,Normal
2026-02-16 23:14:47.097074,Paris-bb4c,25,14,Normal
2026-02-16 23:14:48.097074,Paris-bb4c,12,74,Normal
2026-02-16 23:14:49.097074,Paris-bb4c,26,13,Normal
2026-02-16 23:14:50.097074,Paris-bb4c,43,91,Normal
2026-02-16 23:14:51.097074,Paris-bb4c,-3,35,Normal
2026-02-16 23:14:52.097074,Paris-bb4c,-25,71,Normal
2026-02-16 23:14:53.097074,Paris-bb4c,31,80,Normal
2026-02-16 23:14:54.097074,Paris-bb4c,40,94,Normal
2026-02-16 23:14:55.097074,Paris-bb4c,12,41,Normal
2026-02-16 23:14:56.097074,Paris-bb4c,13,46,Normal
2026-02-16 23:14:57.097074,Paris-bb4c,-23,74,Normal
2026-02-16 23:14:58.097074,Paris-bb4c,-30,66,Normal
2026-02-16 23:14:59.097074,Paris-bb4c,47,59,Normal
2026-02-16 23:15:00.097074,Paris-bb4c,-5,86,Normal
2026-02-16 23:15:01.097074,Paris-bb4c,4,99,Normal
2026-02-16 23:15:02.097074,Paris-bb4c,32,22,Normal
2026-02-16 23:15:03.097074,Paris-bb4c,33,71,Normal
2026-02-16 23:15:04.097074,Paris-bb4c,-11,42,Normal
2026-02-16 23:15:05.097074,Paris-bb4c,-11,39,Normal
2026-02-16 23:15:06.097074,Paris-bb4c,-23,28,Normal
2026-02-16 23:15:07.097074,Paris-bb4c,6,55,Normal
2026-02-16 23:15:08.097074,Paris-bb4c,-19,57,Normal
2026-02-16 23:15:09.097074,Paris-bb4c,41,20,Normal
2026-02-16 23:15:10.097074,Paris-bb4c,-1,91,Normal
2026-02-16 23:15:11.097074,Paris-bb4c,50,97,Normal
2026-02-16 23:15:12.097074,Paris-bb4c,26,8,Normal
2026-02-16 23:15:13.097074,Paris-bb4c,8,29,Normal
2026-02-16 23:15:14.097074,Paris-bb4c,0,78,Normal
2026-02-16 23:15:15.097074,Paris-bb4c,42,53,Normal
2026-02-16 23:15:16.097074,Paris-bb4c,-29,11,Normal
2026-02-16 23:15:17.097074,Paris-bb4c,3,28,Normal
2026-02-16 23:15:18.097074,Paris-bb4c,16,70,Normal
2026-02-16 23:15:19.097074,Paris-bb4c,15,68,Normal
2026-02-16 23:15:20.097074,Paris-bb4c,-21,9,Normal
2026-02-16 23:15:21.097074,Paris-bb4c,1,60,Normal
2026-02-16 23:15:22.097074,Paris-bb4c,39,23,Normal
2026-02-16 23:15:23.097074,Paris-bb4c,33,80,Normal
2026-02-16 23:15:24.097074,Paris-bb4c,20,82,Normal
2026-02-16 23:15:25.097074,Paris-bb4c,22,6,Normal
2026-02-16 23:15:26.097074,Paris-bb4c,18,88,Normal
2026-02-16 23:15:27.097074,Paris-bb4c,-4,3,Normal
2026-02-16 23:15:28.097074,Paris-bb4c,48,6,Normal
2026-02-16 23:15:29.097074,Paris-bb4c,32,80,Normal
2026-02-16 23:15:30.097074,Paris-bb4c,42,39,Normal
2026-02-16 23:15:31.097074,Paris-bb4c,38,97,Normal
2026-02-16 23:15:32.097074,Paris-bb4c,5,37,Normal
2026-02-16 23:15:33.097074,Paris-bb4c,17,47,Normal
2026-02-16 23:15:34.097074,Paris-bb4c,-23,40,Normal
2026-02-16 23:15:35.097074,Paris-bb4c,41,34,Normal
2026-02-16 23:15:36.097074,Paris-bb4c,43,96,Normal
2026-02-16 23:15:37.097074,Paris-bb4c,38,23,Normal
2026-02-16 23:15:38.097074,Paris-bb4c,-15,75,Normal
2026-02-16 23:15:39.097074,Paris-bb4c,42,49,Normal
2026-02-16 23:15:40.097074,Paris-bb4c,6,84,Normal
2026-02-16 23:15:41.097074,Paris-bb4c,-29,61,Normal
2026-02-16 23:15:42.097074,Paris-bb4c,-10,59,Normal
2026-02-16 23:15:43.097074,Paris-bb4c,47,86,Normal
2026-02-16 23:15:44.097074,Paris-bb4c,6,57,Normal
2026-02-16 23:15:45.097074,Paris-bb4c,7,82,Normal
2026-02-16 23:15:46.097074,Paris-bb4c,-11,47,Normal
2026-02-16 23:15:47.097074,Paris-bb4c,-19,46,Normal
2026-02-16 23:15:48.097074,Paris-bb4c,-5,88,Normal
2026-02-16 23:15:49.097074,Paris-bb4c,-14,36,Normal
2026-02-16 23:15:50.097074,Paris-bb4c,33,76,Normal
2026-02-16 23:15:51.097074,Paris-bb4c,32,36,Normal
2026-02-16 23:15:52.097074,Paris-bb4c,-21,85,Normal
2026-02-16 23:15:53.097074,Paris-bb4c,3,90,Normal
2026-02-16 23:15:54.097074,Paris-bb4c,33,52,Normal
2026-02-16 23:15:55.097074,Paris-bb4c,-1,96,Normal
2026-02-16 23:15:56.097074,Paris-bb4c,42,18,Normal
2026-02-16 23:15:57.097074,Paris-bb4c,10,71,Normal
2026-02-16 23:15:58.097074,Paris-bb4c,35,18,Normal
2026-02-16 23:15:59.097074,Paris-bb4c,-22,50,Normal
2026-02-16 23:16:00.097074,Paris-bb4c,11,1,Normal
2026-02-16 23:16:01.097074,Paris-bb4c,39,0,Normal
2026-02-16 23:16:02.097074,Paris-bb4c,50,26,Normal
2026-02-16 23:16:03.097074,Paris-bb4c,46,97,Normal
2026-02-16 23:16:04.097074,Paris-bb4c,16,89,Normal
2026-02-16 23:16:05.097074,Paris-bb4c,-27,62,Normal
2026-02-16 23:16:06.097074,Paris-bb4c,-12,93,Normal
2026-02-16 23:16:07.097074,Paris-bb4c,36,99,Normal
2026-02-16 23:16:08.097074,Paris-bb4c,31,22,Normal
2026-02-16 23:16:09.097074,Paris-bb4c,50,33,Normal
2026-02-16 23:16:10.097074,Paris-bb4c,-4,87,Normal
2026-02-16 23:16:11.097074,Paris-bb4c,-28,100,Normal
2026-02-16 23:16:12.097074,Paris-bb4c,-19,9,Normal
2026-02-16 23:16:13.097074,Paris-bb4c,-5,52,Normal
2026-02-16 23:16:14.097074,Paris-bb4c,8,6,Normal
2026-02-16 23:16:15.097074,Paris-bb4c,25,68,Normal
2026-02-16 23:16:16.097074,Paris-bb4c,11,89,Normal
2026-02-16 23:16:17.097074,Paris-bb4c,4,76,Normal
2026-02-16 23:16:18.097074,Paris-bb4c,-24,38,Normal
2026-02-16 23:16:19.097074,Paris-bb4c,35,65,Normal
2026-02-16 23:16:20.097074,Paris-bb4c,-29,62,Normal
2026-02-16 23:16:21.097074,Paris-bb4c,-2,36,Normal
2026-02-16 23:16:22.097074,Paris-bb4c,-10,74,Normal
2026-02-16 23:16:23.097074,Paris-bb4c,16,62,Normal
2026-02-16 23:16:24.097074,Paris-bb4c,38,5,Normal
2026-02-16 23:16:25.097074,Paris-bb4c,13,96,Normal
2026-02-16 23:16:26.097074,Paris-bb4c,-22,49,Normal
2026-02-16 23:16:27.097074,Paris-bb4c,45,26,Normal
2026-02-16 23:16:28.097074,Paris-bb4c,-23,88,Normal
2026-02-16 23:16:29.097074,Paris-bb4c,7,26,Normal
2026-02-16 23:16:30.097074,Paris-bb4c,-15,63,Normal
2026-02-16 23:16:31.097074,Paris-bb4c,-11,99,Normal
2026-02-16 23:16:32.097074,Paris-bb4c,-1,20,Normal
2026-02-16 23:16:33.097074,Paris-bb4c,-29,68,Normal
2026-02-16 23:16:34.097074,Paris-bb4c,26,34,Normal
2026-02-16 23:16:35.097074,Paris-bb4c,-20,60,Normal
2026-02-16 23:16:36.097074,Paris-bb4c,-26,90,Normal
2026-02-16 23:16:37.097074,Paris-bb4c,33,20,Normal
2026-02-16 23:16:38.097074,Paris-bb4c,50,79,Normal
2026-02-16 23:16:39.097074,Paris-bb4c,16,87,Normal
2026-02-16 23:16:40.097074,Paris-bb4c,36,64,Normal
2026-02-16 23:16:41.097074,Paris-bb4c,49,21,Normal
2026-02-16 23:16:42.097074,Paris-bb4c,-15,61,Normal
2026-02-16 23:16:43.097074,Paris-bb4c,34,87,Normal
2026-02-16 23:16:44.097074,Paris-bb4c,29,93,Normal
2026-02-16 23:16:45.097074,Paris-bb4c,22,14,Normal
2026-02-16 23:16:46.097074,Paris-bb4c,29,70,Normal
2026-02-16 23:16:47.097074,Paris-bb4c,-10,25,Normal
2026-02-16 23:16:48.097074,Paris-bb4c,-25,58,Normal
2026-02-16 23:16:49.097074,Paris-bb4c,-5,54,Normal
2026-02-16 23:16:50.097074,Paris-bb4c,-16,55,Normal
2026-02-16 23:16:51.097074,Paris-bb4c,17,32,Normal
2026-02-16 23:16:52.097074,Paris-bb4c,8,45,Normal
2026-02-16 23:16:53.097074,Paris-bb4c,-23,76,Normal
2026-02-16 23:16:54.097074,Paris-bb4c,-11,81,Normal
2026-02-16 23:16:55.097074,Paris-bb4c,14,57,Normal
2026-02-16 23:16:56.097074,Paris-bb4c,12,75,Normal
2026-02-16 23:16:57.097074,Paris-bb4c,27,56,Normal
2026-02-16 23:16:58.097074,Paris-bb4c,21,23,Normal
2026-02-16 23:16:59.097074,Paris-bb4c,-18,2,Normal
2026-02-16 23:17:00.097074,Paris-bb4c,37,58,Normal
2026-02-16 23:17:01.097074,Paris-bb4c,-9,23,Normal
2026-02-16 23:17:02.097074,Paris-bb4c,40,79,Normal
2026-02-16 23:17:03.097074,Paris-bb4c,38,61,Normal
2026-02-16 23:17:04.097074,Paris-bb4c,21,43,Normal
2026-02-16 23:17:05.097074,Paris-bb4c,-12,33,Normal
2026-02-16 23:17:06.097074,Paris-bb4c,0,94,Normal
2026-02-16 23:17:07.097074,Paris-bb4c,-6,2,Normal
2026-02-16 23:17:08.097074,Paris-bb4c,-24,0,Normal
2026-02-16 23:17:09.097074,Paris-bb4c,25,69,Normal
2026-02-16 23:17:10.097074,Paris-bb4c,-29,76,Normal
2026-02-16 23:17:11.097074,Paris-bb4c,13,92,Normal
2026-02-16 23:17:12.097074,Paris-bb4c,-6,100,Normal
2026-02-16 23:17:13.097074,Paris-bb4c,5,75,Normal
2026-02-16 23:17:14.097074,Paris-bb4c,2,91,Normal
2026-02-16 23:17:15.097074,Paris-bb4c,30,93,Normal
2026-02-16 23:17:16.097074,Paris-bb4c,9,39,Normal
2026-02-16 23:17:17.097074,Paris-bb4c,23,80,Normal
2026-02-16 23:17:18.097074,Paris-bb4c,-28,98,Normal
2026-02-16 23:17:19.097074,Paris-bb4c,-3,89,Normal
2026-02-16 23:17:20.097074,Paris-bb4c,18,55,Normal
2026-02-16 23:17:21.097074,Paris-bb4c,36,0,Normal
2026-02-16 23:17:22.097074,Paris-bb4c,-12,16,Normal
2026-02-16 23:17:23.097074,Paris-bb4c,28,2,Normal
2026-02-16 23:17:24.097074,Paris-bb4c,48,30,Normal
2026-02-16 23:17:25.097074,Paris-bb4c,14,24,Normal
2026-02-16 23:17:26.097074,Paris-bb4c,30,12,Normal
2026-02-16 23:17:27.097074,Paris-bb4c,-23,71,Normal
2026-02-16 23:17:28.097074,Paris-bb4c,-6,99,Normal
2026-02-16 23:17:29.097074,Paris-bb4c,4,5,Normal
2026-02-16 23:17:30.097074,Paris-bb4c,42,56,Normal
2026-02-16 23:17:31.097074,Paris-bb4c,-27,99,Normal
2026-02-16 23:17:32.097074,Paris-bb4c,-29,23,Normal
2026-02-16 23:17:33.097074,Paris-bb4c,-28,87,Normal
2026-02-16 23:17:34.097074,Paris-bb4c,13,43,Normal
2026-02-16 23:17:35.097074,Paris-bb4c,18,78,Normal
2026-02-16 23:17:36.097074,Paris-bb4c,16,92,Normal
2026-02-16 23:17:37.097074,Paris-bb4c,7,7,Normal
2026-02-16 23:17:38.097074,Paris-bb4c,11,31,Normal
2026-02-16 23:17:39.097074,Paris-bb4c,-13,58,Normal
2026-02-16 23:17:40.097074,Paris-bb4c,22,43,Normal
2026-02-16 23:17:41.097074,Paris-bb4c,-18,30,Normal
2026-02-16 23:17:42.097074,Paris-bb4c,-10,36,Normal
2026-02-16 23:17:43.097074,Paris-bb4c,14,5,Normal
2026-02-16 23:17:44.097074,Paris-bb4c,-4,20,Normal
2026-02-16 23:17:45.097074,Paris-bb4c,23,100,Normal
2026-02-16 23:17:46.097074,Paris-bb4c,47,5,Normal
2026-02-16 23:17:47.097074,Paris-bb4c,30,84,Normal
2026-02-16 23:17:48.097074,Paris-bb4c,48,76,Normal
2026-02-16 23:17:49.097074,Paris-bb4c,-1,100,Normal
2026-02-16 23:17:50.097074,Paris-bb4c,48,41,Normal
2026-02-16 23:17:51.097074,Paris-bb4c,8,26,Normal
2026-02-16 23:17:52.097074,Paris-bb4c,-10,75,Normal
2026-02-16 23:17:53.097074,Paris-bb4c,10,34,Normal
2026-02-16 23:17:54.097074,Paris-bb4c,8,75,Normal
2026-02-16 23:17:55.097074,Paris-bb4c,42,100,Normal
2026-02-16 23:17:56.097074,Paris-bb4c,26,49,Normal
2026-02-16 23:17:57.097074,Paris-bb4c,-10,36,Normal
2026-02-16 23:17:58.097074,Paris-bb4c,20,35,Normal
2026-02-16 23:17:59.097074,Paris-bb4c,29,14,Normal
2026-02-16 23:18:00.097074,Paris-bb4c,36,71,Normal
2026-02-16 23:18:01.097074,Paris-bb4c,15,92,Normal
2026-02-16 23:18:02.097074,Paris-bb4c,5,58,Normal
2026-02-16 23:18:03.097074,Paris-bb4c,-5,32,Normal
2026-02-16 23:18:04.097074,Paris-bb4c,49,41,Normal
2026-02-16 23:18:05.097074,Paris-bb4c,-9,20,Normal
2026-02-16 23:18:06.097074,Paris-bb4c,-7,13,Normal
2026-02-16 23:18:07.097074,Paris-bb4c,-30,15,Normal
2026-02-16 23:18:08.097074,Paris-bb4c,8,34,Normal
2026-02-16 23:18:09.097074,Paris-bb4c,6,15,Normal
2026-02-16 23:18:10.097074,Paris-bb4c,-27,9,Normal
2026-02-16 23:18:11.097074,Paris-bb4c,-10,71,Normal
2026-02-16 23:18:12.097074,Paris-bb4c,20,33,Normal
2026-02-16 23:18:13.097074,Paris-bb4c,40,68,Normal
2026-02-16 23:18:14.097074,Paris-bb4c,44,94,Normal
2026-02-16 23:18:15.097074,Paris-bb4c,-10,2,Normal
2026-02-16 23:18:16.097074,Paris-bb4c,47,9,Normal
2026-02-16 23:18:17.097074,Paris-bb4c,-26,72,Normal
2026-02-16 23:18:18.097074,Paris-bb4c,10,66,Normal
2026-02-16 23:18:19.097074,Paris-bb4c,0,39,Normal
2026-02-16 23:18:20.097074,Paris-bb4c,27,14,Normal
2026-02-16 23:18:21.097074,Paris-bb4c,44,34,Normal
2026-02-16 23:18:22.097074,Paris-bb4c,10,49,Normal
2026-02-16 23:18:23.097074,Paris-bb4c,-28,15,Normal
2026-02-16 23:18:24.097074,Paris-bb4c,-29,61,Normal
2026-02-16 23:18:25.097074,Paris-bb4c,-29,100,Normal
2026-02-16 23:18:26.097074,Paris-bb4c,12,61,Normal
2026-02-16 23:18:27.097074,Paris-bb4c,31,97,Normal
2026-02-16 23:18:28.097074,Paris-bb4c,48,85,Normal
2026-02-16 23:18:29.097074,Paris-bb4c,-26,26,Normal
2026-02-16 23:18:30.097074,Paris-bb4c,-15,18,Normal
2026-02-16 23:18:31.097074,Paris-bb4c,-18,31,Normal
2026-02-16 23:18:32.097074,Paris-bb4c,22,84,Normal
2026-02-16 23:18:33.097074,Paris-bb4c,38,27,Normal
2026-02-16 23:18:34.097074,Paris-bb4c,25,74,Normal
2026-02-16 23:18:35.097074,Paris-bb4c,33,98,Normal
2026-02-16 23:18:36.097074,Paris-bb4c,23,4,Normal
2026-02-16 23:18:37.097074,Paris-bb4c,47,16,Normal
2026-02-16 23:18:38.097074,Paris-bb4c,13,94,Normal
2026-02-16 23:18:39.097074,Paris-bb4c,-20,21,Normal
2026-02-16 23:18:40.097074,Paris-bb4c,38,94,Normal
2026-02-16 23:18:41.097074,Paris-bb4c,23,44,Normal
2026-02-16 23:18:42.097074,Paris-bb4c,31,50,Normal
2026-02-16 23:18:43.097074,Paris-bb4c,-23,79,Normal
2026-02-16 23:18:44.097074,Paris-bb4c,37,40,Normal
2026-02-16 23:18:45.097074,Paris-bb4c,35,5,Normal
2026-02-16 23:18:46.097074,Paris-bb4c,7,61,Normal
2026-02-16 23:18:47.097074,Paris-bb4c,34,31,Normal
2026-02-16 23:18:48.097074,Paris-bb4c,-11,52,Normal
2026-02-16 23:18:49.097074,Paris-bb4c,19,31,Normal
2026-02-16 23:18:50.097074,Paris-bb4c,5,53,Normal
2026-02-16 23:18:51.097074,Paris-bb4c,4,82,Normal
2026-02-16 23:18:52.097074,Paris-bb4c,12,87,Normal
2026-02-16 23:18:53.097074,Paris-bb4c,44,78,Normal
2026-02-16 23:18:54.097074,Paris-bb4c,-11,51,Normal
2026-02-16 23:18:55.097074,Paris-bb4c,-1,16,Normal
2026-02-16 23:18:56.097074,Paris-bb4c,13,2,Normal
2026-02-16 23:18:57.097074,Paris-bb4c,1,80,Normal
2026-02-16 23:18:58.097074,Paris-bb4c,-21,10,Normal
2026-02-16 23:18:59.097074,Paris-bb4c,-10,44,Normal
2026-02-16 23:19:00.097074,Paris-bb4c,-26,81,Normal
2026-02-16 23:19:01.097074,Paris-bb4c,38,74,Normal
2026-02-16 23:19:02.097074,Paris-bb4c,-4,91,Normal
2026-02-16 23:19:03.097074,Paris-bb4c,-16,47,Normal
2026-02-16 23:19:04.097074,Paris-bb4c,-19,100,Normal
2026-02-16 23:19:05.097074,Paris-bb4c,-22,50,Normal
2026-02-16 23:19:06.097074,Paris-bb4c,-19,91,Normal
2026-02-16 23:19:07.097074,Paris-bb4c,0,22,Normal
2026-02-16 23:19:08.097074,Paris-bb4c,-23,59,Normal
2026-02-16 23:19:09.097074,Paris-bb4c,27,43,Normal
2026-02-16 23:19:10.097074,Paris-bb4c,-20,66,Normal
2026-02-16 23:19:11.097074,Paris-bb4c,8,19,Normal
2026-02-16 23:19:12.097074,Paris-bb4c,19,93,Normal
2026-02-16 23:19:13.097074,Paris-bb4c,-30,57,Normal
2026-02-16 23:19:14.097074,Paris-bb4c,48,70,Normal
2026-02-16 23:19:15.097074,Paris-bb4c,-12,97,Normal
2026-02-16 23:19:16.097074,Paris-bb4c,44,77,Normal
2026-02-16 23:19:17.097074,Paris-bb4c,6,49,Normal
2026-02-16 23:19:18.097074,Paris-bb4c,7,88,Normal
2026-02-16 23:19:19.097074,Paris-bb4c,38,93,Normal
2026-02-16 23:19:20.097074,Paris-bb4c,11,75,Normal
2026-02-16 23:19:21.097074,Paris-bb4c,36,35,Normal
2026-02-16 23:19:22.097074,Paris-bb4c,7,51,Normal
2026-02-16 23:19:23.097074,Paris-bb4c,33,51,Normal
2026-02-16 23:19:24.097074,Paris-bb4c,0,10,Normal
2026-02-16 23:19:25.097074,Paris-bb4c,-15,74,Normal
2026-02-16 23:19:26.097074,Paris-bb4c,-20,75,Normal
2026-02-16 23:19:27.097074,Paris-bb4c,32,33,Normal
2026-02-16 23:19:28.097074,Paris-bb4c,31,6,Normal
2026-02-16 23:19:29.097074,Paris-bb4c,6,14,Normal
2026-02-16 23:19:30.097074,Paris-bb4c,23,32,Normal
2026-02-16 23:19:31.097074,Paris-bb4c,12,72,Normal
2026-02-16 23:19:32.097074,Paris-bb4c,4,47,Normal
2026-02-16 23:19:33.097074,Paris-bb4c,13,20,Normal
2026-02-16 23:19:34.097074,Paris-bb4c,-14,86,Normal
2026-02-16 23:19:35.097074,Paris-bb4c,48,47,Normal
2026-02-16 23:19:36.097074,Paris-bb4c,20,100,Normal
2026-02-16 23:19:37.097074,Paris-bb4c,-7,24,Normal
2026-02-16 23:19:38.097074,Paris-bb4c,5,45,Normal
2026-02-16 23:19:39.097074,Paris-bb4c,19,85,Normal
2026-02-16 23:19:40.097074,Paris-bb4c,6,54,Normal
2026-02-16 23:19:41.097074,Paris-bb4c,50,84,Normal
2026-02-16 23:19:42.097074,Paris-bb4c,20,51,Normal
2026-02-16 23:19:43.097074,Paris-bb4c,17,35,Normal
2026-02-16 23:19:44.097074,Paris-bb4c,-12,40,Normal
2026-02-16 23:19:45.097074,Paris-bb4c,15,21,Normal
2026-02-16 23:19:46.097074,Paris-bb4c,40,69,Normal
2026-02-16 23:19:47.097074,Paris-bb4c,13,44,Normal
2026-02-16 23:19:48.097074,Paris-bb4c,16,0,Normal
2026-02-16 23:19:49.097074,Paris-bb4c,-24,87,Normal
2026-02-16 23:19:50.097074,Paris-bb4c,-27,91,Normal
2026-02-16 23:19:51.097074,Paris-bb4c,-5,72,Normal
2026-02-16 23:19:52.097074,Paris-bb4c,-8,49,Normal
2026-02-16 23:19:53.097074,Paris-bb4c,30,92,Normal
2026-02-16 23:19:54.097074,Paris-bb4c,31,24,Normal
2026-02-16 23:19:55.097074,Paris-bb4c,24,87,Normal
2026-02-16 23:19:56.097074,Paris-bb4c,-22,97,Normal
2026-02-16 23:19:57.097074,Paris-bb4c,42,64,Normal
2026-02-16 23:19:58.097074,Paris-bb4c,16,16,Normal
2026-02-16 23:19:59.097074,Paris-bb4c,44,9,Normal
2026-02-16 23:20:00.097074,Paris-bb4c,-15,4,Normal
2026-02-16 23:20:01.097074,Paris-bb4c,37,24,Normal
2026-02-16 23:20:02.097074,Paris-bb4c,31,79,Normal
2026-02-16 23:20:03.097074,Paris-bb4c,-16,90,Normal
2026-02-16 23:20:04.097074,Paris-bb4c,14,26,Normal
2026-02-16 23:20:05.097074,Paris-bb4c,41,38,Normal
2026-02-16 23:20:06.097074,Paris-bb4c,-22,6,Normal
2026-02-16 23:20:07.097074,Paris-bb4c,31,27,Normal
2026-02-16 23:20:08.097074,Paris-bb4c,-11,93,Normal
2026-02-16 23:20:09.097074,Paris-bb4c,24,68,Normal
2026-02-16 23:20:10.097074,Paris-bb4c,5,3,Normal
2026-02-16 23:20:11.097074,Paris-bb4c,17,6,Normal
2026-02-16 23:20:12.097074,Paris-bb4c,18,59,Normal
2026-02-16 23:20:13.097074,Paris-bb4c,36,86,Normal
2026-02-16 23:20:14.097074,Paris-bb4c,27,92,Normal
2026-02-16 23:20:15.097074,Paris-bb4c,47,18,Normal
2026-02-16 23:20:16.097074,Paris-bb4c,36,57,Normal
2026-02-16 23:20:17.097074,Paris-bb4c,24,15,Normal
2026-02-16 23:20:18.097074,Paris-bb4c,28,18,Normal
2026-02-16 23:20:19.097074,Paris-bb4c,-29,92,Normal
2026-02-16 23:20:20.097074,Paris-bb4c,26,83,Normal
2026-02-16 23:20:21.097074,Paris-bb4c,45,63,Normal
2026-02-16 23:20:22.097074,Paris-bb4c,-15,41,Normal
2026-02-16 23:20:23.097074,Paris-bb4c,21,28,Normal
2026-02-16 23:20:24.097074,Paris-bb4c,30,92,Normal
2026-02-16 23:20:25.097074,Paris-bb4c,34,11,Normal
2026-02-16 23:20:26.097074,Paris-bb4c,-16,65,Normal
2026-02-16 23:20:27.097074,Paris-bb4c,44,16,Normal
2026-02-16 23:20:28.097074,Paris-bb4c,-13,93,Normal
2026-02-16 23:20:29.097074,Paris-bb4c,-23,12,Normal
2026-02-16 23:20:30.097074,Paris-bb4c,39,60,Normal
2026-02-16 23:20:31.097074,Paris-bb4c,25,47,Normal
2026-02-16 23:20:32.097074,Paris-bb4c,26,61,Normal
2026-02-16 23:20:33.097074,Paris-bb4c,20,36,Normal
2026-02-16 23:20:34.097074,Paris-bb4c,43,47,Normal
2026-02-16 23:20:35.097074,Paris-bb4c,-17,44,Normal
2026-02-16 23:20:36.097074,Paris-bb4c,-16,77,Normal
2026-02-16 23:20:37.097074,Paris-bb4c,-18,3,Normal
2026-02-16 23:20:38.097074,Paris-bb4c,8,73,Normal
2026-02-16 23:20:39.097074,Paris-bb4c,47,80,Normal
2026-02-16 23:20:40.097074,Paris-bb4c,45,52,Normal
2026-02-16 23:20:41.097074,Paris-bb4c,39,65,Normal
2026-02-16 23:20:42.097074,Paris-bb4c,10,36,Normal
2026-02-16 23:20:43.097074,Paris-bb4c,-16,81,Normal
2026-02-16 23:20:44.097074,Paris-bb4c,44,53,Normal
2026-02-16 23:20:45.097074,Paris-bb4c,23,35,Normal
2026-02-16 23:20:46.097074,Paris-bb4c,30,68,Normal
2026-02-16 23:20:47.097074,Paris-bb4c,17,84,Normal
2026-02-16 23:20:48.097074,Paris-bb4c,-25,96,Normal
2026-02-16 23:20:49.097074,Paris-bb4c,7,53,Normal
2026-02-16 23:20:50.097074,Paris-bb4c,38,100,Normal
2026-02-16 23:20:51.097074,Paris-bb4c,-22,68,Normal
2026-02-16 23:20:52.097074,Paris-bb4c,-17,6,Normal
2026-02-16 23:20:53.097074,Paris-bb4c,10,16,Normal
2026-02-16 23:20:54.097074,Paris-bb4c,-23,28,Normal
2026-02-16 23:20:55.097074,Paris-bb4c,18,36,Normal
2026-02-16 23:20:56.097074,Paris-bb4c,17,27,Normal
2026-02-16 23:20:57.097074,Paris-bb4c,44,72,Normal
2026-02-16 23:20:58.097074,Paris-bb4c,-26,11,Normal
2026-02-16 23:20:59.097074,Paris-bb4c,43,94,Normal
2026-02-16 23:21:00.097074,Paris-bb4c,-21,78,Normal
2026-02-16 23:21:01.097074,Paris-bb4c,30,16,Normal
2026-02-16 23:21:02.097074,Paris-bb4c,3,76,Normal
2026-02-16 23:21:03.097074,Paris-bb4c,39,50,Normal
2026-02-16 23:21:04.097074,Paris-bb4c,6,15,Normal
2026-02-16 23:21:05.097074,Paris-bb4c,-20,49,Normal
2026-02-16 23:21:06.097074,Paris-bb4c,33,6,Normal
2026-02-16 23:21:07.097074,Paris-bb4c,-28,53,Normal
2026-02-16 23:21:08.097074,Paris-bb4c,13,55,Normal
2026-02-16 23:21:09.097074,Paris-bb4c,39,74,Normal
2026-02-16 23:21:10.097074,Paris-bb4c,-26,32,Normal
2026-02-16 23:21:11.097074,Paris-bb4c,-30,9,Normal
2026-02-16 23:21:12.097074,Paris-bb4c,-12,41,Normal
2026-02-16 23:21:13.097074,Paris-bb4c,-2,83,Normal
2026-02-16 23:21:14.097074,Paris-bb4c,22,53,Normal
2026-02-16 23:21:15.097074,Paris-bb4c,33,33,Normal
2026-02-16 23:21:16.097074,Paris-bb4c,-13,87,Normal
2026-02-16 23:21:17.097074,Paris-bb4c,-7,54,Normal
2026-02-16 23:21:18.097074,Paris-bb4c,3,63,Normal
2026-02-16 23:21:19.097074,Paris-bb4c,45,48,Normal
2026-02-16 23:21:20.097074,Paris-bb4c,18,64,Normal
2026-02-16 23:21:21.097074,Paris-bb4c,31,30,Normal
2026-02-16 23:21:22.097074,Paris-bb4c,-24,13,Normal
2026-02-16 23:21:23.097074,Paris-bb4c,-2,37,Normal
2026-02-16 23:21:24.097074,Paris-bb4c,16,70,Normal
2026-02-16 23:21:25.097074,Paris-bb4c,39,72,Normal
2026-02-16 23:21:26.097074,Paris-bb4c,-1,98,Normal
2026-02-16 23:21:27.097074,Paris-bb4c,45,48,Normal
2026-02-16 23:21:28.097074,Paris-bb4c,45,28,Normal
2026-02-16 23:21:29.097074,Paris-bb4c,-15,31,Normal
2026-02-16 23:21:30.097074,Paris-bb4c,-1,79,Normal
2026-02-16 23:21:31.097074,Paris-bb4c,-8,37,Normal
2026-02-16 23:21:32.097074,Paris-bb4c,-23,70,Normal
2026-02-16 23:21:33.097074,Paris-bb4c,12,28,Normal
2026-02-16 23:21:34.097074,Paris-bb4c,39,86,Normal
2026-02-16 23:21:35.097074,Paris-bb4c,3,12,Normal
2026-02-16 23:21:36.097074,Paris-bb4c,44,82,Normal
2026-02-16 23:21:37.097074,Paris-bb4c,-21,32,Normal
2026-02-16 23:21:38.097074,Paris-bb4c,40,0,Normal
2026-02-16 23:21:39.097074,Paris-bb4c,7,42,Normal
2026-02-16 23:21:40.097074,Paris-bb4c,-13,67,Normal
2026-02-16 23:21:41.097074,Paris-bb4c,-27,47,Normal
2026-02-16 23:21:42.097074,Paris-bb4c,-5,29,Normal
2026-02-16 23:21:43.097074,Paris-bb4c,10,31,Normal
2026-02-16 23:21:44.097074,Paris-bb4c,-30,84,Normal
2026-02-16 23:21:45.097074,Paris-bb4c,14,59,Normal
2026-02-16 23:21:46.097074,Paris-bb4c,-1,25,Normal
2026-02-16 23:21:47.097074,Paris-bb4c,-17,57,Normal
2026-02-16 23:21:48.097074,Paris-bb4c,-4,35,Normal
2026-02-16 23:21:49.097074,Paris-bb4c,40,76,Normal
2026-02-16 23:21:50.097074,Paris-bb4c,-18,41,Normal
2026-02-16 23:21:51.097074,Paris-bb4c,19,91,Normal
2026-02-16 23:21:52.097074,Paris-bb4c,32,38,Normal
2026-02-16 23:21:53.097074,Paris-bb4c,12,24,Normal
2026-02-16 23:21:54.097074,Paris-bb4c,-19,23,Normal
2026-02-16 23:21:55.097074,Paris-bb4c,35,42,Normal
2026-02-16 23:21:56.097074,Paris-bb4c,-18,56,Normal
2026-02-16 23:21:57.097074,Paris-bb4c,-10,48,Normal
2026-02-16 23:21:58.097074,Paris-bb4c,-4,24,Normal
2026-02-16 23:21:59.097074,Paris-bb4c,35,7,Normal
2026-02-16 23:22:00.097074,Paris-bb4c,28,91,Normal
2026-02-16 23:22:01.097074,Paris-bb4c,-20,10,Normal
2026-02-16 23:22:02.097074,Paris-bb4c,8,21,Normal
2026-02-16 23:22:03.097074,Paris-bb4c,-30,12,Normal
2026-02-16 23:22:04.097074,Paris-bb4c,43,0,Normal
2026-02-16 23:22:05.097074,Paris-bb4c,-1,40,Normal
2026-02-16 23:22:06.097074,Paris-bb4c,33,39,Normal
2026-02-16 23:22:07.097074,Paris-bb4c,6,75,Normal
2026-02-16 23:22:08.097074,Paris-bb4c,23,14,Normal
2026-02-16 23:22:09.097074,Paris-bb4c,12,30,Normal
2026-02-16 23:22:10.097074,Paris-bb4c,12,99,Normal
2026-02-16 23:22:11.097074,Paris-bb4c,1,1,Normal
2026-02-16 23:22:12.097074,Paris-bb4c,5,25,Normal
2026-02-16 23:22:13.097074,Paris-bb4c,14,20,Normal
2026-02-16 23:22:14.097074,Paris-bb4c,-16,96,Normal
2026-02-16 23:22:15.097074,Paris-bb4c,-5,72,Normal
2026-02-16 23:22:16.097074,Paris-bb4c,6,1,Normal
2026-02-16 23:22:17.097074,Paris-bb4c,42,12,Normal
2026-02-16 23:22:18.097074,Paris-bb4c,-25,74,Normal
2026-02-16 23:22:19.097074,Paris-bb4c,44,44,Normal
2026-02-16 23:22:20.097074,Paris-bb4c,7,68,Normal
2026-02-16 23:22:21.097074,Paris-bb4c,10,62,Normal
2026-02-16 23:22:22.097074,Paris-bb4c,-9,4,Normal
2026-02-16 23:22:23.097074,Paris-bb4c,9,20,Normal
2026-02-16 23:22:24.097074,Paris-bb4c,-14,12,Normal
2026-02-16 23:22:25.097074,Paris-bb4c,38,23,Normal
2026-02-16 23:22:26.097074,Paris-bb4c,-29,48,Normal
2026-02-16 23:22:27.097074,Paris-bb4c,29,84,Normal
2026-02-16 23:22:28.097074,Paris-bb4c,0,44,Normal
2026-02-16 23:22:29.097074,Paris-bb4c,22,27,Normal
2026-02-16 23:22:30.097074,Paris-bb4c,2,83,Normal
2026-02-16 23:22:31.097074,Paris-bb4c,13,13,Normal
2026-02-16 23:22:32.097074,Paris-bb4c,1,69,Normal
2026-02-16 23:22:33.097074,Paris-bb4c,35,95,Normal
2026-02-16 23:22:34.097074,Paris-bb4c,36,14,Normal
2026-02-16 23:22:35.097074,Paris-bb4c,-10,97,Normal
2026-02-16 23:22:36.097074,Paris-bb4c,28,25,Normal
2026-02-16 23:22:37.097074,Paris-bb4c,19,47,Normal
2026-02-16 23:22:38.097074,Paris-bb4c,22,71,Normal
2026-02-16 23:22:39.097074,Paris-bb4c,-16,60,Normal
2026-02-16 23:22:40.097074,Paris-bb4c,7,47,Normal
2026-02-16 23:22:41.097074,Paris-bb4c,-28,99,Normal
2026-02-16 23:22:42.097074,Paris-bb4c,31,59,Normal
2026-02-16 23:22:43.097074,Paris-bb4c,22,93,Normal
2026-02-16 23:22:44.097074,Paris-bb4c,38,62,Normal
2026-02-16 23:22:45.097074,Paris-bb4c,36,88,Normal
2026-02-16 23:22:46.097074,Paris-bb4c,-11,23,Normal
2026-02-16 23:22:47.097074,Paris-bb4c,2,51,Normal
2026-02-16 23:22:48.097074,Paris-bb4c,-25,79,Normal
2026-02-16 23:22:49.097074,Paris-bb4c,-20,62,Normal
2026-02-16 23:22:50.097074,Paris-bb4c,-23,34,Normal
2026-02-16 23:22:51.097074,Paris-bb4c,4,10,Normal
2026-02-16 23:22:52.097074,Paris-bb4c,-19,87,Normal
2026-02-16 23:22:53.097074,Paris-bb4c,10,59,Normal
2026-02-16 23:22:54.097074,Paris-bb4c,-15,55,Normal
2026-02-16 23:22:55.097074,Paris-bb4c,-23,88,Normal
2026-02-16 23:22:56.097074,Paris-bb4c,-15,80,Normal
2026-02-16 23:22:57.097074,Paris-bb4c,49,68,Normal
2026-02-16 23:22:58.097074,Paris-bb4c,-20,31,Normal
2026-02-16 23:22:59.097074,Paris-bb4c,-1,82,Normal
2026-02-16 23:23:00.097074,Paris-bb4c,36,1,Normal
2026-02-16 23:23:01.097074,Paris-bb4c,35,83,Normal
2026-02-16 23:23:02.097074,Paris-bb4c,34,54,Normal
2026-02-16 23:23:03.097074,Paris-bb4c,24,18,Normal
2026-02-16 23:23:04.097074,Paris-bb4c,13,15,Normal
2026-02-16 23:23:05.097074,Paris-bb4c,46,97,Normal
2026-02-16 23:23:06.097074,Paris-bb4c,-25,79,Normal
2026-02-16 23:23:07.097074,Paris-bb4c,3,78,Normal
2026-02-16 23:23:08.097074,Paris-bb4c,20,16,Normal
2026-02-16 23:23:09.097074,Paris-bb4c,33,30,Normal
2026-02-16 23:23:10.097074,Paris-bb4c,-6,33,Normal
2026-02-16 23:23:11.097074,Paris-bb4c,30,87,Normal
2026-02-16 23:23:12.097074,Paris-bb4c,45,60,Normal
2026-02-16 23:23:13.097074,Paris-bb4c,44,50,Normal
2026-02-16 23:23:14.097074,Paris-bb4c,2,7,Normal
2026-02-16 23:23:15.097074,Paris-bb4c,27,76,Normal
2026-02-16 23:23:16.097074,Paris-bb4c,9,38,Normal
2026-02-16 23:23:17.097074,Paris-bb4c,22,57,Normal
2026-02-16 23:23:18.097074,Paris-bb4c,-18,89,Normal
2026-02-16 23:23:19.097074,Paris-bb4c,2,88,Normal
2026-02-16 23:23:20.097074,Paris-bb4c,2,2,Normal
2026-02-16 23:23:21.097074,Paris-bb4c,2,71,Normal
2026-02-16 23:23:22.097074,Paris-bb4c,-27,34,Normal
2026-02-16 23:23:23.097074,Paris-bb4c,-13,71,Normal
2026-02-16 23:23:24.097074,Paris-bb4c,-28,15,Normal
2026-02-16 23:23:25.097074,Paris-bb4c,28,91,Normal
2026-02-16 23:23:26.097074,Paris-bb4c,39,65,Normal
2026-02-16 23:23:27.097074,Paris-bb4c,-14,59,Normal
2026-02-16 23:23:28.097074,Paris-bb4c,30,82,Normal
2026-02-16 23:23:29.097074,Paris-bb4c,-13,40,Normal
2026-02-16 23:23:30.097074,Paris-bb4c,-18,94,Normal
2026-02-16 23:23:31.097074,Paris-bb4c,-16,35,Normal
2026-02-16 23:23:32.097074,Paris-bb4c,10,67,Normal
2026-02-16 23:23:33.097074,Paris-bb4c,27,37,Normal
2026-02-16 23:23:34.097074,Paris-bb4c,-26,32,Normal
2026-02-16 23:23:35.097074,Paris-bb4c,12,66,Normal
2026-02-16 23:23:36.097074,Paris-bb4c,-4,68,Normal
2026-02-16 23:23:37.097074,Paris-bb4c,17,58,Normal
2026-02-16 23:23:38.097074,Paris-bb4c,40,91,Normal
2026-02-16 23:23:39.097074,Paris-bb4c,48,1,Normal
2026-02-16 23:23:40.097074,Paris-bb4c,21,10,Normal
2026-02-16 23:23:41.097074,Paris-bb4c,3,73,Normal
2026-02-16 23:23:42.097074,Paris-bb4c,-15,81,Normal
2026-02-16 23:23:43.097074,Paris-bb4c,37,85,Normal
2026-02-16 23:23:44.097074,Paris-bb4c,16,51,Normal
2026-02-16 23:23:45.097074,Paris-bb4c,22,39,Normal
2026-02-16 23:23:46.097074,Paris-bb4c,-2,77,Normal
2026-02-16 23:23:47.097074,Paris-bb4c,31,76,Normal
2026-02-16 23:23:48.097074,Paris-bb4c,50,69,Normal
2026-02-16 23:23:49.097074,Paris-bb4c,-20,45,Normal
2026-02-16 23:23:50.097074,Paris-bb4c,25,37,Normal
2026-02-16 23:23:51.097074,Paris-bb4c,35,21,Normal
2026-02-16 23:23:52.097074,Paris-bb4c,22,67,Normal
2026-02-16 23:23:53.097074,Paris-bb4c,24,29,Normal
2026-02-16 23:23:54.097074,Paris-bb4c,-5,74,Normal
2026-02-16 23:23:55.097074,Paris-bb4c,9,84,Normal
2026-02-16 23:23:56.097074,Paris-bb4c,1,81,Normal
2026-02-16 23:23:57.097074,Paris-bb4c,45,7,Normal
2026-02-16 23:23:58.097074,Paris-bb4c,-1,70,Normal
2026-02-16 23:23:59.097074,Paris-bb4c,7,85,Normal
2026-02-16 23:24:00.097074,Paris-bb4c,-24,78,Normal
2026-02-16 23:24:01.097074,Paris-bb4c,42,46,Normal
2026-02-16 23:24:02.097074,Paris-bb4c,-22,62,Normal
2026-02-16 23:24:03.097074,Paris-bb4c,-5,92,Normal
2026-02-16 23:24:04.097074,Paris-bb4c,-29,15,Normal
2026-02-16 23:24:05.097074,Paris-bb4c,-18,16,Normal
2026-02-16 23:24:06.097074,Paris-bb4c,23,26,Normal
2026-02-16 23:24:07.097074,Paris-bb4c,40,87,Normal
2026-02-16 23:24:08.097074,Paris-bb4c,36,21,Normal
2026-02-16 23:24:09.097074,Paris-bb4c,17,79,Normal
2026-02-16 23:24:10.097074,Paris-bb4c,-12,40,Normal
2026-02-16 23:24:11.097074,Paris-bb4c,41,25,Normal
2026-02-16 23:24:12.097074,Paris-bb4c,8,7,Normal
2026-02-16 23:24:13.097074,Paris-bb4c,47,82,Normal
2026-02-16 23:24:14.097074,Paris-bb4c,44,6,Normal
2026-02-16 23:24:15.097074,Paris-bb4c,31,6,Normal
2026-02-16 23:24:16.097074,Paris-bb4c,-21,43,Normal
2026-02-16 23:24:17.097074,Paris-bb4c,24,42,Normal
2026-02-16 23:24:18.097074,Paris-bb4c,-7,60,Normal
2026-02-16 23:24:19.097074,Paris-bb4c,43,34,Normal
2026-02-16 23:24:20.097074,Paris-bb4c,10,78,Normal
2026-02-16 23:24:21.097074,Paris-bb4c,-8,95,Normal
2026-02-16 23:24:22.097074,Paris-bb4c,27,53,Normal
2026-02-16 23:24:23.097074,Paris-bb4c,-24,0,Normal
2026-02-16 23:24:24.097074,Paris-bb4c,-15,26,Normal
2026-02-16 23:24:25.097074,Paris-bb4c,-7,24,Normal
2026-02-16 23:24:26.097074,Paris-bb4c,32,23,Normal
2026-02-16 23:24:27.097074,Paris-bb4c,17,92,Normal
2026-02-16 23:24:28.097074,Paris-bb4c,44,97,Normal
2026-02-16 23:24:29.097074,Paris-bb4c,47,61,Normal
2026-02-16 23:24:30.097074,Paris-bb4c,6,94,Normal
2026-02-16 23:24:31.097074,Paris-bb4c,-4,24,Normal
2026-02-16 23:24:32.097074,Paris-bb4c,22,35,Normal
2026-02-16 23:24:33.097074,Paris-bb4c,-25,11,Normal
2026-02-16 23:24:34.097074,Paris-bb4c,10,56,Normal
2026-02-16 23:24:35.097074,Paris-bb4c,-24,40,Normal
2026-02-16 23:24:36.097074,Paris-bb4c,0,26,Normal
2026-02-16 23:24:37.097074,Paris-bb4c,20,88,Normal
2026-02-16 23:24:38.097074,Paris-bb4c,0,89,Normal
2026-02-16 23:24:39.097074,Paris-bb4c,15,26,Normal
2026-02-16 23:24:40.097074,Paris-bb4c,33,36,Normal
2026-02-16 23:24:41.097074,Paris-bb4c,-28,76,Normal
2026-02-16 23:24:42.097074,Paris-bb4c,35,99,Normal
2026-02-16 23:24:43.097074,Paris-bb4c,18,71,Normal
2026-02-16 23:24:44.097074,Paris-bb4c,39,42,Normal
2026-02-16 23:24:45.097074,Paris-bb4c,39,2,Normal
2026-02-16 23:24:46.097074,Paris-bb4c,8,37,Normal
2026-02-16 23:24:47.097074,Paris-bb4c,-16,77,Normal
2026-02-16 23:24:48.097074,Paris-bb4c,-25,80,Normal
2026-02-16 23:24:49.097074,Paris-bb4c,-18,49,Normal
2026-02-16 23:24:50.097074,Paris-bb4c,32,70,Normal
2026-02-16 23:24:51.097074,Paris-bb4c,32,99,Normal
2026-02-16 23:24:52.097074,Paris-bb4c,-10,92,Normal
2026-02-16 23:24:53.097074,Paris-bb4c,-5,43,Normal
2026-02-16 23:24:54.097074,Paris-bb4c,-15,53,Normal
2026-02-16 23:24:55.097074,Paris-bb4c,15,33,Normal
2026-02-16 23:24:56.097074,Paris-bb4c,-9,91,Normal
2026-02-16 23:24:57.097074,Paris-bb4c,23,65,Normal
2026-02-16 23:24:58.097074,Paris-bb4c,4,24,Normal
2026-02-16 23:24:59.097074,Paris-bb4c,-12,18,Normal
2026-02-16 23:25:00.097074,Paris-bb4c,30,68,Normal
2026-02-16 23:25:01.097074,Paris-bb4c,-3,65,Normal
2026-02-16 23:25:02.097074,Paris-bb4c,6,66,Normal
2026-02-16 23:25:03.097074,Paris-bb4c,39,79,Normal
2026-02-16 23:25:04.097074,Paris-bb4c,19,21,Normal
2026-02-16 23:25:05.097074,Paris-bb4c,-14,78,Normal
2026-02-16 23:25:06.097074,Paris-bb4c,21,51,Normal
2026-02-16 23:25:07.097074,Paris-bb4c,26,87,Normal
2026-02-16 23:25:08.097074,Paris-bb4c,-30,13,Normal
2026-02-16 23:25:09.097074,Paris-bb4c,16,18,Normal
2026-02-16 23:25:10.097074,Paris-bb4c,-13,14,Normal
2026-02-16 23:25:11.097074,Paris-bb4c,50,47,Normal
2026-02-16 23:25:12.097074,Paris-bb4c,-1,85,Normal
2026-02-16 23:25:13.097074,Paris-bb4c,-20,72,Normal
2026-02-16 23:25:14.097074,Paris-bb4c,15,96,Normal
2026-02-16 23:25:15.097074,Paris-bb4c,25,56,Normal
2026-02-16 23:25:16.097074,Paris-bb4c,-24,8,Normal
2026-02-16 23:25:17.097074,Paris-bb4c,32,77,Normal
2026-02-16 23:25:18.097074,Paris-bb4c,47,54,Normal
2026-02-16 23:25:19.097074,Paris-bb4c,23,96,Normal
2026-02-16 23:25:20.097074,Paris-bb4c,42,25,Normal
2026-02-16 23:25:21.097074,Paris-bb4c,24,11,Normal
2026-02-16 23:25:22.097074,Paris-bb4c,-30,36,Normal
2026-02-16 23:25:23.097074,Paris-bb4c,-22,0,Normal
2026-02-16 23:25:24.097074,Paris-bb4c,19,5,Normal
2026-02-16 23:25:25.097074,Paris-bb4c,-16,98,Normal
2026-02-16 23:25:26.097074,Paris-bb4c,-25,8,Normal
2026-02-16 23:25:27.097074,Paris-bb4c,-16,15,Normal
2026-02-16 23:25:28.097074,Paris-bb4c,47,49,Normal
2026-02-16 23:25:29.097074,Paris-bb4c,20,26,Normal
2026-02-16 23:25:30.097074,Paris-bb4c,-23,77,Normal
2026-02-16 23:25:31.097074,Paris-bb4c,40,10,Normal
2026-02-16 23:25:32.097074,Paris-bb4c,27,19,Normal
2026-02-16 23:25:33.097074,Paris-bb4c,11,79,Normal
2026-02-16 23:25:34.097074,Paris-bb4c,1,73,Normal
2026-02-16 23:25:35.097074,Paris-bb4c,-14,56,Normal
2026-02-16 23:25:36.097074,Paris-bb4c,45,32,Normal
2026-02-16 23:25:37.097074,Paris-bb4c,1,77,Normal
2026-02-16 23:25:38.097074,Paris-bb4c,20,25,Normal
2026-02-16 23:25:39.097074,Paris-bb4c,41,42,Normal
2026-02-16 23:25:40.097074,Paris-bb4c,11,29,Normal
2026-02-16 23:25:41.097074,Paris-bb4c,-23,58,Normal
2026-02-16 23:25:42.097074,Paris-bb4c,33,50,Normal
2026-02-16 23:25:43.097074,Paris-bb4c,40,78,Normal
2026-02-16 23:25:44.097074,Paris-bb4c,26,83,Normal
2026-02-16 23:25:45.097074,Paris-bb4c,33,55,Normal
2026-02-16 23:25:46.097074,Paris-bb4c,14,60,Normal
2026-02-16 23:25:47.097074,Paris-bb4c,36,36,Normal
2026-02-16 23:25:48.097074,Paris-bb4c,23,71,Normal
2026-02-16 23:25:49.097074,Paris-bb4c,-3,53,Normal
2026-02-16 23:25:50.097074,Paris-bb4c,-20,83,Normal
2026-02-16 23:25:51.097074,Paris-bb4c,-19,90,Normal
2026-02-16 23:25:52.097074,Paris-bb4c,31,46,Normal
2026-02-16 23:25:53.097074,Paris-bb4c,8,73,Normal
2026-02-16 23:25:54.097074,Paris-bb4c,28,12,Normal
2026-02-16 23:25:55.097074,Paris-bb4c,45,73,Normal
2026-02-16 23:25:56.097074,Paris-bb4c,33,82,Normal
2026-02-16 23:25:57.097074,Paris-bb4c,27,33,Normal
2026-02-16 23:25:58.097074,Paris-bb4c,-7,45,Normal
2026-02-16 23:25:59.097074,Paris-bb4c,35,22,Normal
2026-02-16 23:26:00.097074,Paris-bb4c,-3,66,Normal
2026-02-16 23:26:01.097074,Paris-bb4c,33,98,Normal
2026-02-16 23:26:02.097074,Paris-bb4c,19,69,Normal
2026-02-16 23:26:03.097074,Paris-bb4c,37,11,Normal
2026-02-16 23:26:04.097074,Paris-bb4c,45,95,Normal
2026-02-16 23:26:05.097074,Paris-bb4c,-7,51,Normal
2026-02-16 23:26:06.097074,Paris-bb4c,50,21,Normal
2026-02-16 23:26:07.097074,Paris-bb4c,-20,40,Normal
2026-02-16 23:26:08.097074,Paris-bb4c,-27,1,Normal
2026-02-16 23:26:09.097074,Paris-bb4c,-4,41,Normal
2026-02-16 23:26:10.097074,Paris-bb4c,-3,71,Normal
2026-02-16 23:26:11.097074,Paris-bb4c,39,47,Normal
2026-02-16 23:26:12.097074,Paris-bb4c,33,86,Normal
2026-02-16 23:26:13.097074,Paris-bb4c,33,93,Normal
2026-02-16 23:26:14.097074,Paris-bb4c,-28,88,Normal
2026-02-16 23:26:15.097074,Paris-bb4c,-27,41,Normal
2026-02-16 23:26:16.097074,Paris-bb4c,17,87,Normal
2026-02-16 23:26:17.097074,Paris-bb4c,6,91,Normal
2026-02-16 23:26:18.097074,Paris-bb4c,-27,43,Normal
2026-02-16 23:26:19.097074,Paris-bb4c,3,46,Normal
2026-02-16 23:26:20.097074,Paris-bb4c,39,6,Normal
2026-02-16 23:26:21.097074,Paris-bb4c,-1,35,Normal
2026-02-16 23:26:22.097074,Paris-bb4c,-20,62,Normal
2026-02-16 23:26:23.097074,Paris-bb4c,-25,85,Normal
2026-02-16 23:26:24.097074,Paris-bb4c,-27,25,Normal
2026-02-16 23:26:25.097074,Paris-bb4c,11,73,Normal
2026-02-16 23:26:26.097074,Paris-bb4c,14,0,Normal
2026-02-16 23:26:27.097074,Paris-bb4c,13,15,Normal
2026-02-16 23:26:28.097074,Paris-bb4c,25,16,Normal
2026-02-16 23:26:29.097074,Paris-bb4c,40,97,Normal
2026-02-16 23:26:30.097074,Paris-bb4c,-14,84,Normal
2026-02-16 23:26:31.097074,Paris-bb4c,20,28,Normal
2026-02-16 23:26:32.097074,Paris-bb4c,-8,62,Normal
2026-02-16 23:26:33.097074,Paris-bb4c,-24,78,Normal
2026-02-16 23:26:34.097074,Paris-bb4c,48,8,Normal
2026-02-16 23:26:35.097074,Paris-bb4c,2,54,Normal
2026-02-16 23:26:36.097074,Paris-bb4c,-15,61,Normal
2026-02-16 23:26:37.097074,Paris-bb4c,17,62,Normal
2026-02-16 23:26:38.097074,Paris-bb4c,38,80,Normal
2026-02-16 23:26:39.097074,Paris-bb4c,-21,80,Normal
2026-02-16 23:26:40.097074,Paris-bb4c,-30,18,Normal
2026-02-16 23:26:41.097074,Paris-bb4c,7,55,Normal
2026-02-16 23:26:42.097074,Paris-bb4c,39,49,Normal
2026-02-16 23:26:43.097074,Paris-bb4c,16,69,Normal
2026-02-16 23:26:44.097074,Paris-bb4c,39,25,Normal
2026-02-16 23:26:45.097074,Paris-bb4c,25,12,Normal
2026-02-16 23:26:46.097074,Paris-bb4c,3,82,Normal
2026-02-16 23:26:47.097074,Paris-bb4c,5,79,Normal
2026-02-16 23:26:48.097074,Paris-bb4c,-22,82,Normal
2026-02-16 23:26:49.097074,Paris-bb4c,17,50,Normal
2026-02-16 23:26:50.097074,Paris-bb4c,17,12,Normal
2026-02-16 23:26:51.097074,Paris-bb4c,11,12,Normal
2026-02-16 23:26:52.097074,Paris-bb4c,-1,54,Normal
2026-02-16 23:26:53.097074,Paris-bb4c,17,4,Normal
2026-02-16 23:26:54.097074,Paris-bb4c,12,60,Normal
2026-02-16 23:26:55.097074,Paris-bb4c,29,8,Normal
2026-02-16 23:26:56.097074,Paris-bb4c,-17,62,Normal
2026-02-16 23:26:57.097074,Paris-bb4c,0,13,Normal
2026-02-16 23:26:58.097074,Paris-bb4c,42,47,Normal
2026-02-16 23:26:59.097074,Paris-bb4c,21,28,Normal
2026-02-16 23:27:00.097074,Paris-bb4c,34,96,Normal
2026-02-16 23:27:01.097074,Paris-bb4c,44,37,Normal
2026-02-16 23:27:02.097074,Paris-bb4c,48,29,Normal
2026-02-16 23:27:03.097074,Paris-bb4c,-30,40,Normal
2026-02-16 23:27:04.097074,Paris-bb4c,12,71,Normal
2026-02-16 23:27:05.097074,Paris-bb4c,-1,41,Normal
2026-02-16 23:27:06.097074,Paris-bb4c,1,36,Normal
2026-02-16 23:27:07.097074,Paris-bb4c,-10,2,Normal
2026-02-16 23:27:08.097074,Paris-bb4c,27,69,Normal
2026-02-16 23:27:09.097074,Paris-bb4c,50,3,Normal
2026-02-16 23:27:10.097074,Paris-bb4c,18,20,Normal
2026-02-16 23:27:11.097074,Paris-bb4c,-1,26,Normal
2026-02-16 23:27:12.097074,Paris-bb4c,-18,61,Normal
2026-02-16 23:27:13.097074,Paris-bb4c,-23,20,Normal
2026-02-16 23:27:14.097074,Paris-bb4c,-26,35,Normal
2026-02-16 23:27:15.097074,Paris-bb4c,-8,53,Normal
2026-02-16 23:27:16.097074,Paris-bb4c,-11,92,Normal
2026-02-16 23:27:17.097074,Paris-bb4c,10,26,Normal
2026-02-16 23:27:18.097074,Paris-bb4c,-14,92,Normal
2026-02-16 23:27:19.097074,Paris-bb4c,29,21,Normal
2026-02-16 23:27:20.097074,Paris-bb4c,29,28,Normal
2026-02-16 23:27:21.097074,Paris-bb4c,-3,33,Normal
2026-02-16 23:27:22.097074,Paris-bb4c,14,27,Normal
2026-02-16 23:27:23.097074,Paris-bb4c,-11,75,Normal
2026-02-16 23:27:24.097074,Paris-bb4c,8,2,Normal
2026-02-16 23:27:25.097074,Paris-bb4c,-17,30,Normal
2026-02-16 23:27:26.097074,Paris-bb4c,-26,34,Normal
2026-02-16 23:27:27.097074,Paris-bb4c,29,52,Normal
2026-02-16 23:27:28.097074,Paris-bb4c,11,15,Normal
2026-02-16 23:27:29.097074,Paris-bb4c,-29,10,Normal
2026-02-16 23:27:30.097074,Paris-bb4c,9,39,Normal
2026-02-16 23:27:31.097074,Paris-bb4c,25,30,Normal
2026-02-16 23:27:32.097074,Paris-bb4c,25,44,Normal
2026-02-16 23:27:33.097074,Paris-bb4c,8,77,Normal
2026-02-16 23:27:34.097074,Paris-bb4c,0,16,Normal
2026-02-16 23:27:35.097074,Paris-bb4c,-22,78,Normal
2026-02-16 23:27:36.097074,Paris-bb4c,36,32,Normal
2026-02-16 23:27:37.097074,Paris-bb4c,-21,95,Normal
2026-02-16 23:27:38.097074,Paris-bb4c,49,57,Normal
2026-02-16 23:27:39.097074,Paris-bb4c,-21,75,Normal
2026-02-16 23:27:40.097074,Paris-bb4c,-11,88,Normal
2026-02-16 23:27:41.097074,Paris-bb4c,17,9,Normal
2026-02-16 23:27:42.097074,Paris-bb4c,1,90,Normal
2026-02-16 23:27:43.097074,Paris-bb4c,49,11,Normal
2026-02-16 23:27:44.097074,Paris-bb4c,42,93,Normal
2026-02-16 23:27:45.097074,Paris-bb4c,5,39,Normal
2026-02-16 23:27:46.097074,Paris-bb4c,-6,65,Normal
2026-02-16 23:27:47.097074,Paris-bb4c,-19,14,Normal
2026-02-16 23:27:48.097074,Paris-bb4c,47,65,Normal
2026-02-16 23:27:49.097074,Paris-bb4c,26,19,Normal
2026-02-16 23:27:50.097074,Paris-bb4c,-8,7,Normal
2026-02-16 23:27:51.097074,Paris-bb4c,26,100,Normal
2026-02-16 23:27:52.097074,Paris-bb4c,38,61,Normal
2026-02-16 23:27:53.097074,Paris-bb4c,-10,96,Normal
2026-02-16 23:27:54.097074,Paris-bb4c,24,65,Normal
2026-02-16 23:27:55.097074,Paris-bb4c,29,4,Normal
2026-02-16 23:27:56.097074,Paris-bb4c,41,29,Normal
2026-02-16 23:27:57.097074,Paris-bb4c,37,81,Normal
2026-02-16 23:27:58.097074,Paris-bb4c,19,67,Normal
2026-02-16 23:27:59.097074,Paris-bb4c,1,32,Normal
2026-02-16 23:28:00.097074,Paris-bb4c,31,26,Normal
2026-02-16 23:28:01.097074,Paris-bb4c,3,50,Normal
2026-02-16 23:28:02.097074,Paris-bb4c,-13,42,Normal
2026-02-16 23:28:03.097074,Paris-bb4c,41,13,Normal
2026-02-16 23:28:04.097074,Paris-bb4c,-10,18,Normal
2026-02-16 23:28:05.097074,Paris-bb4c,30,91,Normal
2026-02-16 23:28:06.097074,Paris-bb4c,-29,20,Normal
2026-02-16 23:28:07.097074,Paris-bb4c,8,75,Normal
2026-02-16 23:28:08.097074,Paris-bb4c,43,7,Normal
2026-02-16 23:28:09.097074,Paris-bb4c,-16,53,Normal
2026-02-16 23:28:10.097074,Paris-bb4c,-2,78,Normal
2026-02-16 23:28:11.097074,Paris-bb4c,-14,85,Normal
2026-02-16 23:28:12.097074,Paris-bb4c,-12,71,Normal
2026-02-16 23:28:13.097074,Paris-bb4c,-30,48,Normal
2026-02-16 23:28:14.097074,Paris-bb4c,25,42,Normal
2026-02-16 23:28:15.097074,Paris-bb4c,36,91,Normal
2026-02-16 23:28:16.097074,Paris-bb4c,4,54,Normal
2026-02-16 23:28:17.097074,Paris-bb4c,18,78,Normal
2026-02-16 23:28:18.097074,Paris-bb4c,-24,75,Normal
2026-02-16 23:28:19.097074,Paris-bb4c,-11,60,Normal
2026-02-16 23:28:20.097074,Paris-bb4c,10,67,Normal
2026-02-16 23:28:21.097074,Paris-bb4c,45,60,Normal
2026-02-16 23:28:22.097074,Paris-bb4c,-23,63,Normal
2026-02-16 23:28:23.097074,Paris-bb4c,-8,57,Normal
2026-02-16 23:28:24.097074,Paris-bb4c,14,66,Normal
2026-02-16 23:28:25.097074,Paris-bb4c,-12,79,Normal
2026-02-16 23:28:26.097074,Paris-bb4c,46,15,Normal
2026-02-16 23:28:27.097074,Paris-bb4c,46,61,Normal
2026-02-16 23:28:28.097074,Paris-bb4c,-26,47,Normal
2026-02-16 23:28:29.097074,Paris-bb4c,2,27,Normal
2026-02-16 23:28:30.097074,Paris-bb4c,29,21,Normal
2026-02-16 23:28:31.097074,Paris-bb4c,14,42,Normal
2026-02-16 23:28:32.097074,Paris-bb4c,-9,62,Normal
2026-02-16 23:28:33.097074,Paris-bb4c,21,94,Normal
2026-02-16 23:28:34.097074,Paris-bb4c,35,81,Normal
2026-02-16 23:28:35.097074,Paris-bb4c,2,33,Normal
2026-02-16 23:28:36.097074,Paris-bb4c,17,0,Normal
2026-02-16 23:28:37.097074,Paris-bb4c,0,51,Normal
2026-02-16 23:28:38.097074,Paris-bb4c,18,31,Normal
2026-02-16 23:28:39.097074,Paris-bb4c,50,20,Normal
2026-02-16 23:28:40.097074,Paris-bb4c,6,68,Normal
2026-02-16 23:28:41.097074,Paris-bb4c,23,50,Normal
2026-02-16 23:28:42.097074,Paris-bb4c,-14,22,Normal
2026-02-16 23:28:43.097074,Paris-bb4c,-12,24,Normal
2026-02-16 23:28:44.097074,Paris-bb4c,41,46,Normal
2026-02-16 23:28:45.097074,Paris-bb4c,31,69,Normal
2026-02-16 23:28:46.097074,Paris-bb4c,-29,70,Normal
2026-02-16 23:28:47.097074,Paris-bb4c,-20,32,Normal
2026-02-16 23:28:48.097074,Paris-bb4c,3,10,Normal
2026-02-16 23:28:49.097074,Paris-bb4c,38,35,Normal
2026-02-16 23:28:50.097074,Paris-bb4c,32,47,Normal
2026-02-16 23:28:51.097074,Paris-bb4c,19,92,Normal
2026-02-16 23:28:52.097074,Paris-bb4c,-26,90,Normal
2026-02-16 23:28:53.097074,Paris-bb4c,5,74,Normal
2026-02-16 23:28:54.097074,Paris-bb4c,25,65,Normal
2026-02-16 23:28:55.097074,Paris-bb4c,-29,47,Normal
2026-02-16 23:28:56.097074,Paris-bb4c,45,12,Normal
2026-02-16 23:28:57.097074,Paris-bb4c,-29,96,Normal
2026-02-16 23:28:58.097074,Paris-bb4c,46,4,Normal
2026-02-16 23:28:59.097074,Paris-bb4c,35,39,Normal
2026-02-16 23:29:00.097074,Paris-bb4c,-29,16,Normal
2026-02-16 23:29:01.097074,Paris-bb4c,46,93,Normal
2026-02-16 23:29:02.097074,Paris-bb4c,37,57,Normal
2026-02-16 23:29:03.097074,Paris-bb4c,31,51,Normal
2026-02-16 23:29:04.097074,Paris-bb4c,-19,28,Normal
2026-02-16 23:29:05.097074,Paris-bb4c,-28,25,Normal
2026-02-16 23:29:06.097074,Paris-bb4c,49,49,Normal
2026-02-16 23:29:07.097074,Paris-bb4c,-1,53,Normal
2026-02-16 23:29:08.097074,Paris-bb4c,17,89,Normal
2026-02-16 23:29:09.097074,Paris-bb4c,-21,95,Normal
2026-02-16 23:29:10.097074,Paris-bb4c,-29,29,Normal
2026-02-16 23:29:11.097074,Paris-bb4c,50,80,Normal
2026-02-16 23:29:12.097074,Paris-bb4c,41,81,Normal
2026-02-16 23:29:13.097074,Paris-bb4c,14,73,Normal
2026-02-16 23:29:14.097074,Paris-bb4c,15,60,Normal
2026-02-16 23:29:15.097074,Paris-bb4c,4,66,Normal
2026-02-16 23:29:16.097074,Paris-bb4c,42,17,Normal
2026-02-16 23:29:17.097074,Paris-bb4c,6,29,Normal
2026-02-16 23:29:18.097074,Paris-bb4c,12,60,Normal
2026-02-16 23:29:19.097074,Paris-bb4c,41,62,Normal
2026-02-16 23:29:20.097074,Paris-bb4c,-13,23,Normal
2026-02-16 23:29:21.097074,Paris-bb4c,-5,20,Normal
2026-02-16 23:29:22.097074,Paris-bb4c,-7,49,Normal
2026-02-16 23:29:23.097074,Paris-bb4c,49,50,Normal
2026-02-16 23:29:24.097074,Paris-bb4c,37,40,Normal
2026-02-16 23:29:25.097074,Paris-bb4c,-7,18,Normal
2026-02-16 23:29:26.097074,Paris-bb4c,-27,19,Normal
2026-02-16 23:29:27.097074,Paris-bb4c,11,77,Normal
2026-02-16 23:29:28.097074,Paris-bb4c,-13,67,Normal
2026-02-16 23:29:29.097074,Paris-bb4c,26,23,Normal
2026-02-16 23:29:30.097074,Paris-bb4c,43,45,Normal
2026-02-16 23:29:31.097074,Paris-bb4c,19,64,Normal
2026-02-16 23:29:32.097074,Paris-bb4c,28,35,Normal
2026-02-16 23:29:33.097074,Paris-bb4c,30,37,Normal
2026-02-16 23:29:34.097074,Paris-bb4c,50,27,Normal
2026-02-16 23:29:35.097074,Paris-bb4c,-13,81,Normal
2026-02-16 23:29:36.097074,Paris-bb4c,44,73,Normal
2026-02-16 23:29:37.097074,Paris-bb4c,31,45,Normal
2026-02-16 23:29:38.097074,Paris-bb4c,9,99,Normal
2026-02-16 23:29:39.097074,Paris-bb4c,41,87,Normal
2026-02-16 23:29:40.097074,Paris-bb4c,19,13,Normal
2026-02-16 23:29:41.097074,Paris-bb4c,10,24,Normal
2026-02-16 23:29:42.097074,Paris-bb4c,15,67,Normal
2026-02-16 23:29:43.097074,Paris-bb4c,-16,8,Normal
2026-02-16 23:29:44.097074,Paris-bb4c,-6,15,Normal
2026-02-16 23:29:45.097074,Paris-bb4c,-23,85,Normal
2026-02-16 23:29:46.097074,Paris-bb4c,42,62,Normal
2026-02-16 23:29:47.097074,Paris-bb4c,-14,4,Normal
2026-02-16 23:29:48.097074,Paris-bb4c,46,32,Normal
2026-02-16 23:29:49.097074,Paris-bb4c,25,51,Normal
2026-02-16 23:29:50.097074,Paris-bb4c,35,82,Normal
2026-02-16 23:29:51.097074,Paris-bb4c,10,5,Normal
2026-02-16 23:29:52.097074,Paris-bb4c,47,14,Normal
2026-02-16 23:29:53.097074,Paris-bb4c,18,58,Normal
2026-02-16 23:29:54.097074,Paris-bb4c,0,88,Normal
2026-02-16 23:29:55.097074,Paris-bb4c,31,92,Normal
2026-02-16 23:29:56.097074,Paris-bb4c,16,23,Normal
2026-02-16 23:29:57.097074,Paris-bb4c,44,89,Normal
2026-02-16 23:29:58.097074,Paris-bb4c,41,98,Normal
2026-02-16 23:29:59.097074,Paris-bb4c,25,93,Normal
2026-02-16 23:30:00.097074,Paris-bb4c,-28,43,Normal
2026-02-16 23:30:01.097074,Paris-bb4c,28,63,Normal
2026-02-16 23:30:02.097074,Paris-bb4c,46,82,Normal
2026-02-16 23:30:03.097074,Paris-bb4c,-22,3,Normal
2026-02-16 23:30:04.097074,Paris-bb4c,28,39,Normal
2026-02-16 23:30:05.097074,Paris-bb4c,-24,13,Normal
2026-02-16 23:30:06.097074,Paris-bb4c,-5,15,Normal
2026-02-16 23:30:07.097074,Paris-bb4c,33,55,Normal
2026-02-16 23:30:08.097074,Paris-bb4c,-27,68,Normal
2026-02-16 23:30:09.097074,Paris-bb4c,37,81,Normal
2026-02-16 23:30:10.097074,Paris-bb4c,20,27,Normal
2026-02-16 23:30:11.097074,Paris-bb4c,-13,32,Normal
2026-02-16 23:30:12.097074,Paris-bb4c,21,99,Normal
2026-02-16 23:30:13.097074,Paris-bb4c,-24,42,Normal
2026-02-16 23:30:14.097074,Paris-bb4c,-2,79,Normal
2026-02-16 23:30:15.097074,Paris-bb4c,34,31,Normal
2026-02-16 23:30:16.097074,Paris-bb4c,48,64,Normal
2026-02-16 23:30:17.097074,Paris-bb4c,12,94,Normal
2026-02-16 23:30:18.097074,Paris-bb4c,-29,77,Normal
2026-02-16 23:30:19.097074,Paris-bb4c,37,93,Normal
2026-02-16 23:30:20.097074,Paris-bb4c,36,45,Normal
2026-02-16 23:30:21.097074,Paris-bb4c,-20,86,Normal
2026-02-16 23:30:22.097074,Paris-bb4c,13,11,Normal
2026-02-16 23:30:23.097074,Paris-bb4c,22,89,Normal
2026-02-16 23:30:24.097074,Paris-bb4c,28,74,Normal
2026-02-16 23:30:25.097074,Paris-bb4c,28,53,Normal
2026-02-16 23:30:26.097074,Paris-bb4c,46,21,Normal
2026-02-16 23:30:27.097074,Paris-bb4c,-15,85,Normal
2026-02-16 23:30:28.097074,Paris-bb4c,18,77,Normal
2026-02-16 23:30:29.097074,Paris-bb4c,23,3,Normal
2026-02-16 23:30:30.097074,Paris-bb4c,12,19,Normal
2026-02-16 23:30:31.097074,Paris-bb4c,21,77,Normal
2026-02-16 23:30:32.097074,Paris-bb4c,-5,9,Normal
2026-02-16 23:30:33.097074,Paris-bb4c,28,43,Normal
2026-02-16 23:30:34.097074,Paris-bb4c,-22,62,Normal
2026-02-16 23:30:35.097074,Paris-bb4c,39,34,Normal
2026-02-16 23:30:36.097074,Paris-bb4c,-5,67,Normal
2026-02-16 23:30:37.097074,Paris-bb4c,36,15,Normal
2026-02-16 23:30:38.097074,Paris-bb4c,20,51,Normal
2026-02-16 23:30:39.097074,Paris-bb4c,42,80,Normal
2026-02-16 23:30:40.097074,Paris-bb4c,31,58,Normal
2026-02-16 23:30:41.097074,Paris-bb4c,46,4,Normal
2026-02-16 23:30:42.097074,Paris-bb4c,-19,45,Normal
2026-02-16 23:30:43.097074,Paris-bb4c,-14,64,Normal
2026-02-16 23:30:44.097074,Paris-bb4c,20,100,Normal
2026-02-16 23:30:45.097074,Paris-bb4c,12,20,Normal
2026-02-16 23:30:46.097074,Paris-bb4c,7,4,Normal
2026-02-16 23:30:47.097074,Paris-bb4c,14,11,Normal
2026-02-16 23:30:48.097074,Paris-bb4c,-24,82,Normal
2026-02-16 23:30:49.097074,Paris-bb4c,3,41,Normal
2026-02-16 23:30:50.097074,Paris-bb4c,-25,49,Normal
2026-02-16 23:30:51.097074,Paris-bb4c,15,35,Normal
2026-02-16 23:30:52.097074,Paris-bb4c,34,45,Normal
2026-02-16 23:30:53.097074,Paris-bb4c,-24,80,Normal
2026-02-16 23:30:54.097074,Paris-bb4c,-30,92,Normal
2026-02-16 23:30:55.097074,Paris-bb4c,-26,68,Normal
2026-02-16 23:30:56.097074,Paris-bb4c,48,80,Normal
2026-02-16 23:30:57.097074,Paris-bb4c,40,6,Normal
2026-02-16 23:30:58.097074,Paris-bb4c,46,59,Normal
2026-02-16 23:30:59.097074,Paris-bb4c,-23,84,Normal
2026-02-16 23:31:00.097074,Paris-bb4c,-30,52,Normal
2026-02-16 23:31:01.097074,Paris-bb4c,-19,84,Normal
2026-02-16 23:31:02.097074,Paris-bb4c,-16,26,Normal
2026-02-16 23:31:03.097074,Paris-bb4c,-24,65,Normal
2026-02-16 23:31:04.097074,Paris-bb4c,40,63,Normal
2026-02-16 23:31:05.097074,Paris-bb4c,26,46,Normal
2026-02-16 23:31:06.097074,Paris-bb4c,-14,64,Normal
2026-02-16 23:31:07.097074,Paris-bb4c,9,14,Normal
2026-02-16 23:31:08.097074,Paris-bb4c,-24,80,Normal
2026-02-16 23:31:09.097074,Paris-bb4c,-17,36,Normal
2026-02-16 23:31:10.097074,Paris-bb4c,-17,88,Normal
2026-02-16 23:31:11.097074,Paris-bb4c,39,14,Normal
2026-02-16 23:31:12.097074,Paris-bb4c,-13,95,Normal
2026-02-16 23:31:13.097074,Paris-bb4c,-26,56,Normal
2026-02-16 23:31:14.097074,Paris-bb4c,-5,42,Normal
2026-02-16 23:31:15.097074,Paris-bb4c,49,70,Normal
2026-02-16 23:31:16.097074,Paris-bb4c,18,97,Normal
2026-02-16 23:31:17.097074,Paris-bb4c,33,32,Normal
2026-02-16 23:31:18.097074,Paris-bb4c,36,5,Normal
2026-02-16 23:31:19.097074,Paris-bb4c,22,87,Normal
2026-02-16 23:31:20.097074,Paris-bb4c,0,63,Normal
2026-02-16 23:31:21.097074,Paris-bb4c,31,71,Normal
2026-02-16 23:31:22.097074,Paris-bb4c,48,47,Normal
2026-02-16 23:31:23.097074,Paris-bb4c,-15,67,Normal
2026-02-16 23:31:24.097074,Paris-bb4c,39,75,Normal
2026-02-16 23:31:25.097074,Paris-bb4c,-23,26,Normal
2026-02-16 23:31:26.097074,Paris-bb4c,32,67,Normal
2026-02-16 23:31:27.097074,Paris-bb4c,29,12,Normal
2026-02-16 23:31:28.097074,Paris-bb4c,-22,45,Normal
2026-02-16 23:31:29.097074,Paris-bb4c,-5,40,Normal
2026-02-16 23:31:30.097074,Paris-bb4c,22,24,Normal
2026-02-16 23:31:31.097074,Paris-bb4c,37,49,Normal
2026-02-16 23:31:32.097074,Paris-bb4c,37,83,Normal
2026-02-16 23:31:33.097074,Paris-bb4c,36,61,Normal
2026-02-16 23:31:34.097074,Paris-bb4c,38,43,Normal
2026-02-16 23:31:35.097074,Paris-bb4c,-22,28,Normal
2026-02-16 23:31:36.097074,Paris-bb4c,-7,28,Normal
2026-02-16 23:31:37.097074,Paris-bb4c,13,69,Normal
2026-02-16 23:31:38.097074,Paris-bb4c,50,99,Normal
2026-02-16 23:31:39.097074,Paris-bb4c,35,50,Normal
2026-02-16 23:31:40.097074,Paris-bb4c,27,53,Normal
2026-02-16 23:31:41.097074,Paris-bb4c,45,29,Normal
2026-02-16 23:31:42.097074,Paris-bb4c,-11,81,Normal
2026-02-16 23:31:43.097074,Paris-bb4c,-14,55,Normal
2026-02-16 23:31:44.097074,Paris-bb4c,-27,35,Normal
2026-02-16 23:31:45.097074,Paris-bb4c,-3,2,Normal
2026-02-16 23:31:46.097074,Paris-bb4c,50,50,Normal
2026-02-16 23:31:47.097074,Paris-bb4c,40,58,Normal
2026-02-16 23:31:48.097074,Paris-bb4c,13,89,Normal
2026-02-16 23:31:49.097074,Paris-bb4c,-23,42,Normal
2026-02-16 23:31:50.097074,Paris-bb4c,12,69,Normal
2026-02-16 23:31:51.097074,Paris-bb4c,24,58,Normal
2026-02-16 23:31:52.097074,Paris-bb4c,-16,21,Normal
2026-02-16 23:31:53.097074,Paris-bb4c,-19,87,Normal
2026-02-16 23:31:54.097074,Paris-bb4c,-7,59,Normal
2026-02-16 23:31:55.097074,Paris-bb4c,26,97,Normal
2026-02-16 23:31:56.097074,Paris-bb4c,-10,43,Normal
2026-02-16 23:31:57.097074,Paris-bb4c,45,19,Normal
2026-02-16 23:31:58.097074,Paris-bb4c,35,54,Normal
2026-02-16 23:31:59.097074,Paris-bb4c,42,2,Normal
2026-02-16 23:32:00.097074,Paris-bb4c,41,59,Normal
2026-02-16 23:32:01.097074,Paris-bb4c,-18,79,Normal
2026-02-16 23:32:02.097074,Paris-bb4c,11,98,Normal
2026-02-16 23:32:03.097074,Paris-bb4c,-10,62,Normal
2026-02-16 23:32:04.097074,Paris-bb4c,26,87,Normal
2026-02-16 23:32:05.097074,Paris-bb4c,11,49,Normal
2026-02-16 23:32:06.097074,Paris-bb4c,-18,10,Normal
2026-02-16 23:32:07.097074,Paris-bb4c,17,84,Normal
2026-02-16 23:32:08.097074,Paris-bb4c,41,73,Normal
2026-02-16 23:32:09.097074,Paris-bb4c,18,56,Normal
2026-02-16 23:32:10.097074,Paris-bb4c,4,33,Normal
2026-02-16 23:32:11.097074,Paris-bb4c,15,87,Normal
2026-02-16 23:32:12.097074,Paris-bb4c,2,87,Normal
2026-02-16 23:32:13.097074,Paris-bb4c,38,74,Normal
2026-02-16 23:32:14.097074,Paris-bb4c,14,59,Normal
2026-02-16 23:32:15.097074,Paris-bb4c,-30,95,Normal
2026-02-16 23:32:16.097074,Paris-bb4c,11,17,Normal
2026-02-16 23:32:17.097074,Paris-bb4c,14,83,Normal
2026-02-16 23:32:18.097074,Paris-bb4c,-27,3,Normal
2026-02-16 23:32:19.097074,Paris-bb4c,11,53,Normal
2026-02-16 23:32:20.097074,Paris-bb4c,23,76,Normal
2026-02-16 23:32:21.097074,Paris-bb4c,44,8,Normal
2026-02-16 23:32:22.097074,Paris-bb4c,11,100,Normal
2026-02-16 23:32:23.097074,Paris-bb4c,32,28,Normal
2026-02-16 23:32:24.097074,Paris-bb4c,-14,77,Normal
2026-02-16 23:32:25.097074,Paris-bb4c,10,8,Normal
2026-02-16 23:32:26.097074,Paris-bb4c,-16,12,Normal
2026-02-16 23:32:27.097074,Paris-bb4c,35,45,Normal
2026-02-16 23:32:28.097074,Paris-bb4c,19,44,Normal
2026-02-16 23:32:29.097074,Paris-bb4c,30,75,Normal
2026-02-16 23:32:30.097074,Paris-bb4c,-25,56,Normal
2026-02-16 23:32:31.097074,Paris-bb4c,18,31,Normal
2026-02-16 23:32:32.097074,Paris-bb4c,-5,68,Normal
2026-02-16 23:32:33.097074,Paris-bb4c,-23,2,Normal
2026-02-16 23:32:34.097074,Paris-bb4c,40,74,Normal
2026-02-16 23:32:35.097074,Paris-bb4c,20,75,Normal
2026-02-16 23:32:36.097074,Paris-bb4c,35,7,Normal
2026-02-16 23:32:37.097074,Paris-bb4c,38,71,Normal
2026-02-16 23:32:38.097074,Paris-bb4c,14,15,Normal
2026-02-16 23:32:39.097074,Paris-bb4c,-25,23,Normal
2026-02-16 23:32:40.097074,Paris-bb4c,26,86,Normal
2026-02-16 23:32:41.097074,Paris-bb4c,-9,14,Normal
2026-02-16 23:32:42.097074,Paris-bb4c,-13,76,Normal
2026-02-16 23:32:43.097074,Paris-bb4c,-28,88,Normal
2026-02-16 23:32:44.097074,Paris-bb4c,25,46,Normal
2026-02-16 23:32:45.097074,Paris-bb4c,15,91,Normal
2026-02-16 23:32:46.097074,Paris-bb4c,15,16,Normal
2026-02-16 23:32:47.097074,Paris-bb4c,-8,96,Normal
2026-02-16 23:32:48.097074,Paris-bb4c,41,46,Normal
2026-02-16 23:32:49.097074,Paris-bb4c,-13,56,Normal
2026-02-16 23:32:50.097074,Paris-bb4c,17,22,Normal
2026-02-16 23:32:51.097074,Paris-bb4c,2,15,Normal
2026-02-16 23:32:52.097074,Paris-bb4c,10,55,Normal
2026-02-16 23:32:53.097074,Paris-bb4c,49,3,Normal
2026-02-16 23:32:54.097074,Paris-bb4c,12,14,Normal
2026-02-16 23:32:55.097074,Paris-bb4c,-26,95,Normal
2026-02-16 23:32:56.097074,Paris-bb4c,11,18,Normal
2026-02-16 23:32:57.097074,Paris-bb4c,41,56,Normal
2026-02-16 23:32:58.097074,Paris-bb4c,36,79,Normal
2026-02-16 23:32:59.097074,Paris-bb4c,-17,52,Normal
2026-02-16 23:33:00.097074,Paris-bb4c,11,31,Normal
2026-02-16 23:33:01.097074,Paris-bb4c,-10,54,Normal
2026-02-16 23:33:02.097074,Paris-bb4c,33,17,Normal
2026-02-16 23:33:03.097074,Paris-bb4c,34,75,Normal
2026-02-16 23:33:04.097074,Paris-bb4c,45,0,Normal
2026-02-16 23:33:05.097074,Paris-bb4c,25,32,Normal
2026-02-16 23:33:06.097074,Paris-bb4c,-5,62,Normal
2026-02-16 23:33:07.097074,Paris-bb4c,-10,89,Normal
2026-02-16 23:33:08.097074,Paris-bb4c,-28,8,Normal
2026-02-16 23:33:09.097074,Paris-bb4c,9,26,Normal
2026-02-16 23:33:10.097074,Paris-bb4c,30,68,Normal
2026-02-16 23:33:11.097074,Paris-bb4c,36,0,Normal
2026-02-16 23:33:12.097074,Paris-bb4c,-30,17,Normal
2026-02-16 23:33:13.097074,Paris-bb4c,15,70,Normal
2026-02-16 23:33:14.097074,Paris-bb4c,-6,7,Normal
2026-02-16 23:33:15.097074,Paris-bb4c,-26,56,Normal
2026-02-16 23:33:16.097074,Paris-bb4c,39,62,Normal
2026-02-16 23:33:17.097074,Paris-bb4c,-1,45,Normal
2026-02-16 23:33:18.097074,Paris-bb4c,-8,75,Normal
2026-02-16 23:33:19.097074,Paris-bb4c,39,39,Normal
2026-02-16 23:33:20.097074,Paris-bb4c,41,34,Normal
2026-02-16 23:33:21.097074,Paris-bb4c,36,18,Normal
2026-02-16 23:33:22.097074,Paris-bb4c,-28,6,Normal
2026-02-16 23:33:23.097074,Paris-bb4c,4,76,Normal
2026-02-16 23:33:24.097074,Paris-bb4c,3,84,Normal
2026-02-16 23:33:25.097074,Paris-bb4c,-25,34,Normal
2026-02-16 23:33:26.097074,Paris-bb4c,-19,50,Normal
2026-02-16 23:33:27.097074,Paris-bb4c,31,55,Normal
2026-02-16 23:33:28.097074,Paris-bb4c,-14,24,Normal
2026-02-16 23:33:29.097074,Paris-bb4c,28,47,Normal
2026-02-16 23:33:30.097074,Paris-bb4c,41,19,Normal
2026-02-16 23:33:31.097074,Paris-bb4c,-19,9,Normal
2026-02-16 23:33:32.097074,Paris-bb4c,32,44,Normal
2026-02-16 23:33:33.097074,Paris-bb4c,-8,13,Normal
2026-02-16 23:33:34.097074,Paris-bb4c,-11,2,Normal
2026-02-16 23:33:35.097074,Paris-bb4c,-3,86,Normal
2026-02-16 23:33:36.097074,Paris-bb4c,29,19,Normal
2026-02-16 23:33:37.097074,Paris-bb4c,-23,14,Normal
2026-02-16 23:33:38.097074,Paris-bb4c,13,7,Normal
2026-02-16 23:33:39.097074,Paris-bb4c,-12,32,Normal
2026-02-16 23:33:40.097074,Paris-bb4c,7,13,Normal
2026-02-16 23:33:41.097074,Paris-bb4c,-14,64,Normal
2026-02-16 23:33:42.097074,Paris-bb4c,3,75,Normal
2026-02-16 23:33:43.097074,Paris-bb4c,11,80,Normal
2026-02-16 23:33:44.097074,Paris-bb4c,29,76,Normal
2026-02-16 23:33:45.097074,Paris-bb4c,24,29,Normal
2026-02-16 23:33:46.097074,Paris-bb4c,7,24,Normal
2026-02-16 23:33:47.097074,Paris-bb4c,-4,76,Normal
2026-02-16 23:33:48.097074,Paris-bb4c,-19,33,Normal
2026-02-16 23:33:49.097074,Paris-bb4c,12,65,Normal
2026-02-16 23:33:50.097074,Paris-bb4c,2,95,Normal
2026-02-16 23:33:51.097074,Paris-bb4c,-30,60,Normal
2026-02-16 23:33:52.097074,Paris-bb4c,-13,58,Normal
2026-02-16 23:33:53.097074,Paris-bb4c,-3,21,Normal
2026-02-16 23:33:54.097074,Paris-bb4c,25,73,Normal
2026-02-16 23:33:55.097074,Paris-bb4c,0,52,Normal
2026-02-16 23:33:56.097074,Paris-bb4c,17,26,Normal
2026-02-16 23:33:57.097074,Paris-bb4c,49,75,Normal
2026-02-16 23:33:58.097074,Paris-bb4c,-4,70,Normal
2026-02-16 23:33:59.097074,Paris-bb4c,11,78,Normal
2026-02-16 23:34:00.097074,Paris-bb4c,6,66,Normal
2026-02-16 23:34:01.097074,Paris-bb4c,41,96,Normal
2026-02-16 23:34:02.097074,Paris-bb4c,38,20,Normal
2026-02-16 23:34:03.097074,Paris-bb4c,42,44,Normal
2026-02-16 23:34:04.097074,Paris-bb4c,19,91,Normal
2026-02-16 23:34:05.097074,Paris-bb4c,-3,76,Normal
2026-02-16 23:34:06.097074,Paris-bb4c,48,39,Normal
2026-02-16 23:34:07.097074,Paris-bb4c,-22,22,Normal
2026-02-16 23:34:08.097074,Paris-bb4c,22,85,Normal
2026-02-16 23:34:09.097074,Paris-bb4c,-8,64,Normal
2026-02-16 23:34:10.097074,Paris-bb4c,8,26,Normal
2026-02-16 23:34:11.097074,Paris-bb4c,15,22,Normal
2026-02-16 23:34:12.097074,Paris-bb4c,26,54,Normal
2026-02-16 23:34:13.097074,Paris-bb4c,38,26,Normal
2026-02-16 23:34:14.097074,Paris-bb4c,-1,92,Normal
2026-02-16 23:34:15.097074,Paris-bb4c,0,81,Normal
2026-02-16 23:34:16.097074,Paris-bb4c,40,1,Normal
2026-02-16 23:34:17.097074,Paris-bb4c,40,99,Normal
2026-02-16 23:34:18.097074,Paris-bb4c,30,90,Normal
2026-02-16 23:34:19.097074,Paris-bb4c,17,91,Normal
2026-02-16 23:34:20.097074,Paris-bb4c,45,34,Normal
2026-02-16 23:34:21.097074,Paris-bb4c,26,85,Normal
2026-02-16 23:34:22.097074,Paris-bb4c,45,62,Normal
2026-02-16 23:34:23.097074,Paris-bb4c,7,8,Normal
2026-02-16 23:34:24.097074,Paris-bb4c,30,93,Normal
2026-02-16 23:34:25.097074,Paris-bb4c,19,56,Normal
2026-02-16 23:34:26.097074,Paris-bb4c,28,7,Normal
2026-02-16 23:34:27.097074,Paris-bb4c,9,98,Normal
2026-02-16 23:34:28.097074,Paris-bb4c,44,83,Normal
2026-02-16 23:34:29.097074,Paris-bb4c,48,72,Normal
2026-02-16 23:34:30.097074,Paris-bb4c,-13,95,Normal
2026-02-16 23:34:31.097074,Paris-bb4c,-19,8,Normal
2026-02-16 23:34:32.097074,Paris-bb4c,-6,69,Normal
2026-02-16 23:34:33.097074,Paris-bb4c,-10,35,Normal
2026-02-16 23:34:34.097074,Paris-bb4c,11,48,Normal
2026-02-16 23:34:35.097074,Paris-bb4c,-4,1,Normal
2026-02-16 23:34:36.097074,Paris-bb4c,-30,79,Normal
2026-02-16 23:34:37.097074,Paris-bb4c,-8,81,Normal
2026-02-16 23:34:38.097074,Paris-bb4c,9,34,Normal
2026-02-16 23:34:39.097074,Paris-bb4c,33,2,Normal
2026-02-16 23:34:40.097074,Paris-bb4c,44,41,Normal
2026-02-16 23:34:41.097074,Paris-bb4c,-26,90,Normal
2026-02-16 23:34:42.097074,Paris-bb4c,1,28,Normal
2026-02-16 23:34:43.097074,Paris-bb4c,33,84,Normal
2026-02-16 23:34:44.097074,Paris-bb4c,12,2,Normal
2026-02-16 23:34:45.097074,Paris-bb4c,15,37,Normal
2026-02-16 23:34:46.097074,Paris-bb4c,-18,19,Normal
2026-02-16 23:34:47.097074,Paris-bb4c,-26,66,Normal
2026-02-16 23:34:48.097074,Paris-bb4c,47,28,Normal
2026-02-16 23:34:49.097074,Paris-bb4c,47,2,Normal
2026-02-16 23:34:50.097074,Paris-bb4c,45,64,Normal
2026-02-16 23:34:51.097074,Paris-bb4c,19,10,Normal
2026-02-16 23:34:52.097074,Paris-bb4c,36,69,Normal
2026-02-16 23:34:53.097074,Paris-bb4c,12,12,Normal
2026-02-16 23:34:54.097074,Paris-bb4c,41,84,Normal
2026-02-16 23:34:55.097074,Paris-bb4c,-30,21,Normal
2026-02-16 23:34:56.097074,Paris-bb4c,36,87,Normal
2026-02-16 23:34:57.097074,Paris-bb4c,-18,75,Normal
2026-02-16 23:34:58.097074,Paris-bb4c,7,89,Normal
2026-02-16 23:34:59.097074,Paris-bb4c,-14,41,Normal
2026-02-16 23:35:00.097074,Paris-bb4c,1,26,Normal
2026-02-16 23:35:01.097074,Paris-bb4c,-9,1,Normal
2026-02-16 23:35:02.097074,Paris-bb4c,-24,31,Normal
2026-02-16 23:35:03.097074,Paris-bb4c,-20,62,Normal
2026-02-16 23:35:04.097074,Paris-bb4c,-7,77,Normal
2026-02-16 23:35:05.097074,Paris-bb4c,21,61,Normal
2026-02-16 23:35:06.097074,Paris-bb4c,15,94,Normal
2026-02-16 23:35:07.097074,Paris-bb4c,37,91,Normal
2026-02-16 23:35:08.097074,Paris-bb4c,9,33,Normal
2026-02-16 23:35:09.097074,Paris-bb4c,-4,98,Normal
2026-02-16 23:35:10.097074,Paris-bb4c,-5,75,Normal
2026-02-16 23:35:11.097074,Paris-bb4c,-29,10,Normal
2026-02-16 23:35:12.097074,Paris-bb4c,36,39,Normal
2026-02-16 23:35:13.097074,Paris-bb4c,22,41,Normal
2026-02-16 23:35:14.097074,Paris-bb4c,31,12,Normal
2026-02-16 23:35:15.097074,Paris-bb4c,27,9,Normal
2026-02-16 23:35:16.097074,Paris-bb4c,-16,66,Normal
2026-02-16 23:35:17.097074,Paris-bb4c,-30,79,Normal
2026-02-16 23:35:18.097074,Paris-bb4c,28,47,Normal
2026-02-16 23:35:19.097074,Paris-bb4c,-16,9,Normal
2026-02-16 23:35:20.097074,Paris-bb4c,28,69,Normal
2026-02-16 23:35:21.097074,Paris-bb4c,-6,31,Normal
2026-02-16 23:35:22.097074,Paris-bb4c,-14,22,Normal
2026-02-16 23:35:23.097074,Paris-bb4c,19,56,Normal
2026-02-16 23:35:24.097074,Paris-bb4c,45,54,Normal
2026-02-16 23:35:25.097074,Paris-bb4c,11,14,Normal
2026-02-16 23:35:26.097074,Paris-bb4c,-13,92,Normal
2026-02-16 23:35:27.097074,Paris-bb4c,28,68,Normal
2026-02-16 23:35:28.097074,Paris-bb4c,40,57,Normal
2026-02-16 23:35:29.097074,Paris-bb4c,-18,3,Normal
2026-02-16 23:35:30.097074,Paris-bb4c,-17,5,Normal
2026-02-16 23:35:31.097074,Paris-bb4c,14,50,Normal
2026-02-16 23:35:32.097074,Paris-bb4c,-17,57,Normal
2026-02-16 23:35:33.097074,Paris-bb4c,18,67,Normal
2026-02-16 23:35:34.097074,Paris-bb4c,-21,58,Normal
2026-02-16 23:35:35.097074,Paris-bb4c,36,67,Normal
2026-02-16 23:35:36.097074,Paris-bb4c,9,37,Normal
2026-02-16 23:35:37.097074,Paris-bb4c,2,69,Normal
2026-02-16 23:35:38.097074,Paris-bb4c,47,42,Normal
