timestamp,station_id,temp,humid,condition
2026-02-09 22:09:33.987760,Toronto-69d9,-13,87,Normal
2026-02-09 22:09:34.987760,Toronto-69d9,3,27,Normal
2026-02-09 22:09:35.987760,Toronto-69d9,40,59,Normal
2026-02-09 22:09:36.987760,Toronto-69d9,-18,23,Normal
2026-02-09 22:09:37.987760,Toronto-69d9,-19,80,Normal
2026-02-09 22:09:38.987760,Toronto-69d9,-17,8,Normal
2026-02-09 22:09:39.987760,Toronto-69d9,41,47,Normal
2026-02-09 22:09:40.987760,Toronto-69d9,16,42,Normal
2026-02-09 22:09:41.987760,Toronto-69d9,-22,1,Normal
2026-02-09 22:09:42.987760,Toronto-69d9,14,59,Normal
2026-02-09 22:09:43.987760,Toronto-69d9,29,95,Normal
2026-02-09 22:09:44.987760,Toronto-69d9,-30,20,Normal
2026-02-09 22:09:45.987760,Toronto-69d9,22,75,Normal
2026-02-09 22:09:46.987760,Toronto-69d9,-17,91,Normal
2026-02-09 22:09:47.987760,Toronto-69d9,7,27,Normal
2026-02-09 22:09:48.987760,Toronto-69d9,10,60,Normal
2026-02-09 22:09:49.987760,Toronto-69d9,41,77,Normal
2026-02-09 22:09:50.987760,Toronto-69d9,-23,26,Normal
2026-02-09 22:09:51.987760,Toronto-69d9,18,11,Normal
2026-02-09 22:09:52.987760,Toronto-69d9,-2,61,Normal
2026-02-09 22:09:53.987760,Toronto-69d9,35,31,Normal
2026-02-09 22:09:54.987760,Toronto-69d9,28,75,Normal
2026-02-09 22:09:55.987760,Toronto-69d9,29,20,Normal
2026-02-09 22:09:56.987760,Toronto-69d9,-17,74,Normal
2026-02-09 22:09:57.987760,Toronto-69d9,34,91,Normal
2026-02-09 22:09:58.987760,Toronto-69d9,8,5,Normal
2026-02-09 22:09:59.987760,Toronto-69d9,12,3,Normal
2026-02-09 22:10:00.987760,Toronto-69d9,-14,20,Normal
2026-02-09 22:10:01.987760,Toronto-69d9,-26,32,Normal
2026-02-09 22:10:02.987760,Toronto-69d9,-26,100,Normal
2026-02-09 22:10:03.987760,Toronto-69d9,6,4,Normal
2026-02-09 22:10:04.987760,Toronto-69d9,5,20,Normal
2026-02-09 22:10:05.987760,Toronto-69d9,20,9,Normal
2026-02-09 22:10:06.987760,Toronto-69d9,25,84,Normal
2026-02-09 22:10:07.987760,Toronto-69d9,13,36,Normal
2026-02-09 22:10:08.987760,Toronto-69d9,-30,32,Normal
2026-02-09 22:10:09.987760,Toronto-69d9,-25,14,Normal
2026-02-09 22:10:10.987760,Toronto-69d9,-1,40,Normal
2026-02-09 22:10:11.987760,Toronto-69d9,44,17,Normal
2026-02-09 22:10:12.987760,Toronto-69d9,-21,29,Normal
2026-02-09 22:10:13.987760,Toronto-69d9,23,71,Normal
2026-02-09 22:10:14.987760,Toronto-69d9,34,35,Normal
2026-02-09 22:10:15.987760,Toronto-69d9,28,46,Normal
2026-02-09 22:10:16.987760,Toronto-69d9,-21,54,Normal
2026-02-09 22:10:17.987760,Toronto-69d9,36,14,Normal
2026-02-09 22:10:18.987760,Toronto-69d9,18,71,Normal
2026-02-09 22:10:19.987760,Toronto-69d9,38,17,Normal
2026-02-09 22:10:20.987760,Toronto-69d9,-30,47,Normal
2026-02-09 22:10:21.987760,Toronto-69d9,25,99,Normal
2026-02-09 22:10:22.987760,Toronto-69d9,34,57,Normal
2026-02-09 22:10:23.987760,Toronto-69d9,47,54,Normal
2026-02-09 22:10:24.987760,Toronto-69d9,-3,7,Normal
2026-02-09 22:10:25.987760,Toronto-69d9,-8,98,Normal
2026-02-09 22:10:26.987760,Toronto-69d9,0,31,Normal
2026-02-09 22:10:27.987760,Toronto-69d9,12,69,Normal
2026-02-09 22:10:28.987760,Toronto-69d9,38,22,Normal
2026-02-09 22:10:29.987760,Toronto-69d9,-11,31,Normal
2026-02-09 22:10:30.987760,Toronto-69d9,6,47,Normal
2026-02-09 22:10:31.987760,Toronto-69d9,19,4,Normal
2026-02-09 22:10:32.987760,Toronto-69d9,22,41,Normal
2026-02-09 22:10:33.987760,Toronto-69d9,-17,51,Normal
2026-02-09 22:10:34.987760,Toronto-69d9,10,69,Normal
2026-02-09 22:10:35.987760,Toronto-69d9,1,71,Normal
2026-02-09 22:10:36.987760,Toronto-69d9,43,4,Normal
2026-02-09 22:10:37.987760,Toronto-69d9,-5,20,Normal
2026-02-09 22:10:38.987760,Toronto-69d9,30,91,Normal
2026-02-09 22:10:39.987760,Toronto-69d9,-28,52,Normal
2026-02-09 22:10:40.987760,Toronto-69d9,17,86,Normal
2026-02-09 22:10:41.987760,Toronto-69d9,-7,20,Normal
2026-02-09 22:10:42.987760,Toronto-69d9,48,86,Normal
2026-02-09 22:10:43.987760,Toronto-69d9,-18,77,Normal
2026-02-09 22:10:44.987760,Toronto-69d9,-14,73,Normal
2026-02-09 22:10:45.987760,Toronto-69d9,-8,36,Normal
2026-02-09 22:10:46.987760,Toronto-69d9,30,80,Normal
2026-02-09 22:10:47.987760,Toronto-69d9,37,4,Normal
2026-02-09 22:10:48.987760,Toronto-69d9,-27,4,Normal
2026-02-09 22:10:49.987760,Toronto-69d9,8,42,Normal
2026-02-09 22:10:50.987760,Toronto-69d9,-23,86,Normal
2026-02-09 22:10:51.987760,Toronto-69d9,-21,99,Normal
2026-02-09 22:10:52.987760,Toronto-69d9,-8,51,Normal
2026-02-09 22:10:53.987760,Toronto-69d9,12,57,Normal
2026-02-09 22:10:54.987760,Toronto-69d9,21,77,Normal
2026-02-09 22:10:55.987760,Toronto-69d9,28,85,Normal
2026-02-09 22:10:56.987760,Toronto-69d9,25,1,Normal
2026-02-09 22:10:57.987760,Toronto-69d9,18,30,Normal
2026-02-09 22:10:58.987760,Toronto-69d9,42,62,Normal
2026-02-09 22:10:59.987760,Toronto-69d9,-4,96,Normal
2026-02-09 22:11:00.987760,Toronto-69d9,30,86,Normal
2026-02-09 22:11:01.987760,Toronto-69d9,-6,0,Normal
2026-02-09 22:11:02.987760,Toronto-69d9,30,90,Normal
2026-02-09 22:11:03.987760,Toronto-69d9,8,51,Normal
2026-02-09 22:11:04.987760,Toronto-69d9,42,43,Normal
2026-02-09 22:11:05.987760,Toronto-69d9,14,18,Normal
2026-02-09 22:11:06.987760,Toronto-69d9,39,95,Normal
2026-02-09 22:11:07.987760,Toronto-69d9,-15,47,Normal
2026-02-09 22:11:08.987760,Toronto-69d9,-28,89,Normal
2026-02-09 22:11:09.987760,Toronto-69d9,24,22,Normal
2026-02-09 22:11:10.987760,Toronto-69d9,14,45,Normal
2026-02-09 22:11:11.987760,Toronto-69d9,24,15,Normal
2026-02-09 22:11:12.987760,Toronto-69d9,34,20,Normal
2026-02-09 22:11:13.987760,Toronto-69d9,46,62,Normal
2026-02-09 22:11:14.987760,Toronto-69d9,18,84,Normal
2026-02-09 22:11:15.987760,Toronto-69d9,50,0,Normal
2026-02-09 22:11:16.987760,Toronto-69d9,28,54,Normal
2026-02-09 22:11:17.987760,Toronto-69d9,46,17,Normal
2026-02-09 22:11:18.987760,Toronto-69d9,11,92,Normal
2026-02-09 22:11:19.987760,Toronto-69d9,41,7,Normal
2026-02-09 22:11:20.987760,Toronto-69d9,-21,78,Normal
2026-02-09 22:11:21.987760,Toronto-69d9,-26,15,Normal
2026-02-09 22:11:22.987760,Toronto-69d9,29,74,Normal
2026-02-09 22:11:23.987760,Toronto-69d9,-16,32,Normal
2026-02-09 22:11:24.987760,Toronto-69d9,49,85,Normal
2026-02-09 22:11:25.987760,Toronto-69d9,-15,24,Normal
2026-02-09 22:11:26.987760,Toronto-69d9,36,67,Normal
2026-02-09 22:11:27.987760,Toronto-69d9,36,70,Normal
2026-02-09 22:11:28.987760,Toronto-69d9,31,54,Normal
2026-02-09 22:11:29.987760,Toronto-69d9,45,93,Normal
2026-02-09 22:11:30.987760,Toronto-69d9,-20,75,Normal
2026-02-09 22:11:31.987760,Toronto-69d9,-7,55,Normal
2026-02-09 22:11:32.987760,Toronto-69d9,47,35,Normal
2026-02-09 22:11:33.987760,Toronto-69d9,13,35,Normal
2026-02-09 22:11:34.987760,Toronto-69d9,23,90,Normal
2026-02-09 22:11:35.987760,Toronto-69d9,4,7,Normal
2026-02-09 22:11:36.987760,Toronto-69d9,44,84,Normal
2026-02-09 22:11:37.987760,Toronto-69d9,-22,79,Normal
2026-02-09 22:11:38.987760,Toronto-69d9,22,9,Normal
2026-02-09 22:11:39.987760,Toronto-69d9,20,12,Normal
2026-02-09 22:11:40.987760,Toronto-69d9,15,94,Normal
2026-02-09 22:11:41.987760,Toronto-69d9,45,3,Normal
2026-02-09 22:11:42.987760,Toronto-69d9,7,70,Normal
2026-02-09 22:11:43.987760,Toronto-69d9,-24,36,Normal
2026-02-09 22:11:44.987760,Toronto-69d9,44,56,Normal
2026-02-09 22:11:45.987760,Toronto-69d9,45,40,Normal
2026-02-09 22:11:46.987760,Toronto-69d9,-8,95,Normal
2026-02-09 22:11:47.987760,Toronto-69d9,13,3,Normal
2026-02-09 22:11:48.987760,Toronto-69d9,-23,78,Normal
2026-02-09 22:11:49.987760,Toronto-69d9,49,64,Normal
2026-02-09 22:11:50.987760,Toronto-69d9,46,15,Normal
2026-02-09 22:11:51.987760,Toronto-69d9,-12,66,Normal
2026-02-09 22:11:52.987760,Toronto-69d9,-10,53,Normal
2026-02-09 22:11:53.987760,Toronto-69d9,50,48,Normal
2026-02-09 22:11:54.987760,Toronto-69d9,-5,69,Normal
2026-02-09 22:11:55.987760,Toronto-69d9,46,43,Normal
2026-02-09 22:11:56.987760,Toronto-69d9,-3,27,Normal
2026-02-09 22:11:57.987760,Toronto-69d9,23,72,Normal
2026-02-09 22:11:58.987760,Toronto-69d9,-4,86,Normal
2026-02-09 22:11:59.987760,Toronto-69d9,47,47,Normal
2026-02-09 22:12:00.987760,Toronto-69d9,13,93,Normal
2026-02-09 22:12:01.987760,Toronto-69d9,23,34,Normal
2026-02-09 22:12:02.987760,Toronto-69d9,-24,15,Normal
2026-02-09 22:12:03.987760,Toronto-69d9,16,3,Normal
2026-02-09 22:12:04.987760,Toronto-69d9,46,67,Normal
2026-02-09 22:12:05.987760,Toronto-69d9,-8,33,Normal
2026-02-09 22:12:06.987760,Toronto-69d9,50,42,Normal
2026-02-09 22:12:07.987760,Toronto-69d9,29,25,Normal
2026-02-09 22:12:08.987760,Toronto-69d9,27,67,Normal
2026-02-09 22:12:09.987760,Toronto-69d9,-30,11,Normal
2026-02-09 22:12:10.987760,Toronto-69d9,-5,48,Normal
2026-02-09 22:12:11.987760,Toronto-69d9,15,88,Normal
2026-02-09 22:12:12.987760,Toronto-69d9,9,51,Normal
2026-02-09 22:12:13.987760,Toronto-69d9,-1,17,Normal
2026-02-09 22:12:14.987760,Toronto-69d9,17,14,Normal
2026-02-09 22:12:15.987760,Toronto-69d9,7,11,Normal
2026-02-09 22:12:16.987760,Toronto-69d9,11,2,Normal
2026-02-09 22:12:17.987760,Toronto-69d9,5,94,Normal
2026-02-09 22:12:18.987760,Toronto-69d9,39,49,Normal
2026-02-09 22:12:19.987760,Toronto-69d9,5,65,Normal
2026-02-09 22:12:20.987760,Toronto-69d9,-30,93,Normal
2026-02-09 22:12:21.987760,Toronto-69d9,16,85,Normal
2026-02-09 22:12:22.987760,Toronto-69d9,47,61,Normal
2026-02-09 22:12:23.987760,Toronto-69d9,1,8,Normal
2026-02-09 22:12:24.987760,Toronto-69d9,10,87,Normal
2026-02-09 22:12:25.987760,Toronto-69d9,-20,96,Normal
2026-02-09 22:12:26.987760,Toronto-69d9,-9,57,Normal
2026-02-09 22:12:27.987760,Toronto-69d9,35,42,Normal
2026-02-09 22:12:28.987760,Toronto-69d9,33,39,Normal
2026-02-09 22:12:29.987760,Toronto-69d9,-20,6,Normal
2026-02-09 22:12:30.987760,Toronto-69d9,-14,67,Normal
2026-02-09 22:12:31.987760,Toronto-69d9,11,80,Normal
2026-02-09 22:12:32.987760,Toronto-69d9,3,7,Normal
2026-02-09 22:12:33.987760,Toronto-69d9,-27,76,Normal
2026-02-09 22:12:34.987760,Toronto-69d9,-24,29,Normal
2026-02-09 22:12:35.987760,Toronto-69d9,7,58,Normal
2026-02-09 22:12:36.987760,Toronto-69d9,-15,54,Normal
2026-02-09 22:12:37.987760,Toronto-69d9,12,65,Normal
2026-02-09 22:12:38.987760,Toronto-69d9,-28,59,Normal
2026-02-09 22:12:39.987760,Toronto-69d9,41,89,Normal
2026-02-09 22:12:40.987760,Toronto-69d9,-23,10,Normal
2026-02-09 22:12:41.987760,Toronto-69d9,40,27,Normal
2026-02-09 22:12:42.987760,Toronto-69d9,-10,62,Normal
2026-02-09 22:12:43.987760,Toronto-69d9,19,36,Normal
2026-02-09 22:12:44.987760,Toronto-69d9,10,34,Normal
2026-02-09 22:12:45.987760,Toronto-69d9,9,21,Normal
2026-02-09 22:12:46.987760,Toronto-69d9,11,68,Normal
2026-02-09 22:12:47.987760,Toronto-69d9,-23,15,Normal
2026-02-09 22:12:48.987760,Toronto-69d9,-8,97,Normal
2026-02-09 22:12:49.987760,Toronto-69d9,-14,37,Normal
2026-02-09 22:12:50.987760,Toronto-69d9,31,100,Normal
2026-02-09 22:12:51.987760,Toronto-69d9,29,32,Normal
2026-02-09 22:12:52.987760,Toronto-69d9,-3,42,Normal
2026-02-09 22:12:53.987760,Toronto-69d9,-13,71,Normal
2026-02-09 22:12:54.987760,Toronto-69d9,41,80,Normal
2026-02-09 22:12:55.987760,Toronto-69d9,19,72,Normal
2026-02-09 22:12:56.987760,Toronto-69d9,12,56,Normal
2026-02-09 22:12:57.987760,Toronto-69d9,37,17,Normal
2026-02-09 22:12:58.987760,Toronto-69d9,47,84,Normal
2026-02-09 22:12:59.987760,Toronto-69d9,46,16,Normal
2026-02-09 22:13:00.987760,Toronto-69d9,14,61,Normal
2026-02-09 22:13:01.987760,Toronto-69d9,-1,44,Normal
2026-02-09 22:13:02.987760,Toronto-69d9,-10,28,Normal
2026-02-09 22:13:03.987760,Toronto-69d9,-1,15,Normal
2026-02-09 22:13:04.987760,Toronto-69d9,26,53,Normal
2026-02-09 22:13:05.987760,Toronto-69d9,-27,9,Normal
2026-02-09 22:13:06.987760,Toronto-69d9,-30,70,Normal
2026-02-09 22:13:07.987760,Toronto-69d9,50,1,Normal
2026-02-09 22:13:08.987760,Toronto-69d9,27,43,Normal
2026-02-09 22:13:09.987760,Toronto-69d9,33,59,Normal
2026-02-09 22:13:10.987760,Toronto-69d9,-26,81,Normal
2026-02-09 22:13:11.987760,Toronto-69d9,22,32,Normal
2026-02-09 22:13:12.987760,Toronto-69d9,40,91,Normal
2026-02-09 22:13:13.987760,Toronto-69d9,48,75,Normal
2026-02-09 22:13:14.987760,Toronto-69d9,-9,58,Normal
2026-02-09 22:13:15.987760,Toronto-69d9,10,75,Normal
2026-02-09 22:13:16.987760,Toronto-69d9,-27,77,Normal
2026-02-09 22:13:17.987760,Toronto-69d9,3,94,Normal
2026-02-09 22:13:18.987760,Toronto-69d9,-14,10,Normal
2026-02-09 22:13:19.987760,Toronto-69d9,-7,52,Normal
2026-02-09 22:13:20.987760,Toronto-69d9,4,14,Normal
2026-02-09 22:13:21.987760,Toronto-69d9,41,10,Normal
2026-02-09 22:13:22.987760,Toronto-69d9,-8,38,Normal
2026-02-09 22:13:23.987760,Toronto-69d9,-12,84,Normal
2026-02-09 22:13:24.987760,Toronto-69d9,29,79,Normal
2026-02-09 22:13:25.987760,Toronto-69d9,-1,92,Normal
2026-02-09 22:13:26.987760,Toronto-69d9,-15,22,Normal
2026-02-09 22:13:27.987760,Toronto-69d9,11,49,Normal
2026-02-09 22:13:28.987760,Toronto-69d9,8,19,Normal
2026-02-09 22:13:29.987760,Toronto-69d9,0,66,Normal
2026-02-09 22:13:30.987760,Toronto-69d9,37,11,Normal
2026-02-09 22:13:31.987760,Toronto-69d9,-24,93,Normal
2026-02-09 22:13:32.987760,Toronto-69d9,36,50,Normal
2026-02-09 22:13:33.987760,Toronto-69d9,43,94,Normal
2026-02-09 22:13:34.987760,Toronto-69d9,36,37,Normal
2026-02-09 22:13:35.987760,Toronto-69d9,7,49,Normal
2026-02-09 22:13:36.987760,Toronto-69d9,44,32,Normal
2026-02-09 22:13:37.987760,Toronto-69d9,-20,19,Normal
2026-02-09 22:13:38.987760,Toronto-69d9,-23,40,Normal
2026-02-09 22:13:39.987760,Toronto-69d9,9,11,Normal
2026-02-09 22:13:40.987760,Toronto-69d9,-22,99,Normal
2026-02-09 22:13:41.987760,Toronto-69d9,-12,83,Normal
2026-02-09 22:13:42.987760,Toronto-69d9,37,48,Normal
2026-02-09 22:13:43.987760,Toronto-69d9,27,19,Normal
2026-02-09 22:13:44.987760,Toronto-69d9,-21,47,Normal
2026-02-09 22:13:45.987760,Toronto-69d9,-11,28,Normal
2026-02-09 22:13:46.987760,Toronto-69d9,-16,92,Normal
2026-02-09 22:13:47.987760,Toronto-69d9,4,48,Normal
2026-02-09 22:13:48.987760,Toronto-69d9,44,4,Normal
2026-02-09 22:13:49.987760,Toronto-69d9,29,91,Normal
2026-02-09 22:13:50.987760,Toronto-69d9,42,17,Normal
2026-02-09 22:13:51.987760,Toronto-69d9,30,95,Normal
2026-02-09 22:13:52.987760,Toronto-69d9,1,48,Normal
2026-02-09 22:13:53.987760,Toronto-69d9,28,42,Normal
2026-02-09 22:13:54.987760,Toronto-69d9,25,85,Normal
2026-02-09 22:13:55.987760,Toronto-69d9,-16,98,Normal
2026-02-09 22:13:56.987760,Toronto-69d9,-12,77,Normal
2026-02-09 22:13:57.987760,Toronto-69d9,28,60,Normal
2026-02-09 22:13:58.987760,Toronto-69d9,-10,99,Normal
2026-02-09 22:13:59.987760,Toronto-69d9,3,6,Normal
2026-02-09 22:14:00.987760,Toronto-69d9,30,87,Normal
2026-02-09 22:14:01.987760,Toronto-69d9,-28,79,Normal
2026-02-09 22:14:02.987760,Toronto-69d9,46,68,Normal
2026-02-09 22:14:03.987760,Toronto-69d9,18,36,Normal
2026-02-09 22:14:04.987760,Toronto-69d9,-30,7,Normal
2026-02-09 22:14:05.987760,Toronto-69d9,-3,80,Normal
2026-02-09 22:14:06.987760,Toronto-69d9,-13,77,Normal
2026-02-09 22:14:07.987760,Toronto-69d9,42,67,Normal
2026-02-09 22:14:08.987760,Toronto-69d9,10,50,Normal
2026-02-09 22:14:09.987760,Toronto-69d9,28,36,Normal
2026-02-09 22:14:10.987760,Toronto-69d9,-14,26,Normal
2026-02-09 22:14:11.987760,Toronto-69d9,-8,10,Normal
2026-02-09 22:14:12.987760,Toronto-69d9,10,100,Normal
2026-02-09 22:14:13.987760,Toronto-69d9,18,43,Normal
2026-02-09 22:14:14.987760,Toronto-69d9,38,80,Normal
2026-02-09 22:14:15.987760,Toronto-69d9,22,89,Normal
2026-02-09 22:14:16.987760,Toronto-69d9,11,49,Normal
2026-02-09 22:14:17.987760,Toronto-69d9,-7,2,Normal
2026-02-09 22:14:18.987760,Toronto-69d9,49,76,Normal
2026-02-09 22:14:19.987760,Toronto-69d9,24,68,Normal
2026-02-09 22:14:20.987760,Toronto-69d9,6,47,Normal
2026-02-09 22:14:21.987760,Toronto-69d9,-29,99,Normal
2026-02-09 22:14:22.987760,Toronto-69d9,34,65,Normal
2026-02-09 22:14:23.987760,Toronto-69d9,41,8,Normal
2026-02-09 22:14:24.987760,Toronto-69d9,37,49,Normal
2026-02-09 22:14:25.987760,Toronto-69d9,18,21,Normal
2026-02-09 22:14:26.987760,Toronto-69d9,-4,82,Normal
2026-02-09 22:14:27.987760,Toronto-69d9,34,73,Normal
2026-02-09 22:14:28.987760,Toronto-69d9,-5,86,Normal
2026-02-09 22:14:29.987760,Toronto-69d9,23,99,Normal
2026-02-09 22:14:30.987760,Toronto-69d9,-14,14,Normal
2026-02-09 22:14:31.987760,Toronto-69d9,30,5,Normal
2026-02-09 22:14:32.987760,Toronto-69d9,37,98,Normal
2026-02-09 22:14:33.987760,Toronto-69d9,27,84,Normal
2026-02-09 22:14:34.987760,Toronto-69d9,-22,83,Normal
2026-02-09 22:14:35.987760,Toronto-69d9,4,0,Normal
2026-02-09 22:14:36.987760,Toronto-69d9,-25,38,Normal
2026-02-09 22:14:37.987760,Toronto-69d9,-9,80,Normal
2026-02-09 22:14:38.987760,Toronto-69d9,4,78,Normal
2026-02-09 22:14:39.987760,Toronto-69d9,26,90,Normal
2026-02-09 22:14:40.987760,Toronto-69d9,-10,60,Normal
2026-02-09 22:14:41.987760,Toronto-69d9,36,33,Normal
2026-02-09 22:14:42.987760,Toronto-69d9,37,65,Normal
2026-02-09 22:14:43.987760,Toronto-69d9,19,59,Normal
2026-02-09 22:14:44.987760,Toronto-69d9,30,71,Normal
2026-02-09 22:14:45.987760,Toronto-69d9,-25,33,Normal
2026-02-09 22:14:46.987760,Toronto-69d9,-17,56,Normal
2026-02-09 22:14:47.987760,Toronto-69d9,37,56,Normal
2026-02-09 22:14:48.987760,Toronto-69d9,47,29,Normal
2026-02-09 22:14:49.987760,Toronto-69d9,1,44,Normal
2026-02-09 22:14:50.987760,Toronto-69d9,-25,77,Normal
2026-02-09 22:14:51.987760,Toronto-69d9,6,19,Normal
2026-02-09 22:14:52.987760,Toronto-69d9,50,20,Normal
2026-02-09 22:14:53.987760,Toronto-69d9,43,24,Normal
2026-02-09 22:14:54.987760,Toronto-69d9,28,73,Normal
2026-02-09 22:14:55.987760,Toronto-69d9,41,54,Normal
2026-02-09 22:14:56.987760,Toronto-69d9,-29,6,Normal
2026-02-09 22:14:57.987760,Toronto-69d9,-28,69,Normal
2026-02-09 22:14:58.987760,Toronto-69d9,-17,38,Normal
2026-02-09 22:14:59.987760,Toronto-69d9,-17,74,Normal
2026-02-09 22:15:00.987760,Toronto-69d9,-21,15,Normal
2026-02-09 22:15:01.987760,Toronto-69d9,43,67,Normal
2026-02-09 22:15:02.987760,Toronto-69d9,36,15,Normal
2026-02-09 22:15:03.987760,Toronto-69d9,35,66,Normal
2026-02-09 22:15:04.987760,Toronto-69d9,-27,9,Normal
2026-02-09 22:15:05.987760,Toronto-69d9,40,22,Normal
2026-02-09 22:15:06.987760,Toronto-69d9,-15,92,Normal
2026-02-09 22:15:07.987760,Toronto-69d9,-23,24,Normal
2026-02-09 22:15:08.987760,Toronto-69d9,32,56,Normal
2026-02-09 22:15:09.987760,Toronto-69d9,-21,52,Normal
2026-02-09 22:15:10.987760,Toronto-69d9,-14,87,Normal
2026-02-09 22:15:11.987760,Toronto-69d9,13,53,Normal
2026-02-09 22:15:12.987760,Toronto-69d9,46,58,Normal
2026-02-09 22:15:13.987760,Toronto-69d9,-5,0,Normal
2026-02-09 22:15:14.987760,Toronto-69d9,-17,76,Normal
2026-02-09 22:15:15.987760,Toronto-69d9,45,63,Normal
2026-02-09 22:15:16.987760,Toronto-69d9,-19,32,Normal
2026-02-09 22:15:17.987760,Toronto-69d9,32,62,Normal
2026-02-09 22:15:18.987760,Toronto-69d9,-25,12,Normal
2026-02-09 22:15:19.987760,Toronto-69d9,43,68,Normal
2026-02-09 22:15:20.987760,Toronto-69d9,2,41,Normal
2026-02-09 22:15:21.987760,Toronto-69d9,46,44,Normal
2026-02-09 22:15:22.987760,Toronto-69d9,-17,27,Normal
2026-02-09 22:15:23.987760,Toronto-69d9,20,82,Normal
2026-02-09 22:15:24.987760,Toronto-69d9,45,46,Normal
2026-02-09 22:15:25.987760,Toronto-69d9,24,30,Normal
2026-02-09 22:15:26.987760,Toronto-69d9,6,17,Normal
2026-02-09 22:15:27.987760,Toronto-69d9,16,60,Normal
2026-02-09 22:15:28.987760,Toronto-69d9,24,60,Normal
2026-02-09 22:15:29.987760,Toronto-69d9,40,22,Normal
2026-02-09 22:15:30.987760,Toronto-69d9,1,35,Normal
2026-02-09 22:15:31.987760,Toronto-69d9,-7,58,Normal
2026-02-09 22:15:32.987760,Toronto-69d9,-6,8,Normal
2026-02-09 22:15:33.987760,Toronto-69d9,32,63,Normal
2026-02-09 22:15:34.987760,Toronto-69d9,-8,25,Normal
2026-02-09 22:15:35.987760,Toronto-69d9,-22,21,Normal
2026-02-09 22:15:36.987760,Toronto-69d9,-24,51,Normal
2026-02-09 22:15:37.987760,Toronto-69d9,-28,18,Normal
2026-02-09 22:15:38.987760,Toronto-69d9,-7,24,Normal
2026-02-09 22:15:39.987760,Toronto-69d9,12,54,Normal
2026-02-09 22:15:40.987760,Toronto-69d9,20,75,Normal
2026-02-09 22:15:41.987760,Toronto-69d9,50,31,Normal
2026-02-09 22:15:42.987760,Toronto-69d9,22,1,Normal
2026-02-09 22:15:43.987760,Toronto-69d9,7,21,Normal
2026-02-09 22:15:44.987760,Toronto-69d9,-26,5,Normal
2026-02-09 22:15:45.987760,Toronto-69d9,-14,80,Normal
2026-02-09 22:15:46.987760,Toronto-69d9,-25,50,Normal
2026-02-09 22:15:47.987760,Toronto-69d9,-13,35,Normal
2026-02-09 22:15:48.987760,Toronto-69d9,-19,34,Normal
2026-02-09 22:15:49.987760,Toronto-69d9,-22,99,Normal
2026-02-09 22:15:50.987760,Toronto-69d9,18,21,Normal
2026-02-09 22:15:51.987760,Toronto-69d9,45,14,Normal
2026-02-09 22:15:52.987760,Toronto-69d9,-22,55,Normal
2026-02-09 22:15:53.987760,Toronto-69d9,35,88,Normal
2026-02-09 22:15:54.987760,Toronto-69d9,-16,25,Normal
2026-02-09 22:15:55.987760,Toronto-69d9,33,74,Normal
2026-02-09 22:15:56.987760,Toronto-69d9,36,100,Normal
2026-02-09 22:15:57.987760,Toronto-69d9,46,72,Normal
2026-02-09 22:15:58.987760,Toronto-69d9,-14,64,Normal
2026-02-09 22:15:59.987760,Toronto-69d9,21,6,Normal
2026-02-09 22:16:00.987760,Toronto-69d9,16,61,Normal
2026-02-09 22:16:01.987760,Toronto-69d9,-1,4,Normal
2026-02-09 22:16:02.987760,Toronto-69d9,-21,85,Normal
2026-02-09 22:16:03.987760,Toronto-69d9,-15,88,Normal
2026-02-09 22:16:04.987760,Toronto-69d9,-26,69,Normal
2026-02-09 22:16:05.987760,Toronto-69d9,26,55,Normal
2026-02-09 22:16:06.987760,Toronto-69d9,-7,34,Normal
2026-02-09 22:16:07.987760,Toronto-69d9,7,7,Normal
2026-02-09 22:16:08.987760,Toronto-69d9,32,85,Normal
2026-02-09 22:16:09.987760,Toronto-69d9,29,100,Normal
2026-02-09 22:16:10.987760,Toronto-69d9,37,16,Normal
2026-02-09 22:16:11.987760,Toronto-69d9,-19,98,Normal
2026-02-09 22:16:12.987760,Toronto-69d9,-26,76,Normal
2026-02-09 22:16:13.987760,Toronto-69d9,8,43,Normal
2026-02-09 22:16:14.987760,Toronto-69d9,-9,19,Normal
2026-02-09 22:16:15.987760,Toronto-69d9,-17,27,Normal
2026-02-09 22:16:16.987760,Toronto-69d9,-4,39,Normal
2026-02-09 22:16:17.987760,Toronto-69d9,4,22,Normal
2026-02-09 22:16:18.987760,Toronto-69d9,37,5,Normal
2026-02-09 22:16:19.987760,Toronto-69d9,28,61,Normal
2026-02-09 22:16:20.987760,Toronto-69d9,36,21,Normal
2026-02-09 22:16:21.987760,Toronto-69d9,-4,71,Normal
2026-02-09 22:16:22.987760,Toronto-69d9,31,16,Normal
2026-02-09 22:16:23.987760,Toronto-69d9,-30,79,Normal
2026-02-09 22:16:24.987760,Toronto-69d9,-12,12,Normal
2026-02-09 22:16:25.987760,Toronto-69d9,20,58,Normal
2026-02-09 22:16:26.987760,Toronto-69d9,42,89,Normal
2026-02-09 22:16:27.987760,Toronto-69d9,37,78,Normal
2026-02-09 22:16:28.987760,Toronto-69d9,25,64,Normal
2026-02-09 22:16:29.987760,Toronto-69d9,44,93,Normal
2026-02-09 22:16:30.987760,Toronto-69d9,-3,82,Normal
2026-02-09 22:16:31.987760,Toronto-69d9,-14,91,Normal
2026-02-09 22:16:32.987760,Toronto-69d9,-13,97,Normal
2026-02-09 22:16:33.987760,Toronto-69d9,-18,10,Normal
2026-02-09 22:16:34.987760,Toronto-69d9,31,55,Normal
2026-02-09 22:16:35.987760,Toronto-69d9,44,83,Normal
2026-02-09 22:16:36.987760,Toronto-69d9,-30,94,Normal
2026-02-09 22:16:37.987760,Toronto-69d9,-14,72,Normal
2026-02-09 22:16:38.987760,Toronto-69d9,47,85,Normal
2026-02-09 22:16:39.987760,Toronto-69d9,29,63,Normal
2026-02-09 22:16:40.987760,Toronto-69d9,-3,72,Normal
2026-02-09 22:16:41.987760,Toronto-69d9,30,15,Normal
2026-02-09 22:16:42.987760,Toronto-69d9,-21,84,Normal
2026-02-09 22:16:43.987760,Toronto-69d9,-20,81,Normal
2026-02-09 22:16:44.987760,Toronto-69d9,-20,72,Normal
2026-02-09 22:16:45.987760,Toronto-69d9,-2,23,Normal
2026-02-09 22:16:46.987760,Toronto-69d9,-20,82,Normal
2026-02-09 22:16:47.987760,Toronto-69d9,21,21,Normal
2026-02-09 22:16:48.987760,Toronto-69d9,-17,64,Normal
2026-02-09 22:16:49.987760,Toronto-69d9,-19,36,Normal
2026-02-09 22:16:50.987760,Toronto-69d9,44,53,Normal
2026-02-09 22:16:51.987760,Toronto-69d9,38,100,Normal
2026-02-09 22:16:52.987760,Toronto-69d9,25,80,Normal
2026-02-09 22:16:53.987760,Toronto-69d9,49,100,Normal
2026-02-09 22:16:54.987760,Toronto-69d9,40,18,Normal
2026-02-09 22:16:55.987760,Toronto-69d9,-23,33,Normal
2026-02-09 22:16:56.987760,Toronto-69d9,-7,30,Normal
2026-02-09 22:16:57.987760,Toronto-69d9,-22,88,Normal
2026-02-09 22:16:58.987760,Toronto-69d9,-29,93,Normal
2026-02-09 22:16:59.987760,Toronto-69d9,-14,42,Normal
2026-02-09 22:17:00.987760,Toronto-69d9,46,70,Normal
2026-02-09 22:17:01.987760,Toronto-69d9,36,15,Normal
2026-02-09 22:17:02.987760,Toronto-69d9,36,98,Normal
2026-02-09 22:17:03.987760,Toronto-69d9,-19,62,Normal
2026-02-09 22:17:04.987760,Toronto-69d9,-23,61,Normal
2026-02-09 22:17:05.987760,Toronto-69d9,16,43,Normal
2026-02-09 22:17:06.987760,Toronto-69d9,-10,18,Normal
2026-02-09 22:17:07.987760,Toronto-69d9,23,39,Normal
2026-02-09 22:17:08.987760,Toronto-69d9,40,96,Normal
2026-02-09 22:17:09.987760,Toronto-69d9,6,64,Normal
2026-02-09 22:17:10.987760,Toronto-69d9,-10,75,Normal
2026-02-09 22:17:11.987760,Toronto-69d9,9,14,Normal
2026-02-09 22:17:12.987760,Toronto-69d9,-12,79,Normal
2026-02-09 22:17:13.987760,Toronto-69d9,40,78,Normal
2026-02-09 22:17:14.987760,Toronto-69d9,-1,28,Normal
2026-02-09 22:17:15.987760,Toronto-69d9,44,98,Normal
2026-02-09 22:17:16.987760,Toronto-69d9,0,40,Normal
2026-02-09 22:17:17.987760,Toronto-69d9,22,98,Normal
2026-02-09 22:17:18.987760,Toronto-69d9,16,77,Normal
2026-02-09 22:17:19.987760,Toronto-69d9,26,25,Normal
2026-02-09 22:17:20.987760,Toronto-69d9,-17,60,Normal
2026-02-09 22:17:21.987760,Toronto-69d9,46,84,Normal
2026-02-09 22:17:22.987760,Toronto-69d9,-6,10,Normal
2026-02-09 22:17:23.987760,Toronto-69d9,29,98,Normal
2026-02-09 22:17:24.987760,Toronto-69d9,-12,13,Normal
2026-02-09 22:17:25.987760,Toronto-69d9,42,32,Normal
2026-02-09 22:17:26.987760,Toronto-69d9,21,46,Normal
2026-02-09 22:17:27.987760,Toronto-69d9,31,62,Normal
2026-02-09 22:17:28.987760,Toronto-69d9,36,72,Normal
2026-02-09 22:17:29.987760,Toronto-69d9,38,44,Normal
2026-02-09 22:17:30.987760,Toronto-69d9,-28,59,Normal
2026-02-09 22:17:31.987760,Toronto-69d9,16,29,Normal
2026-02-09 22:17:32.987760,Toronto-69d9,13,87,Normal
2026-02-09 22:17:33.987760,Toronto-69d9,-5,53,Normal
2026-02-09 22:17:34.987760,Toronto-69d9,16,72,Normal
2026-02-09 22:17:35.987760,Toronto-69d9,45,27,Normal
2026-02-09 22:17:36.987760,Toronto-69d9,-7,93,Normal
2026-02-09 22:17:37.987760,Toronto-69d9,19,46,Normal
2026-02-09 22:17:38.987760,Toronto-69d9,-14,3,Normal
2026-02-09 22:17:39.987760,Toronto-69d9,36,19,Normal
2026-02-09 22:17:40.987760,Toronto-69d9,24,39,Normal
2026-02-09 22:17:41.987760,Toronto-69d9,24,40,Normal
2026-02-09 22:17:42.987760,Toronto-69d9,15,26,Normal
2026-02-09 22:17:43.987760,Toronto-69d9,-2,79,Normal
2026-02-09 22:17:44.987760,Toronto-69d9,-20,93,Normal
2026-02-09 22:17:45.987760,Toronto-69d9,25,60,Normal
2026-02-09 22:17:46.987760,Toronto-69d9,-2,59,Normal
2026-02-09 22:17:47.987760,Toronto-69d9,2,34,Normal
2026-02-09 22:17:48.987760,Toronto-69d9,36,61,Normal
2026-02-09 22:17:49.987760,Toronto-69d9,39,94,Normal
2026-02-09 22:17:50.987760,Toronto-69d9,3,78,Normal
2026-02-09 22:17:51.987760,Toronto-69d9,-30,69,Normal
2026-02-09 22:17:52.987760,Toronto-69d9,9,45,Normal
2026-02-09 22:17:53.987760,Toronto-69d9,17,71,Normal
2026-02-09 22:17:54.987760,Toronto-69d9,-29,71,Normal
2026-02-09 22:17:55.987760,Toronto-69d9,41,49,Normal
2026-02-09 22:17:56.987760,Toronto-69d9,-14,53,Normal
2026-02-09 22:17:57.987760,Toronto-69d9,33,46,Normal
2026-02-09 22:17:58.987760,Toronto-69d9,40,70,Normal
2026-02-09 22:17:59.987760,Toronto-69d9,-28,97,Normal
2026-02-09 22:18:00.987760,Toronto-69d9,-30,29,Normal
2026-02-09 22:18:01.987760,Toronto-69d9,50,82,Normal
2026-02-09 22:18:02.987760,Toronto-69d9,42,4,Normal
2026-02-09 22:18:03.987760,Toronto-69d9,-17,62,Normal
2026-02-09 22:18:04.987760,Toronto-69d9,-7,38,Normal
2026-02-09 22:18:05.987760,Toronto-69d9,14,25,Normal
2026-02-09 22:18:06.987760,Toronto-69d9,-16,80,Normal
2026-02-09 22:18:07.987760,Toronto-69d9,-9,17,Normal
2026-02-09 22:18:08.987760,Toronto-69d9,-24,65,Normal
2026-02-09 22:18:09.987760,Toronto-69d9,23,57,Normal
2026-02-09 22:18:10.987760,Toronto-69d9,23,10,Normal
2026-02-09 22:18:11.987760,Toronto-69d9,-28,100,Normal
2026-02-09 22:18:12.987760,Toronto-69d9,30,55,Normal
2026-02-09 22:18:13.987760,Toronto-69d9,40,18,Normal
2026-02-09 22:18:14.987760,Toronto-69d9,47,14,Normal
2026-02-09 22:18:15.987760,Toronto-69d9,33,92,Normal
2026-02-09 22:18:16.987760,Toronto-69d9,-26,6,Normal
2026-02-09 22:18:17.987760,Toronto-69d9,47,82,Normal
2026-02-09 22:18:18.987760,Toronto-69d9,-28,50,Normal
2026-02-09 22:18:19.987760,Toronto-69d9,7,84,Normal
2026-02-09 22:18:20.987760,Toronto-69d9,30,69,Normal
2026-02-09 22:18:21.987760,Toronto-69d9,2,49,Normal
2026-02-09 22:18:22.987760,Toronto-69d9,11,89,Normal
2026-02-09 22:18:23.987760,Toronto-69d9,36,73,Normal
2026-02-09 22:18:24.987760,Toronto-69d9,-27,65,Normal
2026-02-09 22:18:25.987760,Toronto-69d9,23,46,Normal
2026-02-09 22:18:26.987760,Toronto-69d9,38,16,Normal
2026-02-09 22:18:27.987760,Toronto-69d9,1,47,Normal
2026-02-09 22:18:28.987760,Toronto-69d9,-23,12,Normal
2026-02-09 22:18:29.987760,Toronto-69d9,-10,22,Normal
2026-02-09 22:18:30.987760,Toronto-69d9,19,0,Normal
2026-02-09 22:18:31.987760,Toronto-69d9,-8,32,Normal
2026-02-09 22:18:32.987760,Toronto-69d9,37,97,Normal
2026-02-09 22:18:33.987760,Toronto-69d9,-29,75,Normal
2026-02-09 22:18:34.987760,Toronto-69d9,-23,34,Normal
2026-02-09 22:18:35.987760,Toronto-69d9,6,61,Normal
2026-02-09 22:18:36.987760,Toronto-69d9,-21,29,Normal
2026-02-09 22:18:37.987760,Toronto-69d9,-28,55,Normal
2026-02-09 22:18:38.987760,Toronto-69d9,42,19,Normal
2026-02-09 22:18:39.987760,Toronto-69d9,28,25,Normal
2026-02-09 22:18:40.987760,Toronto-69d9,-6,51,Normal
2026-02-09 22:18:41.987760,Toronto-69d9,-14,26,Normal
2026-02-09 22:18:42.987760,Toronto-69d9,-18,61,Normal
2026-02-09 22:18:43.987760,Toronto-69d9,7,81,Normal
2026-02-09 22:18:44.987760,Toronto-69d9,19,91,Normal
2026-02-09 22:18:45.987760,Toronto-69d9,-21,77,Normal
2026-02-09 22:18:46.987760,Toronto-69d9,50,62,Normal
2026-02-09 22:18:47.987760,Toronto-69d9,30,31,Normal
2026-02-09 22:18:48.987760,Toronto-69d9,26,34,Normal
2026-02-09 22:18:49.987760,Toronto-69d9,48,46,Normal
2026-02-09 22:18:50.987760,Toronto-69d9,21,56,Normal
2026-02-09 22:18:51.987760,Toronto-69d9,23,59,Normal
2026-02-09 22:18:52.987760,Toronto-69d9,-17,41,Normal
2026-02-09 22:18:53.987760,Toronto-69d9,-27,63,Normal
2026-02-09 22:18:54.987760,Toronto-69d9,34,79,Normal
2026-02-09 22:18:55.987760,Toronto-69d9,5,92,Normal
2026-02-09 22:18:56.987760,Toronto-69d9,31,13,Normal
2026-02-09 22:18:57.987760,Toronto-69d9,-11,23,Normal
2026-02-09 22:18:58.987760,Toronto-69d9,45,38,Normal
2026-02-09 22:18:59.987760,Toronto-69d9,17,6,Normal
2026-02-09 22:19:00.987760,Toronto-69d9,35,45,Normal
2026-02-09 22:19:01.987760,Toronto-69d9,27,17,Normal
2026-02-09 22:19:02.987760,Toronto-69d9,9,31,Normal
2026-02-09 22:19:03.987760,Toronto-69d9,11,83,Normal
2026-02-09 22:19:04.987760,Toronto-69d9,-26,42,Normal
2026-02-09 22:19:05.987760,Toronto-69d9,48,67,Normal
2026-02-09 22:19:06.987760,Toronto-69d9,14,73,Normal
2026-02-09 22:19:07.987760,Toronto-69d9,50,97,Normal
2026-02-09 22:19:08.987760,Toronto-69d9,-17,10,Normal
2026-02-09 22:19:09.987760,Toronto-69d9,-1,47,Normal
2026-02-09 22:19:10.987760,Toronto-69d9,-17,85,Normal
2026-02-09 22:19:11.987760,Toronto-69d9,35,9,Normal
2026-02-09 22:19:12.987760,Toronto-69d9,43,58,Normal
2026-02-09 22:19:13.987760,Toronto-69d9,8,65,Normal
2026-02-09 22:19:14.987760,Toronto-69d9,20,46,Normal
2026-02-09 22:19:15.987760,Toronto-69d9,2,36,Normal
2026-02-09 22:19:16.987760,Toronto-69d9,16,32,Normal
2026-02-09 22:19:17.987760,Toronto-69d9,30,80,Normal
2026-02-09 22:19:18.987760,Toronto-69d9,35,27,Normal
2026-02-09 22:19:19.987760,Toronto-69d9,37,99,Normal
2026-02-09 22:19:20.987760,Toronto-69d9,34,31,Normal
2026-02-09 22:19:21.987760,Toronto-69d9,9,10,Normal
2026-02-09 22:19:22.987760,Toronto-69d9,35,5,Normal
2026-02-09 22:19:23.987760,Toronto-69d9,4,27,Normal
2026-02-09 22:19:24.987760,Toronto-69d9,37,88,Normal
2026-02-09 22:19:25.987760,Toronto-69d9,9,95,Normal
2026-02-09 22:19:26.987760,Toronto-69d9,3,63,Normal
2026-02-09 22:19:27.987760,Toronto-69d9,14,82,Normal
2026-02-09 22:19:28.987760,Toronto-69d9,30,33,Normal
2026-02-09 22:19:29.987760,Toronto-69d9,31,86,Normal
2026-02-09 22:19:30.987760,Toronto-69d9,-16,100,Normal
2026-02-09 22:19:31.987760,Toronto-69d9,38,93,Normal
2026-02-09 22:19:32.987760,Toronto-69d9,10,23,Normal
2026-02-09 22:19:33.987760,Toronto-69d9,9,53,Normal
2026-02-09 22:19:34.987760,Toronto-69d9,0,7,Normal
2026-02-09 22:19:35.987760,Toronto-69d9,-14,82,Normal
2026-02-09 22:19:36.987760,Toronto-69d9,35,27,Normal
2026-02-09 22:19:37.987760,Toronto-69d9,-8,74,Normal
2026-02-09 22:19:38.987760,Toronto-69d9,-7,76,Normal
2026-02-09 22:19:39.987760,Toronto-69d9,13,74,Normal
2026-02-09 22:19:40.987760,Toronto-69d9,27,100,Normal
2026-02-09 22:19:41.987760,Toronto-69d9,38,38,Normal
2026-02-09 22:19:42.987760,Toronto-69d9,48,98,Normal
2026-02-09 22:19:43.987760,Toronto-69d9,8,56,Normal
2026-02-09 22:19:44.987760,Toronto-69d9,-26,95,Normal
2026-02-09 22:19:45.987760,Toronto-69d9,11,73,Normal
2026-02-09 22:19:46.987760,Toronto-69d9,8,87,Normal
2026-02-09 22:19:47.987760,Toronto-69d9,37,57,Normal
2026-02-09 22:19:48.987760,Toronto-69d9,0,60,Normal
2026-02-09 22:19:49.987760,Toronto-69d9,35,23,Normal
2026-02-09 22:19:50.987760,Toronto-69d9,49,27,Normal
2026-02-09 22:19:51.987760,Toronto-69d9,12,5,Normal
2026-02-09 22:19:52.987760,Toronto-69d9,29,54,Normal
2026-02-09 22:19:53.987760,Toronto-69d9,-20,12,Normal
2026-02-09 22:19:54.987760,Toronto-69d9,-29,49,Normal
2026-02-09 22:19:55.987760,Toronto-69d9,22,69,Normal
2026-02-09 22:19:56.987760,Toronto-69d9,-9,18,Normal
2026-02-09 22:19:57.987760,Toronto-69d9,36,97,Normal
2026-02-09 22:19:58.987760,Toronto-69d9,25,2,Normal
2026-02-09 22:19:59.987760,Toronto-69d9,42,34,Normal
2026-02-09 22:20:00.987760,Toronto-69d9,39,87,Normal
2026-02-09 22:20:01.987760,Toronto-69d9,39,6,Normal
2026-02-09 22:20:02.987760,Toronto-69d9,37,20,Normal
2026-02-09 22:20:03.987760,Toronto-69d9,3,3,Normal
2026-02-09 22:20:04.987760,Toronto-69d9,34,12,Normal
2026-02-09 22:20:05.987760,Toronto-69d9,1,34,Normal
2026-02-09 22:20:06.987760,Toronto-69d9,7,56,Normal
2026-02-09 22:20:07.987760,Toronto-69d9,24,58,Normal
2026-02-09 22:20:08.987760,Toronto-69d9,12,53,Normal
2026-02-09 22:20:09.987760,Toronto-69d9,-25,91,Normal
2026-02-09 22:20:10.987760,Toronto-69d9,26,54,Normal
2026-02-09 22:20:11.987760,Toronto-69d9,-22,65,Normal
2026-02-09 22:20:12.987760,Toronto-69d9,-26,20,Normal
2026-02-09 22:20:13.987760,Toronto-69d9,21,64,Normal
2026-02-09 22:20:14.987760,Toronto-69d9,-5,34,Normal
2026-02-09 22:20:15.987760,Toronto-69d9,22,26,Normal
2026-02-09 22:20:16.987760,Toronto-69d9,12,35,Normal
2026-02-09 22:20:17.987760,Toronto-69d9,-20,93,Normal
2026-02-09 22:20:18.987760,Toronto-69d9,-20,26,Normal
2026-02-09 22:20:19.987760,Toronto-69d9,41,69,Normal
2026-02-09 22:20:20.987760,Toronto-69d9,29,70,Normal
2026-02-09 22:20:21.987760,Toronto-69d9,47,38,Normal
2026-02-09 22:20:22.987760,Toronto-69d9,2,67,Normal
2026-02-09 22:20:23.987760,Toronto-69d9,-10,87,Normal
2026-02-09 22:20:24.987760,Toronto-69d9,-14,53,Normal
2026-02-09 22:20:25.987760,Toronto-69d9,38,55,Normal
2026-02-09 22:20:26.987760,Toronto-69d9,27,64,Normal
2026-02-09 22:20:27.987760,Toronto-69d9,26,64,Normal
2026-02-09 22:20:28.987760,Toronto-69d9,-1,37,Normal
2026-02-09 22:20:29.987760,Toronto-69d9,2,97,Normal
2026-02-09 22:20:30.987760,Toronto-69d9,41,83,Normal
2026-02-09 22:20:31.987760,Toronto-69d9,25,66,Normal
2026-02-09 22:20:32.987760,Toronto-69d9,-18,38,Normal
2026-02-09 22:20:33.987760,Toronto-69d9,16,5,Normal
2026-02-09 22:20:34.987760,Toronto-69d9,-22,4,Normal
2026-02-09 22:20:35.987760,Toronto-69d9,28,48,Normal
2026-02-09 22:20:36.987760,Toronto-69d9,-19,42,Normal
2026-02-09 22:20:37.987760,Toronto-69d9,9,51,Normal
2026-02-09 22:20:38.987760,Toronto-69d9,49,74,Normal
2026-02-09 22:20:39.987760,Toronto-69d9,-25,87,Normal
2026-02-09 22:20:40.987760,Toronto-69d9,1,90,Normal
2026-02-09 22:20:41.987760,Toronto-69d9,43,80,Normal
2026-02-09 22:20:42.987760,Toronto-69d9,1,42,Normal
2026-02-09 22:20:43.987760,Toronto-69d9,20,54,Normal
2026-02-09 22:20:44.987760,Toronto-69d9,20,36,Normal
2026-02-09 22:20:45.987760,Toronto-69d9,-25,37,Normal
2026-02-09 22:20:46.987760,Toronto-69d9,-13,91,Normal
2026-02-09 22:20:47.987760,Toronto-69d9,-2,67,Normal
2026-02-09 22:20:48.987760,Toronto-69d9,20,20,Normal
2026-02-09 22:20:49.987760,Toronto-69d9,45,96,Normal
2026-02-09 22:20:50.987760,Toronto-69d9,-18,26,Normal
2026-02-09 22:20:51.987760,Toronto-69d9,-2,95,Normal
2026-02-09 22:20:52.987760,Toronto-69d9,32,2,Normal
2026-02-09 22:20:53.987760,Toronto-69d9,40,73,Normal
2026-02-09 22:20:54.987760,Toronto-69d9,11,89,Normal
2026-02-09 22:20:55.987760,Toronto-69d9,30,12,Normal
2026-02-09 22:20:56.987760,Toronto-69d9,-29,64,Normal
2026-02-09 22:20:57.987760,Toronto-69d9,46,98,Normal
2026-02-09 22:20:58.987760,Toronto-69d9,-29,78,Normal
2026-02-09 22:20:59.987760,Toronto-69d9,-14,9,Normal
2026-02-09 22:21:00.987760,Toronto-69d9,42,18,Normal
2026-02-09 22:21:01.987760,Toronto-69d9,-10,72,Normal
2026-02-09 22:21:02.987760,Toronto-69d9,14,21,Normal
2026-02-09 22:21:03.987760,Toronto-69d9,23,93,Normal
2026-02-09 22:21:04.987760,Toronto-69d9,35,77,Normal
2026-02-09 22:21:05.987760,Toronto-69d9,21,35,Normal
2026-02-09 22:21:06.987760,Toronto-69d9,-10,72,Normal
2026-02-09 22:21:07.987760,Toronto-69d9,-3,24,Normal
2026-02-09 22:21:08.987760,Toronto-69d9,-8,6,Normal
2026-02-09 22:21:09.987760,Toronto-69d9,45,75,Normal
2026-02-09 22:21:10.987760,Toronto-69d9,47,87,Normal
2026-02-09 22:21:11.987760,Toronto-69d9,25,31,Normal
2026-02-09 22:21:12.987760,Toronto-69d9,-14,54,Normal
2026-02-09 22:21:13.987760,Toronto-69d9,33,23,Normal
2026-02-09 22:21:14.987760,Toronto-69d9,32,91,Normal
2026-02-09 22:21:15.987760,Toronto-69d9,42,46,Normal
2026-02-09 22:21:16.987760,Toronto-69d9,-30,52,Normal
2026-02-09 22:21:17.987760,Toronto-69d9,48,23,Normal
2026-02-09 22:21:18.987760,Toronto-69d9,20,73,Normal
2026-02-09 22:21:19.987760,Toronto-69d9,-10,21,Normal
2026-02-09 22:21:20.987760,Toronto-69d9,5,29,Normal
2026-02-09 22:21:21.987760,Toronto-69d9,-1,45,Normal
2026-02-09 22:21:22.987760,Toronto-69d9,50,32,Normal
2026-02-09 22:21:23.987760,Toronto-69d9,22,14,Normal
2026-02-09 22:21:24.987760,Toronto-69d9,49,28,Normal
2026-02-09 22:21:25.987760,Toronto-69d9,-20,76,Normal
2026-02-09 22:21:26.987760,Toronto-69d9,3,31,Normal
2026-02-09 22:21:27.987760,Toronto-69d9,19,92,Normal
2026-02-09 22:21:28.987760,Toronto-69d9,-4,58,Normal
2026-02-09 22:21:29.987760,Toronto-69d9,1,33,Normal
2026-02-09 22:21:30.987760,Toronto-69d9,-24,33,Normal
2026-02-09 22:21:31.987760,Toronto-69d9,-22,40,Normal
2026-02-09 22:21:32.987760,Toronto-69d9,29,92,Normal
2026-02-09 22:21:33.987760,Toronto-69d9,-24,13,Normal
2026-02-09 22:21:34.987760,Toronto-69d9,38,60,Normal
2026-02-09 22:21:35.987760,Toronto-69d9,-13,18,Normal
2026-02-09 22:21:36.987760,Toronto-69d9,6,8,Normal
2026-02-09 22:21:37.987760,Toronto-69d9,40,25,Normal
2026-02-09 22:21:38.987760,Toronto-69d9,-16,42,Normal
2026-02-09 22:21:39.987760,Toronto-69d9,7,35,Normal
2026-02-09 22:21:40.987760,Toronto-69d9,2,12,Normal
2026-02-09 22:21:41.987760,Toronto-69d9,2,17,Normal
2026-02-09 22:21:42.987760,Toronto-69d9,-11,78,Normal
2026-02-09 22:21:43.987760,Toronto-69d9,36,40,Normal
2026-02-09 22:21:44.987760,Toronto-69d9,0,91,Normal
2026-02-09 22:21:45.987760,Toronto-69d9,5,82,Normal
2026-02-09 22:21:46.987760,Toronto-69d9,1,23,Normal
2026-02-09 22:21:47.987760,Toronto-69d9,9,93,Normal
2026-02-09 22:21:48.987760,Toronto-69d9,-6,36,Normal
2026-02-09 22:21:49.987760,Toronto-69d9,1,9,Normal
2026-02-09 22:21:50.987760,Toronto-69d9,40,10,Normal
2026-02-09 22:21:51.987760,Toronto-69d9,23,16,Normal
2026-02-09 22:21:52.987760,Toronto-69d9,-21,59,Normal
2026-02-09 22:21:53.987760,Toronto-69d9,-8,97,Normal
2026-02-09 22:21:54.987760,Toronto-69d9,-12,94,Normal
2026-02-09 22:21:55.987760,Toronto-69d9,39,18,Normal
2026-02-09 22:21:56.987760,Toronto-69d9,29,49,Normal
2026-02-09 22:21:57.987760,Toronto-69d9,-18,56,Normal
2026-02-09 22:21:58.987760,Toronto-69d9,-16,2,Normal
2026-02-09 22:21:59.987760,Toronto-69d9,23,52,Normal
2026-02-09 22:22:00.987760,Toronto-69d9,29,12,Normal
2026-02-09 22:22:01.987760,Toronto-69d9,41,97,Normal
2026-02-09 22:22:02.987760,Toronto-69d9,13,72,Normal
2026-02-09 22:22:03.987760,Toronto-69d9,35,20,Normal
2026-02-09 22:22:04.987760,Toronto-69d9,6,49,Normal
2026-02-09 22:22:05.987760,Toronto-69d9,11,85,Normal
2026-02-09 22:22:06.987760,Toronto-69d9,-27,58,Normal
2026-02-09 22:22:07.987760,Toronto-69d9,38,9,Normal
2026-02-09 22:22:08.987760,Toronto-69d9,41,41,Normal
2026-02-09 22:22:09.987760,Toronto-69d9,-4,32,Normal
2026-02-09 22:22:10.987760,Toronto-69d9,2,49,Normal
2026-02-09 22:22:11.987760,Toronto-69d9,34,83,Normal
2026-02-09 22:22:12.987760,Toronto-69d9,38,12,Normal
2026-02-09 22:22:13.987760,Toronto-69d9,43,70,Normal
2026-02-09 22:22:14.987760,Toronto-69d9,-24,80,Normal
2026-02-09 22:22:15.987760,Toronto-69d9,-24,68,Normal
2026-02-09 22:22:16.987760,Toronto-69d9,1,30,Normal
2026-02-09 22:22:17.987760,Toronto-69d9,29,100,Normal
2026-02-09 22:22:18.987760,Toronto-69d9,18,100,Normal
2026-02-09 22:22:19.987760,Toronto-69d9,-21,87,Normal
2026-02-09 22:22:20.987760,Toronto-69d9,-22,39,Normal
2026-02-09 22:22:21.987760,Toronto-69d9,6,80,Normal
2026-02-09 22:22:22.987760,Toronto-69d9,34,80,Normal
2026-02-09 22:22:23.987760,Toronto-69d9,27,76,Normal
2026-02-09 22:22:24.987760,Toronto-69d9,-25,72,Normal
2026-02-09 22:22:25.987760,Toronto-69d9,6,59,Normal
2026-02-09 22:22:26.987760,Toronto-69d9,41,77,Normal
2026-02-09 22:22:27.987760,Toronto-69d9,4,25,Normal
2026-02-09 22:22:28.987760,Toronto-69d9,26,63,Normal
2026-02-09 22:22:29.987760,Toronto-69d9,-10,89,Normal
2026-02-09 22:22:30.987760,Toronto-69d9,-6,52,Normal
2026-02-09 22:22:31.987760,Toronto-69d9,36,83,Normal
2026-02-09 22:22:32.987760,Toronto-69d9,27,65,Normal
2026-02-09 22:22:33.987760,Toronto-69d9,39,50,Normal
2026-02-09 22:22:34.987760,Toronto-69d9,19,61,Normal
2026-02-09 22:22:35.987760,Toronto-69d9,4,13,Normal
2026-02-09 22:22:36.987760,Toronto-69d9,24,20,Normal
2026-02-09 22:22:37.987760,Toronto-69d9,38,9,Normal
2026-02-09 22:22:38.987760,Toronto-69d9,-26,48,Normal
2026-02-09 22:22:39.987760,Toronto-69d9,-28,0,Normal
2026-02-09 22:22:40.987760,Toronto-69d9,44,38,Normal
2026-02-09 22:22:41.987760,Toronto-69d9,-24,48,Normal
2026-02-09 22:22:42.987760,Toronto-69d9,-16,1,Normal
2026-02-09 22:22:43.987760,Toronto-69d9,-4,95,Normal
2026-02-09 22:22:44.987760,Toronto-69d9,11,76,Normal
2026-02-09 22:22:45.987760,Toronto-69d9,-8,86,Normal
2026-02-09 22:22:46.987760,Toronto-69d9,32,20,Normal
2026-02-09 22:22:47.987760,Toronto-69d9,-15,72,Normal
2026-02-09 22:22:48.987760,Toronto-69d9,32,94,Normal
2026-02-09 22:22:49.987760,Toronto-69d9,-6,23,Normal
2026-02-09 22:22:50.987760,Toronto-69d9,44,31,Normal
2026-02-09 22:22:51.987760,Toronto-69d9,2,68,Normal
2026-02-09 22:22:52.987760,Toronto-69d9,40,24,Normal
2026-02-09 22:22:53.987760,Toronto-69d9,-21,8,Normal
2026-02-09 22:22:54.987760,Toronto-69d9,15,92,Normal
2026-02-09 22:22:55.987760,Toronto-69d9,6,90,Normal
2026-02-09 22:22:56.987760,Toronto-69d9,21,41,Normal
2026-02-09 22:22:57.987760,Toronto-69d9,5,49,Normal
2026-02-09 22:22:58.987760,Toronto-69d9,50,23,Normal
2026-02-09 22:22:59.987760,Toronto-69d9,13,90,Normal
2026-02-09 22:23:00.987760,Toronto-69d9,-5,63,Normal
2026-02-09 22:23:01.987760,Toronto-69d9,-1,52,Normal
2026-02-09 22:23:02.987760,Toronto-69d9,27,52,Normal
2026-02-09 22:23:03.987760,Toronto-69d9,9,24,Normal
2026-02-09 22:23:04.987760,Toronto-69d9,14,74,Normal
2026-02-09 22:23:05.987760,Toronto-69d9,25,49,Normal
2026-02-09 22:23:06.987760,Toronto-69d9,-9,0,Normal
2026-02-09 22:23:07.987760,Toronto-69d9,35,72,Normal
2026-02-09 22:23:08.987760,Toronto-69d9,19,99,Normal
2026-02-09 22:23:09.987760,Toronto-69d9,-2,10,Normal
2026-02-09 22:23:10.987760,Toronto-69d9,30,67,Normal
2026-02-09 22:23:11.987760,Toronto-69d9,11,48,Normal
2026-02-09 22:23:12.987760,Toronto-69d9,47,86,Normal
2026-02-09 22:23:13.987760,Toronto-69d9,40,41,Normal
2026-02-09 22:23:14.987760,Toronto-69d9,5,3,Normal
2026-02-09 22:23:15.987760,Toronto-69d9,30,85,Normal
2026-02-09 22:23:16.987760,Toronto-69d9,1,3,Normal
2026-02-09 22:23:17.987760,Toronto-69d9,1,56,Normal
2026-02-09 22:23:18.987760,Toronto-69d9,29,52,Normal
2026-02-09 22:23:19.987760,Toronto-69d9,9,22,Normal
2026-02-09 22:23:20.987760,Toronto-69d9,0,76,Normal
2026-02-09 22:23:21.987760,Toronto-69d9,1,49,Normal
2026-02-09 22:23:22.987760,Toronto-69d9,22,89,Normal
2026-02-09 22:23:23.987760,Toronto-69d9,37,29,Normal
2026-02-09 22:23:24.987760,Toronto-69d9,8,21,Normal
2026-02-09 22:23:25.987760,Toronto-69d9,20,28,Normal
2026-02-09 22:23:26.987760,Toronto-69d9,22,3,Normal
2026-02-09 22:23:27.987760,Toronto-69d9,-8,47,Normal
2026-02-09 22:23:28.987760,Toronto-69d9,-3,2,Normal
2026-02-09 22:23:29.987760,Toronto-69d9,42,53,Normal
2026-02-09 22:23:30.987760,Toronto-69d9,26,6,Normal
2026-02-09 22:23:31.987760,Toronto-69d9,22,28,Normal
2026-02-09 22:23:32.987760,Toronto-69d9,19,57,Normal
2026-02-09 22:23:33.987760,Toronto-69d9,16,73,Normal
2026-02-09 22:23:34.987760,Toronto-69d9,-10,77,Normal
2026-02-09 22:23:35.987760,Toronto-69d9,2,90,Normal
2026-02-09 22:23:36.987760,Toronto-69d9,27,60,Normal
2026-02-09 22:23:37.987760,Toronto-69d9,43,36,Normal
2026-02-09 22:23:38.987760,Toronto-69d9,-17,83,Normal
2026-02-09 22:23:39.987760,Toronto-69d9,24,61,Normal
2026-02-09 22:23:40.987760,Toronto-69d9,15,4,Normal
2026-02-09 22:23:41.987760,Toronto-69d9,38,54,Normal
2026-02-09 22:23:42.987760,Toronto-69d9,29,25,Normal
2026-02-09 22:23:43.987760,Toronto-69d9,-15,87,Normal
2026-02-09 22:23:44.987760,Toronto-69d9,-30,36,Normal
2026-02-09 22:23:45.987760,Toronto-69d9,42,63,Normal
2026-02-09 22:23:46.987760,Toronto-69d9,3,14,Normal
2026-02-09 22:23:47.987760,Toronto-69d9,-25,34,Normal
2026-02-09 22:23:48.987760,Toronto-69d9,-24,24,Normal
2026-02-09 22:23:49.987760,Toronto-69d9,22,44,Normal
2026-02-09 22:23:50.987760,Toronto-69d9,-4,90,Normal
2026-02-09 22:23:51.987760,Toronto-69d9,11,79,Normal
2026-02-09 22:23:52.987760,Toronto-69d9,50,72,Normal
2026-02-09 22:23:53.987760,Toronto-69d9,13,71,Normal
2026-02-09 22:23:54.987760,Toronto-69d9,48,90,Normal
2026-02-09 22:23:55.987760,Toronto-69d9,-3,10,Normal
2026-02-09 22:23:56.987760,Toronto-69d9,-25,85,Normal
2026-02-09 22:23:57.987760,Toronto-69d9,5,94,Normal
2026-02-09 22:23:58.987760,Toronto-69d9,-16,12,Normal
2026-02-09 22:23:59.987760,Toronto-69d9,-22,81,Normal
2026-02-09 22:24:00.987760,Toronto-69d9,-12,64,Normal
2026-02-09 22:24:01.987760,Toronto-69d9,9,61,Normal
2026-02-09 22:24:02.987760,Toronto-69d9,46,69,Normal
2026-02-09 22:24:03.987760,Toronto-69d9,34,24,Normal
2026-02-09 22:24:04.987760,Toronto-69d9,26,34,Normal
2026-02-09 22:24:05.987760,Toronto-69d9,-13,80,Normal
2026-02-09 22:24:06.987760,Toronto-69d9,28,3,Normal
2026-02-09 22:24:07.987760,Toronto-69d9,50,43,Normal
2026-02-09 22:24:08.987760,Toronto-69d9,26,52,Normal
2026-02-09 22:24:09.987760,Toronto-69d9,39,61,Normal
2026-02-09 22:24:10.987760,Toronto-69d9,-14,64,Normal
2026-02-09 22:24:11.987760,Toronto-69d9,42,79,Normal
2026-02-09 22:24:12.987760,Toronto-69d9,49,23,Normal
2026-02-09 22:24:13.987760,Toronto-69d9,40,97,Normal
2026-02-09 22:24:14.987760,Toronto-69d9,17,87,Normal
2026-02-09 22:24:15.987760,Toronto-69d9,33,97,Normal
2026-02-09 22:24:16.987760,Toronto-69d9,-10,98,Normal
2026-02-09 22:24:17.987760,Toronto-69d9,14,72,Normal
2026-02-09 22:24:18.987760,Toronto-69d9,-11,71,Normal
2026-02-09 22:24:19.987760,Toronto-69d9,15,63,Normal
2026-02-09 22:24:20.987760,Toronto-69d9,47,47,Normal
2026-02-09 22:24:21.987760,Toronto-69d9,40,72,Normal
2026-02-09 22:24:22.987760,Toronto-69d9,-16,92,Normal
2026-02-09 22:24:23.987760,Toronto-69d9,-23,98,Normal
2026-02-09 22:24:24.987760,Toronto-69d9,27,5,Normal
2026-02-09 22:24:25.987760,Toronto-69d9,7,98,Normal
2026-02-09 22:24:26.987760,Toronto-69d9,10,2,Normal
2026-02-09 22:24:27.987760,Toronto-69d9,1,93,Normal
2026-02-09 22:24:28.987760,Toronto-69d9,19,61,Normal
2026-02-09 22:24:29.987760,Toronto-69d9,28,14,Normal
2026-02-09 22:24:30.987760,Toronto-69d9,48,96,Normal
2026-02-09 22:24:31.987760,Toronto-69d9,-5,11,Normal
2026-02-09 22:24:32.987760,Toronto-69d9,35,45,Normal
2026-02-09 22:24:33.987760,Toronto-69d9,39,68,Normal
2026-02-09 22:24:34.987760,Toronto-69d9,33,43,Normal
2026-02-09 22:24:35.987760,Toronto-69d9,-7,56,Normal
2026-02-09 22:24:36.987760,Toronto-69d9,32,25,Normal
2026-02-09 22:24:37.987760,Toronto-69d9,36,87,Normal
2026-02-09 22:24:38.987760,Toronto-69d9,13,47,Normal
2026-02-09 22:24:39.987760,Toronto-69d9,42,21,Normal
2026-02-09 22:24:40.987760,Toronto-69d9,-24,84,Normal
2026-02-09 22:24:41.987760,Toronto-69d9,-19,45,Normal
2026-02-09 22:24:42.987760,Toronto-69d9,43,31,Normal
2026-02-09 22:24:43.987760,Toronto-69d9,34,16,Normal
2026-02-09 22:24:44.987760,Toronto-69d9,-15,11,Normal
2026-02-09 22:24:45.987760,Toronto-69d9,-19,77,Normal
2026-02-09 22:24:46.987760,Toronto-69d9,42,25,Normal
2026-02-09 22:24:47.987760,Toronto-69d9,-3,64,Normal
2026-02-09 22:24:48.987760,Toronto-69d9,-12,82,Normal
2026-02-09 22:24:49.987760,Toronto-69d9,45,9,Normal
2026-02-09 22:24:50.987760,Toronto-69d9,-20,76,Normal
2026-02-09 22:24:51.987760,Toronto-69d9,31,43,Normal
2026-02-09 22:24:52.987760,Toronto-69d9,40,35,Normal
2026-02-09 22:24:53.987760,Toronto-69d9,-24,42,Normal
2026-02-09 22:24:54.987760,Toronto-69d9,5,9,Normal
2026-02-09 22:24:55.987760,Toronto-69d9,6,71,Normal
2026-02-09 22:24:56.987760,Toronto-69d9,-13,39,Normal
2026-02-09 22:24:57.987760,Toronto-69d9,26,65,Normal
2026-02-09 22:24:58.987760,Toronto-69d9,-8,94,Normal
2026-02-09 22:24:59.987760,Toronto-69d9,-1,8,Normal
2026-02-09 22:25:00.987760,Toronto-69d9,12,87,Normal
2026-02-09 22:25:01.987760,Toronto-69d9,17,46,Normal
2026-02-09 22:25:02.987760,Toronto-69d9,-25,82,Normal
2026-02-09 22:25:03.987760,Toronto-69d9,-8,71,Normal
2026-02-09 22:25:04.987760,Toronto-69d9,18,69,Normal
2026-02-09 22:25:05.987760,Toronto-69d9,-10,8,Normal
2026-02-09 22:25:06.987760,Toronto-69d9,12,82,Normal
2026-02-09 22:25:07.987760,Toronto-69d9,45,93,Normal
2026-02-09 22:25:08.987760,Toronto-69d9,6,4,Normal
2026-02-09 22:25:09.987760,Toronto-69d9,23,23,Normal
2026-02-09 22:25:10.987760,Toronto-69d9,-19,19,Normal
2026-02-09 22:25:11.987760,Toronto-69d9,11,75,Normal
2026-02-09 22:25:12.987760,Toronto-69d9,-30,46,Normal
2026-02-09 22:25:13.987760,Toronto-69d9,-2,25,Normal
2026-02-09 22:25:14.987760,Toronto-69d9,-13,4,Normal
2026-02-09 22:25:15.987760,Toronto-69d9,1,36,Normal
2026-02-09 22:25:16.987760,Toronto-69d9,-24,54,Normal
2026-02-09 22:25:17.987760,Toronto-69d9,33,7,Normal
2026-02-09 22:25:18.987760,Toronto-69d9,-5,20,Normal
2026-02-09 22:25:19.987760,Toronto-69d9,-16,94,Normal
2026-02-09 22:25:20.987760,Toronto-69d9,-25,6,Normal
2026-02-09 22:25:21.987760,Toronto-69d9,23,35,Normal
2026-02-09 22:25:22.987760,Toronto-69d9,9,13,Normal
2026-02-09 22:25:23.987760,Toronto-69d9,-24,76,Normal
2026-02-09 22:25:24.987760,Toronto-69d9,-18,93,Normal
2026-02-09 22:25:25.987760,Toronto-69d9,31,25,Normal
2026-02-09 22:25:26.987760,Toronto-69d9,7,95,Normal
2026-02-09 22:25:27.987760,Toronto-69d9,-16,79,Normal
2026-02-09 22:25:28.987760,Toronto-69d9,31,40,Normal
2026-02-09 22:25:29.987760,Toronto-69d9,18,83,Normal
2026-02-09 22:25:30.987760,Toronto-69d9,33,4,Normal
2026-02-09 22:25:31.987760,Toronto-69d9,-15,25,Normal
2026-02-09 22:25:32.987760,Toronto-69d9,-10,34,Normal
2026-02-09 22:25:33.987760,Toronto-69d9,-28,13,Normal
2026-02-09 22:25:34.987760,Toronto-69d9,-9,15,Normal
2026-02-09 22:25:35.987760,Toronto-69d9,37,55,Normal
2026-02-09 22:25:36.987760,Toronto-69d9,-12,79,Normal
2026-02-09 22:25:37.987760,Toronto-69d9,49,72,Normal
2026-02-09 22:25:38.987760,Toronto-69d9,-22,18,Normal
2026-02-09 22:25:39.987760,Toronto-69d9,44,88,Normal
2026-02-09 22:25:40.987760,Toronto-69d9,46,37,Normal
2026-02-09 22:25:41.987760,Toronto-69d9,29,84,Normal
2026-02-09 22:25:42.987760,Toronto-69d9,-28,18,Normal
2026-02-09 22:25:43.987760,Toronto-69d9,38,50,Normal
2026-02-09 22:25:44.987760,Toronto-69d9,34,22,Normal
2026-02-09 22:25:45.987760,Toronto-69d9,-6,78,Normal
2026-02-09 22:25:46.987760,Toronto-69d9,40,68,Normal
2026-02-09 22:25:47.987760,Toronto-69d9,27,94,Normal
2026-02-09 22:25:48.987760,Toronto-69d9,-29,39,Normal
2026-02-09 22:25:49.987760,Toronto-69d9,18,62,Normal
2026-02-09 22:25:50.987760,Toronto-69d9,49,80,Normal
2026-02-09 22:25:51.987760,Toronto-69d9,-21,55,Normal
2026-02-09 22:25:52.987760,Toronto-69d9,0,33,Normal
2026-02-09 22:25:53.987760,Toronto-69d9,-18,81,Normal
2026-02-09 22:25:54.987760,Toronto-69d9,7,43,Normal
2026-02-09 22:25:55.987760,Toronto-69d9,-14,32,Normal
2026-02-09 22:25:56.987760,Toronto-69d9,36,74,Normal
2026-02-09 22:25:57.987760,Toronto-69d9,33,25,Normal
2026-02-09 22:25:58.987760,Toronto-69d9,3,72,Normal
2026-02-09 22:25:59.987760,Toronto-69d9,5,20,Normal
2026-02-09 22:26:00.987760,Toronto-69d9,-22,49,Normal
2026-02-09 22:26:01.987760,Toronto-69d9,-19,58,Normal
2026-02-09 22:26:02.987760,Toronto-69d9,41,51,Normal
2026-02-09 22:26:03.987760,Toronto-69d9,-23,25,Normal
2026-02-09 22:26:04.987760,Toronto-69d9,6,1,Normal
2026-02-09 22:26:05.987760,Toronto-69d9,-20,59,Normal
2026-02-09 22:26:06.987760,Toronto-69d9,-5,19,Normal
2026-02-09 22:26:07.987760,Toronto-69d9,21,54,Normal
2026-02-09 22:26:08.987760,Toronto-69d9,19,85,Normal
2026-02-09 22:26:09.987760,Toronto-69d9,-29,53,Normal
2026-02-09 22:26:10.987760,Toronto-69d9,-20,48,Normal
2026-02-09 22:26:11.987760,Toronto-69d9,-10,20,Normal
2026-02-09 22:26:12.987760,Toronto-69d9,31,82,Normal
2026-02-09 22:26:13.987760,Toronto-69d9,-28,73,Normal
2026-02-09 22:26:14.987760,Toronto-69d9,47,17,Normal
2026-02-09 22:26:15.987760,Toronto-69d9,34,43,Normal
2026-02-09 22:26:16.987760,Toronto-69d9,28,55,Normal
2026-02-09 22:26:17.987760,Toronto-69d9,37,54,Normal
2026-02-09 22:26:18.987760,Toronto-69d9,-25,70,Normal
2026-02-09 22:26:19.987760,Toronto-69d9,36,6,Normal
2026-02-09 22:26:20.987760,Toronto-69d9,-4,66,Normal
2026-02-09 22:26:21.987760,Toronto-69d9,-7,90,Normal
2026-02-09 22:26:22.987760,Toronto-69d9,40,99,Normal
2026-02-09 22:26:23.987760,Toronto-69d9,7,22,Normal
2026-02-09 22:26:24.987760,Toronto-69d9,49,8,Normal
2026-02-09 22:26:25.987760,Toronto-69d9,30,90,Normal
2026-02-09 22:26:26.987760,Toronto-69d9,3,56,Normal
2026-02-09 22:26:27.987760,Toronto-69d9,49,67,Normal
2026-02-09 22:26:28.987760,Toronto-69d9,24,9,Normal
2026-02-09 22:26:29.987760,Toronto-69d9,10,51,Normal
2026-02-09 22:26:30.987760,Toronto-69d9,38,48,Normal
2026-02-09 22:26:31.987760,Toronto-69d9,-25,69,Normal
2026-02-09 22:26:32.987760,Toronto-69d9,-28,3,Normal
2026-02-09 22:26:33.987760,Toronto-69d9,-9,73,Normal
2026-02-09 22:26:34.987760,Toronto-69d9,-13,9,Normal
2026-02-09 22:26:35.987760,Toronto-69d9,30,95,Normal
2026-02-09 22:26:36.987760,Toronto-69d9,5,17,Normal
2026-02-09 22:26:37.987760,Toronto-69d9,39,97,Normal
2026-02-09 22:26:38.987760,Toronto-69d9,42,65,Normal
2026-02-09 22:26:39.987760,Toronto-69d9,-11,93,Normal
2026-02-09 22:26:40.987760,Toronto-69d9,-15,85,Normal
2026-02-09 22:26:41.987760,Toronto-69d9,4,56,Normal
2026-02-09 22:26:42.987760,Toronto-69d9,0,84,Normal
2026-02-09 22:26:43.987760,Toronto-69d9,-8,30,Normal
2026-02-09 22:26:44.987760,Toronto-69d9,-13,3,Normal
2026-02-09 22:26:45.987760,Toronto-69d9,-2,18,Normal
2026-02-09 22:26:46.987760,Toronto-69d9,28,90,Normal
2026-02-09 22:26:47.987760,Toronto-69d9,15,29,Normal
2026-02-09 22:26:48.987760,Toronto-69d9,-25,15,Normal
2026-02-09 22:26:49.987760,Toronto-69d9,50,74,Normal
2026-02-09 22:26:50.987760,Toronto-69d9,30,83,Normal
2026-02-09 22:26:51.987760,Toronto-69d9,-4,5,Normal
2026-02-09 22:26:52.987760,Toronto-69d9,45,15,Normal
2026-02-09 22:26:53.987760,Toronto-69d9,45,81,Normal
2026-02-09 22:26:54.987760,Toronto-69d9,-17,92,Normal
2026-02-09 22:26:55.987760,Toronto-69d9,27,83,Normal
2026-02-09 22:26:56.987760,Toronto-69d9,4,52,Normal
2026-02-09 22:26:57.987760,Toronto-69d9,-5,42,Normal
2026-02-09 22:26:58.987760,Toronto-69d9,7,74,Normal
2026-02-09 22:26:59.987760,Toronto-69d9,6,99,Normal
2026-02-09 22:27:00.987760,Toronto-69d9,36,51,Normal
2026-02-09 22:27:01.987760,Toronto-69d9,14,7,Normal
2026-02-09 22:27:02.987760,Toronto-69d9,-9,48,Normal
2026-02-09 22:27:03.987760,Toronto-69d9,-30,65,Normal
2026-02-09 22:27:04.987760,Toronto-69d9,31,5,Normal
2026-02-09 22:27:05.987760,Toronto-69d9,33,86,Normal
2026-02-09 22:27:06.987760,Toronto-69d9,-30,16,Normal
2026-02-09 22:27:07.987760,Toronto-69d9,32,52,Normal
2026-02-09 22:27:08.987760,Toronto-69d9,41,86,Normal
2026-02-09 22:27:09.987760,Toronto-69d9,-17,5,Normal
2026-02-09 22:27:10.987760,Toronto-69d9,19,16,Normal
2026-02-09 22:27:11.987760,Toronto-69d9,15,37,Normal
2026-02-09 22:27:12.987760,Toronto-69d9,40,71,Normal
2026-02-09 22:27:13.987760,Toronto-69d9,41,81,Normal
2026-02-09 22:27:14.987760,Toronto-69d9,16,21,Normal
2026-02-09 22:27:15.987760,Toronto-69d9,-30,86,Normal
2026-02-09 22:27:16.987760,Toronto-69d9,-17,62,Normal
2026-02-09 22:27:17.987760,Toronto-69d9,-5,23,Normal
2026-02-09 22:27:18.987760,Toronto-69d9,18,32,Normal
2026-02-09 22:27:19.987760,Toronto-69d9,-24,49,Normal
2026-02-09 22:27:20.987760,Toronto-69d9,2,96,Normal
2026-02-09 22:27:21.987760,Toronto-69d9,-29,52,Normal
2026-02-09 22:27:22.987760,Toronto-69d9,11,11,Normal
2026-02-09 22:27:23.987760,Toronto-69d9,-30,10,Normal
2026-02-09 22:27:24.987760,Toronto-69d9,50,22,Normal
2026-02-09 22:27:25.987760,Toronto-69d9,3,9,Normal
2026-02-09 22:27:26.987760,Toronto-69d9,37,57,Normal
2026-02-09 22:27:27.987760,Toronto-69d9,26,31,Normal
2026-02-09 22:27:28.987760,Toronto-69d9,-15,91,Normal
2026-02-09 22:27:29.987760,Toronto-69d9,-19,47,Normal
2026-02-09 22:27:30.987760,Toronto-69d9,-16,40,Normal
2026-02-09 22:27:31.987760,Toronto-69d9,-13,6,Normal
2026-02-09 22:27:32.987760,Toronto-69d9,48,7,Normal
2026-02-09 22:27:33.987760,Toronto-69d9,10,2,Normal
2026-02-09 22:27:34.987760,Toronto-69d9,29,26,Normal
2026-02-09 22:27:35.987760,Toronto-69d9,24,57,Normal
2026-02-09 22:27:36.987760,Toronto-69d9,36,22,Normal
2026-02-09 22:27:37.987760,Toronto-69d9,47,18,Normal
2026-02-09 22:27:38.987760,Toronto-69d9,-16,50,Normal
2026-02-09 22:27:39.987760,Toronto-69d9,17,100,Normal
2026-02-09 22:27:40.987760,Toronto-69d9,31,97,Normal
2026-02-09 22:27:41.987760,Toronto-69d9,-29,30,Normal
2026-02-09 22:27:42.987760,Toronto-69d9,-18,5,Normal
2026-02-09 22:27:43.987760,Toronto-69d9,-29,68,Normal
2026-02-09 22:27:44.987760,Toronto-69d9,32,70,Normal
2026-02-09 22:27:45.987760,Toronto-69d9,17,41,Normal
2026-02-09 22:27:46.987760,Toronto-69d9,30,70,Normal
2026-02-09 22:27:47.987760,Toronto-69d9,29,76,Normal
2026-02-09 22:27:48.987760,Toronto-69d9,-28,75,Normal
2026-02-09 22:27:49.987760,Toronto-69d9,-7,40,Normal
2026-02-09 22:27:50.987760,Toronto-69d9,30,9,Normal
2026-02-09 22:27:51.987760,Toronto-69d9,3,76,Normal
2026-02-09 22:27:52.987760,Toronto-69d9,26,69,Normal
2026-02-09 22:27:53.987760,Toronto-69d9,19,14,Normal
2026-02-09 22:27:54.987760,Toronto-69d9,1,1,Normal
2026-02-09 22:27:55.987760,Toronto-69d9,50,90,Normal
2026-02-09 22:27:56.987760,Toronto-69d9,23,37,Normal
2026-02-09 22:27:57.987760,Toronto-69d9,4,60,Normal
2026-02-09 22:27:58.987760,Toronto-69d9,15,92,Normal
2026-02-09 22:27:59.987760,Toronto-69d9,48,44,Normal
2026-02-09 22:28:00.987760,Toronto-69d9,5,53,Normal
2026-02-09 22:28:01.987760,Toronto-69d9,43,97,Normal
2026-02-09 22:28:02.987760,Toronto-69d9,-11,15,Normal
2026-02-09 22:28:03.987760,Toronto-69d9,-5,3,Normal
2026-02-09 22:28:04.987760,Toronto-69d9,9,12,Normal
2026-02-09 22:28:05.987760,Toronto-69d9,28,6,Normal
2026-02-09 22:28:06.987760,Toronto-69d9,0,82,Normal
2026-02-09 22:28:07.987760,Toronto-69d9,-28,84,Normal
2026-02-09 22:28:08.987760,Toronto-69d9,-18,28,Normal
2026-02-09 22:28:09.987760,Toronto-69d9,-6,67,Normal
2026-02-09 22:28:10.987760,Toronto-69d9,16,71,Normal
2026-02-09 22:28:11.987760,Toronto-69d9,-18,25,Normal
2026-02-09 22:28:12.987760,Toronto-69d9,-26,42,Normal
2026-02-09 22:28:13.987760,Toronto-69d9,27,75,Normal
2026-02-09 22:28:14.987760,Toronto-69d9,-26,22,Normal
2026-02-09 22:28:15.987760,Toronto-69d9,-5,94,Normal
2026-02-09 22:28:16.987760,Toronto-69d9,27,69,Normal
2026-02-09 22:28:17.987760,Toronto-69d9,8,36,Normal
2026-02-09 22:28:18.987760,Toronto-69d9,15,61,Normal
2026-02-09 22:28:19.987760,Toronto-69d9,14,72,Normal
2026-02-09 22:28:20.987760,Toronto-69d9,1,98,Normal
2026-02-09 22:28:21.987760,Toronto-69d9,24,7,Normal
2026-02-09 22:28:22.987760,Toronto-69d9,40,15,Normal
2026-02-09 22:28:23.987760,Toronto-69d9,46,91,Normal
2026-02-09 22:28:24.987760,Toronto-69d9,-5,69,Normal
2026-02-09 22:28:25.987760,Toronto-69d9,-2,94,Normal
2026-02-09 22:28:26.987760,Toronto-69d9,30,74,Normal
2026-02-09 22:28:27.987760,Toronto-69d9,41,41,Normal
2026-02-09 22:28:28.987760,Toronto-69d9,-13,50,Normal
2026-02-09 22:28:29.987760,Toronto-69d9,-15,3,Normal
2026-02-09 22:28:30.987760,Toronto-69d9,-5,60,Normal
2026-02-09 22:28:31.987760,Toronto-69d9,-29,87,Normal
2026-02-09 22:28:32.987760,Toronto-69d9,-24,49,Normal
2026-02-09 22:28:33.987760,Toronto-69d9,-14,20,Normal
2026-02-09 22:28:34.987760,Toronto-69d9,24,19,Normal
2026-02-09 22:28:35.987760,Toronto-69d9,-9,98,Normal
2026-02-09 22:28:36.987760,Toronto-69d9,42,62,Normal
2026-02-09 22:28:37.987760,Toronto-69d9,11,75,Normal
2026-02-09 22:28:38.987760,Toronto-69d9,13,66,Normal
2026-02-09 22:28:39.987760,Toronto-69d9,-30,100,Normal
2026-02-09 22:28:40.987760,Toronto-69d9,40,52,Normal
2026-02-09 22:28:41.987760,Toronto-69d9,6,6,Normal
2026-02-09 22:28:42.987760,Toronto-69d9,30,9,Normal
2026-02-09 22:28:43.987760,Toronto-69d9,31,84,Normal
2026-02-09 22:28:44.987760,Toronto-69d9,32,93,Normal
2026-02-09 22:28:45.987760,Toronto-69d9,27,8,Normal
2026-02-09 22:28:46.987760,Toronto-69d9,24,36,Normal
2026-02-09 22:28:47.987760,Toronto-69d9,8,30,Normal
2026-02-09 22:28:48.987760,Toronto-69d9,-30,10,Normal
2026-02-09 22:28:49.987760,Toronto-69d9,36,3,Normal
2026-02-09 22:28:50.987760,Toronto-69d9,-15,37,Normal
2026-02-09 22:28:51.987760,Toronto-69d9,13,27,Normal
2026-02-09 22:28:52.987760,Toronto-69d9,21,9,Normal
2026-02-09 22:28:53.987760,Toronto-69d9,10,58,Normal
2026-02-09 22:28:54.987760,Toronto-69d9,15,7,Normal
2026-02-09 22:28:55.987760,Toronto-69d9,23,51,Normal
2026-02-09 22:28:56.987760,Toronto-69d9,-5,74,Normal
2026-02-09 22:28:57.987760,Toronto-69d9,19,93,Normal
2026-02-09 22:28:58.987760,Toronto-69d9,25,55,Normal
2026-02-09 22:28:59.987760,Toronto-69d9,-16,12,Normal
2026-02-09 22:29:00.987760,Toronto-69d9,36,78,Normal
2026-02-09 22:29:01.987760,Toronto-69d9,-22,71,Normal
2026-02-09 22:29:02.987760,Toronto-69d9,32,14,Normal
2026-02-09 22:29:03.987760,Toronto-69d9,40,32,Normal
2026-02-09 22:29:04.987760,Toronto-69d9,15,26,Normal
2026-02-09 22:29:05.987760,Toronto-69d9,-14,49,Normal
2026-02-09 22:29:06.987760,Toronto-69d9,37,35,Normal
2026-02-09 22:29:07.987760,Toronto-69d9,6,79,Normal
2026-02-09 22:29:08.987760,Toronto-69d9,-17,78,Normal
2026-02-09 22:29:09.987760,Toronto-69d9,26,50,Normal
2026-02-09 22:29:10.987760,Toronto-69d9,36,17,Normal
2026-02-09 22:29:11.987760,Toronto-69d9,17,29,Normal
2026-02-09 22:29:12.987760,Toronto-69d9,21,58,Normal
2026-02-09 22:29:13.987760,Toronto-69d9,30,4,Normal
2026-02-09 22:29:14.987760,Toronto-69d9,47,31,Normal
2026-02-09 22:29:15.987760,Toronto-69d9,30,75,Normal
2026-02-09 22:29:16.987760,Toronto-69d9,48,26,Normal
2026-02-09 22:29:17.987760,Toronto-69d9,46,38,Normal
2026-02-09 22:29:18.987760,Toronto-69d9,-29,59,Normal
2026-02-09 22:29:19.987760,Toronto-69d9,29,59,Normal
2026-02-09 22:29:20.987760,Toronto-69d9,-20,40,Normal
2026-02-09 22:29:21.987760,Toronto-69d9,45,89,Normal
2026-02-09 22:29:22.987760,Toronto-69d9,11,32,Normal
2026-02-09 22:29:23.987760,Toronto-69d9,6,46,Normal
2026-02-09 22:29:24.987760,Toronto-69d9,39,76,Normal
2026-02-09 22:29:25.987760,Toronto-69d9,-1,0,Normal
2026-02-09 22:29:26.987760,Toronto-69d9,-2,90,Normal
2026-02-09 22:29:27.987760,Toronto-69d9,34,53,Normal
2026-02-09 22:29:28.987760,Toronto-69d9,22,26,Normal
2026-02-09 22:29:29.987760,Toronto-69d9,17,10,Normal
2026-02-09 22:29:30.987760,Toronto-69d9,24,63,Normal
2026-02-09 22:29:31.987760,Toronto-69d9,-18,64,Normal
2026-02-09 22:29:32.987760,Toronto-69d9,46,94,Normal
2026-02-09 22:29:33.987760,Toronto-69d9,34,27,Normal
2026-02-09 22:29:34.987760,Toronto-69d9,-10,57,Normal
2026-02-09 22:29:35.987760,Toronto-69d9,-11,8,Normal
2026-02-09 22:29:36.987760,Toronto-69d9,-21,10,Normal
2026-02-09 22:29:37.987760,Toronto-69d9,-19,76,Normal
2026-02-09 22:29:38.987760,Toronto-69d9,-22,99,Normal
2026-02-09 22:29:39.987760,Toronto-69d9,11,28,Normal
2026-02-09 22:29:40.987760,Toronto-69d9,0,65,Normal
2026-02-09 22:29:41.987760,Toronto-69d9,-29,24,Normal
2026-02-09 22:29:42.987760,Toronto-69d9,28,51,Normal
2026-02-09 22:29:43.987760,Toronto-69d9,-2,80,Normal
2026-02-09 22:29:44.987760,Toronto-69d9,-9,43,Normal
2026-02-09 22:29:45.987760,Toronto-69d9,-17,84,Normal
2026-02-09 22:29:46.987760,Toronto-69d9,-25,83,Normal
2026-02-09 22:29:47.987760,Toronto-69d9,-20,55,Normal
2026-02-09 22:29:48.987760,Toronto-69d9,38,29,Normal
2026-02-09 22:29:49.987760,Toronto-69d9,25,91,Normal
2026-02-09 22:29:50.987760,Toronto-69d9,-2,63,Normal
2026-02-09 22:29:51.987760,Toronto-69d9,-12,50,Normal
2026-02-09 22:29:52.987760,Toronto-69d9,-15,75,Normal
2026-02-09 22:29:53.987760,Toronto-69d9,30,54,Normal
2026-02-09 22:29:54.987760,Toronto-69d9,-2,42,Normal
2026-02-09 22:29:55.987760,Toronto-69d9,25,100,Normal
2026-02-09 22:29:56.987760,Toronto-69d9,16,41,Normal
2026-02-09 22:29:57.987760,Toronto-69d9,38,39,Normal
2026-02-09 22:29:58.987760,Toronto-69d9,48,52,Normal
2026-02-09 22:29:59.987760,Toronto-69d9,-12,51,Normal
2026-02-09 22:30:00.987760,Toronto-69d9,37,19,Normal
2026-02-09 22:30:01.987760,Toronto-69d9,10,5,Normal
2026-02-09 22:30:02.987760,Toronto-69d9,18,73,Normal
2026-02-09 22:30:03.987760,Toronto-69d9,22,92,Normal
2026-02-09 22:30:04.987760,Toronto-69d9,-16,60,Normal
2026-02-09 22:30:05.987760,Toronto-69d9,-7,1,Normal
2026-02-09 22:30:06.987760,Toronto-69d9,31,33,Normal
2026-02-09 22:30:07.987760,Toronto-69d9,43,97,Normal
2026-02-09 22:30:08.987760,Toronto-69d9,17,92,Normal
2026-02-09 22:30:09.987760,Toronto-69d9,33,99,Normal
2026-02-09 22:30:10.987760,Toronto-69d9,-21,4,Normal
2026-02-09 22:30:11.987760,Toronto-69d9,15,47,Normal
2026-02-09 22:30:12.987760,Toronto-69d9,6,13,Normal
2026-02-09 22:30:13.987760,Toronto-69d9,-21,10,Normal
2026-02-09 22:30:14.987760,Toronto-69d9,6,68,Normal
2026-02-09 22:30:15.987760,Toronto-69d9,-15,46,Normal
2026-02-09 22:30:16.987760,Toronto-69d9,3,38,Normal
2026-02-09 22:30:17.987760,Toronto-69d9,-13,80,Normal
2026-02-09 22:30:18.987760,Toronto-69d9,-28,91,Normal
2026-02-09 22:30:19.987760,Toronto-69d9,5,56,Normal
2026-02-09 22:30:20.987760,Toronto-69d9,43,31,Normal
2026-02-09 22:30:21.987760,Toronto-69d9,32,64,Normal
2026-02-09 22:30:22.987760,Toronto-69d9,1,6,Normal
2026-02-09 22:30:23.987760,Toronto-69d9,-27,54,Normal
2026-02-09 22:30:24.987760,Toronto-69d9,38,27,Normal
2026-02-09 22:30:25.987760,Toronto-69d9,-11,38,Normal
2026-02-09 22:30:26.987760,Toronto-69d9,45,11,Normal
2026-02-09 22:30:27.987760,Toronto-69d9,17,87,Normal
2026-02-09 22:30:28.987760,Toronto-69d9,45,57,Normal
2026-02-09 22:30:29.987760,Toronto-69d9,11,53,Normal
2026-02-09 22:30:30.987760,Toronto-69d9,16,49,Normal
2026-02-09 22:30:31.987760,Toronto-69d9,21,43,Normal
2026-02-09 22:30:32.987760,Toronto-69d9,15,100,Normal
2026-02-09 22:30:33.987760,Toronto-69d9,22,20,Normal
2026-02-09 22:30:34.987760,Toronto-69d9,18,37,Normal
2026-02-09 22:30:35.987760,Toronto-69d9,21,81,Normal
2026-02-09 22:30:36.987760,Toronto-69d9,-14,3,Normal
2026-02-09 22:30:37.987760,Toronto-69d9,-1,77,Normal
2026-02-09 22:30:38.987760,Toronto-69d9,17,98,Normal
2026-02-09 22:30:39.987760,Toronto-69d9,7,8,Normal
2026-02-09 22:30:40.987760,Toronto-69d9,34,34,Normal
2026-02-09 22:30:41.987760,Toronto-69d9,20,45,Normal
2026-02-09 22:30:42.987760,Toronto-69d9,-15,18,Normal
2026-02-09 22:30:43.987760,Toronto-69d9,23,12,Normal
2026-02-09 22:30:44.987760,Toronto-69d9,15,11,Normal
2026-02-09 22:30:45.987760,Toronto-69d9,-9,70,Normal
2026-02-09 22:30:46.987760,Toronto-69d9,46,91,Normal
2026-02-09 22:30:47.987760,Toronto-69d9,11,32,Normal
2026-02-09 22:30:48.987760,Toronto-69d9,-16,13,Normal
2026-02-09 22:30:49.987760,Toronto-69d9,27,21,Normal
2026-02-09 22:30:50.987760,Toronto-69d9,-21,69,Normal
2026-02-09 22:30:51.987760,Toronto-69d9,-15,71,Normal
2026-02-09 22:30:52.987760,Toronto-69d9,21,12,Normal
2026-02-09 22:30:53.987760,Toronto-69d9,19,53,Normal
2026-02-09 22:30:54.987760,Toronto-69d9,14,14,Normal
2026-02-09 22:30:55.987760,Toronto-69d9,-6,45,Normal
2026-02-09 22:30:56.987760,Toronto-69d9,8,97,Normal
2026-02-09 22:30:57.987760,Toronto-69d9,43,79,Normal
2026-02-09 22:30:58.987760,Toronto-69d9,-5,20,Normal
2026-02-09 22:30:59.987760,Toronto-69d9,-26,83,Normal
2026-02-09 22:31:00.987760,Toronto-69d9,49,92,Normal
2026-02-09 22:31:01.987760,Toronto-69d9,-2,16,Normal
2026-02-09 22:31:02.987760,Toronto-69d9,0,9,Normal
2026-02-09 22:31:03.987760,Toronto-69d9,-7,38,Normal
2026-02-09 22:31:04.987760,Toronto-69d9,5,13,Normal
2026-02-09 22:31:05.987760,Toronto-69d9,3,88,Normal
2026-02-09 22:31:06.987760,Toronto-69d9,21,73,Normal
2026-02-09 22:31:07.987760,Toronto-69d9,2,75,Normal
2026-02-09 22:31:08.987760,Toronto-69d9,36,24,Normal
2026-02-09 22:31:09.987760,Toronto-69d9,36,29,Normal
2026-02-09 22:31:10.987760,Toronto-69d9,42,57,Normal
2026-02-09 22:31:11.987760,Toronto-69d9,-18,60,Normal
2026-02-09 22:31:12.987760,Toronto-69d9,-11,1,Normal
2026-02-09 22:31:13.987760,Toronto-69d9,21,51,Normal
2026-02-09 22:31:14.987760,Toronto-69d9,-7,22,Normal
2026-02-09 22:31:15.987760,Toronto-69d9,-22,64,Normal
2026-02-09 22:31:16.987760,Toronto-69d9,-22,32,Normal
2026-02-09 22:31:17.987760,Toronto-69d9,37,82,Normal
2026-02-09 22:31:18.987760,Toronto-69d9,30,44,Normal
2026-02-09 22:31:19.987760,Toronto-69d9,2,88,Normal
2026-02-09 22:31:20.987760,Toronto-69d9,36,46,Normal
2026-02-09 22:31:21.987760,Toronto-69d9,44,80,Normal
2026-02-09 22:31:22.987760,Toronto-69d9,23,61,Normal
2026-02-09 22:31:23.987760,Toronto-69d9,10,20,Normal
2026-02-09 22:31:24.987760,Toronto-69d9,-24,37,Normal
2026-02-09 22:31:25.987760,Toronto-69d9,2,32,Normal
2026-02-09 22:31:26.987760,Toronto-69d9,33,28,Normal
2026-02-09 22:31:27.987760,Toronto-69d9,38,9,Normal
2026-02-09 22:31:28.987760,Toronto-69d9,26,91,Normal
2026-02-09 22:31:29.987760,Toronto-69d9,-27,82,Normal
2026-02-09 22:31:30.987760,Toronto-69d9,45,44,Normal
2026-02-09 22:31:31.987760,Toronto-69d9,3,24,Normal
2026-02-09 22:31:32.987760,Toronto-69d9,37,37,Normal
2026-02-09 22:31:33.987760,Toronto-69d9,19,21,Normal
2026-02-09 22:31:34.987760,Toronto-69d9,43,7,Normal
2026-02-09 22:31:35.987760,Toronto-69d9,-10,41,Normal
2026-02-09 22:31:36.987760,Toronto-69d9,6,98,Normal
2026-02-09 22:31:37.987760,Toronto-69d9,-25,13,Normal
2026-02-09 22:31:38.987760,Toronto-69d9,37,47,Normal
2026-02-09 22:31:39.987760,Toronto-69d9,23,87,Normal
2026-02-09 22:31:40.987760,Toronto-69d9,49,39,Normal
2026-02-09 22:31:41.987760,Toronto-69d9,9,72,Normal
2026-02-09 22:31:42.987760,Toronto-69d9,14,21,Normal
2026-02-09 22:31:43.987760,Toronto-69d9,36,5,Normal
2026-02-09 22:31:44.987760,Toronto-69d9,-26,71,Normal
2026-02-09 22:31:45.987760,Toronto-69d9,-3,42,Normal
2026-02-09 22:31:46.987760,Toronto-69d9,23,47,Normal
2026-02-09 22:31:47.987760,Toronto-69d9,2,61,Normal
2026-02-09 22:31:48.987760,Toronto-69d9,5,7,Normal
2026-02-09 22:31:49.987760,Toronto-69d9,35,27,Normal
2026-02-09 22:31:50.987760,Toronto-69d9,20,27,Normal
2026-02-09 22:31:51.987760,Toronto-69d9,-23,67,Normal
2026-02-09 22:31:52.987760,Toronto-69d9,6,12,Normal
2026-02-09 22:31:53.987760,Toronto-69d9,45,26,Normal
2026-02-09 22:31:54.987760,Toronto-69d9,5,37,Normal
2026-02-09 22:31:55.987760,Toronto-69d9,37,88,Normal
2026-02-09 22:31:56.987760,Toronto-69d9,-2,86,Normal
2026-02-09 22:31:57.987760,Toronto-69d9,17,7,Normal
2026-02-09 22:31:58.987760,Toronto-69d9,-18,80,Normal
2026-02-09 22:31:59.987760,Toronto-69d9,41,6,Normal
2026-02-09 22:32:00.987760,Toronto-69d9,-12,60,Normal
2026-02-09 22:32:01.987760,Toronto-69d9,32,40,Normal
2026-02-09 22:32:02.987760,Toronto-69d9,0,33,Normal
2026-02-09 22:32:03.987760,Toronto-69d9,-22,76,Normal
2026-02-09 22:32:04.987760,Toronto-69d9,-29,22,Normal
2026-02-09 22:32:05.987760,Toronto-69d9,-14,46,Normal
2026-02-09 22:32:06.987760,Toronto-69d9,26,36,Normal
2026-02-09 22:32:07.987760,Toronto-69d9,15,51,Normal
2026-02-09 22:32:08.987760,Toronto-69d9,24,66,Normal
2026-02-09 22:32:09.987760,Toronto-69d9,22,77,Normal
2026-02-09 22:32:10.987760,Toronto-69d9,-1,87,Normal
2026-02-09 22:32:11.987760,Toronto-69d9,-15,99,Normal
2026-02-09 22:32:12.987760,Toronto-69d9,26,39,Normal
2026-02-09 22:32:13.987760,Toronto-69d9,-20,43,Normal
2026-02-09 22:32:14.987760,Toronto-69d9,2,37,Normal
2026-02-09 22:32:15.987760,Toronto-69d9,32,5,Normal
2026-02-09 22:32:16.987760,Toronto-69d9,-6,6,Normal
2026-02-09 22:32:17.987760,Toronto-69d9,-17,52,Normal
2026-02-09 22:32:18.987760,Toronto-69d9,-29,6,Normal
2026-02-09 22:32:19.987760,Toronto-69d9,19,92,Normal
2026-02-09 22:32:20.987760,Toronto-69d9,46,56,Normal
2026-02-09 22:32:21.987760,Toronto-69d9,-13,75,Normal
2026-02-09 22:32:22.987760,Toronto-69d9,5,18,Normal
2026-02-09 22:32:23.987760,Toronto-69d9,-8,15,Normal
2026-02-09 22:32:24.987760,Toronto-69d9,-27,27,Normal
2026-02-09 22:32:25.987760,Toronto-69d9,44,86,Normal
2026-02-09 22:32:26.987760,Toronto-69d9,50,56,Normal
2026-02-09 22:32:27.987760,Toronto-69d9,-1,4,Normal
2026-02-09 22:32:28.987760,Toronto-69d9,-25,31,Normal
2026-02-09 22:32:29.987760,Toronto-69d9,27,44,Normal
2026-02-09 22:32:30.987760,Toronto-69d9,44,0,Normal
2026-02-09 22:32:31.987760,Toronto-69d9,0,38,Normal
2026-02-09 22:32:32.987760,Toronto-69d9,-4,25,Normal
2026-02-09 22:32:33.987760,Toronto-69d9,23,33,Normal
2026-02-09 22:32:34.987760,Toronto-69d9,-23,15,Normal
2026-02-09 22:32:35.987760,Toronto-69d9,-25,50,Normal
2026-02-09 22:32:36.987760,Toronto-69d9,24,96,Normal
2026-02-09 22:32:37.987760,Toronto-69d9,37,29,Normal
2026-02-09 22:32:38.987760,Toronto-69d9,-30,50,Normal
2026-02-09 22:32:39.987760,Toronto-69d9,35,30,Normal
2026-02-09 22:32:40.987760,Toronto-69d9,40,88,Normal
2026-02-09 22:32:41.987760,Toronto-69d9,-29,46,Normal
2026-02-09 22:32:42.987760,Toronto-69d9,24,58,Normal
2026-02-09 22:32:43.987760,Toronto-69d9,7,9,Normal
2026-02-09 22:32:44.987760,Toronto-69d9,17,33,Normal
2026-02-09 22:32:45.987760,Toronto-69d9,-10,58,Normal
2026-02-09 22:32:46.987760,Toronto-69d9,23,79,Normal
2026-02-09 22:32:47.987760,Toronto-69d9,-12,52,Normal
2026-02-09 22:32:48.987760,Toronto-69d9,28,9,Normal
2026-02-09 22:32:49.987760,Toronto-69d9,10,33,Normal
2026-02-09 22:32:50.987760,Toronto-69d9,17,77,Normal
2026-02-09 22:32:51.987760,Toronto-69d9,31,16,Normal
2026-02-09 22:32:52.987760,Toronto-69d9,26,1,Normal
2026-02-09 22:32:53.987760,Toronto-69d9,-10,23,Normal
2026-02-09 22:32:54.987760,Toronto-69d9,7,88,Normal
2026-02-09 22:32:55.987760,Toronto-69d9,17,63,Normal
2026-02-09 22:32:56.987760,Toronto-69d9,19,94,Normal
2026-02-09 22:32:57.987760,Toronto-69d9,12,39,Normal
2026-02-09 22:32:58.987760,Toronto-69d9,26,91,Normal
2026-02-09 22:32:59.987760,Toronto-69d9,43,24,Normal
2026-02-09 22:33:00.987760,Toronto-69d9,37,95,Normal
2026-02-09 22:33:01.987760,Toronto-69d9,-20,92,Normal
2026-02-09 22:33:02.987760,Toronto-69d9,-29,81,Normal
2026-02-09 22:33:03.987760,Toronto-69d9,48,76,Normal
2026-02-09 22:33:04.987760,Toronto-69d9,43,78,Normal
2026-02-09 22:33:05.987760,Toronto-69d9,4,70,Normal
2026-02-09 22:33:06.987760,Toronto-69d9,-25,27,Normal
2026-02-09 22:33:07.987760,Toronto-69d9,-17,85,Normal
2026-02-09 22:33:08.987760,Toronto-69d9,6,45,Normal
2026-02-09 22:33:09.987760,Toronto-69d9,10,42,Normal
2026-02-09 22:33:10.987760,Toronto-69d9,-30,62,Normal
2026-02-09 22:33:11.987760,Toronto-69d9,14,56,Normal
2026-02-09 22:33:12.987760,Toronto-69d9,15,53,Normal
2026-02-09 22:33:13.987760,Toronto-69d9,-18,53,Normal
2026-02-09 22:33:14.987760,Toronto-69d9,-28,38,Normal
2026-02-09 22:33:15.987760,Toronto-69d9,30,7,Normal
2026-02-09 22:33:16.987760,Toronto-69d9,35,30,Normal
2026-02-09 22:33:17.987760,Toronto-69d9,-21,75,Normal
2026-02-09 22:33:18.987760,Toronto-69d9,41,18,Normal
2026-02-09 22:33:19.987760,Toronto-69d9,-18,39,Normal
2026-02-09 22:33:20.987760,Toronto-69d9,28,50,Normal
2026-02-09 22:33:21.987760,Toronto-69d9,10,8,Normal
2026-02-09 22:33:22.987760,Toronto-69d9,21,64,Normal
2026-02-09 22:33:23.987760,Toronto-69d9,17,47,Normal
2026-02-09 22:33:24.987760,Toronto-69d9,-15,29,Normal
2026-02-09 22:33:25.987760,Toronto-69d9,9,63,Normal
2026-02-09 22:33:26.987760,Toronto-69d9,27,34,Normal
2026-02-09 22:33:27.987760,Toronto-69d9,-10,32,Normal
2026-02-09 22:33:28.987760,Toronto-69d9,50,55,Normal
2026-02-09 22:33:29.987760,Toronto-69d9,23,42,Normal
2026-02-09 22:33:30.987760,Toronto-69d9,21,97,Normal
2026-02-09 22:33:31.987760,Toronto-69d9,36,71,Normal
2026-02-09 22:33:32.987760,Toronto-69d9,-29,10,Normal
2026-02-09 22:33:33.987760,Toronto-69d9,10,34,Normal
2026-02-09 22:33:34.987760,Toronto-69d9,45,94,Normal
2026-02-09 22:33:35.987760,Toronto-69d9,-16,6,Normal
2026-02-09 22:33:36.987760,Toronto-69d9,21,40,Normal
2026-02-09 22:33:37.987760,Toronto-69d9,46,6,Normal
2026-02-09 22:33:38.987760,Toronto-69d9,-17,85,Normal
2026-02-09 22:33:39.987760,Toronto-69d9,-5,18,Normal
2026-02-09 22:33:40.987760,Toronto-69d9,1,77,Normal
2026-02-09 22:33:41.987760,Toronto-69d9,4,72,Normal
2026-02-09 22:33:42.987760,Toronto-69d9,-8,93,Normal
2026-02-09 22:33:43.987760,Toronto-69d9,45,28,Normal
2026-02-09 22:33:44.987760,Toronto-69d9,43,57,Normal
2026-02-09 22:33:45.987760,Toronto-69d9,1,17,Normal
2026-02-09 22:33:46.987760,Toronto-69d9,1,56,Normal
2026-02-09 22:33:47.987760,Toronto-69d9,-7,6,Normal
2026-02-09 22:33:48.987760,Toronto-69d9,37,5,Normal
2026-02-09 22:33:49.987760,Toronto-69d9,27,41,Normal
2026-02-09 22:33:50.987760,Toronto-69d9,1,26,Normal
2026-02-09 22:33:51.987760,Toronto-69d9,-8,74,Normal
2026-02-09 22:33:52.987760,Toronto-69d9,-7,79,Normal
2026-02-09 22:33:53.987760,Toronto-69d9,-24,65,Normal
2026-02-09 22:33:54.987760,Toronto-69d9,32,51,Normal
2026-02-09 22:33:55.987760,Toronto-69d9,15,83,Normal
2026-02-09 22:33:56.987760,Toronto-69d9,-6,13,Normal
2026-02-09 22:33:57.987760,Toronto-69d9,-1,66,Normal
2026-02-09 22:33:58.987760,Toronto-69d9,-20,20,Normal
2026-02-09 22:33:59.987760,Toronto-69d9,26,55,Normal
2026-02-09 22:34:00.987760,Toronto-69d9,1,75,Normal
2026-02-09 22:34:01.987760,Toronto-69d9,-4,63,Normal
2026-02-09 22:34:02.987760,Toronto-69d9,38,65,Normal
2026-02-09 22:34:03.987760,Toronto-69d9,-26,60,Normal
2026-02-09 22:34:04.987760,Toronto-69d9,1,4,Normal
2026-02-09 22:34:05.987760,Toronto-69d9,8,0,Normal
2026-02-09 22:34:06.987760,Toronto-69d9,-22,31,Normal
2026-02-09 22:34:07.987760,Toronto-69d9,22,9,Normal
2026-02-09 22:34:08.987760,Toronto-69d9,8,35,Normal
2026-02-09 22:34:09.987760,Toronto-69d9,0,75,Normal
2026-02-09 22:34:10.987760,Toronto-69d9,42,86,Normal
2026-02-09 22:34:11.987760,Toronto-69d9,-18,80,Normal
2026-02-09 22:34:12.987760,Toronto-69d9,11,36,Normal
2026-02-09 22:34:13.987760,Toronto-69d9,-19,73,Normal
2026-02-09 22:34:14.987760,Toronto-69d9,-14,51,Normal
2026-02-09 22:34:15.987760,Toronto-69d9,-24,91,Normal
2026-02-09 22:34:16.987760,Toronto-69d9,-11,78,Normal
2026-02-09 22:34:17.987760,Toronto-69d9,-18,12,Normal
2026-02-09 22:34:18.987760,Toronto-69d9,-28,41,Normal
2026-02-09 22:34:19.987760,Toronto-69d9,-16,93,Normal
2026-02-09 22:34:20.987760,Toronto-69d9,36,84,Normal
2026-02-09 22:34:21.987760,Toronto-69d9,-27,69,Normal
2026-02-09 22:34:22.987760,Toronto-69d9,23,28,Normal
2026-02-09 22:34:23.987760,Toronto-69d9,35,5,Normal
2026-02-09 22:34:24.987760,Toronto-69d9,9,79,Normal
2026-02-09 22:34:25.987760,Toronto-69d9,-11,59,Normal
2026-02-09 22:34:26.987760,Toronto-69d9,41,79,Normal
2026-02-09 22:34:27.987760,Toronto-69d9,-11,52,Normal
2026-02-09 22:34:28.987760,Toronto-69d9,43,81,Normal
2026-02-09 22:34:29.987760,Toronto-69d9,-7,36,Normal
2026-02-09 22:34:30.987760,Toronto-69d9,-9,12,Normal
2026-02-09 22:34:31.987760,Toronto-69d9,12,80,Normal
2026-02-09 22:34:32.987760,Toronto-69d9,-2,33,Normal
2026-02-09 22:34:33.987760,Toronto-69d9,4,33,Normal
2026-02-09 22:34:34.987760,Toronto-69d9,34,52,Normal
2026-02-09 22:34:35.987760,Toronto-69d9,45,89,Normal
2026-02-09 22:34:36.987760,Toronto-69d9,47,54,Normal
2026-02-09 22:34:37.987760,Toronto-69d9,24,8,Normal
2026-02-09 22:34:38.987760,Toronto-69d9,48,46,Normal
2026-02-09 22:34:39.987760,Toronto-69d9,-27,68,Normal
2026-02-09 22:34:40.987760,Toronto-69d9,47,86,Normal
2026-02-09 22:34:41.987760,Toronto-69d9,5,57,Normal
2026-02-09 22:34:42.987760,Toronto-69d9,15,39,Normal
2026-02-09 22:34:43.987760,Toronto-69d9,22,15,Normal
2026-02-09 22:34:44.987760,Toronto-69d9,44,11,Normal
2026-02-09 22:34:45.987760,Toronto-69d9,28,7,Normal
2026-02-09 22:34:46.987760,Toronto-69d9,-19,4,Normal
2026-02-09 22:34:47.987760,Toronto-69d9,10,45,Normal
2026-02-09 22:34:48.987760,Toronto-69d9,33,5,Normal
2026-02-09 22:34:49.987760,Toronto-69d9,7,62,Normal
2026-02-09 22:34:50.987760,Toronto-69d9,-29,25,Normal
2026-02-09 22:34:51.987760,Toronto-69d9,42,97,Normal
2026-02-09 22:34:52.987760,Toronto-69d9,33,74,Normal
2026-02-09 22:34:53.987760,Toronto-69d9,26,48,Normal
2026-02-09 22:34:54.987760,Toronto-69d9,-30,33,Normal
2026-02-09 22:34:55.987760,Toronto-69d9,50,81,Normal
2026-02-09 22:34:56.987760,Toronto-69d9,1,66,Normal
2026-02-09 22:34:57.987760,Toronto-69d9,-11,59,Normal
2026-02-09 22:34:58.987760,Toronto-69d9,29,88,Normal
2026-02-09 22:34:59.987760,Toronto-69d9,-20,13,Normal
2026-02-09 22:35:00.987760,Toronto-69d9,42,44,Normal
2026-02-09 22:35:01.987760,Toronto-69d9,-22,20,Normal
2026-02-09 22:35:02.987760,Toronto-69d9,1,39,Normal
2026-02-09 22:35:03.987760,Toronto-69d9,7,64,Normal
2026-02-09 22:35:04.987760,Toronto-69d9,-28,8,Normal
2026-02-09 22:35:05.987760,Toronto-69d9,-20,18,Normal
2026-02-09 22:35:06.987760,Toronto-69d9,-16,44,Normal
2026-02-09 22:35:07.987760,Toronto-69d9,34,39,Normal
2026-02-09 22:35:08.987760,Toronto-69d9,23,11,Normal
2026-02-09 22:35:09.987760,Toronto-69d9,4,33,Normal
2026-02-09 22:35:10.987760,Toronto-69d9,15,73,Normal
2026-02-09 22:35:11.987760,Toronto-69d9,-3,66,Normal
2026-02-09 22:35:12.987760,Toronto-69d9,46,3,Normal
2026-02-09 22:35:13.987760,Toronto-69d9,13,26,Normal
2026-02-09 22:35:14.987760,Toronto-69d9,2,92,Normal
2026-02-09 22:35:15.987760,Toronto-69d9,8,16,Normal
2026-02-09 22:35:16.987760,Toronto-69d9,10,40,Normal
2026-02-09 22:35:17.987760,Toronto-69d9,0,48,Normal
2026-02-09 22:35:18.987760,Toronto-69d9,45,61,Normal
2026-02-09 22:35:19.987760,Toronto-69d9,-16,48,Normal
2026-02-09 22:35:20.987760,Toronto-69d9,14,39,Normal
2026-02-09 22:35:21.987760,Toronto-69d9,-25,28,Normal
2026-02-09 22:35:22.987760,Toronto-69d9,9,76,Normal
2026-02-09 22:35:23.987760,Toronto-69d9,4,18,Normal
2026-02-09 22:35:24.987760,Toronto-69d9,20,68,Normal
2026-02-09 22:35:25.987760,Toronto-69d9,-26,3,Normal
2026-02-09 22:35:26.987760,Toronto-69d9,4,31,Normal
2026-02-09 22:35:27.987760,Toronto-69d9,-25,36,Normal
2026-02-09 22:35:28.987760,Toronto-69d9,-29,28,Normal
2026-02-09 22:35:29.987760,Toronto-69d9,23,35,Normal
2026-02-09 22:35:30.987760,Toronto-69d9,19,23,Normal
2026-02-09 22:35:31.987760,Toronto-69d9,-29,34,Normal
2026-02-09 22:35:32.987760,Toronto-69d9,50,100,Normal
2026-02-09 22:35:33.987760,Toronto-69d9,44,79,Normal
2026-02-09 22:35:34.987760,Toronto-69d9,26,94,Normal
2026-02-09 22:35:35.987760,Toronto-69d9,11,36,Normal
2026-02-09 22:35:36.987760,Toronto-69d9,-14,97,Normal
2026-02-09 22:35:37.987760,Toronto-69d9,-30,29,Normal
2026-02-09 22:35:38.987760,Toronto-69d9,46,97,Normal
2026-02-09 22:35:39.987760,Toronto-69d9,21,8,Normal
2026-02-09 22:35:40.987760,Toronto-69d9,-8,32,Normal
2026-02-09 22:35:41.987760,Toronto-69d9,-10,74,Normal
2026-02-09 22:35:42.987760,Toronto-69d9,49,98,Normal
2026-02-09 22:35:43.987760,Toronto-69d9,12,96,Normal
2026-02-09 22:35:44.987760,Toronto-69d9,35,3,Normal
2026-02-09 22:35:45.987760,Toronto-69d9,19,17,Normal
2026-02-09 22:35:46.987760,Toronto-69d9,28,81,Normal
2026-02-09 22:35:47.987760,Toronto-69d9,10,39,Normal
2026-02-09 22:35:48.987760,Toronto-69d9,-5,100,Normal
2026-02-09 22:35:49.987760,Toronto-69d9,44,89,Normal
2026-02-09 22:35:50.987760,Toronto-69d9,19,58,Normal
2026-02-09 22:35:51.987760,Toronto-69d9,43,56,Normal
2026-02-09 22:35:52.987760,Toronto-69d9,-30,2,Normal
2026-02-09 22:35:53.987760,Toronto-69d9,46,57,Normal
2026-02-09 22:35:54.987760,Toronto-69d9,12,47,Normal
2026-02-09 22:35:55.987760,Toronto-69d9,-15,93,Normal
2026-02-09 22:35:56.987760,Toronto-69d9,-28,99,Normal
2026-02-09 22:35:57.987760,Toronto-69d9,29,86,Normal
2026-02-09 22:35:58.987760,Toronto-69d9,12,55,Normal
2026-02-09 22:35:59.987760,Toronto-69d9,31,49,Normal
2026-02-09 22:36:00.987760,Toronto-69d9,26,89,Normal
2026-02-09 22:36:01.987760,Toronto-69d9,10,22,Normal
2026-02-09 22:36:02.987760,Toronto-69d9,-24,45,Normal
2026-02-09 22:36:03.987760,Toronto-69d9,42,39,Normal
2026-02-09 22:36:04.987760,Toronto-69d9,-3,70,Normal
2026-02-09 22:36:05.987760,Toronto-69d9,-6,48,Normal
2026-02-09 22:36:06.987760,Toronto-69d9,44,9,Normal
2026-02-09 22:36:07.987760,Toronto-69d9,50,17,Normal
2026-02-09 22:36:08.987760,Toronto-69d9,30,80,Normal
2026-02-09 22:36:09.987760,Toronto-69d9,11,83,Normal
2026-02-09 22:36:10.987760,Toronto-69d9,15,81,Normal
2026-02-09 22:36:11.987760,Toronto-69d9,2,94,Normal
2026-02-09 22:36:12.987760,Toronto-69d9,-21,11,Normal
2026-02-09 22:36:13.987760,Toronto-69d9,18,12,Normal
2026-02-09 22:36:14.987760,Toronto-69d9,-18,47,Normal
2026-02-09 22:36:15.987760,Toronto-69d9,14,34,Normal
2026-02-09 22:36:16.987760,Toronto-69d9,-9,68,Normal
2026-02-09 22:36:17.987760,Toronto-69d9,28,73,Normal
2026-02-09 22:36:18.987760,Toronto-69d9,49,38,Normal
2026-02-09 22:36:19.987760,Toronto-69d9,24,62,Normal
2026-02-09 22:36:20.987760,Toronto-69d9,31,26,Normal
2026-02-09 22:36:21.987760,Toronto-69d9,5,46,Normal
2026-02-09 22:36:22.987760,Toronto-69d9,-17,63,Normal
2026-02-09 22:36:23.987760,Toronto-69d9,2,66,Normal
2026-02-09 22:36:24.987760,Toronto-69d9,-29,62,Normal
2026-02-09 22:36:25.987760,Toronto-69d9,13,25,Normal
2026-02-09 22:36:26.987760,Toronto-69d9,-25,80,Normal
2026-02-09 22:36:27.987760,Toronto-69d9,31,100,Normal
2026-02-09 22:36:28.987760,Toronto-69d9,-17,2,Normal
2026-02-09 22:36:29.987760,Toronto-69d9,-14,70,Normal
2026-02-09 22:36:30.987760,Toronto-69d9,-11,66,Normal
2026-02-09 22:36:31.987760,Toronto-69d9,-24,57,Normal
2026-02-09 22:36:32.987760,Toronto-69d9,5,97,Normal
2026-02-09 22:36:33.987760,Toronto-69d9,18,73,Normal
2026-02-09 22:36:34.987760,Toronto-69d9,-2,26,Normal
2026-02-09 22:36:35.987760,Toronto-69d9,12,38,Normal
2026-02-09 22:36:36.987760,Toronto-69d9,-17,91,Normal
2026-02-09 22:36:37.987760,Toronto-69d9,5,84,Normal
2026-02-09 22:36:38.987760,Toronto-69d9,-9,51,Normal
2026-02-09 22:36:39.987760,Toronto-69d9,38,97,Normal
2026-02-09 22:36:40.987760,Toronto-69d9,-6,24,Normal
2026-02-09 22:36:41.987760,Toronto-69d9,4,27,Normal
2026-02-09 22:36:42.987760,Toronto-69d9,46,40,Normal
2026-02-09 22:36:43.987760,Toronto-69d9,10,21,Normal
2026-02-09 22:36:44.987760,Toronto-69d9,-25,88,Normal
2026-02-09 22:36:45.987760,Toronto-69d9,14,100,Normal
2026-02-09 22:36:46.987760,Toronto-69d9,-3,18,Normal
2026-02-09 22:36:47.987760,Toronto-69d9,-29,23,Normal
2026-02-09 22:36:48.987760,Toronto-69d9,31,53,Normal
2026-02-09 22:36:49.987760,Toronto-69d9,2,22,Normal
2026-02-09 22:36:50.987760,Toronto-69d9,50,97,Normal
2026-02-09 22:36:51.987760,Toronto-69d9,34,30,Normal
2026-02-09 22:36:52.987760,Toronto-69d9,9,26,Normal
2026-02-09 22:36:53.987760,Toronto-69d9,-14,100,Normal
2026-02-09 22:36:54.987760,Toronto-69d9,-9,8,Normal
2026-02-09 22:36:55.987760,Toronto-69d9,12,15,Normal
2026-02-09 22:36:56.987760,Toronto-69d9,10,35,Normal
2026-02-09 22:36:57.987760,Toronto-69d9,22,75,Normal
2026-02-09 22:36:58.987760,Toronto-69d9,23,83,Normal
2026-02-09 22:36:59.987760,Toronto-69d9,14,19,Normal
2026-02-09 22:37:00.987760,Toronto-69d9,26,22,Normal
2026-02-09 22:37:01.987760,Toronto-69d9,49,16,Normal
2026-02-09 22:37:02.987760,Toronto-69d9,30,17,Normal
2026-02-09 22:37:03.987760,Toronto-69d9,-7,0,Normal
2026-02-09 22:37:04.987760,Toronto-69d9,18,32,Normal
2026-02-09 22:37:05.987760,Toronto-69d9,37,28,Normal
2026-02-09 22:37:06.987760,Toronto-69d9,-21,97,Normal
2026-02-09 22:37:07.987760,Toronto-69d9,-21,91,Normal
2026-02-09 22:37:08.987760,Toronto-69d9,49,16,Normal
2026-02-09 22:37:09.987760,Toronto-69d9,47,83,Normal
2026-02-09 22:37:10.987760,Toronto-69d9,-19,98,Normal
2026-02-09 22:37:11.987760,Toronto-69d9,45,78,Normal
2026-02-09 22:37:12.987760,Toronto-69d9,49,94,Normal
2026-02-09 22:37:13.987760,Toronto-69d9,-8,42,Normal
2026-02-09 22:37:14.987760,Toronto-69d9,-28,16,Normal
2026-02-09 22:37:15.987760,Toronto-69d9,47,61,Normal
2026-02-09 22:37:16.987760,Toronto-69d9,20,59,Normal
2026-02-09 22:37:17.987760,Toronto-69d9,-18,12,Normal
2026-02-09 22:37:18.987760,Toronto-69d9,25,0,Normal
2026-02-09 22:37:19.987760,Toronto-69d9,-14,20,Normal
2026-02-09 22:37:20.987760,Toronto-69d9,-26,92,Normal
2026-02-09 22:37:21.987760,Toronto-69d9,19,36,Normal
2026-02-09 22:37:22.987760,Toronto-69d9,7,29,Normal
2026-02-09 22:37:23.987760,Toronto-69d9,-24,44,Normal
2026-02-09 22:37:24.987760,Toronto-69d9,-30,1,Normal
2026-02-09 22:37:25.987760,Toronto-69d9,-20,55,Normal
2026-02-09 22:37:26.987760,Toronto-69d9,27,54,Normal
2026-02-09 22:37:27.987760,Toronto-69d9,-10,24,Normal
2026-02-09 22:37:28.987760,Toronto-69d9,22,40,Normal
2026-02-09 22:37:29.987760,Toronto-69d9,23,38,Normal
2026-02-09 22:37:30.987760,Toronto-69d9,-14,29,Normal
2026-02-09 22:37:31.987760,Toronto-69d9,-14,88,Normal
2026-02-09 22:37:32.987760,Toronto-69d9,-11,10,Normal
2026-02-09 22:37:33.987760,Toronto-69d9,18,40,Normal
2026-02-09 22:37:34.987760,Toronto-69d9,46,36,Normal
2026-02-09 22:37:35.987760,Toronto-69d9,11,75,Normal
2026-02-09 22:37:36.987760,Toronto-69d9,-1,69,Normal
2026-02-09 22:37:37.987760,Toronto-69d9,11,50,Normal
2026-02-09 22:37:38.987760,Toronto-69d9,29,19,Normal
2026-02-09 22:37:39.987760,Toronto-69d9,37,82,Normal
2026-02-09 22:37:40.987760,Toronto-69d9,-13,1,Normal
2026-02-09 22:37:41.987760,Toronto-69d9,44,57,Normal
2026-02-09 22:37:42.987760,Toronto-69d9,0,50,Normal
2026-02-09 22:37:43.987760,Toronto-69d9,-19,0,Normal
2026-02-09 22:37:44.987760,Toronto-69d9,-16,0,Normal
2026-02-09 22:37:45.987760,Toronto-69d9,-17,29,Normal
2026-02-09 22:37:46.987760,Toronto-69d9,-15,7,Normal
2026-02-09 22:37:47.987760,Toronto-69d9,5,19,Normal
2026-02-09 22:37:48.987760,Toronto-69d9,2,92,Normal
2026-02-09 22:37:49.987760,Toronto-69d9,25,78,Normal
2026-02-09 22:37:50.987760,Toronto-69d9,31,67,Normal
2026-02-09 22:37:51.987760,Toronto-69d9,8,36,Normal
2026-02-09 22:37:52.987760,Toronto-69d9,26,52,Normal
2026-02-09 22:37:53.987760,Toronto-69d9,-20,75,Normal
2026-02-09 22:37:54.987760,Toronto-69d9,-20,31,Normal
2026-02-09 22:37:55.987760,Toronto-69d9,1,46,Normal
2026-02-09 22:37:56.987760,Toronto-69d9,8,61,Normal
2026-02-09 22:37:57.987760,Toronto-69d9,-30,96,Normal
2026-02-09 22:37:58.987760,Toronto-69d9,10,8,Normal
2026-02-09 22:37:59.987760,Toronto-69d9,24,44,Normal
2026-02-09 22:38:00.987760,Toronto-69d9,44,83,Normal
2026-02-09 22:38:01.987760,Toronto-69d9,17,14,Normal
2026-02-09 22:38:02.987760,Toronto-69d9,50,65,Normal
2026-02-09 22:38:03.987760,Toronto-69d9,4,12,Normal
2026-02-09 22:38:04.987760,Toronto-69d9,9,26,Normal
2026-02-09 22:38:05.987760,Toronto-69d9,-14,9,Normal
2026-02-09 22:38:06.987760,Toronto-69d9,48,56,Normal
2026-02-09 22:38:07.987760,Toronto-69d9,-26,31,Normal
2026-02-09 22:38:08.987760,Toronto-69d9,18,99,Normal
2026-02-09 22:38:09.987760,Toronto-69d9,1,46,Normal
2026-02-09 22:38:10.987760,Toronto-69d9,5,90,Normal
2026-02-09 22:38:11.987760,Toronto-69d9,-26,54,Normal
2026-02-09 22:38:12.987760,Toronto-69d9,40,75,Normal
2026-02-09 22:38:13.987760,Toronto-69d9,16,39,Normal
2026-02-09 22:38:14.987760,Toronto-69d9,3,63,Normal
2026-02-09 22:38:15.987760,Toronto-69d9,-8,60,Normal
2026-02-09 22:38:16.987760,Toronto-69d9,-13,42,Normal
2026-02-09 22:38:17.987760,Toronto-69d9,-24,70,Normal
2026-02-09 22:38:18.987760,Toronto-69d9,39,22,Normal
2026-02-09 22:38:19.987760,Toronto-69d9,50,14,Normal
2026-02-09 22:38:20.987760,Toronto-69d9,-25,93,Normal
2026-02-09 22:38:21.987760,Toronto-69d9,21,4,Normal
2026-02-09 22:38:22.987760,Toronto-69d9,10,16,Normal
2026-02-09 22:38:23.987760,Toronto-69d9,-29,47,Normal
2026-02-09 22:38:24.987760,Toronto-69d9,17,90,Normal
2026-02-09 22:38:25.987760,Toronto-69d9,16,42,Normal
2026-02-09 22:38:26.987760,Toronto-69d9,14,21,Normal
2026-02-09 22:38:27.987760,Toronto-69d9,16,44,Normal
2026-02-09 22:38:28.987760,Toronto-69d9,32,18,Normal
2026-02-09 22:38:29.987760,Toronto-69d9,-25,81,Normal
2026-02-09 22:38:30.987760,Toronto-69d9,6,77,Normal
2026-02-09 22:38:31.987760,Toronto-69d9,10,57,Normal
2026-02-09 22:38:32.987760,Toronto-69d9,-3,25,Normal
2026-02-09 22:38:33.987760,Toronto-69d9,18,27,Normal
2026-02-09 22:38:34.987760,Toronto-69d9,-5,2,Normal
2026-02-09 22:38:35.987760,Toronto-69d9,37,60,Normal
2026-02-09 22:38:36.987760,Toronto-69d9,36,69,Normal
2026-02-09 22:38:37.987760,Toronto-69d9,27,1,Normal
2026-02-09 22:38:38.987760,Toronto-69d9,46,46,Normal
2026-02-09 22:38:39.987760,Toronto-69d9,-26,26,Normal
2026-02-09 22:38:40.987760,Toronto-69d9,40,1,Normal
2026-02-09 22:38:41.987760,Toronto-69d9,49,32,Normal
2026-02-09 22:38:42.987760,Toronto-69d9,48,20,Normal
2026-02-09 22:38:43.987760,Toronto-69d9,-24,18,Normal
2026-02-09 22:38:44.987760,Toronto-69d9,-23,28,Normal
2026-02-09 22:38:45.987760,Toronto-69d9,14,17,Normal
2026-02-09 22:38:46.987760,Toronto-69d9,24,12,Normal
2026-02-09 22:38:47.987760,Toronto-69d9,15,10,Normal
2026-02-09 22:38:48.987760,Toronto-69d9,41,4,Normal
2026-02-09 22:38:49.987760,Toronto-69d9,-18,6,Normal
2026-02-09 22:38:50.987760,Toronto-69d9,-28,3,Normal
2026-02-09 22:38:51.987760,Toronto-69d9,21,49,Normal
2026-02-09 22:38:52.987760,Toronto-69d9,42,63,Normal
2026-02-09 22:38:53.987760,Toronto-69d9,11,62,Normal
2026-02-09 22:38:54.987760,Toronto-69d9,10,23,Normal
2026-02-09 22:38:55.987760,Toronto-69d9,-26,42,Normal
2026-02-09 22:38:56.987760,Toronto-69d9,-21,39,Normal
2026-02-09 22:38:57.987760,Toronto-69d9,-24,98,Normal
2026-02-09 22:38:58.987760,Toronto-69d9,-6,77,Normal
2026-02-09 22:38:59.987760,Toronto-69d9,-30,30,Normal
2026-02-09 22:39:00.987760,Toronto-69d9,22,65,Normal
2026-02-09 22:39:01.987760,Toronto-69d9,-10,15,Normal
2026-02-09 22:39:02.987760,Toronto-69d9,39,96,Normal
2026-02-09 22:39:03.987760,Toronto-69d9,10,4,Normal
2026-02-09 22:39:04.987760,Toronto-69d9,44,75,Normal
2026-02-09 22:39:05.987760,Toronto-69d9,35,85,Normal
2026-02-09 22:39:06.987760,Toronto-69d9,9,75,Normal
2026-02-09 22:39:07.987760,Toronto-69d9,30,41,Normal
2026-02-09 22:39:08.987760,Toronto-69d9,-28,25,Normal
2026-02-09 22:39:09.987760,Toronto-69d9,-26,43,Normal
2026-02-09 22:39:10.987760,Toronto-69d9,-11,35,Normal
2026-02-09 22:39:11.987760,Toronto-69d9,-17,85,Normal
2026-02-09 22:39:12.987760,Toronto-69d9,-26,41,Normal
2026-02-09 22:39:13.987760,Toronto-69d9,44,9,Normal
2026-02-09 22:39:14.987760,Toronto-69d9,48,93,Normal
2026-02-09 22:39:15.987760,Toronto-69d9,-6,22,Normal
2026-02-09 22:39:16.987760,Toronto-69d9,27,88,Normal
2026-02-09 22:39:17.987760,Toronto-69d9,-12,49,Normal
2026-02-09 22:39:18.987760,Toronto-69d9,38,54,Normal
2026-02-09 22:39:19.987760,Toronto-69d9,-2,72,Normal
2026-02-09 22:39:20.987760,Toronto-69d9,5,79,Normal
2026-02-09 22:39:21.987760,Toronto-69d9,45,37,Normal
2026-02-09 22:39:22.987760,Toronto-69d9,40,76,Normal
2026-02-09 22:39:23.987760,Toronto-69d9,-15,42,Normal
2026-02-09 22:39:24.987760,Toronto-69d9,23,57,Normal
2026-02-09 22:39:25.987760,Toronto-69d9,-14,57,Normal
2026-02-09 22:39:26.987760,Toronto-69d9,40,45,Normal
2026-02-09 22:39:27.987760,Toronto-69d9,-14,35,Normal
2026-02-09 22:39:28.987760,Toronto-69d9,-21,82,Normal
2026-02-09 22:39:29.987760,Toronto-69d9,-20,74,Normal
2026-02-09 22:39:30.987760,Toronto-69d9,33,19,Normal
2026-02-09 22:39:31.987760,Toronto-69d9,42,70,Normal
2026-02-09 22:39:32.987760,Toronto-69d9,48,18,Normal
2026-02-09 22:39:33.987760,Toronto-69d9,25,8,Normal
2026-02-09 22:39:34.987760,Toronto-69d9,-6,62,Normal
2026-02-09 22:39:35.987760,Toronto-69d9,20,40,Normal
2026-02-09 22:39:36.987760,Toronto-69d9,0,58,Normal
2026-02-09 22:39:37.987760,Toronto-69d9,37,45,Normal
2026-02-09 22:39:38.987760,Toronto-69d9,-22,83,Normal
2026-02-09 22:39:39.987760,Toronto-69d9,39,57,Normal
2026-02-09 22:39:40.987760,Toronto-69d9,-2,73,Normal
2026-02-09 22:39:41.987760,Toronto-69d9,44,66,Normal
2026-02-09 22:39:42.987760,Toronto-69d9,-29,67,Normal
2026-02-09 22:39:43.987760,Toronto-69d9,49,69,Normal
2026-02-09 22:39:44.987760,Toronto-69d9,-22,4,Normal
2026-02-09 22:39:45.987760,Toronto-69d9,45,71,Normal
2026-02-09 22:39:46.987760,Toronto-69d9,6,20,Normal
2026-02-09 22:39:47.987760,Toronto-69d9,22,99,Normal
2026-02-09 22:39:48.987760,Toronto-69d9,0,1,Normal
2026-02-09 22:39:49.987760,Toronto-69d9,30,56,Normal
2026-02-09 22:39:50.987760,Toronto-69d9,12,43,Normal
2026-02-09 22:39:51.987760,Toronto-69d9,12,17,Normal
2026-02-09 22:39:52.987760,Toronto-69d9,14,44,Normal
2026-02-09 22:39:53.987760,Toronto-69d9,-1,65,Normal
2026-02-09 22:39:54.987760,Toronto-69d9,-8,41,Normal
2026-02-09 22:39:55.987760,Toronto-69d9,-8,2,Normal
2026-02-09 22:39:56.987760,Toronto-69d9,-2,20,Normal
2026-02-09 22:39:57.987760,Toronto-69d9,13,45,Normal
2026-02-09 22:39:58.987760,Toronto-69d9,44,69,Normal
2026-02-09 22:39:59.987760,Toronto-69d9,5,81,Normal
2026-02-09 22:40:00.987760,Toronto-69d9,18,89,Normal
2026-02-09 22:40:01.987760,Toronto-69d9,-23,6,Normal
2026-02-09 22:40:02.987760,Toronto-69d9,22,99,Normal
2026-02-09 22:40:03.987760,Toronto-69d9,-27,48,Normal
2026-02-09 22:40:04.987760,Toronto-69d9,36,27,Normal
2026-02-09 22:40:05.987760,Toronto-69d9,-18,71,Normal
2026-02-09 22:40:06.987760,Toronto-69d9,-11,95,Normal
2026-02-09 22:40:07.987760,Toronto-69d9,26,39,Normal
2026-02-09 22:40:08.987760,Toronto-69d9,26,85,Normal
2026-02-09 22:40:09.987760,Toronto-69d9,14,75,Normal
2026-02-09 22:40:10.987760,Toronto-69d9,-5,33,Normal
2026-02-09 22:40:11.987760,Toronto-69d9,22,82,Normal
2026-02-09 22:40:12.987760,Toronto-69d9,-16,96,Normal
2026-02-09 22:40:13.987760,Toronto-69d9,6,29,Normal
2026-02-09 22:40:14.987760,Toronto-69d9,-20,59,Normal
2026-02-09 22:40:15.987760,Toronto-69d9,37,83,Normal
2026-02-09 22:40:16.987760,Toronto-69d9,49,82,Normal
2026-02-09 22:40:17.987760,Toronto-69d9,37,99,Normal
2026-02-09 22:40:18.987760,Toronto-69d9,-30,96,Normal
2026-02-09 22:40:19.987760,Toronto-69d9,5,99,Normal
2026-02-09 22:40:20.987760,Toronto-69d9,-14,94,Normal
2026-02-09 22:40:21.987760,Toronto-69d9,5,43,Normal
2026-02-09 22:40:22.987760,Toronto-69d9,-18,0,Normal
2026-02-09 22:40:23.987760,Toronto-69d9,48,71,Normal
2026-02-09 22:40:24.987760,Toronto-69d9,11,72,Normal
2026-02-09 22:40:25.987760,Toronto-69d9,41,32,Normal
2026-02-09 22:40:26.987760,Toronto-69d9,-1,36,Normal
2026-02-09 22:40:27.987760,Toronto-69d9,32,91,Normal
2026-02-09 22:40:28.987760,Toronto-69d9,-10,22,Normal
2026-02-09 22:40:29.987760,Toronto-69d9,31,56,Normal
2026-02-09 22:40:30.987760,Toronto-69d9,26,44,Normal
2026-02-09 22:40:31.987760,Toronto-69d9,-9,63,Normal
2026-02-09 22:40:32.987760,Toronto-69d9,37,20,Normal
2026-02-09 22:40:33.987760,Toronto-69d9,36,49,Normal
2026-02-09 22:40:34.987760,Toronto-69d9,-23,89,Normal
2026-02-09 22:40:35.987760,Toronto-69d9,-2,55,Normal
2026-02-09 22:40:36.987760,Toronto-69d9,32,61,Normal
2026-02-09 22:40:37.987760,Toronto-69d9,49,58,Normal
2026-02-09 22:40:38.987760,Toronto-69d9,27,11,Normal
2026-02-09 22:40:39.987760,Toronto-69d9,-17,36,Normal
2026-02-09 22:40:40.987760,Toronto-69d9,48,74,Normal
2026-02-09 22:40:41.987760,Toronto-69d9,15,89,Normal
2026-02-09 22:40:42.987760,Toronto-69d9,22,9,Normal
2026-02-09 22:40:43.987760,Toronto-69d9,26,2,Normal
2026-02-09 22:40:44.987760,Toronto-69d9,-7,42,Normal
2026-02-09 22:40:45.987760,Toronto-69d9,33,51,Normal
2026-02-09 22:40:46.987760,Toronto-69d9,16,34,Normal
2026-02-09 22:40:47.987760,Toronto-69d9,-11,20,Normal
2026-02-09 22:40:48.987760,Toronto-69d9,-20,47,Normal
2026-02-09 22:40:49.987760,Toronto-69d9,2,26,Normal
2026-02-09 22:40:50.987760,Toronto-69d9,-17,73,Normal
2026-02-09 22:40:51.987760,Toronto-69d9,36,62,Normal
2026-02-09 22:40:52.987760,Toronto-69d9,28,5,Normal
2026-02-09 22:40:53.987760,Toronto-69d9,-28,13,Normal
2026-02-09 22:40:54.987760,Toronto-69d9,15,70,Normal
2026-02-09 22:40:55.987760,Toronto-69d9,-4,75,Normal
2026-02-09 22:40:56.987760,Toronto-69d9,28,95,Normal
2026-02-09 22:40:57.987760,Toronto-69d9,24,16,Normal
2026-02-09 22:40:58.987760,Toronto-69d9,9,32,Normal
2026-02-09 22:40:59.987760,Toronto-69d9,-27,40,Normal
2026-02-09 22:41:00.987760,Toronto-69d9,27,39,Normal
2026-02-09 22:41:01.987760,Toronto-69d9,11,93,Normal
2026-02-09 22:41:02.987760,Toronto-69d9,-24,65,Normal
2026-02-09 22:41:03.987760,Toronto-69d9,42,7,Normal
2026-02-09 22:41:04.987760,Toronto-69d9,5,50,Normal
2026-02-09 22:41:05.987760,Toronto-69d9,21,99,Normal
2026-02-09 22:41:06.987760,Toronto-69d9,31,44,Normal
2026-02-09 22:41:07.987760,Toronto-69d9,-11,35,Normal
2026-02-09 22:41:08.987760,Toronto-69d9,45,1,Normal
2026-02-09 22:41:09.987760,Toronto-69d9,38,50,Normal
2026-02-09 22:41:10.987760,Toronto-69d9,-12,56,Normal
2026-02-09 22:41:11.987760,Toronto-69d9,-12,97,Normal
2026-02-09 22:41:12.987760,Toronto-69d9,-23,27,Normal
2026-02-09 22:41:13.987760,Toronto-69d9,8,10,Normal
2026-02-09 22:41:14.987760,Toronto-69d9,-21,25,Normal
2026-02-09 22:41:15.987760,Toronto-69d9,43,69,Normal
2026-02-09 22:41:16.987760,Toronto-69d9,7,75,Normal
2026-02-09 22:41:17.987760,Toronto-69d9,41,69,Normal
2026-02-09 22:41:18.987760,Toronto-69d9,-8,22,Normal
2026-02-09 22:41:19.987760,Toronto-69d9,20,11,Normal
2026-02-09 22:41:20.987760,Toronto-69d9,-13,45,Normal
2026-02-09 22:41:21.987760,Toronto-69d9,35,54,Normal
2026-02-09 22:41:22.987760,Toronto-69d9,8,45,Normal
2026-02-09 22:41:23.987760,Toronto-69d9,46,96,Normal
2026-02-09 22:41:24.987760,Toronto-69d9,21,78,Normal
2026-02-09 22:41:25.987760,Toronto-69d9,49,74,Normal
2026-02-09 22:41:26.987760,Toronto-69d9,7,95,Normal
2026-02-09 22:41:27.987760,Toronto-69d9,-4,41,Normal
2026-02-09 22:41:28.987760,Toronto-69d9,11,92,Normal
2026-02-09 22:41:29.987760,Toronto-69d9,40,49,Normal
2026-02-09 22:41:30.987760,Toronto-69d9,34,37,Normal
2026-02-09 22:41:31.987760,Toronto-69d9,7,15,Normal
2026-02-09 22:41:32.987760,Toronto-69d9,-25,17,Normal
2026-02-09 22:41:33.987760,Toronto-69d9,-3,86,Normal
2026-02-09 22:41:34.987760,Toronto-69d9,-27,74,Normal
2026-02-09 22:41:35.987760,Toronto-69d9,-19,25,Normal
2026-02-09 22:41:36.987760,Toronto-69d9,-22,0,Normal
2026-02-09 22:41:37.987760,Toronto-69d9,14,73,Normal
2026-02-09 22:41:38.987760,Toronto-69d9,-5,28,Normal
2026-02-09 22:41:39.987760,Toronto-69d9,-10,73,Normal
2026-02-09 22:41:40.987760,Toronto-69d9,24,78,Normal
2026-02-09 22:41:41.987760,Toronto-69d9,-25,32,Normal
2026-02-09 22:41:42.987760,Toronto-69d9,42,80,Normal
2026-02-09 22:41:43.987760,Toronto-69d9,32,81,Normal
2026-02-09 22:41:44.987760,Toronto-69d9,-8,35,Normal
2026-02-09 22:41:45.987760,Toronto-69d9,-2,58,Normal
2026-02-09 22:41:46.987760,Toronto-69d9,50,70,Normal
2026-02-09 22:41:47.987760,Toronto-69d9,-8,36,Normal
2026-02-09 22:41:48.987760,Toronto-69d9,-5,23,Normal
2026-02-09 22:41:49.987760,Toronto-69d9,-15,22,Normal
2026-02-09 22:41:50.987760,Toronto-69d9,38,79,Normal
2026-02-09 22:41:51.987760,Toronto-69d9,-9,43,Normal
2026-02-09 22:41:52.987760,Toronto-69d9,9,81,Normal
2026-02-09 22:41:53.987760,Toronto-69d9,13,11,Normal
2026-02-09 22:41:54.987760,Toronto-69d9,-12,41,Normal
2026-02-09 22:41:55.987760,Toronto-69d9,33,20,Normal
2026-02-09 22:41:56.987760,Toronto-69d9,33,60,Normal
2026-02-09 22:41:57.987760,Toronto-69d9,50,98,Normal
2026-02-09 22:41:58.987760,Toronto-69d9,32,45,Normal
2026-02-09 22:41:59.987760,Toronto-69d9,32,85,Normal
2026-02-09 22:42:00.987760,Toronto-69d9,-30,77,Normal
2026-02-09 22:42:01.987760,Toronto-69d9,-24,58,Normal
2026-02-09 22:42:02.987760,Toronto-69d9,-15,19,Normal
2026-02-09 22:42:03.987760,Toronto-69d9,45,77,Normal
2026-02-09 22:42:04.987760,Toronto-69d9,45,95,Normal
2026-02-09 22:42:05.987760,Toronto-69d9,-25,23,Normal
2026-02-09 22:42:06.987760,Toronto-69d9,23,71,Normal
2026-02-09 22:42:07.987760,Toronto-69d9,40,4,Normal
2026-02-09 22:42:08.987760,Toronto-69d9,21,17,Normal
2026-02-09 22:42:09.987760,Toronto-69d9,-23,79,Normal
2026-02-09 22:42:10.987760,Toronto-69d9,13,21,Normal
2026-02-09 22:42:11.987760,Toronto-69d9,11,97,Normal
2026-02-09 22:42:12.987760,Toronto-69d9,16,40,Normal
2026-02-09 22:42:13.987760,Toronto-69d9,-24,12,Normal
2026-02-09 22:42:14.987760,Toronto-69d9,15,38,Normal
2026-02-09 22:42:15.987760,Toronto-69d9,36,1,Normal
2026-02-09 22:42:16.987760,Toronto-69d9,1,78,Normal
2026-02-09 22:42:17.987760,Toronto-69d9,41,42,Normal
2026-02-09 22:42:18.987760,Toronto-69d9,-4,98,Normal
2026-02-09 22:42:19.987760,Toronto-69d9,10,45,Normal
2026-02-09 22:42:20.987760,Toronto-69d9,-1,66,Normal
2026-02-09 22:42:21.987760,Toronto-69d9,29,81,Normal
2026-02-09 22:42:22.987760,Toronto-69d9,-21,6,Normal
2026-02-09 22:42:23.987760,Toronto-69d9,47,85,Normal
2026-02-09 22:42:24.987760,Toronto-69d9,9,7,Normal
2026-02-09 22:42:25.987760,Toronto-69d9,14,55,Normal
2026-02-09 22:42:26.987760,Toronto-69d9,15,78,Normal
2026-02-09 22:42:27.987760,Toronto-69d9,50,51,Normal
2026-02-09 22:42:28.987760,Toronto-69d9,16,67,Normal
2026-02-09 22:42:29.987760,Toronto-69d9,20,76,Normal
2026-02-09 22:42:30.987760,Toronto-69d9,27,34,Normal
2026-02-09 22:42:31.987760,Toronto-69d9,-29,46,Normal
2026-02-09 22:42:32.987760,Toronto-69d9,37,9,Normal
2026-02-09 22:42:33.987760,Toronto-69d9,-23,9,Normal
2026-02-09 22:42:34.987760,Toronto-69d9,-21,36,Normal
2026-02-09 22:42:35.987760,Toronto-69d9,0,20,Normal
2026-02-09 22:42:36.987760,Toronto-69d9,11,66,Normal
2026-02-09 22:42:37.987760,Toronto-69d9,36,66,Normal
2026-02-09 22:42:38.987760,Toronto-69d9,43,21,Normal
2026-02-09 22:42:39.987760,Toronto-69d9,-18,96,Normal
2026-02-09 22:42:40.987760,Toronto-69d9,-19,30,Normal
2026-02-09 22:42:41.987760,Toronto-69d9,15,4,Normal
2026-02-09 22:42:42.987760,Toronto-69d9,-23,99,Normal
2026-02-09 22:42:43.987760,Toronto-69d9,-11,73,Normal
2026-02-09 22:42:44.987760,Toronto-69d9,43,23,Normal
2026-02-09 22:42:45.987760,Toronto-69d9,-22,82,Normal
2026-02-09 22:42:46.987760,Toronto-69d9,14,59,Normal
2026-02-09 22:42:47.987760,Toronto-69d9,-2,45,Normal
2026-02-09 22:42:48.987760,Toronto-69d9,-9,53,Normal
2026-02-09 22:42:49.987760,Toronto-69d9,48,88,Normal
2026-02-09 22:42:50.987760,Toronto-69d9,-21,15,Normal
2026-02-09 22:42:51.987760,Toronto-69d9,27,93,Normal
2026-02-09 22:42:52.987760,Toronto-69d9,50,3,Normal
