timestamp,station_id,temp,humid,condition
2026-02-15 23:24:38.415992,Paris-f09d,-7,73,Normal
2026-02-15 23:24:39.415992,Paris-f09d,7,60,Normal
2026-02-15 23:24:40.415992,Paris-f09d,-22,65,Normal
2026-02-15 23:24:41.415992,Paris-f09d,50,16,Normal
2026-02-15 23:24:42.415992,Paris-f09d,-15,22,Normal
2026-02-15 23:24:43.415992,Paris-f09d,37,63,Normal
2026-02-15 23:24:44.415992,Paris-f09d,-16,5,Normal
2026-02-15 23:24:45.415992,Paris-f09d,44,30,Normal
2026-02-15 23:24:46.415992,Paris-f09d,27,82,Normal
2026-02-15 23:24:47.415992,Paris-f09d,25,29,Normal
2026-02-15 23:24:48.415992,Paris-f09d,13,96,Normal
2026-02-15 23:24:49.415992,Paris-f09d,16,17,Normal
2026-02-15 23:24:50.415992,Paris-f09d,-11,71,Normal
2026-02-15 23:24:51.415992,Paris-f09d,-15,26,Normal
2026-02-15 23:24:52.415992,Paris-f09d,7,94,Normal
2026-02-15 23:24:53.415992,Paris-f09d,-29,61,Normal
2026-02-15 23:24:54.415992,Paris-f09d,13,54,Normal
2026-02-15 23:24:55.415992,Paris-f09d,-18,66,Normal
2026-02-15 23:24:56.415992,Paris-f09d,-1,65,Normal
2026-02-15 23:24:57.415992,Paris-f09d,2,19,Normal
2026-02-15 23:24:58.415992,Paris-f09d,36,58,Normal
2026-02-15 23:24:59.415992,Paris-f09d,19,29,Normal
2026-02-15 23:25:00.415992,Paris-f09d,-6,54,Normal
2026-02-15 23:25:01.415992,Paris-f09d,11,3,Normal
2026-02-15 23:25:02.415992,Paris-f09d,-17,19,Normal
2026-02-15 23:25:03.415992,Paris-f09d,-16,72,Normal
2026-02-15 23:25:04.415992,Paris-f09d,4,13,Normal
2026-02-15 23:25:05.415992,Paris-f09d,37,5,Normal
2026-02-15 23:25:06.415992,Paris-f09d,-24,58,Normal
2026-02-15 23:25:07.415992,Paris-f09d,25,50,Normal
2026-02-15 23:25:08.415992,Paris-f09d,-23,88,Normal
2026-02-15 23:25:09.415992,Paris-f09d,42,7,Normal
2026-02-15 23:25:10.415992,Paris-f09d,-23,100,Normal
2026-02-15 23:25:11.415992,Paris-f09d,31,55,Normal
2026-02-15 23:25:12.415992,Paris-f09d,-13,30,Normal
2026-02-15 23:25:13.415992,Paris-f09d,44,87,Normal
2026-02-15 23:25:14.415992,Paris-f09d,31,96,Normal
2026-02-15 23:25:15.415992,Paris-f09d,10,45,Normal
2026-02-15 23:25:16.415992,Paris-f09d,39,6,Normal
2026-02-15 23:25:17.415992,Paris-f09d,-15,80,Normal
2026-02-15 23:25:18.415992,Paris-f09d,-6,90,Normal
2026-02-15 23:25:19.415992,Paris-f09d,-9,6,Normal
2026-02-15 23:25:20.415992,Paris-f09d,4,57,Normal
2026-02-15 23:25:21.415992,Paris-f09d,31,20,Normal
2026-02-15 23:25:22.415992,Paris-f09d,1,33,Normal
2026-02-15 23:25:23.415992,Paris-f09d,33,33,Normal
2026-02-15 23:25:24.415992,Paris-f09d,10,97,Normal
2026-02-15 23:25:25.415992,Paris-f09d,29,37,Normal
2026-02-15 23:25:26.415992,Paris-f09d,-23,8,Normal
2026-02-15 23:25:27.415992,Paris-f09d,21,65,Normal
2026-02-15 23:25:28.415992,Paris-f09d,-18,3,Normal
2026-02-15 23:25:29.415992,Paris-f09d,23,88,Normal
2026-02-15 23:25:30.415992,Paris-f09d,11,5,Normal
2026-02-15 23:25:31.415992,Paris-f09d,15,7,Normal
2026-02-15 23:25:32.415992,Paris-f09d,38,32,Normal
2026-02-15 23:25:33.415992,Paris-f09d,-12,74,Normal
2026-02-15 23:25:34.415992,Paris-f09d,27,22,Normal
2026-02-15 23:25:35.415992,Paris-f09d,3,46,Normal
2026-02-15 23:25:36.415992,Paris-f09d,31,57,Normal
2026-02-15 23:25:37.415992,Paris-f09d,-3,27,Normal
2026-02-15 23:25:38.415992,Paris-f09d,47,91,Normal
2026-02-15 23:25:39.415992,Paris-f09d,-11,9,Normal
2026-02-15 23:25:40.415992,Paris-f09d,-10,56,Normal
2026-02-15 23:25:41.415992,Paris-f09d,24,38,Normal
2026-02-15 23:25:42.415992,Paris-f09d,-15,60,Normal
2026-02-15 23:25:43.415992,Paris-f09d,17,80,Normal
2026-02-15 23:25:44.415992,Paris-f09d,-11,11,Normal
2026-02-15 23:25:45.415992,Paris-f09d,-22,88,Normal
2026-02-15 23:25:46.415992,Paris-f09d,40,92,Normal
2026-02-15 23:25:47.415992,Paris-f09d,33,25,Normal
2026-02-15 23:25:48.415992,Paris-f09d,7,78,Normal
2026-02-15 23:25:49.415992,Paris-f09d,-5,79,Normal
2026-02-15 23:25:50.415992,Paris-f09d,36,52,Normal
2026-02-15 23:25:51.415992,Paris-f09d,45,79,Normal
2026-02-15 23:25:52.415992,Paris-f09d,33,2,Normal
2026-02-15 23:25:53.415992,Paris-f09d,44,63,Normal
2026-02-15 23:25:54.415992,Paris-f09d,41,45,Normal
2026-02-15 23:25:55.415992,Paris-f09d,14,16,Normal
2026-02-15 23:25:56.415992,Paris-f09d,48,57,Normal
2026-02-15 23:25:57.415992,Paris-f09d,1,8,Normal
2026-02-15 23:25:58.415992,Paris-f09d,18,85,Normal
2026-02-15 23:25:59.415992,Paris-f09d,7,37,Normal
2026-02-15 23:26:00.415992,Paris-f09d,-13,10,Normal
2026-02-15 23:26:01.415992,Paris-f09d,-1,13,Normal
2026-02-15 23:26:02.415992,Paris-f09d,-26,29,Normal
2026-02-15 23:26:03.415992,Paris-f09d,-19,53,Normal
2026-02-15 23:26:04.415992,Paris-f09d,-20,94,Normal
2026-02-15 23:26:05.415992,Paris-f09d,-4,55,Normal
2026-02-15 23:26:06.415992,Paris-f09d,44,27,Normal
2026-02-15 23:26:07.415992,Paris-f09d,8,81,Normal
2026-02-15 23:26:08.415992,Paris-f09d,-4,63,Normal
2026-02-15 23:26:09.415992,Paris-f09d,48,32,Normal
2026-02-15 23:26:10.415992,Paris-f09d,38,31,Normal
2026-02-15 23:26:11.415992,Paris-f09d,-15,67,Normal
2026-02-15 23:26:12.415992,Paris-f09d,-28,97,Normal
2026-02-15 23:26:13.415992,Paris-f09d,-3,5,Normal
2026-02-15 23:26:14.415992,Paris-f09d,50,22,Normal
2026-02-15 23:26:15.415992,Paris-f09d,-2,22,Normal
2026-02-15 23:26:16.415992,Paris-f09d,-24,98,Normal
2026-02-15 23:26:17.415992,Paris-f09d,48,8,Normal
2026-02-15 23:26:18.415992,Paris-f09d,17,3,Normal
2026-02-15 23:26:19.415992,Paris-f09d,16,50,Normal
2026-02-15 23:26:20.415992,Paris-f09d,-13,40,Normal
2026-02-15 23:26:21.415992,Paris-f09d,50,6,Normal
2026-02-15 23:26:22.415992,Paris-f09d,30,70,Normal
2026-02-15 23:26:23.415992,Paris-f09d,-18,43,Normal
2026-02-15 23:26:24.415992,Paris-f09d,-16,85,Normal
2026-02-15 23:26:25.415992,Paris-f09d,45,7,Normal
2026-02-15 23:26:26.415992,Paris-f09d,46,75,Normal
2026-02-15 23:26:27.415992,Paris-f09d,-16,4,Normal
2026-02-15 23:26:28.415992,Paris-f09d,34,23,Normal
2026-02-15 23:26:29.415992,Paris-f09d,-11,28,Normal
2026-02-15 23:26:30.415992,Paris-f09d,-2,15,Normal
2026-02-15 23:26:31.415992,Paris-f09d,36,51,Normal
2026-02-15 23:26:32.415992,Paris-f09d,-21,56,Normal
2026-02-15 23:26:33.415992,Paris-f09d,46,31,Normal
2026-02-15 23:26:34.415992,Paris-f09d,-11,67,Normal
2026-02-15 23:26:35.415992,Paris-f09d,-23,66,Normal
2026-02-15 23:26:36.415992,Paris-f09d,8,91,Normal
2026-02-15 23:26:37.415992,Paris-f09d,45,20,Normal
2026-02-15 23:26:38.415992,Paris-f09d,11,89,Normal
2026-02-15 23:26:39.415992,Paris-f09d,10,47,Normal
2026-02-15 23:26:40.415992,Paris-f09d,47,20,Normal
2026-02-15 23:26:41.415992,Paris-f09d,-16,59,Normal
2026-02-15 23:26:42.415992,Paris-f09d,-5,32,Normal
2026-02-15 23:26:43.415992,Paris-f09d,13,78,Normal
2026-02-15 23:26:44.415992,Paris-f09d,-30,89,Normal
2026-02-15 23:26:45.415992,Paris-f09d,4,91,Normal
2026-02-15 23:26:46.415992,Paris-f09d,40,83,Normal
2026-02-15 23:26:47.415992,Paris-f09d,24,29,Normal
2026-02-15 23:26:48.415992,Paris-f09d,-17,65,Normal
2026-02-15 23:26:49.415992,Paris-f09d,3,49,Normal
2026-02-15 23:26:50.415992,Paris-f09d,-30,24,Normal
2026-02-15 23:26:51.415992,Paris-f09d,48,83,Normal
2026-02-15 23:26:52.415992,Paris-f09d,26,9,Normal
2026-02-15 23:26:53.415992,Paris-f09d,-18,88,Normal
2026-02-15 23:26:54.415992,Paris-f09d,-18,18,Normal
2026-02-15 23:26:55.415992,Paris-f09d,-30,12,Normal
2026-02-15 23:26:56.415992,Paris-f09d,-18,70,Normal
2026-02-15 23:26:57.415992,Paris-f09d,33,69,Normal
2026-02-15 23:26:58.415992,Paris-f09d,46,85,Normal
2026-02-15 23:26:59.415992,Paris-f09d,9,32,Normal
2026-02-15 23:27:00.415992,Paris-f09d,33,75,Normal
2026-02-15 23:27:01.415992,Paris-f09d,14,35,Normal
2026-02-15 23:27:02.415992,Paris-f09d,31,12,Normal
2026-02-15 23:27:03.415992,Paris-f09d,5,1,Normal
2026-02-15 23:27:04.415992,Paris-f09d,19,100,Normal
2026-02-15 23:27:05.415992,Paris-f09d,-8,72,Normal
2026-02-15 23:27:06.415992,Paris-f09d,33,65,Normal
2026-02-15 23:27:07.415992,Paris-f09d,30,17,Normal
2026-02-15 23:27:08.415992,Paris-f09d,-6,18,Normal
2026-02-15 23:27:09.415992,Paris-f09d,22,68,Normal
2026-02-15 23:27:10.415992,Paris-f09d,8,27,Normal
2026-02-15 23:27:11.415992,Paris-f09d,9,58,Normal
2026-02-15 23:27:12.415992,Paris-f09d,-10,60,Normal
2026-02-15 23:27:13.415992,Paris-f09d,10,1,Normal
2026-02-15 23:27:14.415992,Paris-f09d,-24,51,Normal
2026-02-15 23:27:15.415992,Paris-f09d,-2,33,Normal
2026-02-15 23:27:16.415992,Paris-f09d,-12,29,Normal
2026-02-15 23:27:17.415992,Paris-f09d,13,58,Normal
2026-02-15 23:27:18.415992,Paris-f09d,48,6,Normal
2026-02-15 23:27:19.415992,Paris-f09d,35,70,Normal
2026-02-15 23:27:20.415992,Paris-f09d,9,60,Normal
2026-02-15 23:27:21.415992,Paris-f09d,29,30,Normal
2026-02-15 23:27:22.415992,Paris-f09d,35,19,Normal
2026-02-15 23:27:23.415992,Paris-f09d,42,54,Normal
2026-02-15 23:27:24.415992,Paris-f09d,18,39,Normal
2026-02-15 23:27:25.415992,Paris-f09d,15,73,Normal
2026-02-15 23:27:26.415992,Paris-f09d,9,19,Normal
2026-02-15 23:27:27.415992,Paris-f09d,-28,50,Normal
2026-02-15 23:27:28.415992,Paris-f09d,-13,0,Normal
2026-02-15 23:27:29.415992,Paris-f09d,22,47,Normal
2026-02-15 23:27:30.415992,Paris-f09d,27,99,Normal
2026-02-15 23:27:31.415992,Paris-f09d,-18,3,Normal
2026-02-15 23:27:32.415992,Paris-f09d,45,36,Normal
2026-02-15 23:27:33.415992,Paris-f09d,41,50,Normal
2026-02-15 23:27:34.415992,Paris-f09d,8,1,Normal
2026-02-15 23:27:35.415992,Paris-f09d,1,60,Normal
2026-02-15 23:27:36.415992,Paris-f09d,-23,19,Normal
2026-02-15 23:27:37.415992,Paris-f09d,20,38,Normal
2026-02-15 23:27:38.415992,Paris-f09d,19,98,Normal
2026-02-15 23:27:39.415992,Paris-f09d,9,79,Normal
2026-02-15 23:27:40.415992,Paris-f09d,-10,80,Normal
2026-02-15 23:27:41.415992,Paris-f09d,-22,14,Normal
2026-02-15 23:27:42.415992,Paris-f09d,-23,24,Normal
2026-02-15 23:27:43.415992,Paris-f09d,26,56,Normal
2026-02-15 23:27:44.415992,Paris-f09d,4,18,Normal
2026-02-15 23:27:45.415992,Paris-f09d,-18,80,Normal
2026-02-15 23:27:46.415992,Paris-f09d,-2,40,Normal
2026-02-15 23:27:47.415992,Paris-f09d,28,68,Normal
2026-02-15 23:27:48.415992,Paris-f09d,14,97,Normal
2026-02-15 23:27:49.415992,Paris-f09d,-20,5,Normal
2026-02-15 23:27:50.415992,Paris-f09d,46,74,Normal
2026-02-15 23:27:51.415992,Paris-f09d,44,74,Normal
2026-02-15 23:27:52.415992,Paris-f09d,26,42,Normal
2026-02-15 23:27:53.415992,Paris-f09d,31,46,Normal
2026-02-15 23:27:54.415992,Paris-f09d,44,98,Normal
2026-02-15 23:27:55.415992,Paris-f09d,-3,14,Normal
2026-02-15 23:27:56.415992,Paris-f09d,39,1,Normal
2026-02-15 23:27:57.415992,Paris-f09d,2,23,Normal
2026-02-15 23:27:58.415992,Paris-f09d,-11,7,Normal
2026-02-15 23:27:59.415992,Paris-f09d,22,54,Normal
2026-02-15 23:28:00.415992,Paris-f09d,-28,73,Normal
2026-02-15 23:28:01.415992,Paris-f09d,-27,7,Normal
2026-02-15 23:28:02.415992,Paris-f09d,-7,3,Normal
2026-02-15 23:28:03.415992,Paris-f09d,7,35,Normal
2026-02-15 23:28:04.415992,Paris-f09d,16,69,Normal
2026-02-15 23:28:05.415992,Paris-f09d,26,31,Normal
2026-02-15 23:28:06.415992,Paris-f09d,-26,87,Normal
2026-02-15 23:28:07.415992,Paris-f09d,20,80,Normal
2026-02-15 23:28:08.415992,Paris-f09d,-26,13,Normal
2026-02-15 23:28:09.415992,Paris-f09d,4,12,Normal
2026-02-15 23:28:10.415992,Paris-f09d,39,4,Normal
2026-02-15 23:28:11.415992,Paris-f09d,43,23,Normal
2026-02-15 23:28:12.415992,Paris-f09d,37,96,Normal
2026-02-15 23:28:13.415992,Paris-f09d,43,32,Normal
2026-02-15 23:28:14.415992,Paris-f09d,15,49,Normal
2026-02-15 23:28:15.415992,Paris-f09d,-11,60,Normal
2026-02-15 23:28:16.415992,Paris-f09d,-8,83,Normal
2026-02-15 23:28:17.415992,Paris-f09d,20,58,Normal
2026-02-15 23:28:18.415992,Paris-f09d,22,7,Normal
2026-02-15 23:28:19.415992,Paris-f09d,38,80,Normal
2026-02-15 23:28:20.415992,Paris-f09d,-6,28,Normal
2026-02-15 23:28:21.415992,Paris-f09d,-25,87,Normal
2026-02-15 23:28:22.415992,Paris-f09d,-1,77,Normal
2026-02-15 23:28:23.415992,Paris-f09d,47,26,Normal
2026-02-15 23:28:24.415992,Paris-f09d,27,31,Normal
2026-02-15 23:28:25.415992,Paris-f09d,-12,81,Normal
2026-02-15 23:28:26.415992,Paris-f09d,12,55,Normal
2026-02-15 23:28:27.415992,Paris-f09d,-27,38,Normal
2026-02-15 23:28:28.415992,Paris-f09d,5,27,Normal
2026-02-15 23:28:29.415992,Paris-f09d,47,89,Normal
2026-02-15 23:28:30.415992,Paris-f09d,-7,42,Normal
2026-02-15 23:28:31.415992,Paris-f09d,47,57,Normal
2026-02-15 23:28:32.415992,Paris-f09d,17,24,Normal
2026-02-15 23:28:33.415992,Paris-f09d,23,30,Normal
2026-02-15 23:28:34.415992,Paris-f09d,-1,31,Normal
2026-02-15 23:28:35.415992,Paris-f09d,-22,86,Normal
2026-02-15 23:28:36.415992,Paris-f09d,17,19,Normal
2026-02-15 23:28:37.415992,Paris-f09d,12,15,Normal
2026-02-15 23:28:38.415992,Paris-f09d,42,78,Normal
2026-02-15 23:28:39.415992,Paris-f09d,3,39,Normal
2026-02-15 23:28:40.415992,Paris-f09d,26,73,Normal
2026-02-15 23:28:41.415992,Paris-f09d,29,93,Normal
2026-02-15 23:28:42.415992,Paris-f09d,-29,12,Normal
2026-02-15 23:28:43.415992,Paris-f09d,22,44,Normal
2026-02-15 23:28:44.415992,Paris-f09d,39,62,Normal
2026-02-15 23:28:45.415992,Paris-f09d,1,98,Normal
2026-02-15 23:28:46.415992,Paris-f09d,6,72,Normal
2026-02-15 23:28:47.415992,Paris-f09d,39,23,Normal
2026-02-15 23:28:48.415992,Paris-f09d,-12,9,Normal
2026-02-15 23:28:49.415992,Paris-f09d,-7,10,Normal
2026-02-15 23:28:50.415992,Paris-f09d,29,48,Normal
2026-02-15 23:28:51.415992,Paris-f09d,9,78,Normal
2026-02-15 23:28:52.415992,Paris-f09d,-18,44,Normal
2026-02-15 23:28:53.415992,Paris-f09d,15,87,Normal
2026-02-15 23:28:54.415992,Paris-f09d,-10,47,Normal
2026-02-15 23:28:55.415992,Paris-f09d,-3,41,Normal
2026-02-15 23:28:56.415992,Paris-f09d,-18,10,Normal
2026-02-15 23:28:57.415992,Paris-f09d,7,67,Normal
2026-02-15 23:28:58.415992,Paris-f09d,-16,2,Normal
2026-02-15 23:28:59.415992,Paris-f09d,-7,9,Normal
2026-02-15 23:29:00.415992,Paris-f09d,22,79,Normal
2026-02-15 23:29:01.415992,Paris-f09d,8,0,Normal
2026-02-15 23:29:02.415992,Paris-f09d,2,6,Normal
2026-02-15 23:29:03.415992,Paris-f09d,32,18,Normal
2026-02-15 23:29:04.415992,Paris-f09d,23,53,Normal
2026-02-15 23:29:05.415992,Paris-f09d,46,94,Normal
2026-02-15 23:29:06.415992,Paris-f09d,-11,97,Normal
2026-02-15 23:29:07.415992,Paris-f09d,-13,39,Normal
2026-02-15 23:29:08.415992,Paris-f09d,22,23,Normal
2026-02-15 23:29:09.415992,Paris-f09d,-10,18,Normal
2026-02-15 23:29:10.415992,Paris-f09d,33,66,Normal
2026-02-15 23:29:11.415992,Paris-f09d,36,5,Normal
2026-02-15 23:29:12.415992,Paris-f09d,33,43,Normal
2026-02-15 23:29:13.415992,Paris-f09d,-28,87,Normal
2026-02-15 23:29:14.415992,Paris-f09d,34,1,Normal
2026-02-15 23:29:15.415992,Paris-f09d,37,2,Normal
2026-02-15 23:29:16.415992,Paris-f09d,-21,7,Normal
2026-02-15 23:29:17.415992,Paris-f09d,23,93,Normal
2026-02-15 23:29:18.415992,Paris-f09d,-14,26,Normal
2026-02-15 23:29:19.415992,Paris-f09d,27,7,Normal
2026-02-15 23:29:20.415992,Paris-f09d,14,94,Normal
2026-02-15 23:29:21.415992,Paris-f09d,42,62,Normal
2026-02-15 23:29:22.415992,Paris-f09d,27,17,Normal
2026-02-15 23:29:23.415992,Paris-f09d,5,32,Normal
2026-02-15 23:29:24.415992,Paris-f09d,50,86,Normal
2026-02-15 23:29:25.415992,Paris-f09d,44,31,Normal
2026-02-15 23:29:26.415992,Paris-f09d,29,78,Normal
2026-02-15 23:29:27.415992,Paris-f09d,19,71,Normal
2026-02-15 23:29:28.415992,Paris-f09d,-16,89,Normal
2026-02-15 23:29:29.415992,Paris-f09d,-7,80,Normal
2026-02-15 23:29:30.415992,Paris-f09d,-3,41,Normal
2026-02-15 23:29:31.415992,Paris-f09d,48,44,Normal
2026-02-15 23:29:32.415992,Paris-f09d,-8,62,Normal
2026-02-15 23:29:33.415992,Paris-f09d,27,62,Normal
2026-02-15 23:29:34.415992,Paris-f09d,40,100,Normal
2026-02-15 23:29:35.415992,Paris-f09d,21,46,Normal
2026-02-15 23:29:36.415992,Paris-f09d,13,18,Normal
2026-02-15 23:29:37.415992,Paris-f09d,-18,63,Normal
2026-02-15 23:29:38.415992,Paris-f09d,-25,16,Normal
2026-02-15 23:29:39.415992,Paris-f09d,18,92,Normal
2026-02-15 23:29:40.415992,Paris-f09d,-11,77,Normal
2026-02-15 23:29:41.415992,Paris-f09d,33,89,Normal
2026-02-15 23:29:42.415992,Paris-f09d,8,68,Normal
2026-02-15 23:29:43.415992,Paris-f09d,-8,58,Normal
2026-02-15 23:29:44.415992,Paris-f09d,-29,39,Normal
2026-02-15 23:29:45.415992,Paris-f09d,-19,57,Normal
2026-02-15 23:29:46.415992,Paris-f09d,5,89,Normal
2026-02-15 23:29:47.415992,Paris-f09d,34,6,Normal
2026-02-15 23:29:48.415992,Paris-f09d,25,23,Normal
2026-02-15 23:29:49.415992,Paris-f09d,-30,42,Normal
2026-02-15 23:29:50.415992,Paris-f09d,34,6,Normal
2026-02-15 23:29:51.415992,Paris-f09d,40,51,Normal
2026-02-15 23:29:52.415992,Paris-f09d,49,42,Normal
2026-02-15 23:29:53.415992,Paris-f09d,-28,23,Normal
2026-02-15 23:29:54.415992,Paris-f09d,-29,78,Normal
2026-02-15 23:29:55.415992,Paris-f09d,-13,13,Normal
2026-02-15 23:29:56.415992,Paris-f09d,48,67,Normal
2026-02-15 23:29:57.415992,Paris-f09d,-23,27,Normal
2026-02-15 23:29:58.415992,Paris-f09d,34,15,Normal
2026-02-15 23:29:59.415992,Paris-f09d,-18,79,Normal
2026-02-15 23:30:00.415992,Paris-f09d,25,18,Normal
2026-02-15 23:30:01.415992,Paris-f09d,13,97,Normal
2026-02-15 23:30:02.415992,Paris-f09d,21,5,Normal
2026-02-15 23:30:03.415992,Paris-f09d,28,24,Normal
2026-02-15 23:30:04.415992,Paris-f09d,41,57,Normal
2026-02-15 23:30:05.415992,Paris-f09d,17,54,Normal
2026-02-15 23:30:06.415992,Paris-f09d,-13,1,Normal
2026-02-15 23:30:07.415992,Paris-f09d,50,74,Normal
2026-02-15 23:30:08.415992,Paris-f09d,-4,64,Normal
2026-02-15 23:30:09.415992,Paris-f09d,-9,39,Normal
2026-02-15 23:30:10.415992,Paris-f09d,-17,72,Normal
2026-02-15 23:30:11.415992,Paris-f09d,24,97,Normal
2026-02-15 23:30:12.415992,Paris-f09d,-29,19,Normal
2026-02-15 23:30:13.415992,Paris-f09d,-10,1,Normal
2026-02-15 23:30:14.415992,Paris-f09d,13,42,Normal
2026-02-15 23:30:15.415992,Paris-f09d,-2,87,Normal
2026-02-15 23:30:16.415992,Paris-f09d,47,28,Normal
2026-02-15 23:30:17.415992,Paris-f09d,40,83,Normal
2026-02-15 23:30:18.415992,Paris-f09d,9,12,Normal
2026-02-15 23:30:19.415992,Paris-f09d,-28,69,Normal
2026-02-15 23:30:20.415992,Paris-f09d,-6,43,Normal
2026-02-15 23:30:21.415992,Paris-f09d,-4,3,Normal
2026-02-15 23:30:22.415992,Paris-f09d,-10,61,Normal
2026-02-15 23:30:23.415992,Paris-f09d,9,16,Normal
2026-02-15 23:30:24.415992,Paris-f09d,35,84,Normal
2026-02-15 23:30:25.415992,Paris-f09d,-6,64,Normal
2026-02-15 23:30:26.415992,Paris-f09d,42,6,Normal
2026-02-15 23:30:27.415992,Paris-f09d,23,16,Normal
2026-02-15 23:30:28.415992,Paris-f09d,14,1,Normal
2026-02-15 23:30:29.415992,Paris-f09d,4,89,Normal
2026-02-15 23:30:30.415992,Paris-f09d,-17,77,Normal
2026-02-15 23:30:31.415992,Paris-f09d,46,58,Normal
2026-02-15 23:30:32.415992,Paris-f09d,-3,7,Normal
2026-02-15 23:30:33.415992,Paris-f09d,18,7,Normal
2026-02-15 23:30:34.415992,Paris-f09d,-27,5,Normal
2026-02-15 23:30:35.415992,Paris-f09d,24,85,Normal
2026-02-15 23:30:36.415992,Paris-f09d,24,79,Normal
2026-02-15 23:30:37.415992,Paris-f09d,-23,6,Normal
2026-02-15 23:30:38.415992,Paris-f09d,5,82,Normal
2026-02-15 23:30:39.415992,Paris-f09d,47,29,Normal
2026-02-15 23:30:40.415992,Paris-f09d,17,7,Normal
2026-02-15 23:30:41.415992,Paris-f09d,35,33,Normal
2026-02-15 23:30:42.415992,Paris-f09d,-2,0,Normal
2026-02-15 23:30:43.415992,Paris-f09d,-21,62,Normal
2026-02-15 23:30:44.415992,Paris-f09d,0,76,Normal
2026-02-15 23:30:45.415992,Paris-f09d,-25,85,Normal
2026-02-15 23:30:46.415992,Paris-f09d,39,100,Normal
2026-02-15 23:30:47.415992,Paris-f09d,34,80,Normal
2026-02-15 23:30:48.415992,Paris-f09d,45,97,Normal
2026-02-15 23:30:49.415992,Paris-f09d,-20,43,Normal
2026-02-15 23:30:50.415992,Paris-f09d,-10,75,Normal
2026-02-15 23:30:51.415992,Paris-f09d,-19,6,Normal
2026-02-15 23:30:52.415992,Paris-f09d,4,74,Normal
2026-02-15 23:30:53.415992,Paris-f09d,36,1,Normal
2026-02-15 23:30:54.415992,Paris-f09d,-2,53,Normal
2026-02-15 23:30:55.415992,Paris-f09d,-19,77,Normal
2026-02-15 23:30:56.415992,Paris-f09d,31,83,Normal
2026-02-15 23:30:57.415992,Paris-f09d,50,42,Normal
2026-02-15 23:30:58.415992,Paris-f09d,-28,56,Normal
2026-02-15 23:30:59.415992,Paris-f09d,3,81,Normal
2026-02-15 23:31:00.415992,Paris-f09d,-17,17,Normal
2026-02-15 23:31:01.415992,Paris-f09d,-8,4,Normal
2026-02-15 23:31:02.415992,Paris-f09d,-26,80,Normal
2026-02-15 23:31:03.415992,Paris-f09d,27,55,Normal
2026-02-15 23:31:04.415992,Paris-f09d,-14,64,Normal
2026-02-15 23:31:05.415992,Paris-f09d,39,52,Normal
2026-02-15 23:31:06.415992,Paris-f09d,-5,25,Normal
2026-02-15 23:31:07.415992,Paris-f09d,2,71,Normal
2026-02-15 23:31:08.415992,Paris-f09d,21,60,Normal
2026-02-15 23:31:09.415992,Paris-f09d,-15,88,Normal
2026-02-15 23:31:10.415992,Paris-f09d,7,1,Normal
2026-02-15 23:31:11.415992,Paris-f09d,41,14,Normal
2026-02-15 23:31:12.415992,Paris-f09d,-16,16,Normal
2026-02-15 23:31:13.415992,Paris-f09d,-21,34,Normal
2026-02-15 23:31:14.415992,Paris-f09d,6,35,Normal
2026-02-15 23:31:15.415992,Paris-f09d,-30,48,Normal
2026-02-15 23:31:16.415992,Paris-f09d,11,69,Normal
2026-02-15 23:31:17.415992,Paris-f09d,47,35,Normal
2026-02-15 23:31:18.415992,Paris-f09d,11,53,Normal
2026-02-15 23:31:19.415992,Paris-f09d,-4,45,Normal
2026-02-15 23:31:20.415992,Paris-f09d,22,83,Normal
2026-02-15 23:31:21.415992,Paris-f09d,-7,62,Normal
2026-02-15 23:31:22.415992,Paris-f09d,48,70,Normal
2026-02-15 23:31:23.415992,Paris-f09d,20,65,Normal
2026-02-15 23:31:24.415992,Paris-f09d,-25,91,Normal
2026-02-15 23:31:25.415992,Paris-f09d,2,34,Normal
2026-02-15 23:31:26.415992,Paris-f09d,19,52,Normal
2026-02-15 23:31:27.415992,Paris-f09d,-23,58,Normal
2026-02-15 23:31:28.415992,Paris-f09d,7,66,Normal
2026-02-15 23:31:29.415992,Paris-f09d,-22,25,Normal
2026-02-15 23:31:30.415992,Paris-f09d,35,20,Normal
2026-02-15 23:31:31.415992,Paris-f09d,39,90,Normal
2026-02-15 23:31:32.415992,Paris-f09d,-12,78,Normal
2026-02-15 23:31:33.415992,Paris-f09d,19,85,Normal
2026-02-15 23:31:34.415992,Paris-f09d,-29,40,Normal
2026-02-15 23:31:35.415992,Paris-f09d,39,68,Normal
2026-02-15 23:31:36.415992,Paris-f09d,-14,68,Normal
2026-02-15 23:31:37.415992,Paris-f09d,-22,34,Normal
2026-02-15 23:31:38.415992,Paris-f09d,-29,36,Normal
2026-02-15 23:31:39.415992,Paris-f09d,37,16,Normal
2026-02-15 23:31:40.415992,Paris-f09d,36,98,Normal
2026-02-15 23:31:41.415992,Paris-f09d,-26,27,Normal
2026-02-15 23:31:42.415992,Paris-f09d,39,5,Normal
2026-02-15 23:31:43.415992,Paris-f09d,-20,18,Normal
2026-02-15 23:31:44.415992,Paris-f09d,23,90,Normal
2026-02-15 23:31:45.415992,Paris-f09d,-8,99,Normal
2026-02-15 23:31:46.415992,Paris-f09d,-18,26,Normal
2026-02-15 23:31:47.415992,Paris-f09d,11,37,Normal
2026-02-15 23:31:48.415992,Paris-f09d,5,57,Normal
2026-02-15 23:31:49.415992,Paris-f09d,1,68,Normal
2026-02-15 23:31:50.415992,Paris-f09d,2,43,Normal
2026-02-15 23:31:51.415992,Paris-f09d,16,46,Normal
2026-02-15 23:31:52.415992,Paris-f09d,-19,67,Normal
2026-02-15 23:31:53.415992,Paris-f09d,44,34,Normal
2026-02-15 23:31:54.415992,Paris-f09d,28,36,Normal
2026-02-15 23:31:55.415992,Paris-f09d,16,30,Normal
2026-02-15 23:31:56.415992,Paris-f09d,18,72,Normal
2026-02-15 23:31:57.415992,Paris-f09d,-12,24,Normal
2026-02-15 23:31:58.415992,Paris-f09d,16,34,Normal
2026-02-15 23:31:59.415992,Paris-f09d,15,13,Normal
2026-02-15 23:32:00.415992,Paris-f09d,-15,64,Normal
2026-02-15 23:32:01.415992,Paris-f09d,12,66,Normal
2026-02-15 23:32:02.415992,Paris-f09d,19,24,Normal
2026-02-15 23:32:03.415992,Paris-f09d,31,39,Normal
2026-02-15 23:32:04.415992,Paris-f09d,17,62,Normal
2026-02-15 23:32:05.415992,Paris-f09d,26,81,Normal
2026-02-15 23:32:06.415992,Paris-f09d,5,71,Normal
2026-02-15 23:32:07.415992,Paris-f09d,-27,30,Normal
2026-02-15 23:32:08.415992,Paris-f09d,29,80,Normal
2026-02-15 23:32:09.415992,Paris-f09d,19,50,Normal
2026-02-15 23:32:10.415992,Paris-f09d,-26,60,Normal
2026-02-15 23:32:11.415992,Paris-f09d,24,78,Normal
2026-02-15 23:32:12.415992,Paris-f09d,1,34,Normal
2026-02-15 23:32:13.415992,Paris-f09d,37,0,Normal
2026-02-15 23:32:14.415992,Paris-f09d,-29,56,Normal
2026-02-15 23:32:15.415992,Paris-f09d,39,75,Normal
2026-02-15 23:32:16.415992,Paris-f09d,39,29,Normal
2026-02-15 23:32:17.415992,Paris-f09d,34,66,Normal
2026-02-15 23:32:18.415992,Paris-f09d,0,81,Normal
2026-02-15 23:32:19.415992,Paris-f09d,-11,14,Normal
2026-02-15 23:32:20.415992,Paris-f09d,-23,5,Normal
2026-02-15 23:32:21.415992,Paris-f09d,37,4,Normal
2026-02-15 23:32:22.415992,Paris-f09d,28,53,Normal
2026-02-15 23:32:23.415992,Paris-f09d,-28,4,Normal
2026-02-15 23:32:24.415992,Paris-f09d,3,91,Normal
2026-02-15 23:32:25.415992,Paris-f09d,41,81,Normal
2026-02-15 23:32:26.415992,Paris-f09d,33,38,Normal
2026-02-15 23:32:27.415992,Paris-f09d,9,80,Normal
2026-02-15 23:32:28.415992,Paris-f09d,16,70,Normal
2026-02-15 23:32:29.415992,Paris-f09d,41,83,Normal
2026-02-15 23:32:30.415992,Paris-f09d,12,80,Normal
2026-02-15 23:32:31.415992,Paris-f09d,7,34,Normal
2026-02-15 23:32:32.415992,Paris-f09d,14,89,Normal
2026-02-15 23:32:33.415992,Paris-f09d,17,35,Normal
2026-02-15 23:32:34.415992,Paris-f09d,4,42,Normal
2026-02-15 23:32:35.415992,Paris-f09d,-12,100,Normal
2026-02-15 23:32:36.415992,Paris-f09d,41,35,Normal
2026-02-15 23:32:37.415992,Paris-f09d,22,87,Normal
2026-02-15 23:32:38.415992,Paris-f09d,-28,16,Normal
2026-02-15 23:32:39.415992,Paris-f09d,-22,31,Normal
2026-02-15 23:32:40.415992,Paris-f09d,28,33,Normal
2026-02-15 23:32:41.415992,Paris-f09d,40,59,Normal
2026-02-15 23:32:42.415992,Paris-f09d,-22,80,Normal
2026-02-15 23:32:43.415992,Paris-f09d,20,64,Normal
2026-02-15 23:32:44.415992,Paris-f09d,49,87,Normal
2026-02-15 23:32:45.415992,Paris-f09d,8,92,Normal
2026-02-15 23:32:46.415992,Paris-f09d,50,56,Normal
2026-02-15 23:32:47.415992,Paris-f09d,-5,96,Normal
2026-02-15 23:32:48.415992,Paris-f09d,38,42,Normal
2026-02-15 23:32:49.415992,Paris-f09d,31,10,Normal
2026-02-15 23:32:50.415992,Paris-f09d,33,80,Normal
2026-02-15 23:32:51.415992,Paris-f09d,-18,3,Normal
2026-02-15 23:32:52.415992,Paris-f09d,29,91,Normal
2026-02-15 23:32:53.415992,Paris-f09d,30,9,Normal
2026-02-15 23:32:54.415992,Paris-f09d,7,40,Normal
2026-02-15 23:32:55.415992,Paris-f09d,45,74,Normal
2026-02-15 23:32:56.415992,Paris-f09d,-20,44,Normal
2026-02-15 23:32:57.415992,Paris-f09d,-8,71,Normal
2026-02-15 23:32:58.415992,Paris-f09d,-17,82,Normal
2026-02-15 23:32:59.415992,Paris-f09d,16,73,Normal
2026-02-15 23:33:00.415992,Paris-f09d,46,28,Normal
2026-02-15 23:33:01.415992,Paris-f09d,39,93,Normal
2026-02-15 23:33:02.415992,Paris-f09d,-30,88,Normal
2026-02-15 23:33:03.415992,Paris-f09d,-8,11,Normal
2026-02-15 23:33:04.415992,Paris-f09d,-19,99,Normal
2026-02-15 23:33:05.415992,Paris-f09d,27,89,Normal
2026-02-15 23:33:06.415992,Paris-f09d,-27,36,Normal
2026-02-15 23:33:07.415992,Paris-f09d,48,53,Normal
2026-02-15 23:33:08.415992,Paris-f09d,8,88,Normal
2026-02-15 23:33:09.415992,Paris-f09d,36,90,Normal
2026-02-15 23:33:10.415992,Paris-f09d,-16,76,Normal
2026-02-15 23:33:11.415992,Paris-f09d,-2,24,Normal
2026-02-15 23:33:12.415992,Paris-f09d,47,45,Normal
2026-02-15 23:33:13.415992,Paris-f09d,-15,51,Normal
2026-02-15 23:33:14.415992,Paris-f09d,23,82,Normal
2026-02-15 23:33:15.415992,Paris-f09d,17,47,Normal
2026-02-15 23:33:16.415992,Paris-f09d,-9,14,Normal
2026-02-15 23:33:17.415992,Paris-f09d,6,11,Normal
2026-02-15 23:33:18.415992,Paris-f09d,-25,65,Normal
2026-02-15 23:33:19.415992,Paris-f09d,50,36,Normal
2026-02-15 23:33:20.415992,Paris-f09d,47,92,Normal
2026-02-15 23:33:21.415992,Paris-f09d,48,40,Normal
2026-02-15 23:33:22.415992,Paris-f09d,46,99,Normal
2026-02-15 23:33:23.415992,Paris-f09d,-3,98,Normal
2026-02-15 23:33:24.415992,Paris-f09d,-28,41,Normal
2026-02-15 23:33:25.415992,Paris-f09d,3,98,Normal
2026-02-15 23:33:26.415992,Paris-f09d,-20,77,Normal
2026-02-15 23:33:27.415992,Paris-f09d,24,83,Normal
2026-02-15 23:33:28.415992,Paris-f09d,-5,62,Normal
2026-02-15 23:33:29.415992,Paris-f09d,46,38,Normal
2026-02-15 23:33:30.415992,Paris-f09d,-30,21,Normal
2026-02-15 23:33:31.415992,Paris-f09d,33,16,Normal
2026-02-15 23:33:32.415992,Paris-f09d,43,97,Normal
2026-02-15 23:33:33.415992,Paris-f09d,2,30,Normal
2026-02-15 23:33:34.415992,Paris-f09d,37,83,Normal
2026-02-15 23:33:35.415992,Paris-f09d,-16,37,Normal
2026-02-15 23:33:36.415992,Paris-f09d,-6,46,Normal
2026-02-15 23:33:37.415992,Paris-f09d,36,15,Normal
2026-02-15 23:33:38.415992,Paris-f09d,-17,61,Normal
2026-02-15 23:33:39.415992,Paris-f09d,31,93,Normal
2026-02-15 23:33:40.415992,Paris-f09d,0,31,Normal
2026-02-15 23:33:41.415992,Paris-f09d,-2,3,Normal
2026-02-15 23:33:42.415992,Paris-f09d,-11,18,Normal
2026-02-15 23:33:43.415992,Paris-f09d,-14,25,Normal
2026-02-15 23:33:44.415992,Paris-f09d,-15,49,Normal
2026-02-15 23:33:45.415992,Paris-f09d,27,18,Normal
2026-02-15 23:33:46.415992,Paris-f09d,39,96,Normal
2026-02-15 23:33:47.415992,Paris-f09d,46,32,Normal
2026-02-15 23:33:48.415992,Paris-f09d,-18,49,Normal
2026-02-15 23:33:49.415992,Paris-f09d,9,48,Normal
2026-02-15 23:33:50.415992,Paris-f09d,11,86,Normal
2026-02-15 23:33:51.415992,Paris-f09d,-25,35,Normal
2026-02-15 23:33:52.415992,Paris-f09d,9,72,Normal
2026-02-15 23:33:53.415992,Paris-f09d,36,88,Normal
2026-02-15 23:33:54.415992,Paris-f09d,47,80,Normal
2026-02-15 23:33:55.415992,Paris-f09d,47,97,Normal
2026-02-15 23:33:56.415992,Paris-f09d,12,50,Normal
2026-02-15 23:33:57.415992,Paris-f09d,36,12,Normal
2026-02-15 23:33:58.415992,Paris-f09d,43,5,Normal
2026-02-15 23:33:59.415992,Paris-f09d,-8,34,Normal
2026-02-15 23:34:00.415992,Paris-f09d,20,88,Normal
2026-02-15 23:34:01.415992,Paris-f09d,13,42,Normal
2026-02-15 23:34:02.415992,Paris-f09d,46,17,Normal
2026-02-15 23:34:03.415992,Paris-f09d,38,22,Normal
2026-02-15 23:34:04.415992,Paris-f09d,-19,90,Normal
2026-02-15 23:34:05.415992,Paris-f09d,-24,27,Normal
2026-02-15 23:34:06.415992,Paris-f09d,39,69,Normal
2026-02-15 23:34:07.415992,Paris-f09d,36,22,Normal
2026-02-15 23:34:08.415992,Paris-f09d,-3,94,Normal
2026-02-15 23:34:09.415992,Paris-f09d,37,43,Normal
2026-02-15 23:34:10.415992,Paris-f09d,4,65,Normal
2026-02-15 23:34:11.415992,Paris-f09d,26,50,Normal
2026-02-15 23:34:12.415992,Paris-f09d,-26,36,Normal
2026-02-15 23:34:13.415992,Paris-f09d,32,21,Normal
2026-02-15 23:34:14.415992,Paris-f09d,32,2,Normal
2026-02-15 23:34:15.415992,Paris-f09d,-27,14,Normal
2026-02-15 23:34:16.415992,Paris-f09d,24,28,Normal
2026-02-15 23:34:17.415992,Paris-f09d,-2,97,Normal
2026-02-15 23:34:18.415992,Paris-f09d,-9,94,Normal
2026-02-15 23:34:19.415992,Paris-f09d,22,89,Normal
2026-02-15 23:34:20.415992,Paris-f09d,34,26,Normal
2026-02-15 23:34:21.415992,Paris-f09d,26,31,Normal
2026-02-15 23:34:22.415992,Paris-f09d,29,58,Normal
2026-02-15 23:34:23.415992,Paris-f09d,50,57,Normal
2026-02-15 23:34:24.415992,Paris-f09d,-9,76,Normal
2026-02-15 23:34:25.415992,Paris-f09d,25,77,Normal
2026-02-15 23:34:26.415992,Paris-f09d,3,9,Normal
2026-02-15 23:34:27.415992,Paris-f09d,45,13,Normal
2026-02-15 23:34:28.415992,Paris-f09d,47,26,Normal
2026-02-15 23:34:29.415992,Paris-f09d,-11,82,Normal
2026-02-15 23:34:30.415992,Paris-f09d,35,61,Normal
2026-02-15 23:34:31.415992,Paris-f09d,23,27,Normal
2026-02-15 23:34:32.415992,Paris-f09d,43,7,Normal
2026-02-15 23:34:33.415992,Paris-f09d,4,34,Normal
2026-02-15 23:34:34.415992,Paris-f09d,5,70,Normal
2026-02-15 23:34:35.415992,Paris-f09d,6,75,Normal
2026-02-15 23:34:36.415992,Paris-f09d,-21,31,Normal
2026-02-15 23:34:37.415992,Paris-f09d,23,57,Normal
2026-02-15 23:34:38.415992,Paris-f09d,21,14,Normal
2026-02-15 23:34:39.415992,Paris-f09d,32,9,Normal
2026-02-15 23:34:40.415992,Paris-f09d,-4,60,Normal
2026-02-15 23:34:41.415992,Paris-f09d,31,89,Normal
2026-02-15 23:34:42.415992,Paris-f09d,-27,99,Normal
2026-02-15 23:34:43.415992,Paris-f09d,5,58,Normal
2026-02-15 23:34:44.415992,Paris-f09d,14,39,Normal
2026-02-15 23:34:45.415992,Paris-f09d,-21,12,Normal
2026-02-15 23:34:46.415992,Paris-f09d,-7,79,Normal
2026-02-15 23:34:47.415992,Paris-f09d,50,96,Normal
2026-02-15 23:34:48.415992,Paris-f09d,-3,95,Normal
2026-02-15 23:34:49.415992,Paris-f09d,25,96,Normal
2026-02-15 23:34:50.415992,Paris-f09d,17,71,Normal
2026-02-15 23:34:51.415992,Paris-f09d,16,26,Normal
2026-02-15 23:34:52.415992,Paris-f09d,19,52,Normal
2026-02-15 23:34:53.415992,Paris-f09d,11,42,Normal
2026-02-15 23:34:54.415992,Paris-f09d,17,88,Normal
2026-02-15 23:34:55.415992,Paris-f09d,-11,47,Normal
2026-02-15 23:34:56.415992,Paris-f09d,-20,50,Normal
2026-02-15 23:34:57.415992,Paris-f09d,-12,9,Normal
2026-02-15 23:34:58.415992,Paris-f09d,-8,26,Normal
2026-02-15 23:34:59.415992,Paris-f09d,49,65,Normal
2026-02-15 23:35:00.415992,Paris-f09d,-14,38,Normal
2026-02-15 23:35:01.415992,Paris-f09d,16,27,Normal
2026-02-15 23:35:02.415992,Paris-f09d,4,90,Normal
2026-02-15 23:35:03.415992,Paris-f09d,27,59,Normal
2026-02-15 23:35:04.415992,Paris-f09d,50,70,Normal
2026-02-15 23:35:05.415992,Paris-f09d,14,1,Normal
2026-02-15 23:35:06.415992,Paris-f09d,-14,32,Normal
2026-02-15 23:35:07.415992,Paris-f09d,-11,89,Normal
2026-02-15 23:35:08.415992,Paris-f09d,-14,57,Normal
2026-02-15 23:35:09.415992,Paris-f09d,15,97,Normal
2026-02-15 23:35:10.415992,Paris-f09d,-8,66,Normal
2026-02-15 23:35:11.415992,Paris-f09d,31,11,Normal
2026-02-15 23:35:12.415992,Paris-f09d,31,6,Normal
2026-02-15 23:35:13.415992,Paris-f09d,-14,42,Normal
2026-02-15 23:35:14.415992,Paris-f09d,6,26,Normal
2026-02-15 23:35:15.415992,Paris-f09d,7,17,Normal
2026-02-15 23:35:16.415992,Paris-f09d,20,58,Normal
2026-02-15 23:35:17.415992,Paris-f09d,21,73,Normal
2026-02-15 23:35:18.415992,Paris-f09d,-15,74,Normal
2026-02-15 23:35:19.415992,Paris-f09d,12,44,Normal
2026-02-15 23:35:20.415992,Paris-f09d,14,65,Normal
2026-02-15 23:35:21.415992,Paris-f09d,-18,8,Normal
2026-02-15 23:35:22.415992,Paris-f09d,0,20,Normal
2026-02-15 23:35:23.415992,Paris-f09d,47,85,Normal
2026-02-15 23:35:24.415992,Paris-f09d,-24,85,Normal
2026-02-15 23:35:25.415992,Paris-f09d,-2,70,Normal
2026-02-15 23:35:26.415992,Paris-f09d,-8,69,Normal
2026-02-15 23:35:27.415992,Paris-f09d,12,96,Normal
2026-02-15 23:35:28.415992,Paris-f09d,0,15,Normal
2026-02-15 23:35:29.415992,Paris-f09d,32,37,Normal
2026-02-15 23:35:30.415992,Paris-f09d,-20,24,Normal
2026-02-15 23:35:31.415992,Paris-f09d,17,32,Normal
2026-02-15 23:35:32.415992,Paris-f09d,22,52,Normal
2026-02-15 23:35:33.415992,Paris-f09d,25,33,Normal
2026-02-15 23:35:34.415992,Paris-f09d,18,35,Normal
2026-02-15 23:35:35.415992,Paris-f09d,33,60,Normal
2026-02-15 23:35:36.415992,Paris-f09d,-4,68,Normal
2026-02-15 23:35:37.415992,Paris-f09d,31,85,Normal
2026-02-15 23:35:38.415992,Paris-f09d,41,53,Normal
2026-02-15 23:35:39.415992,Paris-f09d,0,23,Normal
2026-02-15 23:35:40.415992,Paris-f09d,-25,97,Normal
2026-02-15 23:35:41.415992,Paris-f09d,-22,96,Normal
2026-02-15 23:35:42.415992,Paris-f09d,-8,3,Normal
2026-02-15 23:35:43.415992,Paris-f09d,24,95,Normal
2026-02-15 23:35:44.415992,Paris-f09d,45,26,Normal
2026-02-15 23:35:45.415992,Paris-f09d,-2,98,Normal
2026-02-15 23:35:46.415992,Paris-f09d,-21,2,Normal
2026-02-15 23:35:47.415992,Paris-f09d,8,53,Normal
2026-02-15 23:35:48.415992,Paris-f09d,-25,8,Normal
2026-02-15 23:35:49.415992,Paris-f09d,25,69,Normal
2026-02-15 23:35:50.415992,Paris-f09d,3,62,Normal
2026-02-15 23:35:51.415992,Paris-f09d,-16,37,Normal
2026-02-15 23:35:52.415992,Paris-f09d,2,92,Normal
2026-02-15 23:35:53.415992,Paris-f09d,31,50,Normal
2026-02-15 23:35:54.415992,Paris-f09d,49,65,Normal
2026-02-15 23:35:55.415992,Paris-f09d,33,40,Normal
2026-02-15 23:35:56.415992,Paris-f09d,-30,92,Normal
2026-02-15 23:35:57.415992,Paris-f09d,36,44,Normal
2026-02-15 23:35:58.415992,Paris-f09d,40,73,Normal
2026-02-15 23:35:59.415992,Paris-f09d,13,2,Normal
2026-02-15 23:36:00.415992,Paris-f09d,-6,84,Normal
2026-02-15 23:36:01.415992,Paris-f09d,40,56,Normal
2026-02-15 23:36:02.415992,Paris-f09d,-30,67,Normal
2026-02-15 23:36:03.415992,Paris-f09d,42,88,Normal
2026-02-15 23:36:04.415992,Paris-f09d,-12,16,Normal
2026-02-15 23:36:05.415992,Paris-f09d,16,67,Normal
2026-02-15 23:36:06.415992,Paris-f09d,-13,0,Normal
2026-02-15 23:36:07.415992,Paris-f09d,49,59,Normal
2026-02-15 23:36:08.415992,Paris-f09d,18,65,Normal
2026-02-15 23:36:09.415992,Paris-f09d,21,68,Normal
2026-02-15 23:36:10.415992,Paris-f09d,-16,19,Normal
2026-02-15 23:36:11.415992,Paris-f09d,3,32,Normal
2026-02-15 23:36:12.415992,Paris-f09d,-30,59,Normal
2026-02-15 23:36:13.415992,Paris-f09d,-17,15,Normal
2026-02-15 23:36:14.415992,Paris-f09d,10,10,Normal
2026-02-15 23:36:15.415992,Paris-f09d,-24,56,Normal
2026-02-15 23:36:16.415992,Paris-f09d,42,7,Normal
2026-02-15 23:36:17.415992,Paris-f09d,4,25,Normal
2026-02-15 23:36:18.415992,Paris-f09d,-15,63,Normal
2026-02-15 23:36:19.415992,Paris-f09d,29,82,Normal
2026-02-15 23:36:20.415992,Paris-f09d,31,55,Normal
2026-02-15 23:36:21.415992,Paris-f09d,-28,73,Normal
2026-02-15 23:36:22.415992,Paris-f09d,-3,2,Normal
2026-02-15 23:36:23.415992,Paris-f09d,-28,40,Normal
2026-02-15 23:36:24.415992,Paris-f09d,-18,70,Normal
2026-02-15 23:36:25.415992,Paris-f09d,-26,81,Normal
2026-02-15 23:36:26.415992,Paris-f09d,28,44,Normal
2026-02-15 23:36:27.415992,Paris-f09d,-4,48,Normal
2026-02-15 23:36:28.415992,Paris-f09d,36,10,Normal
2026-02-15 23:36:29.415992,Paris-f09d,41,75,Normal
2026-02-15 23:36:30.415992,Paris-f09d,-2,16,Normal
2026-02-15 23:36:31.415992,Paris-f09d,-26,83,Normal
2026-02-15 23:36:32.415992,Paris-f09d,40,46,Normal
2026-02-15 23:36:33.415992,Paris-f09d,-7,51,Normal
2026-02-15 23:36:34.415992,Paris-f09d,27,50,Normal
2026-02-15 23:36:35.415992,Paris-f09d,9,65,Normal
2026-02-15 23:36:36.415992,Paris-f09d,24,45,Normal
2026-02-15 23:36:37.415992,Paris-f09d,17,82,Normal
2026-02-15 23:36:38.415992,Paris-f09d,37,79,Normal
2026-02-15 23:36:39.415992,Paris-f09d,9,35,Normal
2026-02-15 23:36:40.415992,Paris-f09d,-5,30,Normal
2026-02-15 23:36:41.415992,Paris-f09d,46,2,Normal
2026-02-15 23:36:42.415992,Paris-f09d,-26,88,Normal
2026-02-15 23:36:43.415992,Paris-f09d,-7,82,Normal
2026-02-15 23:36:44.415992,Paris-f09d,2,87,Normal
2026-02-15 23:36:45.415992,Paris-f09d,44,65,Normal
2026-02-15 23:36:46.415992,Paris-f09d,46,91,Normal
2026-02-15 23:36:47.415992,Paris-f09d,44,7,Normal
2026-02-15 23:36:48.415992,Paris-f09d,17,28,Normal
2026-02-15 23:36:49.415992,Paris-f09d,2,4,Normal
2026-02-15 23:36:50.415992,Paris-f09d,49,12,Normal
2026-02-15 23:36:51.415992,Paris-f09d,12,51,Normal
2026-02-15 23:36:52.415992,Paris-f09d,-1,38,Normal
2026-02-15 23:36:53.415992,Paris-f09d,33,50,Normal
2026-02-15 23:36:54.415992,Paris-f09d,-23,100,Normal
2026-02-15 23:36:55.415992,Paris-f09d,20,45,Normal
2026-02-15 23:36:56.415992,Paris-f09d,-1,26,Normal
2026-02-15 23:36:57.415992,Paris-f09d,-21,8,Normal
2026-02-15 23:36:58.415992,Paris-f09d,29,28,Normal
2026-02-15 23:36:59.415992,Paris-f09d,-14,69,Normal
2026-02-15 23:37:00.415992,Paris-f09d,-12,80,Normal
2026-02-15 23:37:01.415992,Paris-f09d,46,18,Normal
2026-02-15 23:37:02.415992,Paris-f09d,-1,69,Normal
2026-02-15 23:37:03.415992,Paris-f09d,23,83,Normal
2026-02-15 23:37:04.415992,Paris-f09d,3,80,Normal
2026-02-15 23:37:05.415992,Paris-f09d,13,73,Normal
2026-02-15 23:37:06.415992,Paris-f09d,-5,96,Normal
2026-02-15 23:37:07.415992,Paris-f09d,7,36,Normal
2026-02-15 23:37:08.415992,Paris-f09d,49,38,Normal
2026-02-15 23:37:09.415992,Paris-f09d,38,88,Normal
2026-02-15 23:37:10.415992,Paris-f09d,4,93,Normal
2026-02-15 23:37:11.415992,Paris-f09d,49,79,Normal
2026-02-15 23:37:12.415992,Paris-f09d,22,40,Normal
2026-02-15 23:37:13.415992,Paris-f09d,16,54,Normal
2026-02-15 23:37:14.415992,Paris-f09d,-3,78,Normal
2026-02-15 23:37:15.415992,Paris-f09d,-3,97,Normal
2026-02-15 23:37:16.415992,Paris-f09d,41,97,Normal
2026-02-15 23:37:17.415992,Paris-f09d,-18,97,Normal
2026-02-15 23:37:18.415992,Paris-f09d,21,78,Normal
2026-02-15 23:37:19.415992,Paris-f09d,45,32,Normal
2026-02-15 23:37:20.415992,Paris-f09d,7,46,Normal
2026-02-15 23:37:21.415992,Paris-f09d,31,69,Normal
2026-02-15 23:37:22.415992,Paris-f09d,-3,67,Normal
2026-02-15 23:37:23.415992,Paris-f09d,40,49,Normal
2026-02-15 23:37:24.415992,Paris-f09d,47,95,Normal
2026-02-15 23:37:25.415992,Paris-f09d,45,26,Normal
2026-02-15 23:37:26.415992,Paris-f09d,-12,9,Normal
2026-02-15 23:37:27.415992,Paris-f09d,6,52,Normal
2026-02-15 23:37:28.415992,Paris-f09d,-17,54,Normal
2026-02-15 23:37:29.415992,Paris-f09d,1,36,Normal
2026-02-15 23:37:30.415992,Paris-f09d,47,91,Normal
2026-02-15 23:37:31.415992,Paris-f09d,47,58,Normal
2026-02-15 23:37:32.415992,Paris-f09d,12,81,Normal
2026-02-15 23:37:33.415992,Paris-f09d,-20,68,Normal
2026-02-15 23:37:34.415992,Paris-f09d,-4,98,Normal
2026-02-15 23:37:35.415992,Paris-f09d,27,11,Normal
2026-02-15 23:37:36.415992,Paris-f09d,-27,98,Normal
2026-02-15 23:37:37.415992,Paris-f09d,19,46,Normal
2026-02-15 23:37:38.415992,Paris-f09d,26,13,Normal
2026-02-15 23:37:39.415992,Paris-f09d,-7,35,Normal
2026-02-15 23:37:40.415992,Paris-f09d,41,100,Normal
2026-02-15 23:37:41.415992,Paris-f09d,-2,82,Normal
2026-02-15 23:37:42.415992,Paris-f09d,50,81,Normal
2026-02-15 23:37:43.415992,Paris-f09d,9,52,Normal
2026-02-15 23:37:44.415992,Paris-f09d,-13,66,Normal
2026-02-15 23:37:45.415992,Paris-f09d,-20,100,Normal
2026-02-15 23:37:46.415992,Paris-f09d,-3,69,Normal
2026-02-15 23:37:47.415992,Paris-f09d,10,63,Normal
2026-02-15 23:37:48.415992,Paris-f09d,-13,16,Normal
2026-02-15 23:37:49.415992,Paris-f09d,23,74,Normal
2026-02-15 23:37:50.415992,Paris-f09d,31,14,Normal
2026-02-15 23:37:51.415992,Paris-f09d,6,68,Normal
2026-02-15 23:37:52.415992,Paris-f09d,26,36,Normal
2026-02-15 23:37:53.415992,Paris-f09d,40,70,Normal
2026-02-15 23:37:54.415992,Paris-f09d,46,38,Normal
2026-02-15 23:37:55.415992,Paris-f09d,10,98,Normal
2026-02-15 23:37:56.415992,Paris-f09d,-4,100,Normal
2026-02-15 23:37:57.415992,Paris-f09d,0,10,Normal
2026-02-15 23:37:58.415992,Paris-f09d,7,84,Normal
2026-02-15 23:37:59.415992,Paris-f09d,13,69,Normal
2026-02-15 23:38:00.415992,Paris-f09d,39,92,Normal
2026-02-15 23:38:01.415992,Paris-f09d,41,2,Normal
2026-02-15 23:38:02.415992,Paris-f09d,-19,49,Normal
2026-02-15 23:38:03.415992,Paris-f09d,-18,47,Normal
2026-02-15 23:38:04.415992,Paris-f09d,-14,8,Normal
2026-02-15 23:38:05.415992,Paris-f09d,22,16,Normal
2026-02-15 23:38:06.415992,Paris-f09d,-14,36,Normal
2026-02-15 23:38:07.415992,Paris-f09d,47,47,Normal
2026-02-15 23:38:08.415992,Paris-f09d,4,52,Normal
2026-02-15 23:38:09.415992,Paris-f09d,33,0,Normal
2026-02-15 23:38:10.415992,Paris-f09d,8,23,Normal
2026-02-15 23:38:11.415992,Paris-f09d,25,88,Normal
2026-02-15 23:38:12.415992,Paris-f09d,9,37,Normal
2026-02-15 23:38:13.415992,Paris-f09d,1,3,Normal
2026-02-15 23:38:14.415992,Paris-f09d,-5,29,Normal
2026-02-15 23:38:15.415992,Paris-f09d,49,36,Normal
2026-02-15 23:38:16.415992,Paris-f09d,-28,40,Normal
2026-02-15 23:38:17.415992,Paris-f09d,13,59,Normal
2026-02-15 23:38:18.415992,Paris-f09d,-18,32,Normal
2026-02-15 23:38:19.415992,Paris-f09d,-30,60,Normal
2026-02-15 23:38:20.415992,Paris-f09d,4,29,Normal
2026-02-15 23:38:21.415992,Paris-f09d,-29,97,Normal
2026-02-15 23:38:22.415992,Paris-f09d,-8,13,Normal
2026-02-15 23:38:23.415992,Paris-f09d,48,91,Normal
2026-02-15 23:38:24.415992,Paris-f09d,-13,86,Normal
2026-02-15 23:38:25.415992,Paris-f09d,34,96,Normal
2026-02-15 23:38:26.415992,Paris-f09d,6,56,Normal
2026-02-15 23:38:27.415992,Paris-f09d,-17,53,Normal
2026-02-15 23:38:28.415992,Paris-f09d,10,47,Normal
2026-02-15 23:38:29.415992,Paris-f09d,6,57,Normal
2026-02-15 23:38:30.415992,Paris-f09d,9,85,Normal
2026-02-15 23:38:31.415992,Paris-f09d,30,20,Normal
2026-02-15 23:38:32.415992,Paris-f09d,42,0,Normal
2026-02-15 23:38:33.415992,Paris-f09d,3,66,Normal
2026-02-15 23:38:34.415992,Paris-f09d,44,88,Normal
2026-02-15 23:38:35.415992,Paris-f09d,29,74,Normal
2026-02-15 23:38:36.415992,Paris-f09d,30,44,Normal
2026-02-15 23:38:37.415992,Paris-f09d,-13,44,Normal
2026-02-15 23:38:38.415992,Paris-f09d,-15,38,Normal
2026-02-15 23:38:39.415992,Paris-f09d,7,8,Normal
2026-02-15 23:38:40.415992,Paris-f09d,9,39,Normal
2026-02-15 23:38:41.415992,Paris-f09d,40,33,Normal
2026-02-15 23:38:42.415992,Paris-f09d,7,42,Normal
2026-02-15 23:38:43.415992,Paris-f09d,-9,84,Normal
2026-02-15 23:38:44.415992,Paris-f09d,7,2,Normal
2026-02-15 23:38:45.415992,Paris-f09d,16,90,Normal
2026-02-15 23:38:46.415992,Paris-f09d,44,33,Normal
2026-02-15 23:38:47.415992,Paris-f09d,-11,30,Normal
2026-02-15 23:38:48.415992,Paris-f09d,-6,13,Normal
2026-02-15 23:38:49.415992,Paris-f09d,13,35,Normal
2026-02-15 23:38:50.415992,Paris-f09d,26,28,Normal
2026-02-15 23:38:51.415992,Paris-f09d,39,96,Normal
2026-02-15 23:38:52.415992,Paris-f09d,-5,56,Normal
2026-02-15 23:38:53.415992,Paris-f09d,-24,35,Normal
2026-02-15 23:38:54.415992,Paris-f09d,-10,0,Normal
2026-02-15 23:38:55.415992,Paris-f09d,46,69,Normal
2026-02-15 23:38:56.415992,Paris-f09d,50,37,Normal
2026-02-15 23:38:57.415992,Paris-f09d,0,69,Normal
2026-02-15 23:38:58.415992,Paris-f09d,46,10,Normal
2026-02-15 23:38:59.415992,Paris-f09d,-30,74,Normal
2026-02-15 23:39:00.415992,Paris-f09d,-20,38,Normal
2026-02-15 23:39:01.415992,Paris-f09d,15,93,Normal
2026-02-15 23:39:02.415992,Paris-f09d,26,63,Normal
2026-02-15 23:39:03.415992,Paris-f09d,34,42,Normal
2026-02-15 23:39:04.415992,Paris-f09d,4,43,Normal
2026-02-15 23:39:05.415992,Paris-f09d,28,86,Normal
2026-02-15 23:39:06.415992,Paris-f09d,0,75,Normal
2026-02-15 23:39:07.415992,Paris-f09d,-8,80,Normal
2026-02-15 23:39:08.415992,Paris-f09d,-8,3,Normal
2026-02-15 23:39:09.415992,Paris-f09d,5,79,Normal
2026-02-15 23:39:10.415992,Paris-f09d,36,91,Normal
2026-02-15 23:39:11.415992,Paris-f09d,-12,21,Normal
2026-02-15 23:39:12.415992,Paris-f09d,-3,92,Normal
2026-02-15 23:39:13.415992,Paris-f09d,26,63,Normal
2026-02-15 23:39:14.415992,Paris-f09d,-30,53,Normal
2026-02-15 23:39:15.415992,Paris-f09d,-26,8,Normal
2026-02-15 23:39:16.415992,Paris-f09d,-26,80,Normal
2026-02-15 23:39:17.415992,Paris-f09d,16,75,Normal
2026-02-15 23:39:18.415992,Paris-f09d,9,9,Normal
2026-02-15 23:39:19.415992,Paris-f09d,35,10,Normal
2026-02-15 23:39:20.415992,Paris-f09d,-27,67,Normal
2026-02-15 23:39:21.415992,Paris-f09d,9,81,Normal
2026-02-15 23:39:22.415992,Paris-f09d,11,51,Normal
2026-02-15 23:39:23.415992,Paris-f09d,-1,28,Normal
2026-02-15 23:39:24.415992,Paris-f09d,9,2,Normal
2026-02-15 23:39:25.415992,Paris-f09d,5,9,Normal
2026-02-15 23:39:26.415992,Paris-f09d,13,58,Normal
2026-02-15 23:39:27.415992,Paris-f09d,41,0,Normal
2026-02-15 23:39:28.415992,Paris-f09d,12,47,Normal
2026-02-15 23:39:29.415992,Paris-f09d,-5,55,Normal
2026-02-15 23:39:30.415992,Paris-f09d,44,48,Normal
2026-02-15 23:39:31.415992,Paris-f09d,12,2,Normal
2026-02-15 23:39:32.415992,Paris-f09d,26,67,Normal
2026-02-15 23:39:33.415992,Paris-f09d,1,58,Normal
2026-02-15 23:39:34.415992,Paris-f09d,33,3,Normal
2026-02-15 23:39:35.415992,Paris-f09d,23,16,Normal
2026-02-15 23:39:36.415992,Paris-f09d,-4,69,Normal
2026-02-15 23:39:37.415992,Paris-f09d,-22,9,Normal
2026-02-15 23:39:38.415992,Paris-f09d,-21,43,Normal
2026-02-15 23:39:39.415992,Paris-f09d,-30,31,Normal
2026-02-15 23:39:40.415992,Paris-f09d,41,1,Normal
2026-02-15 23:39:41.415992,Paris-f09d,-2,15,Normal
2026-02-15 23:39:42.415992,Paris-f09d,42,32,Normal
2026-02-15 23:39:43.415992,Paris-f09d,11,39,Normal
2026-02-15 23:39:44.415992,Paris-f09d,-29,42,Normal
2026-02-15 23:39:45.415992,Paris-f09d,-19,50,Normal
2026-02-15 23:39:46.415992,Paris-f09d,-10,29,Normal
2026-02-15 23:39:47.415992,Paris-f09d,47,43,Normal
2026-02-15 23:39:48.415992,Paris-f09d,-13,19,Normal
2026-02-15 23:39:49.415992,Paris-f09d,-25,23,Normal
2026-02-15 23:39:50.415992,Paris-f09d,-4,98,Normal
2026-02-15 23:39:51.415992,Paris-f09d,-19,57,Normal
2026-02-15 23:39:52.415992,Paris-f09d,-20,73,Normal
2026-02-15 23:39:53.415992,Paris-f09d,40,59,Normal
2026-02-15 23:39:54.415992,Paris-f09d,-1,13,Normal
2026-02-15 23:39:55.415992,Paris-f09d,13,82,Normal
2026-02-15 23:39:56.415992,Paris-f09d,44,56,Normal
2026-02-15 23:39:57.415992,Paris-f09d,15,5,Normal
2026-02-15 23:39:58.415992,Paris-f09d,38,25,Normal
2026-02-15 23:39:59.415992,Paris-f09d,-3,12,Normal
2026-02-15 23:40:00.415992,Paris-f09d,-26,20,Normal
2026-02-15 23:40:01.415992,Paris-f09d,31,77,Normal
2026-02-15 23:40:02.415992,Paris-f09d,18,54,Normal
2026-02-15 23:40:03.415992,Paris-f09d,-2,7,Normal
2026-02-15 23:40:04.415992,Paris-f09d,-27,62,Normal
2026-02-15 23:40:05.415992,Paris-f09d,27,69,Normal
2026-02-15 23:40:06.415992,Paris-f09d,46,60,Normal
2026-02-15 23:40:07.415992,Paris-f09d,25,53,Normal
2026-02-15 23:40:08.415992,Paris-f09d,24,62,Normal
2026-02-15 23:40:09.415992,Paris-f09d,38,36,Normal
2026-02-15 23:40:10.415992,Paris-f09d,-3,61,Normal
2026-02-15 23:40:11.415992,Paris-f09d,14,87,Normal
2026-02-15 23:40:12.415992,Paris-f09d,7,8,Normal
2026-02-15 23:40:13.415992,Paris-f09d,40,85,Normal
2026-02-15 23:40:14.415992,Paris-f09d,2,54,Normal
2026-02-15 23:40:15.415992,Paris-f09d,30,46,Normal
2026-02-15 23:40:16.415992,Paris-f09d,-1,0,Normal
2026-02-15 23:40:17.415992,Paris-f09d,38,77,Normal
2026-02-15 23:40:18.415992,Paris-f09d,43,84,Normal
2026-02-15 23:40:19.415992,Paris-f09d,26,50,Normal
2026-02-15 23:40:20.415992,Paris-f09d,42,55,Normal
2026-02-15 23:40:21.415992,Paris-f09d,32,50,Normal
2026-02-15 23:40:22.415992,Paris-f09d,-18,48,Normal
2026-02-15 23:40:23.415992,Paris-f09d,4,78,Normal
2026-02-15 23:40:24.415992,Paris-f09d,-24,91,Normal
2026-02-15 23:40:25.415992,Paris-f09d,48,54,Normal
2026-02-15 23:40:26.415992,Paris-f09d,40,56,Normal
2026-02-15 23:40:27.415992,Paris-f09d,23,60,Normal
2026-02-15 23:40:28.415992,Paris-f09d,18,4,Normal
2026-02-15 23:40:29.415992,Paris-f09d,-18,35,Normal
2026-02-15 23:40:30.415992,Paris-f09d,-11,24,Normal
2026-02-15 23:40:31.415992,Paris-f09d,-29,45,Normal
2026-02-15 23:40:32.415992,Paris-f09d,-17,10,Normal
2026-02-15 23:40:33.415992,Paris-f09d,38,69,Normal
2026-02-15 23:40:34.415992,Paris-f09d,-18,20,Normal
2026-02-15 23:40:35.415992,Paris-f09d,14,55,Normal
2026-02-15 23:40:36.415992,Paris-f09d,-24,97,Normal
2026-02-15 23:40:37.415992,Paris-f09d,-7,27,Normal
2026-02-15 23:40:38.415992,Paris-f09d,-30,57,Normal
2026-02-15 23:40:39.415992,Paris-f09d,32,86,Normal
2026-02-15 23:40:40.415992,Paris-f09d,-20,26,Normal
2026-02-15 23:40:41.415992,Paris-f09d,38,79,Normal
2026-02-15 23:40:42.415992,Paris-f09d,-12,24,Normal
2026-02-15 23:40:43.415992,Paris-f09d,39,60,Normal
2026-02-15 23:40:44.415992,Paris-f09d,-29,48,Normal
2026-02-15 23:40:45.415992,Paris-f09d,25,12,Normal
2026-02-15 23:40:46.415992,Paris-f09d,-9,16,Normal
2026-02-15 23:40:47.415992,Paris-f09d,2,51,Normal
2026-02-15 23:40:48.415992,Paris-f09d,29,40,Normal
2026-02-15 23:40:49.415992,Paris-f09d,-8,40,Normal
2026-02-15 23:40:50.415992,Paris-f09d,39,0,Normal
2026-02-15 23:40:51.415992,Paris-f09d,44,98,Normal
2026-02-15 23:40:52.415992,Paris-f09d,47,14,Normal
2026-02-15 23:40:53.415992,Paris-f09d,15,86,Normal
2026-02-15 23:40:54.415992,Paris-f09d,19,39,Normal
2026-02-15 23:40:55.415992,Paris-f09d,-12,98,Normal
2026-02-15 23:40:56.415992,Paris-f09d,15,21,Normal
2026-02-15 23:40:57.415992,Paris-f09d,-9,1,Normal
2026-02-15 23:40:58.415992,Paris-f09d,2,70,Normal
2026-02-15 23:40:59.415992,Paris-f09d,49,3,Normal
2026-02-15 23:41:00.415992,Paris-f09d,14,39,Normal
2026-02-15 23:41:01.415992,Paris-f09d,36,76,Normal
2026-02-15 23:41:02.415992,Paris-f09d,49,17,Normal
2026-02-15 23:41:03.415992,Paris-f09d,-24,61,Normal
2026-02-15 23:41:04.415992,Paris-f09d,28,0,Normal
2026-02-15 23:41:05.415992,Paris-f09d,2,4,Normal
2026-02-15 23:41:06.415992,Paris-f09d,32,12,Normal
2026-02-15 23:41:07.415992,Paris-f09d,-13,45,Normal
2026-02-15 23:41:08.415992,Paris-f09d,36,57,Normal
2026-02-15 23:41:09.415992,Paris-f09d,-2,49,Normal
2026-02-15 23:41:10.415992,Paris-f09d,44,29,Normal
2026-02-15 23:41:11.415992,Paris-f09d,18,85,Normal
2026-02-15 23:41:12.415992,Paris-f09d,47,81,Normal
2026-02-15 23:41:13.415992,Paris-f09d,21,2,Normal
2026-02-15 23:41:14.415992,Paris-f09d,43,2,Normal
2026-02-15 23:41:15.415992,Paris-f09d,-15,82,Normal
2026-02-15 23:41:16.415992,Paris-f09d,-19,56,Normal
2026-02-15 23:41:17.415992,Paris-f09d,21,23,Normal
2026-02-15 23:41:18.415992,Paris-f09d,-3,99,Normal
2026-02-15 23:41:19.415992,Paris-f09d,19,12,Normal
2026-02-15 23:41:20.415992,Paris-f09d,-25,58,Normal
2026-02-15 23:41:21.415992,Paris-f09d,4,35,Normal
2026-02-15 23:41:22.415992,Paris-f09d,22,91,Normal
2026-02-15 23:41:23.415992,Paris-f09d,47,1,Normal
2026-02-15 23:41:24.415992,Paris-f09d,-29,25,Normal
2026-02-15 23:41:25.415992,Paris-f09d,6,89,Normal
2026-02-15 23:41:26.415992,Paris-f09d,-28,80,Normal
2026-02-15 23:41:27.415992,Paris-f09d,-21,96,Normal
2026-02-15 23:41:28.415992,Paris-f09d,11,30,Normal
2026-02-15 23:41:29.415992,Paris-f09d,-26,95,Normal
2026-02-15 23:41:30.415992,Paris-f09d,1,56,Normal
2026-02-15 23:41:31.415992,Paris-f09d,-29,55,Normal
2026-02-15 23:41:32.415992,Paris-f09d,-23,88,Normal
2026-02-15 23:41:33.415992,Paris-f09d,-7,18,Normal
2026-02-15 23:41:34.415992,Paris-f09d,26,9,Normal
2026-02-15 23:41:35.415992,Paris-f09d,9,25,Normal
2026-02-15 23:41:36.415992,Paris-f09d,7,2,Normal
2026-02-15 23:41:37.415992,Paris-f09d,-9,11,Normal
2026-02-15 23:41:38.415992,Paris-f09d,17,28,Normal
2026-02-15 23:41:39.415992,Paris-f09d,-20,63,Normal
2026-02-15 23:41:40.415992,Paris-f09d,42,50,Normal
2026-02-15 23:41:41.415992,Paris-f09d,17,96,Normal
2026-02-15 23:41:42.415992,Paris-f09d,-5,100,Normal
2026-02-15 23:41:43.415992,Paris-f09d,2,49,Normal
2026-02-15 23:41:44.415992,Paris-f09d,43,25,Normal
2026-02-15 23:41:45.415992,Paris-f09d,12,69,Normal
2026-02-15 23:41:46.415992,Paris-f09d,38,65,Normal
2026-02-15 23:41:47.415992,Paris-f09d,-12,35,Normal
2026-02-15 23:41:48.415992,Paris-f09d,5,26,Normal
2026-02-15 23:41:49.415992,Paris-f09d,36,61,Normal
2026-02-15 23:41:50.415992,Paris-f09d,44,37,Normal
2026-02-15 23:41:51.415992,Paris-f09d,33,87,Normal
2026-02-15 23:41:52.415992,Paris-f09d,14,90,Normal
2026-02-15 23:41:53.415992,Paris-f09d,23,26,Normal
2026-02-15 23:41:54.415992,Paris-f09d,23,11,Normal
2026-02-15 23:41:55.415992,Paris-f09d,34,82,Normal
2026-02-15 23:41:56.415992,Paris-f09d,28,56,Normal
2026-02-15 23:41:57.415992,Paris-f09d,40,7,Normal
2026-02-15 23:41:58.415992,Paris-f09d,48,88,Normal
2026-02-15 23:41:59.415992,Paris-f09d,21,33,Normal
2026-02-15 23:42:00.415992,Paris-f09d,-22,99,Normal
2026-02-15 23:42:01.415992,Paris-f09d,42,75,Normal
2026-02-15 23:42:02.415992,Paris-f09d,13,15,Normal
2026-02-15 23:42:03.415992,Paris-f09d,6,46,Normal
2026-02-15 23:42:04.415992,Paris-f09d,-2,86,Normal
2026-02-15 23:42:05.415992,Paris-f09d,15,44,Normal
2026-02-15 23:42:06.415992,Paris-f09d,33,17,Normal
2026-02-15 23:42:07.415992,Paris-f09d,23,14,Normal
2026-02-15 23:42:08.415992,Paris-f09d,-18,64,Normal
2026-02-15 23:42:09.415992,Paris-f09d,45,1,Normal
2026-02-15 23:42:10.415992,Paris-f09d,-17,33,Normal
2026-02-15 23:42:11.415992,Paris-f09d,-19,92,Normal
2026-02-15 23:42:12.415992,Paris-f09d,-30,10,Normal
2026-02-15 23:42:13.415992,Paris-f09d,-17,80,Normal
2026-02-15 23:42:14.415992,Paris-f09d,50,55,Normal
2026-02-15 23:42:15.415992,Paris-f09d,25,52,Normal
2026-02-15 23:42:16.415992,Paris-f09d,10,85,Normal
2026-02-15 23:42:17.415992,Paris-f09d,37,81,Normal
2026-02-15 23:42:18.415992,Paris-f09d,-4,81,Normal
2026-02-15 23:42:19.415992,Paris-f09d,27,39,Normal
2026-02-15 23:42:20.415992,Paris-f09d,-21,73,Normal
2026-02-15 23:42:21.415992,Paris-f09d,-14,44,Normal
2026-02-15 23:42:22.415992,Paris-f09d,-2,65,Normal
2026-02-15 23:42:23.415992,Paris-f09d,37,10,Normal
2026-02-15 23:42:24.415992,Paris-f09d,-2,1,Normal
2026-02-15 23:42:25.415992,Paris-f09d,-3,17,Normal
2026-02-15 23:42:26.415992,Paris-f09d,21,58,Normal
2026-02-15 23:42:27.415992,Paris-f09d,-18,6,Normal
2026-02-15 23:42:28.415992,Paris-f09d,-8,39,Normal
2026-02-15 23:42:29.415992,Paris-f09d,24,68,Normal
2026-02-15 23:42:30.415992,Paris-f09d,-2,82,Normal
2026-02-15 23:42:31.415992,Paris-f09d,-22,58,Normal
2026-02-15 23:42:32.415992,Paris-f09d,21,46,Normal
2026-02-15 23:42:33.415992,Paris-f09d,-17,87,Normal
2026-02-15 23:42:34.415992,Paris-f09d,17,79,Normal
2026-02-15 23:42:35.415992,Paris-f09d,18,49,Normal
2026-02-15 23:42:36.415992,Paris-f09d,38,60,Normal
2026-02-15 23:42:37.415992,Paris-f09d,28,2,Normal
2026-02-15 23:42:38.415992,Paris-f09d,-5,31,Normal
2026-02-15 23:42:39.415992,Paris-f09d,-21,63,Normal
2026-02-15 23:42:40.415992,Paris-f09d,23,7,Normal
2026-02-15 23:42:41.415992,Paris-f09d,-23,21,Normal
2026-02-15 23:42:42.415992,Paris-f09d,1,35,Normal
2026-02-15 23:42:43.415992,Paris-f09d,24,69,Normal
2026-02-15 23:42:44.415992,Paris-f09d,-8,71,Normal
2026-02-15 23:42:45.415992,Paris-f09d,30,35,Normal
2026-02-15 23:42:46.415992,Paris-f09d,1,86,Normal
2026-02-15 23:42:47.415992,Paris-f09d,12,28,Normal
2026-02-15 23:42:48.415992,Paris-f09d,34,82,Normal
2026-02-15 23:42:49.415992,Paris-f09d,42,19,Normal
2026-02-15 23:42:50.415992,Paris-f09d,0,97,Normal
2026-02-15 23:42:51.415992,Paris-f09d,-22,37,Normal
2026-02-15 23:42:52.415992,Paris-f09d,3,18,Normal
2026-02-15 23:42:53.415992,Paris-f09d,40,73,Normal
2026-02-15 23:42:54.415992,Paris-f09d,-28,51,Normal
2026-02-15 23:42:55.415992,Paris-f09d,-4,91,Normal
2026-02-15 23:42:56.415992,Paris-f09d,1,82,Normal
2026-02-15 23:42:57.415992,Paris-f09d,-23,91,Normal
2026-02-15 23:42:58.415992,Paris-f09d,46,6,Normal
2026-02-15 23:42:59.415992,Paris-f09d,21,51,Normal
2026-02-15 23:43:00.415992,Paris-f09d,-13,61,Normal
2026-02-15 23:43:01.415992,Paris-f09d,3,55,Normal
2026-02-15 23:43:02.415992,Paris-f09d,-7,31,Normal
2026-02-15 23:43:03.415992,Paris-f09d,3,78,Normal
2026-02-15 23:43:04.415992,Paris-f09d,-17,50,Normal
2026-02-15 23:43:05.415992,Paris-f09d,37,62,Normal
2026-02-15 23:43:06.415992,Paris-f09d,18,93,Normal
2026-02-15 23:43:07.415992,Paris-f09d,43,65,Normal
2026-02-15 23:43:08.415992,Paris-f09d,2,43,Normal
2026-02-15 23:43:09.415992,Paris-f09d,-14,59,Normal
2026-02-15 23:43:10.415992,Paris-f09d,5,54,Normal
2026-02-15 23:43:11.415992,Paris-f09d,31,4,Normal
2026-02-15 23:43:12.415992,Paris-f09d,29,98,Normal
2026-02-15 23:43:13.415992,Paris-f09d,30,16,Normal
2026-02-15 23:43:14.415992,Paris-f09d,36,15,Normal
2026-02-15 23:43:15.415992,Paris-f09d,6,49,Normal
2026-02-15 23:43:16.415992,Paris-f09d,22,36,Normal
2026-02-15 23:43:17.415992,Paris-f09d,39,4,Normal
2026-02-15 23:43:18.415992,Paris-f09d,-19,2,Normal
2026-02-15 23:43:19.415992,Paris-f09d,-26,56,Normal
2026-02-15 23:43:20.415992,Paris-f09d,46,19,Normal
2026-02-15 23:43:21.415992,Paris-f09d,20,41,Normal
2026-02-15 23:43:22.415992,Paris-f09d,1,40,Normal
2026-02-15 23:43:23.415992,Paris-f09d,31,98,Normal
2026-02-15 23:43:24.415992,Paris-f09d,40,32,Normal
2026-02-15 23:43:25.415992,Paris-f09d,36,61,Normal
2026-02-15 23:43:26.415992,Paris-f09d,11,47,Normal
2026-02-15 23:43:27.415992,Paris-f09d,-12,0,Normal
2026-02-15 23:43:28.415992,Paris-f09d,19,83,Normal
2026-02-15 23:43:29.415992,Paris-f09d,17,74,Normal
2026-02-15 23:43:30.415992,Paris-f09d,44,25,Normal
2026-02-15 23:43:31.415992,Paris-f09d,5,8,Normal
2026-02-15 23:43:32.415992,Paris-f09d,-28,31,Normal
2026-02-15 23:43:33.415992,Paris-f09d,47,66,Normal
2026-02-15 23:43:34.415992,Paris-f09d,20,63,Normal
2026-02-15 23:43:35.415992,Paris-f09d,6,45,Normal
2026-02-15 23:43:36.415992,Paris-f09d,-30,42,Normal
2026-02-15 23:43:37.415992,Paris-f09d,-13,9,Normal
2026-02-15 23:43:38.415992,Paris-f09d,13,66,Normal
2026-02-15 23:43:39.415992,Paris-f09d,-22,28,Normal
2026-02-15 23:43:40.415992,Paris-f09d,16,50,Normal
2026-02-15 23:43:41.415992,Paris-f09d,44,82,Normal
2026-02-15 23:43:42.415992,Paris-f09d,23,42,Normal
2026-02-15 23:43:43.415992,Paris-f09d,-19,73,Normal
2026-02-15 23:43:44.415992,Paris-f09d,12,99,Normal
2026-02-15 23:43:45.415992,Paris-f09d,-24,35,Normal
2026-02-15 23:43:46.415992,Paris-f09d,-26,59,Normal
2026-02-15 23:43:47.415992,Paris-f09d,-23,78,Normal
2026-02-15 23:43:48.415992,Paris-f09d,14,22,Normal
2026-02-15 23:43:49.415992,Paris-f09d,3,76,Normal
2026-02-15 23:43:50.415992,Paris-f09d,6,36,Normal
2026-02-15 23:43:51.415992,Paris-f09d,27,98,Normal
2026-02-15 23:43:52.415992,Paris-f09d,32,56,Normal
2026-02-15 23:43:53.415992,Paris-f09d,-25,87,Normal
2026-02-15 23:43:54.415992,Paris-f09d,26,38,Normal
2026-02-15 23:43:55.415992,Paris-f09d,18,43,Normal
2026-02-15 23:43:56.415992,Paris-f09d,-21,55,Normal
2026-02-15 23:43:57.415992,Paris-f09d,-5,20,Normal
2026-02-15 23:43:58.415992,Paris-f09d,-2,58,Normal
2026-02-15 23:43:59.415992,Paris-f09d,9,41,Normal
2026-02-15 23:44:00.415992,Paris-f09d,13,94,Normal
2026-02-15 23:44:01.415992,Paris-f09d,2,86,Normal
2026-02-15 23:44:02.415992,Paris-f09d,40,53,Normal
2026-02-15 23:44:03.415992,Paris-f09d,-7,86,Normal
2026-02-15 23:44:04.415992,Paris-f09d,39,95,Normal
2026-02-15 23:44:05.415992,Paris-f09d,40,45,Normal
2026-02-15 23:44:06.415992,Paris-f09d,25,30,Normal
2026-02-15 23:44:07.415992,Paris-f09d,-1,53,Normal
2026-02-15 23:44:08.415992,Paris-f09d,39,70,Normal
2026-02-15 23:44:09.415992,Paris-f09d,-22,97,Normal
2026-02-15 23:44:10.415992,Paris-f09d,4,68,Normal
2026-02-15 23:44:11.415992,Paris-f09d,30,6,Normal
2026-02-15 23:44:12.415992,Paris-f09d,12,41,Normal
2026-02-15 23:44:13.415992,Paris-f09d,23,30,Normal
2026-02-15 23:44:14.415992,Paris-f09d,34,17,Normal
2026-02-15 23:44:15.415992,Paris-f09d,40,13,Normal
2026-02-15 23:44:16.415992,Paris-f09d,-14,13,Normal
2026-02-15 23:44:17.415992,Paris-f09d,4,6,Normal
2026-02-15 23:44:18.415992,Paris-f09d,43,24,Normal
2026-02-15 23:44:19.415992,Paris-f09d,15,74,Normal
2026-02-15 23:44:20.415992,Paris-f09d,7,49,Normal
2026-02-15 23:44:21.415992,Paris-f09d,47,81,Normal
2026-02-15 23:44:22.415992,Paris-f09d,-19,85,Normal
2026-02-15 23:44:23.415992,Paris-f09d,34,34,Normal
2026-02-15 23:44:24.415992,Paris-f09d,8,34,Normal
2026-02-15 23:44:25.415992,Paris-f09d,23,42,Normal
2026-02-15 23:44:26.415992,Paris-f09d,-20,38,Normal
2026-02-15 23:44:27.415992,Paris-f09d,-1,79,Normal
2026-02-15 23:44:28.415992,Paris-f09d,-12,15,Normal
2026-02-15 23:44:29.415992,Paris-f09d,0,92,Normal
2026-02-15 23:44:30.415992,Paris-f09d,-26,13,Normal
2026-02-15 23:44:31.415992,Paris-f09d,16,43,Normal
2026-02-15 23:44:32.415992,Paris-f09d,18,75,Normal
2026-02-15 23:44:33.415992,Paris-f09d,26,72,Normal
2026-02-15 23:44:34.415992,Paris-f09d,27,60,Normal
2026-02-15 23:44:35.415992,Paris-f09d,28,83,Normal
2026-02-15 23:44:36.415992,Paris-f09d,8,98,Normal
2026-02-15 23:44:37.415992,Paris-f09d,33,27,Normal
2026-02-15 23:44:38.415992,Paris-f09d,26,27,Normal
2026-02-15 23:44:39.415992,Paris-f09d,-26,66,Normal
2026-02-15 23:44:40.415992,Paris-f09d,5,59,Normal
2026-02-15 23:44:41.415992,Paris-f09d,7,59,Normal
2026-02-15 23:44:42.415992,Paris-f09d,12,25,Normal
2026-02-15 23:44:43.415992,Paris-f09d,-13,77,Normal
2026-02-15 23:44:44.415992,Paris-f09d,16,68,Normal
2026-02-15 23:44:45.415992,Paris-f09d,-17,100,Normal
2026-02-15 23:44:46.415992,Paris-f09d,7,16,Normal
2026-02-15 23:44:47.415992,Paris-f09d,12,89,Normal
2026-02-15 23:44:48.415992,Paris-f09d,8,96,Normal
2026-02-15 23:44:49.415992,Paris-f09d,42,17,Normal
2026-02-15 23:44:50.415992,Paris-f09d,-22,49,Normal
2026-02-15 23:44:51.415992,Paris-f09d,-25,24,Normal
2026-02-15 23:44:52.415992,Paris-f09d,37,0,Normal
2026-02-15 23:44:53.415992,Paris-f09d,21,69,Normal
2026-02-15 23:44:54.415992,Paris-f09d,-20,21,Normal
2026-02-15 23:44:55.415992,Paris-f09d,-18,66,Normal
2026-02-15 23:44:56.415992,Paris-f09d,-25,66,Normal
2026-02-15 23:44:57.415992,Paris-f09d,-4,95,Normal
2026-02-15 23:44:58.415992,Paris-f09d,-21,50,Normal
2026-02-15 23:44:59.415992,Paris-f09d,29,50,Normal
2026-02-15 23:45:00.415992,Paris-f09d,-23,14,Normal
2026-02-15 23:45:01.415992,Paris-f09d,31,6,Normal
2026-02-15 23:45:02.415992,Paris-f09d,32,59,Normal
2026-02-15 23:45:03.415992,Paris-f09d,-22,73,Normal
2026-02-15 23:45:04.415992,Paris-f09d,4,54,Normal
2026-02-15 23:45:05.415992,Paris-f09d,-25,21,Normal
2026-02-15 23:45:06.415992,Paris-f09d,31,10,Normal
2026-02-15 23:45:07.415992,Paris-f09d,-9,1,Normal
2026-02-15 23:45:08.415992,Paris-f09d,46,5,Normal
2026-02-15 23:45:09.415992,Paris-f09d,-10,20,Normal
2026-02-15 23:45:10.415992,Paris-f09d,36,31,Normal
2026-02-15 23:45:11.415992,Paris-f09d,26,97,Normal
2026-02-15 23:45:12.415992,Paris-f09d,24,13,Normal
2026-02-15 23:45:13.415992,Paris-f09d,19,48,Normal
2026-02-15 23:45:14.415992,Paris-f09d,45,59,Normal
2026-02-15 23:45:15.415992,Paris-f09d,16,14,Normal
2026-02-15 23:45:16.415992,Paris-f09d,-26,71,Normal
2026-02-15 23:45:17.415992,Paris-f09d,-3,20,Normal
2026-02-15 23:45:18.415992,Paris-f09d,15,25,Normal
2026-02-15 23:45:19.415992,Paris-f09d,4,23,Normal
2026-02-15 23:45:20.415992,Paris-f09d,44,89,Normal
2026-02-15 23:45:21.415992,Paris-f09d,17,5,Normal
2026-02-15 23:45:22.415992,Paris-f09d,32,6,Normal
2026-02-15 23:45:23.415992,Paris-f09d,-11,36,Normal
2026-02-15 23:45:24.415992,Paris-f09d,23,55,Normal
2026-02-15 23:45:25.415992,Paris-f09d,-10,87,Normal
2026-02-15 23:45:26.415992,Paris-f09d,13,48,Normal
2026-02-15 23:45:27.415992,Paris-f09d,17,83,Normal
2026-02-15 23:45:28.415992,Paris-f09d,24,31,Normal
2026-02-15 23:45:29.415992,Paris-f09d,50,46,Normal
2026-02-15 23:45:30.415992,Paris-f09d,21,87,Normal
2026-02-15 23:45:31.415992,Paris-f09d,36,82,Normal
2026-02-15 23:45:32.415992,Paris-f09d,32,12,Normal
2026-02-15 23:45:33.415992,Paris-f09d,35,98,Normal
2026-02-15 23:45:34.415992,Paris-f09d,0,76,Normal
2026-02-15 23:45:35.415992,Paris-f09d,17,75,Normal
2026-02-15 23:45:36.415992,Paris-f09d,1,42,Normal
2026-02-15 23:45:37.415992,Paris-f09d,37,15,Normal
2026-02-15 23:45:38.415992,Paris-f09d,20,68,Normal
2026-02-15 23:45:39.415992,Paris-f09d,-11,61,Normal
2026-02-15 23:45:40.415992,Paris-f09d,22,39,Normal
2026-02-15 23:45:41.415992,Paris-f09d,43,44,Normal
2026-02-15 23:45:42.415992,Paris-f09d,8,97,Normal
2026-02-15 23:45:43.415992,Paris-f09d,24,0,Normal
2026-02-15 23:45:44.415992,Paris-f09d,8,77,Normal
2026-02-15 23:45:45.415992,Paris-f09d,14,12,Normal
2026-02-15 23:45:46.415992,Paris-f09d,25,4,Normal
2026-02-15 23:45:47.415992,Paris-f09d,9,11,Normal
2026-02-15 23:45:48.415992,Paris-f09d,18,71,Normal
2026-02-15 23:45:49.415992,Paris-f09d,-13,0,Normal
2026-02-15 23:45:50.415992,Paris-f09d,23,24,Normal
2026-02-15 23:45:51.415992,Paris-f09d,-5,81,Normal
2026-02-15 23:45:52.415992,Paris-f09d,-21,69,Normal
2026-02-15 23:45:53.415992,Paris-f09d,20,75,Normal
2026-02-15 23:45:54.415992,Paris-f09d,-4,51,Normal
2026-02-15 23:45:55.415992,Paris-f09d,-21,14,Normal
2026-02-15 23:45:56.415992,Paris-f09d,26,25,Normal
2026-02-15 23:45:57.415992,Paris-f09d,-2,86,Normal
2026-02-15 23:45:58.415992,Paris-f09d,19,72,Normal
2026-02-15 23:45:59.415992,Paris-f09d,7,58,Normal
2026-02-15 23:46:00.415992,Paris-f09d,12,85,Normal
2026-02-15 23:46:01.415992,Paris-f09d,-4,24,Normal
2026-02-15 23:46:02.415992,Paris-f09d,-11,57,Normal
2026-02-15 23:46:03.415992,Paris-f09d,-10,52,Normal
2026-02-15 23:46:04.415992,Paris-f09d,-17,91,Normal
2026-02-15 23:46:05.415992,Paris-f09d,-29,47,Normal
2026-02-15 23:46:06.415992,Paris-f09d,-22,96,Normal
2026-02-15 23:46:07.415992,Paris-f09d,-26,40,Normal
2026-02-15 23:46:08.415992,Paris-f09d,2,88,Normal
2026-02-15 23:46:09.415992,Paris-f09d,49,4,Normal
2026-02-15 23:46:10.415992,Paris-f09d,-30,81,Normal
2026-02-15 23:46:11.415992,Paris-f09d,42,33,Normal
2026-02-15 23:46:12.415992,Paris-f09d,-4,49,Normal
2026-02-15 23:46:13.415992,Paris-f09d,4,10,Normal
2026-02-15 23:46:14.415992,Paris-f09d,26,49,Normal
2026-02-15 23:46:15.415992,Paris-f09d,-4,67,Normal
2026-02-15 23:46:16.415992,Paris-f09d,-13,8,Normal
2026-02-15 23:46:17.415992,Paris-f09d,15,78,Normal
2026-02-15 23:46:18.415992,Paris-f09d,-16,99,Normal
2026-02-15 23:46:19.415992,Paris-f09d,19,15,Normal
2026-02-15 23:46:20.415992,Paris-f09d,-28,92,Normal
2026-02-15 23:46:21.415992,Paris-f09d,-24,81,Normal
2026-02-15 23:46:22.415992,Paris-f09d,6,87,Normal
2026-02-15 23:46:23.415992,Paris-f09d,13,38,Normal
2026-02-15 23:46:24.415992,Paris-f09d,-15,67,Normal
2026-02-15 23:46:25.415992,Paris-f09d,14,7,Normal
2026-02-15 23:46:26.415992,Paris-f09d,-23,24,Normal
2026-02-15 23:46:27.415992,Paris-f09d,43,16,Normal
2026-02-15 23:46:28.415992,Paris-f09d,-7,92,Normal
2026-02-15 23:46:29.415992,Paris-f09d,18,42,Normal
2026-02-15 23:46:30.415992,Paris-f09d,-16,67,Normal
2026-02-15 23:46:31.415992,Paris-f09d,-17,70,Normal
2026-02-15 23:46:32.415992,Paris-f09d,14,44,Normal
2026-02-15 23:46:33.415992,Paris-f09d,-22,27,Normal
2026-02-15 23:46:34.415992,Paris-f09d,-1,95,Normal
2026-02-15 23:46:35.415992,Paris-f09d,39,16,Normal
2026-02-15 23:46:36.415992,Paris-f09d,29,80,Normal
2026-02-15 23:46:37.415992,Paris-f09d,-7,77,Normal
2026-02-15 23:46:38.415992,Paris-f09d,14,26,Normal
2026-02-15 23:46:39.415992,Paris-f09d,-9,37,Normal
2026-02-15 23:46:40.415992,Paris-f09d,0,14,Normal
2026-02-15 23:46:41.415992,Paris-f09d,49,55,Normal
2026-02-15 23:46:42.415992,Paris-f09d,-27,24,Normal
2026-02-15 23:46:43.415992,Paris-f09d,11,97,Normal
2026-02-15 23:46:44.415992,Paris-f09d,-15,24,Normal
2026-02-15 23:46:45.415992,Paris-f09d,0,16,Normal
2026-02-15 23:46:46.415992,Paris-f09d,-5,25,Normal
2026-02-15 23:46:47.415992,Paris-f09d,-9,33,Normal
2026-02-15 23:46:48.415992,Paris-f09d,-9,73,Normal
2026-02-15 23:46:49.415992,Paris-f09d,27,69,Normal
2026-02-15 23:46:50.415992,Paris-f09d,49,60,Normal
2026-02-15 23:46:51.415992,Paris-f09d,-27,81,Normal
2026-02-15 23:46:52.415992,Paris-f09d,-26,25,Normal
2026-02-15 23:46:53.415992,Paris-f09d,29,25,Normal
2026-02-15 23:46:54.415992,Paris-f09d,27,32,Normal
2026-02-15 23:46:55.415992,Paris-f09d,27,19,Normal
2026-02-15 23:46:56.415992,Paris-f09d,4,52,Normal
2026-02-15 23:46:57.415992,Paris-f09d,-26,34,Normal
2026-02-15 23:46:58.415992,Paris-f09d,43,78,Normal
2026-02-15 23:46:59.415992,Paris-f09d,48,10,Normal
2026-02-15 23:47:00.415992,Paris-f09d,1,58,Normal
2026-02-15 23:47:01.415992,Paris-f09d,-11,90,Normal
2026-02-15 23:47:02.415992,Paris-f09d,48,72,Normal
2026-02-15 23:47:03.415992,Paris-f09d,31,97,Normal
2026-02-15 23:47:04.415992,Paris-f09d,48,9,Normal
2026-02-15 23:47:05.415992,Paris-f09d,43,45,Normal
2026-02-15 23:47:06.415992,Paris-f09d,16,64,Normal
2026-02-15 23:47:07.415992,Paris-f09d,-20,24,Normal
2026-02-15 23:47:08.415992,Paris-f09d,2,77,Normal
2026-02-15 23:47:09.415992,Paris-f09d,-20,73,Normal
2026-02-15 23:47:10.415992,Paris-f09d,47,10,Normal
2026-02-15 23:47:11.415992,Paris-f09d,-29,3,Normal
2026-02-15 23:47:12.415992,Paris-f09d,32,59,Normal
2026-02-15 23:47:13.415992,Paris-f09d,34,65,Normal
2026-02-15 23:47:14.415992,Paris-f09d,42,84,Normal
2026-02-15 23:47:15.415992,Paris-f09d,31,20,Normal
2026-02-15 23:47:16.415992,Paris-f09d,26,51,Normal
2026-02-15 23:47:17.415992,Paris-f09d,-11,18,Normal
2026-02-15 23:47:18.415992,Paris-f09d,32,11,Normal
2026-02-15 23:47:19.415992,Paris-f09d,-4,73,Normal
2026-02-15 23:47:20.415992,Paris-f09d,-24,11,Normal
2026-02-15 23:47:21.415992,Paris-f09d,37,18,Normal
2026-02-15 23:47:22.415992,Paris-f09d,-14,100,Normal
2026-02-15 23:47:23.415992,Paris-f09d,-10,74,Normal
2026-02-15 23:47:24.415992,Paris-f09d,5,22,Normal
2026-02-15 23:47:25.415992,Paris-f09d,40,91,Normal
2026-02-15 23:47:26.415992,Paris-f09d,9,94,Normal
2026-02-15 23:47:27.415992,Paris-f09d,30,52,Normal
2026-02-15 23:47:28.415992,Paris-f09d,-30,79,Normal
2026-02-15 23:47:29.415992,Paris-f09d,24,55,Normal
2026-02-15 23:47:30.415992,Paris-f09d,48,38,Normal
2026-02-15 23:47:31.415992,Paris-f09d,31,87,Normal
2026-02-15 23:47:32.415992,Paris-f09d,45,74,Normal
2026-02-15 23:47:33.415992,Paris-f09d,18,87,Normal
2026-02-15 23:47:34.415992,Paris-f09d,-5,85,Normal
2026-02-15 23:47:35.415992,Paris-f09d,16,66,Normal
2026-02-15 23:47:36.415992,Paris-f09d,6,78,Normal
2026-02-15 23:47:37.415992,Paris-f09d,-23,65,Normal
2026-02-15 23:47:38.415992,Paris-f09d,9,96,Normal
2026-02-15 23:47:39.415992,Paris-f09d,11,76,Normal
2026-02-15 23:47:40.415992,Paris-f09d,-26,51,Normal
2026-02-15 23:47:41.415992,Paris-f09d,-22,16,Normal
2026-02-15 23:47:42.415992,Paris-f09d,20,81,Normal
2026-02-15 23:47:43.415992,Paris-f09d,-22,49,Normal
2026-02-15 23:47:44.415992,Paris-f09d,30,58,Normal
2026-02-15 23:47:45.415992,Paris-f09d,-7,8,Normal
2026-02-15 23:47:46.415992,Paris-f09d,23,51,Normal
2026-02-15 23:47:47.415992,Paris-f09d,13,49,Normal
2026-02-15 23:47:48.415992,Paris-f09d,-21,43,Normal
2026-02-15 23:47:49.415992,Paris-f09d,47,44,Normal
2026-02-15 23:47:50.415992,Paris-f09d,43,88,Normal
2026-02-15 23:47:51.415992,Paris-f09d,26,1,Normal
2026-02-15 23:47:52.415992,Paris-f09d,29,86,Normal
2026-02-15 23:47:53.415992,Paris-f09d,-2,70,Normal
2026-02-15 23:47:54.415992,Paris-f09d,41,64,Normal
2026-02-15 23:47:55.415992,Paris-f09d,8,28,Normal
2026-02-15 23:47:56.415992,Paris-f09d,49,58,Normal
2026-02-15 23:47:57.415992,Paris-f09d,46,4,Normal
2026-02-15 23:47:58.415992,Paris-f09d,-1,90,Normal
2026-02-15 23:47:59.415992,Paris-f09d,16,25,Normal
2026-02-15 23:48:00.415992,Paris-f09d,49,21,Normal
2026-02-15 23:48:01.415992,Paris-f09d,30,85,Normal
2026-02-15 23:48:02.415992,Paris-f09d,2,25,Normal
2026-02-15 23:48:03.415992,Paris-f09d,-12,27,Normal
2026-02-15 23:48:04.415992,Paris-f09d,39,34,Normal
2026-02-15 23:48:05.415992,Paris-f09d,-20,0,Normal
2026-02-15 23:48:06.415992,Paris-f09d,38,86,Normal
2026-02-15 23:48:07.415992,Paris-f09d,-9,78,Normal
2026-02-15 23:48:08.415992,Paris-f09d,4,43,Normal
2026-02-15 23:48:09.415992,Paris-f09d,42,14,Normal
2026-02-15 23:48:10.415992,Paris-f09d,30,22,Normal
2026-02-15 23:48:11.415992,Paris-f09d,-8,5,Normal
2026-02-15 23:48:12.415992,Paris-f09d,16,11,Normal
2026-02-15 23:48:13.415992,Paris-f09d,-13,61,Normal
2026-02-15 23:48:14.415992,Paris-f09d,-10,25,Normal
2026-02-15 23:48:15.415992,Paris-f09d,-15,34,Normal
2026-02-15 23:48:16.415992,Paris-f09d,-3,21,Normal
2026-02-15 23:48:17.415992,Paris-f09d,-17,54,Normal
2026-02-15 23:48:18.415992,Paris-f09d,-30,83,Normal
2026-02-15 23:48:19.415992,Paris-f09d,-20,3,Normal
2026-02-15 23:48:20.415992,Paris-f09d,43,62,Normal
2026-02-15 23:48:21.415992,Paris-f09d,23,56,Normal
2026-02-15 23:48:22.415992,Paris-f09d,17,51,Normal
2026-02-15 23:48:23.415992,Paris-f09d,-28,30,Normal
2026-02-15 23:48:24.415992,Paris-f09d,25,33,Normal
2026-02-15 23:48:25.415992,Paris-f09d,49,46,Normal
2026-02-15 23:48:26.415992,Paris-f09d,10,61,Normal
2026-02-15 23:48:27.415992,Paris-f09d,-2,17,Normal
2026-02-15 23:48:28.415992,Paris-f09d,22,18,Normal
2026-02-15 23:48:29.415992,Paris-f09d,-5,94,Normal
2026-02-15 23:48:30.415992,Paris-f09d,44,79,Normal
2026-02-15 23:48:31.415992,Paris-f09d,6,13,Normal
2026-02-15 23:48:32.415992,Paris-f09d,-21,71,Normal
2026-02-15 23:48:33.415992,Paris-f09d,29,86,Normal
2026-02-15 23:48:34.415992,Paris-f09d,19,67,Normal
2026-02-15 23:48:35.415992,Paris-f09d,-14,54,Normal
2026-02-15 23:48:36.415992,Paris-f09d,-17,7,Normal
2026-02-15 23:48:37.415992,Paris-f09d,-26,73,Normal
2026-02-15 23:48:38.415992,Paris-f09d,-15,88,Normal
2026-02-15 23:48:39.415992,Paris-f09d,-18,57,Normal
2026-02-15 23:48:40.415992,Paris-f09d,22,84,Normal
2026-02-15 23:48:41.415992,Paris-f09d,23,60,Normal
2026-02-15 23:48:42.415992,Paris-f09d,-25,64,Normal
2026-02-15 23:48:43.415992,Paris-f09d,29,54,Normal
2026-02-15 23:48:44.415992,Paris-f09d,12,58,Normal
2026-02-15 23:48:45.415992,Paris-f09d,16,66,Normal
2026-02-15 23:48:46.415992,Paris-f09d,3,83,Normal
2026-02-15 23:48:47.415992,Paris-f09d,5,70,Normal
2026-02-15 23:48:48.415992,Paris-f09d,44,95,Normal
2026-02-15 23:48:49.415992,Paris-f09d,-11,79,Normal
2026-02-15 23:48:50.415992,Paris-f09d,-25,84,Normal
2026-02-15 23:48:51.415992,Paris-f09d,-18,41,Normal
2026-02-15 23:48:52.415992,Paris-f09d,3,75,Normal
2026-02-15 23:48:53.415992,Paris-f09d,46,21,Normal
2026-02-15 23:48:54.415992,Paris-f09d,-7,83,Normal
2026-02-15 23:48:55.415992,Paris-f09d,-26,26,Normal
2026-02-15 23:48:56.415992,Paris-f09d,11,37,Normal
2026-02-15 23:48:57.415992,Paris-f09d,43,22,Normal
2026-02-15 23:48:58.415992,Paris-f09d,29,100,Normal
2026-02-15 23:48:59.415992,Paris-f09d,7,16,Normal
2026-02-15 23:49:00.415992,Paris-f09d,34,65,Normal
2026-02-15 23:49:01.415992,Paris-f09d,11,1,Normal
2026-02-15 23:49:02.415992,Paris-f09d,35,81,Normal
2026-02-15 23:49:03.415992,Paris-f09d,16,27,Normal
2026-02-15 23:49:04.415992,Paris-f09d,42,31,Normal
2026-02-15 23:49:05.415992,Paris-f09d,37,96,Normal
2026-02-15 23:49:06.415992,Paris-f09d,6,49,Normal
2026-02-15 23:49:07.415992,Paris-f09d,15,74,Normal
2026-02-15 23:49:08.415992,Paris-f09d,47,72,Normal
2026-02-15 23:49:09.415992,Paris-f09d,26,84,Normal
2026-02-15 23:49:10.415992,Paris-f09d,12,3,Normal
2026-02-15 23:49:11.415992,Paris-f09d,43,97,Normal
2026-02-15 23:49:12.415992,Paris-f09d,43,25,Normal
2026-02-15 23:49:13.415992,Paris-f09d,27,60,Normal
2026-02-15 23:49:14.415992,Paris-f09d,-3,10,Normal
2026-02-15 23:49:15.415992,Paris-f09d,-24,37,Normal
2026-02-15 23:49:16.415992,Paris-f09d,9,19,Normal
2026-02-15 23:49:17.415992,Paris-f09d,1,21,Normal
2026-02-15 23:49:18.415992,Paris-f09d,50,66,Normal
2026-02-15 23:49:19.415992,Paris-f09d,-24,4,Normal
2026-02-15 23:49:20.415992,Paris-f09d,-23,5,Normal
2026-02-15 23:49:21.415992,Paris-f09d,-17,42,Normal
2026-02-15 23:49:22.415992,Paris-f09d,-15,93,Normal
2026-02-15 23:49:23.415992,Paris-f09d,-27,38,Normal
2026-02-15 23:49:24.415992,Paris-f09d,15,48,Normal
2026-02-15 23:49:25.415992,Paris-f09d,43,69,Normal
2026-02-15 23:49:26.415992,Paris-f09d,-3,4,Normal
2026-02-15 23:49:27.415992,Paris-f09d,39,54,Normal
2026-02-15 23:49:28.415992,Paris-f09d,40,54,Normal
2026-02-15 23:49:29.415992,Paris-f09d,-14,67,Normal
2026-02-15 23:49:30.415992,Paris-f09d,36,70,Normal
2026-02-15 23:49:31.415992,Paris-f09d,7,99,Normal
2026-02-15 23:49:32.415992,Paris-f09d,25,65,Normal
2026-02-15 23:49:33.415992,Paris-f09d,-11,97,Normal
2026-02-15 23:49:34.415992,Paris-f09d,6,73,Normal
2026-02-15 23:49:35.415992,Paris-f09d,-1,23,Normal
2026-02-15 23:49:36.415992,Paris-f09d,-25,29,Normal
2026-02-15 23:49:37.415992,Paris-f09d,-12,12,Normal
2026-02-15 23:49:38.415992,Paris-f09d,26,81,Normal
2026-02-15 23:49:39.415992,Paris-f09d,-13,57,Normal
2026-02-15 23:49:40.415992,Paris-f09d,-17,18,Normal
2026-02-15 23:49:41.415992,Paris-f09d,-3,77,Normal
2026-02-15 23:49:42.415992,Paris-f09d,36,89,Normal
2026-02-15 23:49:43.415992,Paris-f09d,6,91,Normal
2026-02-15 23:49:44.415992,Paris-f09d,45,89,Normal
2026-02-15 23:49:45.415992,Paris-f09d,26,57,Normal
2026-02-15 23:49:46.415992,Paris-f09d,37,29,Normal
2026-02-15 23:49:47.415992,Paris-f09d,29,35,Normal
2026-02-15 23:49:48.415992,Paris-f09d,-22,53,Normal
2026-02-15 23:49:49.415992,Paris-f09d,-11,22,Normal
2026-02-15 23:49:50.415992,Paris-f09d,-5,38,Normal
2026-02-15 23:49:51.415992,Paris-f09d,-6,66,Normal
2026-02-15 23:49:52.415992,Paris-f09d,34,0,Normal
2026-02-15 23:49:53.415992,Paris-f09d,-15,29,Normal
2026-02-15 23:49:54.415992,Paris-f09d,41,67,Normal
2026-02-15 23:49:55.415992,Paris-f09d,-20,59,Normal
2026-02-15 23:49:56.415992,Paris-f09d,2,96,Normal
2026-02-15 23:49:57.415992,Paris-f09d,-28,75,Normal
2026-02-15 23:49:58.415992,Paris-f09d,0,31,Normal
2026-02-15 23:49:59.415992,Paris-f09d,31,95,Normal
2026-02-15 23:50:00.415992,Paris-f09d,42,92,Normal
2026-02-15 23:50:01.415992,Paris-f09d,30,35,Normal
2026-02-15 23:50:02.415992,Paris-f09d,11,35,Normal
2026-02-15 23:50:03.415992,Paris-f09d,9,9,Normal
2026-02-15 23:50:04.415992,Paris-f09d,-4,3,Normal
2026-02-15 23:50:05.415992,Paris-f09d,50,25,Normal
2026-02-15 23:50:06.415992,Paris-f09d,27,32,Normal
2026-02-15 23:50:07.415992,Paris-f09d,9,38,Normal
2026-02-15 23:50:08.415992,Paris-f09d,44,14,Normal
2026-02-15 23:50:09.415992,Paris-f09d,38,59,Normal
2026-02-15 23:50:10.415992,Paris-f09d,15,93,Normal
2026-02-15 23:50:11.415992,Paris-f09d,-4,88,Normal
2026-02-15 23:50:12.415992,Paris-f09d,-2,76,Normal
2026-02-15 23:50:13.415992,Paris-f09d,2,45,Normal
2026-02-15 23:50:14.415992,Paris-f09d,-11,33,Normal
2026-02-15 23:50:15.415992,Paris-f09d,12,73,Normal
2026-02-15 23:50:16.415992,Paris-f09d,48,49,Normal
2026-02-15 23:50:17.415992,Paris-f09d,-19,100,Normal
2026-02-15 23:50:18.415992,Paris-f09d,50,16,Normal
2026-02-15 23:50:19.415992,Paris-f09d,11,32,Normal
2026-02-15 23:50:20.415992,Paris-f09d,3,80,Normal
2026-02-15 23:50:21.415992,Paris-f09d,23,60,Normal
2026-02-15 23:50:22.415992,Paris-f09d,-8,66,Normal
2026-02-15 23:50:23.415992,Paris-f09d,12,49,Normal
2026-02-15 23:50:24.415992,Paris-f09d,11,95,Normal
2026-02-15 23:50:25.415992,Paris-f09d,-5,95,Normal
2026-02-15 23:50:26.415992,Paris-f09d,6,47,Normal
2026-02-15 23:50:27.415992,Paris-f09d,-11,12,Normal
2026-02-15 23:50:28.415992,Paris-f09d,42,2,Normal
2026-02-15 23:50:29.415992,Paris-f09d,-15,7,Normal
2026-02-15 23:50:30.415992,Paris-f09d,3,5,Normal
2026-02-15 23:50:31.415992,Paris-f09d,39,86,Normal
2026-02-15 23:50:32.415992,Paris-f09d,10,70,Normal
2026-02-15 23:50:33.415992,Paris-f09d,-18,100,Normal
2026-02-15 23:50:34.415992,Paris-f09d,48,82,Normal
2026-02-15 23:50:35.415992,Paris-f09d,37,24,Normal
2026-02-15 23:50:36.415992,Paris-f09d,2,42,Normal
2026-02-15 23:50:37.415992,Paris-f09d,25,80,Normal
2026-02-15 23:50:38.415992,Paris-f09d,22,29,Normal
2026-02-15 23:50:39.415992,Paris-f09d,9,57,Normal
2026-02-15 23:50:40.415992,Paris-f09d,25,44,Normal
2026-02-15 23:50:41.415992,Paris-f09d,46,67,Normal
2026-02-15 23:50:42.415992,Paris-f09d,21,98,Normal
2026-02-15 23:50:43.415992,Paris-f09d,5,14,Normal
2026-02-15 23:50:44.415992,Paris-f09d,8,46,Normal
2026-02-15 23:50:45.415992,Paris-f09d,0,10,Normal
2026-02-15 23:50:46.415992,Paris-f09d,-22,91,Normal
2026-02-15 23:50:47.415992,Paris-f09d,24,95,Normal
2026-02-15 23:50:48.415992,Paris-f09d,-6,52,Normal
2026-02-15 23:50:49.415992,Paris-f09d,37,58,Normal
2026-02-15 23:50:50.415992,Paris-f09d,45,3,Normal
2026-02-15 23:50:51.415992,Paris-f09d,40,10,Normal
2026-02-15 23:50:52.415992,Paris-f09d,21,53,Normal
2026-02-15 23:50:53.415992,Paris-f09d,25,58,Normal
2026-02-15 23:50:54.415992,Paris-f09d,46,35,Normal
2026-02-15 23:50:55.415992,Paris-f09d,12,49,Normal
2026-02-15 23:50:56.415992,Paris-f09d,33,3,Normal
2026-02-15 23:50:57.415992,Paris-f09d,19,14,Normal
2026-02-15 23:50:58.415992,Paris-f09d,20,46,Normal
2026-02-15 23:50:59.415992,Paris-f09d,50,42,Normal
2026-02-15 23:51:00.415992,Paris-f09d,-4,59,Normal
2026-02-15 23:51:01.415992,Paris-f09d,-15,77,Normal
2026-02-15 23:51:02.415992,Paris-f09d,-11,46,Normal
2026-02-15 23:51:03.415992,Paris-f09d,11,87,Normal
2026-02-15 23:51:04.415992,Paris-f09d,44,57,Normal
2026-02-15 23:51:05.415992,Paris-f09d,-26,3,Normal
2026-02-15 23:51:06.415992,Paris-f09d,1,12,Normal
2026-02-15 23:51:07.415992,Paris-f09d,22,99,Normal
2026-02-15 23:51:08.415992,Paris-f09d,45,76,Normal
2026-02-15 23:51:09.415992,Paris-f09d,32,75,Normal
2026-02-15 23:51:10.415992,Paris-f09d,25,53,Normal
2026-02-15 23:51:11.415992,Paris-f09d,50,14,Normal
2026-02-15 23:51:12.415992,Paris-f09d,25,14,Normal
2026-02-15 23:51:13.415992,Paris-f09d,-14,0,Normal
2026-02-15 23:51:14.415992,Paris-f09d,1,0,Normal
2026-02-15 23:51:15.415992,Paris-f09d,9,55,Normal
2026-02-15 23:51:16.415992,Paris-f09d,16,53,Normal
2026-02-15 23:51:17.415992,Paris-f09d,38,58,Normal
2026-02-15 23:51:18.415992,Paris-f09d,13,58,Normal
2026-02-15 23:51:19.415992,Paris-f09d,22,32,Normal
2026-02-15 23:51:20.415992,Paris-f09d,37,57,Normal
2026-02-15 23:51:21.415992,Paris-f09d,40,49,Normal
2026-02-15 23:51:22.415992,Paris-f09d,27,71,Normal
2026-02-15 23:51:23.415992,Paris-f09d,-13,64,Normal
2026-02-15 23:51:24.415992,Paris-f09d,39,32,Normal
2026-02-15 23:51:25.415992,Paris-f09d,6,28,Normal
2026-02-15 23:51:26.415992,Paris-f09d,46,50,Normal
2026-02-15 23:51:27.415992,Paris-f09d,12,51,Normal
2026-02-15 23:51:28.415992,Paris-f09d,-8,76,Normal
2026-02-15 23:51:29.415992,Paris-f09d,-27,93,Normal
2026-02-15 23:51:30.415992,Paris-f09d,40,7,Normal
2026-02-15 23:51:31.415992,Paris-f09d,20,74,Normal
2026-02-15 23:51:32.415992,Paris-f09d,32,43,Normal
2026-02-15 23:51:33.415992,Paris-f09d,4,58,Normal
2026-02-15 23:51:34.415992,Paris-f09d,-18,3,Normal
2026-02-15 23:51:35.415992,Paris-f09d,-27,45,Normal
2026-02-15 23:51:36.415992,Paris-f09d,-2,24,Normal
2026-02-15 23:51:37.415992,Paris-f09d,50,78,Normal
2026-02-15 23:51:38.415992,Paris-f09d,-3,81,Normal
2026-02-15 23:51:39.415992,Paris-f09d,-26,32,Normal
2026-02-15 23:51:40.415992,Paris-f09d,13,89,Normal
2026-02-15 23:51:41.415992,Paris-f09d,0,69,Normal
2026-02-15 23:51:42.415992,Paris-f09d,13,91,Normal
2026-02-15 23:51:43.415992,Paris-f09d,28,38,Normal
2026-02-15 23:51:44.415992,Paris-f09d,9,51,Normal
2026-02-15 23:51:45.415992,Paris-f09d,1,41,Normal
2026-02-15 23:51:46.415992,Paris-f09d,19,22,Normal
2026-02-15 23:51:47.415992,Paris-f09d,10,18,Normal
2026-02-15 23:51:48.415992,Paris-f09d,-17,57,Normal
2026-02-15 23:51:49.415992,Paris-f09d,-9,87,Normal
2026-02-15 23:51:50.415992,Paris-f09d,-4,34,Normal
2026-02-15 23:51:51.415992,Paris-f09d,14,79,Normal
2026-02-15 23:51:52.415992,Paris-f09d,22,27,Normal
2026-02-15 23:51:53.415992,Paris-f09d,2,93,Normal
2026-02-15 23:51:54.415992,Paris-f09d,45,9,Normal
2026-02-15 23:51:55.415992,Paris-f09d,49,6,Normal
2026-02-15 23:51:56.415992,Paris-f09d,12,55,Normal
2026-02-15 23:51:57.415992,Paris-f09d,-28,0,Normal
2026-02-15 23:51:58.415992,Paris-f09d,34,78,Normal
2026-02-15 23:51:59.415992,Paris-f09d,44,44,Normal
2026-02-15 23:52:00.415992,Paris-f09d,-29,16,Normal
2026-02-15 23:52:01.415992,Paris-f09d,34,84,Normal
2026-02-15 23:52:02.415992,Paris-f09d,-9,22,Normal
2026-02-15 23:52:03.415992,Paris-f09d,1,78,Normal
2026-02-15 23:52:04.415992,Paris-f09d,48,98,Normal
2026-02-15 23:52:05.415992,Paris-f09d,41,25,Normal
2026-02-15 23:52:06.415992,Paris-f09d,5,2,Normal
2026-02-15 23:52:07.415992,Paris-f09d,41,28,Normal
2026-02-15 23:52:08.415992,Paris-f09d,-27,20,Normal
2026-02-15 23:52:09.415992,Paris-f09d,-3,52,Normal
2026-02-15 23:52:10.415992,Paris-f09d,11,47,Normal
2026-02-15 23:52:11.415992,Paris-f09d,39,16,Normal
2026-02-15 23:52:12.415992,Paris-f09d,32,38,Normal
2026-02-15 23:52:13.415992,Paris-f09d,35,60,Normal
2026-02-15 23:52:14.415992,Paris-f09d,-16,13,Normal
2026-02-15 23:52:15.415992,Paris-f09d,-12,31,Normal
2026-02-15 23:52:16.415992,Paris-f09d,-18,15,Normal
2026-02-15 23:52:17.415992,Paris-f09d,23,73,Normal
2026-02-15 23:52:18.415992,Paris-f09d,38,24,Normal
2026-02-15 23:52:19.415992,Paris-f09d,-21,82,Normal
2026-02-15 23:52:20.415992,Paris-f09d,46,9,Normal
2026-02-15 23:52:21.415992,Paris-f09d,-16,99,Normal
2026-02-15 23:52:22.415992,Paris-f09d,-7,50,Normal
2026-02-15 23:52:23.415992,Paris-f09d,31,16,Normal
2026-02-15 23:52:24.415992,Paris-f09d,-20,4,Normal
2026-02-15 23:52:25.415992,Paris-f09d,14,29,Normal
2026-02-15 23:52:26.415992,Paris-f09d,43,98,Normal
2026-02-15 23:52:27.415992,Paris-f09d,-14,70,Normal
2026-02-15 23:52:28.415992,Paris-f09d,35,86,Normal
2026-02-15 23:52:29.415992,Paris-f09d,40,79,Normal
2026-02-15 23:52:30.415992,Paris-f09d,7,16,Normal
2026-02-15 23:52:31.415992,Paris-f09d,-5,63,Normal
2026-02-15 23:52:32.415992,Paris-f09d,26,26,Normal
2026-02-15 23:52:33.415992,Paris-f09d,39,39,Normal
2026-02-15 23:52:34.415992,Paris-f09d,7,54,Normal
2026-02-15 23:52:35.415992,Paris-f09d,41,77,Normal
2026-02-15 23:52:36.415992,Paris-f09d,-13,31,Normal
2026-02-15 23:52:37.415992,Paris-f09d,-6,9,Normal
2026-02-15 23:52:38.415992,Paris-f09d,-5,10,Normal
2026-02-15 23:52:39.415992,Paris-f09d,37,58,Normal
2026-02-15 23:52:40.415992,Paris-f09d,-22,95,Normal
2026-02-15 23:52:41.415992,Paris-f09d,21,39,Normal
2026-02-15 23:52:42.415992,Paris-f09d,-22,70,Normal
2026-02-15 23:52:43.415992,Paris-f09d,-18,45,Normal
2026-02-15 23:52:44.415992,Paris-f09d,36,65,Normal
2026-02-15 23:52:45.415992,Paris-f09d,-30,78,Normal
2026-02-15 23:52:46.415992,Paris-f09d,19,4,Normal
2026-02-15 23:52:47.415992,Paris-f09d,12,98,Normal
2026-02-15 23:52:48.415992,Paris-f09d,25,98,Normal
2026-02-15 23:52:49.415992,Paris-f09d,21,24,Normal
2026-02-15 23:52:50.415992,Paris-f09d,16,63,Normal
2026-02-15 23:52:51.415992,Paris-f09d,-11,52,Normal
2026-02-15 23:52:52.415992,Paris-f09d,45,6,Normal
2026-02-15 23:52:53.415992,Paris-f09d,-6,81,Normal
2026-02-15 23:52:54.415992,Paris-f09d,13,78,Normal
2026-02-15 23:52:55.415992,Paris-f09d,7,86,Normal
2026-02-15 23:52:56.415992,Paris-f09d,-22,21,Normal
2026-02-15 23:52:57.415992,Paris-f09d,25,0,Normal
2026-02-15 23:52:58.415992,Paris-f09d,36,24,Normal
2026-02-15 23:52:59.415992,Paris-f09d,25,85,Normal
2026-02-15 23:53:00.415992,Paris-f09d,-21,92,Normal
2026-02-15 23:53:01.415992,Paris-f09d,49,13,Normal
2026-02-15 23:53:02.415992,Paris-f09d,23,20,Normal
2026-02-15 23:53:03.415992,Paris-f09d,0,84,Normal
2026-02-15 23:53:04.415992,Paris-f09d,32,4,Normal
2026-02-15 23:53:05.415992,Paris-f09d,-6,78,Normal
2026-02-15 23:53:06.415992,Paris-f09d,22,11,Normal
2026-02-15 23:53:07.415992,Paris-f09d,-22,25,Normal
2026-02-15 23:53:08.415992,Paris-f09d,44,17,Normal
2026-02-15 23:53:09.415992,Paris-f09d,-10,78,Normal
2026-02-15 23:53:10.415992,Paris-f09d,-9,10,Normal
2026-02-15 23:53:11.415992,Paris-f09d,-8,92,Normal
2026-02-15 23:53:12.415992,Paris-f09d,30,30,Normal
2026-02-15 23:53:13.415992,Paris-f09d,24,26,Normal
2026-02-15 23:53:14.415992,Paris-f09d,15,6,Normal
2026-02-15 23:53:15.415992,Paris-f09d,31,53,Normal
2026-02-15 23:53:16.415992,Paris-f09d,-14,40,Normal
2026-02-15 23:53:17.415992,Paris-f09d,39,91,Normal
2026-02-15 23:53:18.415992,Paris-f09d,-22,66,Normal
2026-02-15 23:53:19.415992,Paris-f09d,0,22,Normal
2026-02-15 23:53:20.415992,Paris-f09d,1,22,Normal
2026-02-15 23:53:21.415992,Paris-f09d,8,52,Normal
2026-02-15 23:53:22.415992,Paris-f09d,26,100,Normal
2026-02-15 23:53:23.415992,Paris-f09d,25,82,Normal
2026-02-15 23:53:24.415992,Paris-f09d,49,3,Normal
2026-02-15 23:53:25.415992,Paris-f09d,-20,85,Normal
2026-02-15 23:53:26.415992,Paris-f09d,33,10,Normal
2026-02-15 23:53:27.415992,Paris-f09d,-24,50,Normal
2026-02-15 23:53:28.415992,Paris-f09d,50,63,Normal
2026-02-15 23:53:29.415992,Paris-f09d,23,7,Normal
2026-02-15 23:53:30.415992,Paris-f09d,5,56,Normal
2026-02-15 23:53:31.415992,Paris-f09d,-16,17,Normal
2026-02-15 23:53:32.415992,Paris-f09d,-18,37,Normal
2026-02-15 23:53:33.415992,Paris-f09d,0,12,Normal
2026-02-15 23:53:34.415992,Paris-f09d,-16,73,Normal
2026-02-15 23:53:35.415992,Paris-f09d,-15,53,Normal
2026-02-15 23:53:36.415992,Paris-f09d,41,100,Normal
2026-02-15 23:53:37.415992,Paris-f09d,15,44,Normal
2026-02-15 23:53:38.415992,Paris-f09d,-2,72,Normal
2026-02-15 23:53:39.415992,Paris-f09d,5,62,Normal
2026-02-15 23:53:40.415992,Paris-f09d,17,10,Normal
2026-02-15 23:53:41.415992,Paris-f09d,-19,8,Normal
2026-02-15 23:53:42.415992,Paris-f09d,-19,99,Normal
2026-02-15 23:53:43.415992,Paris-f09d,-25,70,Normal
2026-02-15 23:53:44.415992,Paris-f09d,-25,80,Normal
2026-02-15 23:53:45.415992,Paris-f09d,38,89,Normal
2026-02-15 23:53:46.415992,Paris-f09d,9,50,Normal
2026-02-15 23:53:47.415992,Paris-f09d,16,22,Normal
2026-02-15 23:53:48.415992,Paris-f09d,45,24,Normal
2026-02-15 23:53:49.415992,Paris-f09d,9,4,Normal
2026-02-15 23:53:50.415992,Paris-f09d,33,97,Normal
2026-02-15 23:53:51.415992,Paris-f09d,49,66,Normal
2026-02-15 23:53:52.415992,Paris-f09d,4,34,Normal
2026-02-15 23:53:53.415992,Paris-f09d,35,95,Normal
2026-02-15 23:53:54.415992,Paris-f09d,48,55,Normal
2026-02-15 23:53:55.415992,Paris-f09d,38,75,Normal
2026-02-15 23:53:56.415992,Paris-f09d,-7,26,Normal
2026-02-15 23:53:57.415992,Paris-f09d,4,27,Normal
2026-02-15 23:53:58.415992,Paris-f09d,-8,72,Normal
2026-02-15 23:53:59.415992,Paris-f09d,42,2,Normal
2026-02-15 23:54:00.415992,Paris-f09d,-5,99,Normal
2026-02-15 23:54:01.415992,Paris-f09d,2,82,Normal
2026-02-15 23:54:02.415992,Paris-f09d,-12,55,Normal
2026-02-15 23:54:03.415992,Paris-f09d,4,60,Normal
2026-02-15 23:54:04.415992,Paris-f09d,-30,21,Normal
2026-02-15 23:54:05.415992,Paris-f09d,-7,23,Normal
2026-02-15 23:54:06.415992,Paris-f09d,37,5,Normal
2026-02-15 23:54:07.415992,Paris-f09d,1,41,Normal
2026-02-15 23:54:08.415992,Paris-f09d,10,86,Normal
2026-02-15 23:54:09.415992,Paris-f09d,34,14,Normal
2026-02-15 23:54:10.415992,Paris-f09d,50,37,Normal
2026-02-15 23:54:11.415992,Paris-f09d,-16,77,Normal
2026-02-15 23:54:12.415992,Paris-f09d,22,26,Normal
2026-02-15 23:54:13.415992,Paris-f09d,-6,9,Normal
2026-02-15 23:54:14.415992,Paris-f09d,25,100,Normal
2026-02-15 23:54:15.415992,Paris-f09d,38,84,Normal
2026-02-15 23:54:16.415992,Paris-f09d,-18,22,Normal
2026-02-15 23:54:17.415992,Paris-f09d,15,52,Normal
2026-02-15 23:54:18.415992,Paris-f09d,27,91,Normal
2026-02-15 23:54:19.415992,Paris-f09d,37,97,Normal
2026-02-15 23:54:20.415992,Paris-f09d,25,58,Normal
2026-02-15 23:54:21.415992,Paris-f09d,-16,13,Normal
2026-02-15 23:54:22.415992,Paris-f09d,45,25,Normal
2026-02-15 23:54:23.415992,Paris-f09d,-26,30,Normal
2026-02-15 23:54:24.415992,Paris-f09d,47,52,Normal
2026-02-15 23:54:25.415992,Paris-f09d,-1,46,Normal
2026-02-15 23:54:26.415992,Paris-f09d,30,27,Normal
2026-02-15 23:54:27.415992,Paris-f09d,5,70,Normal
2026-02-15 23:54:28.415992,Paris-f09d,22,18,Normal
2026-02-15 23:54:29.415992,Paris-f09d,-7,49,Normal
2026-02-15 23:54:30.415992,Paris-f09d,44,57,Normal
2026-02-15 23:54:31.415992,Paris-f09d,-10,42,Normal
2026-02-15 23:54:32.415992,Paris-f09d,-13,55,Normal
2026-02-15 23:54:33.415992,Paris-f09d,-4,44,Normal
2026-02-15 23:54:34.415992,Paris-f09d,41,87,Normal
2026-02-15 23:54:35.415992,Paris-f09d,11,89,Normal
2026-02-15 23:54:36.415992,Paris-f09d,33,49,Normal
2026-02-15 23:54:37.415992,Paris-f09d,37,17,Normal
2026-02-15 23:54:38.415992,Paris-f09d,7,10,Normal
2026-02-15 23:54:39.415992,Paris-f09d,27,99,Normal
2026-02-15 23:54:40.415992,Paris-f09d,-26,24,Normal
2026-02-15 23:54:41.415992,Paris-f09d,31,81,Normal
2026-02-15 23:54:42.415992,Paris-f09d,50,39,Normal
2026-02-15 23:54:43.415992,Paris-f09d,-27,32,Normal
2026-02-15 23:54:44.415992,Paris-f09d,-30,19,Normal
2026-02-15 23:54:45.415992,Paris-f09d,-4,51,Normal
2026-02-15 23:54:46.415992,Paris-f09d,23,87,Normal
2026-02-15 23:54:47.415992,Paris-f09d,16,92,Normal
2026-02-15 23:54:48.415992,Paris-f09d,40,10,Normal
2026-02-15 23:54:49.415992,Paris-f09d,-17,21,Normal
2026-02-15 23:54:50.415992,Paris-f09d,4,50,Normal
2026-02-15 23:54:51.415992,Paris-f09d,-9,22,Normal
2026-02-15 23:54:52.415992,Paris-f09d,9,29,Normal
2026-02-15 23:54:53.415992,Paris-f09d,-16,81,Normal
2026-02-15 23:54:54.415992,Paris-f09d,13,33,Normal
2026-02-15 23:54:55.415992,Paris-f09d,30,17,Normal
2026-02-15 23:54:56.415992,Paris-f09d,-26,39,Normal
2026-02-15 23:54:57.415992,Paris-f09d,12,1,Normal
2026-02-15 23:54:58.415992,Paris-f09d,15,87,Normal
2026-02-15 23:54:59.415992,Paris-f09d,14,55,Normal
2026-02-15 23:55:00.415992,Paris-f09d,-19,78,Normal
2026-02-15 23:55:01.415992,Paris-f09d,24,67,Normal
2026-02-15 23:55:02.415992,Paris-f09d,-27,22,Normal
2026-02-15 23:55:03.415992,Paris-f09d,29,43,Normal
2026-02-15 23:55:04.415992,Paris-f09d,-8,63,Normal
2026-02-15 23:55:05.415992,Paris-f09d,25,75,Normal
2026-02-15 23:55:06.415992,Paris-f09d,16,4,Normal
2026-02-15 23:55:07.415992,Paris-f09d,-22,50,Normal
2026-02-15 23:55:08.415992,Paris-f09d,-27,30,Normal
2026-02-15 23:55:09.415992,Paris-f09d,5,85,Normal
2026-02-15 23:55:10.415992,Paris-f09d,4,47,Normal
2026-02-15 23:55:11.415992,Paris-f09d,-30,9,Normal
2026-02-15 23:55:12.415992,Paris-f09d,-20,25,Normal
2026-02-15 23:55:13.415992,Paris-f09d,-14,88,Normal
2026-02-15 23:55:14.415992,Paris-f09d,-5,26,Normal
2026-02-15 23:55:15.415992,Paris-f09d,39,44,Normal
2026-02-15 23:55:16.415992,Paris-f09d,0,90,Normal
2026-02-15 23:55:17.415992,Paris-f09d,28,5,Normal
2026-02-15 23:55:18.415992,Paris-f09d,9,27,Normal
2026-02-15 23:55:19.415992,Paris-f09d,37,8,Normal
2026-02-15 23:55:20.415992,Paris-f09d,-20,82,Normal
2026-02-15 23:55:21.415992,Paris-f09d,41,29,Normal
2026-02-15 23:55:22.415992,Paris-f09d,5,15,Normal
2026-02-15 23:55:23.415992,Paris-f09d,39,46,Normal
2026-02-15 23:55:24.415992,Paris-f09d,40,3,Normal
2026-02-15 23:55:25.415992,Paris-f09d,-5,25,Normal
2026-02-15 23:55:26.415992,Paris-f09d,-15,70,Normal
2026-02-15 23:55:27.415992,Paris-f09d,-10,19,Normal
2026-02-15 23:55:28.415992,Paris-f09d,34,72,Normal
2026-02-15 23:55:29.415992,Paris-f09d,24,5,Normal
2026-02-15 23:55:30.415992,Paris-f09d,34,75,Normal
2026-02-15 23:55:31.415992,Paris-f09d,41,69,Normal
2026-02-15 23:55:32.415992,Paris-f09d,-22,55,Normal
2026-02-15 23:55:33.415992,Paris-f09d,-23,15,Normal
2026-02-15 23:55:34.415992,Paris-f09d,15,28,Normal
2026-02-15 23:55:35.415992,Paris-f09d,13,78,Normal
2026-02-15 23:55:36.415992,Paris-f09d,2,88,Normal
2026-02-15 23:55:37.415992,Paris-f09d,-22,59,Normal
2026-02-15 23:55:38.415992,Paris-f09d,-2,9,Normal
2026-02-15 23:55:39.415992,Paris-f09d,37,76,Normal
2026-02-15 23:55:40.415992,Paris-f09d,32,8,Normal
2026-02-15 23:55:41.415992,Paris-f09d,-12,28,Normal
2026-02-15 23:55:42.415992,Paris-f09d,31,59,Normal
2026-02-15 23:55:43.415992,Paris-f09d,-11,98,Normal
2026-02-15 23:55:44.415992,Paris-f09d,-3,61,Normal
2026-02-15 23:55:45.415992,Paris-f09d,-7,99,Normal
2026-02-15 23:55:46.415992,Paris-f09d,1,49,Normal
2026-02-15 23:55:47.415992,Paris-f09d,-8,7,Normal
2026-02-15 23:55:48.415992,Paris-f09d,25,69,Normal
2026-02-15 23:55:49.415992,Paris-f09d,19,74,Normal
2026-02-15 23:55:50.415992,Paris-f09d,27,31,Normal
2026-02-15 23:55:51.415992,Paris-f09d,35,88,Normal
2026-02-15 23:55:52.415992,Paris-f09d,46,62,Normal
2026-02-15 23:55:53.415992,Paris-f09d,-17,75,Normal
2026-02-15 23:55:54.415992,Paris-f09d,8,85,Normal
2026-02-15 23:55:55.415992,Paris-f09d,-9,25,Normal
2026-02-15 23:55:56.415992,Paris-f09d,-11,88,Normal
2026-02-15 23:55:57.415992,Paris-f09d,4,6,Normal
2026-02-15 23:55:58.415992,Paris-f09d,41,63,Normal
2026-02-15 23:55:59.415992,Paris-f09d,-11,76,Normal
2026-02-15 23:56:00.415992,Paris-f09d,-28,60,Normal
2026-02-15 23:56:01.415992,Paris-f09d,17,8,Normal
2026-02-15 23:56:02.415992,Paris-f09d,3,24,Normal
2026-02-15 23:56:03.415992,Paris-f09d,-8,30,Normal
2026-02-15 23:56:04.415992,Paris-f09d,45,13,Normal
2026-02-15 23:56:05.415992,Paris-f09d,20,94,Normal
2026-02-15 23:56:06.415992,Paris-f09d,30,97,Normal
2026-02-15 23:56:07.415992,Paris-f09d,47,15,Normal
2026-02-15 23:56:08.415992,Paris-f09d,45,98,Normal
2026-02-15 23:56:09.415992,Paris-f09d,-22,3,Normal
2026-02-15 23:56:10.415992,Paris-f09d,17,80,Normal
2026-02-15 23:56:11.415992,Paris-f09d,44,4,Normal
2026-02-15 23:56:12.415992,Paris-f09d,47,49,Normal
2026-02-15 23:56:13.415992,Paris-f09d,-9,2,Normal
2026-02-15 23:56:14.415992,Paris-f09d,-24,79,Normal
2026-02-15 23:56:15.415992,Paris-f09d,-24,87,Normal
2026-02-15 23:56:16.415992,Paris-f09d,-24,22,Normal
2026-02-15 23:56:17.415992,Paris-f09d,47,17,Normal
2026-02-15 23:56:18.415992,Paris-f09d,18,97,Normal
2026-02-15 23:56:19.415992,Paris-f09d,21,9,Normal
2026-02-15 23:56:20.415992,Paris-f09d,20,71,Normal
2026-02-15 23:56:21.415992,Paris-f09d,38,98,Normal
2026-02-15 23:56:22.415992,Paris-f09d,50,52,Normal
2026-02-15 23:56:23.415992,Paris-f09d,49,61,Normal
2026-02-15 23:56:24.415992,Paris-f09d,0,8,Normal
2026-02-15 23:56:25.415992,Paris-f09d,20,10,Normal
2026-02-15 23:56:26.415992,Paris-f09d,-12,77,Normal
2026-02-15 23:56:27.415992,Paris-f09d,6,75,Normal
2026-02-15 23:56:28.415992,Paris-f09d,36,26,Normal
2026-02-15 23:56:29.415992,Paris-f09d,-9,57,Normal
2026-02-15 23:56:30.415992,Paris-f09d,-17,11,Normal
2026-02-15 23:56:31.415992,Paris-f09d,-19,48,Normal
2026-02-15 23:56:32.415992,Paris-f09d,-5,12,Normal
2026-02-15 23:56:33.415992,Paris-f09d,19,76,Normal
2026-02-15 23:56:34.415992,Paris-f09d,43,98,Normal
2026-02-15 23:56:35.415992,Paris-f09d,19,88,Normal
2026-02-15 23:56:36.415992,Paris-f09d,22,3,Normal
2026-02-15 23:56:37.415992,Paris-f09d,-5,88,Normal
2026-02-15 23:56:38.415992,Paris-f09d,-7,81,Normal
2026-02-15 23:56:39.415992,Paris-f09d,4,55,Normal
2026-02-15 23:56:40.415992,Paris-f09d,44,70,Normal
2026-02-15 23:56:41.415992,Paris-f09d,6,66,Normal
2026-02-15 23:56:42.415992,Paris-f09d,16,65,Normal
2026-02-15 23:56:43.415992,Paris-f09d,41,28,Normal
2026-02-15 23:56:44.415992,Paris-f09d,-13,16,Normal
2026-02-15 23:56:45.415992,Paris-f09d,35,37,Normal
2026-02-15 23:56:46.415992,Paris-f09d,-2,80,Normal
2026-02-15 23:56:47.415992,Paris-f09d,48,35,Normal
2026-02-15 23:56:48.415992,Paris-f09d,-4,13,Normal
2026-02-15 23:56:49.415992,Paris-f09d,-28,99,Normal
2026-02-15 23:56:50.415992,Paris-f09d,9,27,Normal
2026-02-15 23:56:51.415992,Paris-f09d,10,14,Normal
2026-02-15 23:56:52.415992,Paris-f09d,42,20,Normal
2026-02-15 23:56:53.415992,Paris-f09d,-20,15,Normal
2026-02-15 23:56:54.415992,Paris-f09d,-18,69,Normal
2026-02-15 23:56:55.415992,Paris-f09d,25,28,Normal
2026-02-15 23:56:56.415992,Paris-f09d,0,85,Normal
2026-02-15 23:56:57.415992,Paris-f09d,3,88,Normal
2026-02-15 23:56:58.415992,Paris-f09d,-7,75,Normal
2026-02-15 23:56:59.415992,Paris-f09d,18,61,Normal
2026-02-15 23:57:00.415992,Paris-f09d,16,78,Normal
2026-02-15 23:57:01.415992,Paris-f09d,-20,23,Normal
2026-02-15 23:57:02.415992,Paris-f09d,-13,26,Normal
2026-02-15 23:57:03.415992,Paris-f09d,43,36,Normal
2026-02-15 23:57:04.415992,Paris-f09d,-4,67,Normal
2026-02-15 23:57:05.415992,Paris-f09d,45,84,Normal
2026-02-15 23:57:06.415992,Paris-f09d,13,75,Normal
2026-02-15 23:57:07.415992,Paris-f09d,-15,77,Normal
2026-02-15 23:57:08.415992,Paris-f09d,-12,51,Normal
2026-02-15 23:57:09.415992,Paris-f09d,34,85,Normal
2026-02-15 23:57:10.415992,Paris-f09d,23,48,Normal
2026-02-15 23:57:11.415992,Paris-f09d,50,29,Normal
2026-02-15 23:57:12.415992,Paris-f09d,24,3,Normal
2026-02-15 23:57:13.415992,Paris-f09d,-22,74,Normal
2026-02-15 23:57:14.415992,Paris-f09d,37,87,Normal
2026-02-15 23:57:15.415992,Paris-f09d,-23,13,Normal
2026-02-15 23:57:16.415992,Paris-f09d,28,76,Normal
2026-02-15 23:57:17.415992,Paris-f09d,-25,80,Normal
2026-02-15 23:57:18.415992,Paris-f09d,44,18,Normal
2026-02-15 23:57:19.415992,Paris-f09d,33,16,Normal
2026-02-15 23:57:20.415992,Paris-f09d,42,34,Normal
2026-02-15 23:57:21.415992,Paris-f09d,37,100,Normal
2026-02-15 23:57:22.415992,Paris-f09d,2,33,Normal
2026-02-15 23:57:23.415992,Paris-f09d,-30,25,Normal
2026-02-15 23:57:24.415992,Paris-f09d,-17,60,Normal
2026-02-15 23:57:25.415992,Paris-f09d,-3,18,Normal
2026-02-15 23:57:26.415992,Paris-f09d,25,56,Normal
2026-02-15 23:57:27.415992,Paris-f09d,13,11,Normal
2026-02-15 23:57:28.415992,Paris-f09d,13,69,Normal
2026-02-15 23:57:29.415992,Paris-f09d,-23,71,Normal
2026-02-15 23:57:30.415992,Paris-f09d,37,31,Normal
2026-02-15 23:57:31.415992,Paris-f09d,-20,24,Normal
2026-02-15 23:57:32.415992,Paris-f09d,35,78,Normal
2026-02-15 23:57:33.415992,Paris-f09d,-27,97,Normal
2026-02-15 23:57:34.415992,Paris-f09d,-26,73,Normal
2026-02-15 23:57:35.415992,Paris-f09d,-25,25,Normal
2026-02-15 23:57:36.415992,Paris-f09d,-23,88,Normal
2026-02-15 23:57:37.415992,Paris-f09d,48,79,Normal
2026-02-15 23:57:38.415992,Paris-f09d,18,25,Normal
2026-02-15 23:57:39.415992,Paris-f09d,10,59,Normal
2026-02-15 23:57:40.415992,Paris-f09d,49,41,Normal
2026-02-15 23:57:41.415992,Paris-f09d,-17,57,Normal
2026-02-15 23:57:42.415992,Paris-f09d,30,57,Normal
2026-02-15 23:57:43.415992,Paris-f09d,15,27,Normal
2026-02-15 23:57:44.415992,Paris-f09d,28,74,Normal
2026-02-15 23:57:45.415992,Paris-f09d,19,85,Normal
2026-02-15 23:57:46.415992,Paris-f09d,36,2,Normal
2026-02-15 23:57:47.415992,Paris-f09d,47,93,Normal
2026-02-15 23:57:48.415992,Paris-f09d,7,70,Normal
2026-02-15 23:57:49.415992,Paris-f09d,-27,14,Normal
2026-02-15 23:57:50.415992,Paris-f09d,-16,21,Normal
2026-02-15 23:57:51.415992,Paris-f09d,40,25,Normal
2026-02-15 23:57:52.415992,Paris-f09d,-19,16,Normal
2026-02-15 23:57:53.415992,Paris-f09d,21,15,Normal
2026-02-15 23:57:54.415992,Paris-f09d,-2,77,Normal
2026-02-15 23:57:55.415992,Paris-f09d,-23,21,Normal
2026-02-15 23:57:56.415992,Paris-f09d,49,67,Normal
2026-02-15 23:57:57.415992,Paris-f09d,25,13,Normal
