timestamp,station_id,temp,humid,condition
2026-02-08 03:26:21.615710,Toronto-6e52,-6,96,Normal
2026-02-08 03:26:22.615710,Toronto-6e52,31,29,Normal
2026-02-08 03:26:23.615710,Toronto-6e52,26,60,Normal
2026-02-08 03:26:24.615710,Toronto-6e52,25,8,Normal
2026-02-08 03:26:25.615710,Toronto-6e52,2,59,Normal
2026-02-08 03:26:26.615710,Toronto-6e52,11,72,Normal
2026-02-08 03:26:27.615710,Toronto-6e52,17,57,Normal
2026-02-08 03:26:28.615710,Toronto-6e52,-27,54,Normal
2026-02-08 03:26:29.615710,Toronto-6e52,23,31,Normal
2026-02-08 03:26:30.615710,Toronto-6e52,-24,64,Normal
2026-02-08 03:26:31.615710,Toronto-6e52,7,44,Normal
2026-02-08 03:26:32.615710,Toronto-6e52,4,47,Normal
2026-02-08 03:26:33.615710,Toronto-6e52,30,19,Normal
2026-02-08 03:26:34.615710,Toronto-6e52,-14,61,Normal
2026-02-08 03:26:35.615710,Toronto-6e52,19,83,Normal
2026-02-08 03:26:36.615710,Toronto-6e52,15,89,Normal
2026-02-08 03:26:37.615710,Toronto-6e52,-9,13,Normal
2026-02-08 03:26:38.615710,Toronto-6e52,39,87,Normal
2026-02-08 03:26:39.615710,Toronto-6e52,4,38,Normal
2026-02-08 03:26:40.615710,Toronto-6e52,6,70,Normal
2026-02-08 03:26:41.615710,Toronto-6e52,-16,35,Normal
2026-02-08 03:26:42.615710,Toronto-6e52,-21,19,Normal
2026-02-08 03:26:43.615710,Toronto-6e52,17,33,Normal
2026-02-08 03:26:44.615710,Toronto-6e52,40,36,Normal
2026-02-08 03:26:45.615710,Toronto-6e52,-29,4,Normal
2026-02-08 03:26:46.615710,Toronto-6e52,34,74,Normal
2026-02-08 03:26:47.615710,Toronto-6e52,-14,86,Normal
2026-02-08 03:26:48.615710,Toronto-6e52,-28,62,Normal
2026-02-08 03:26:49.615710,Toronto-6e52,-9,93,Normal
2026-02-08 03:26:50.615710,Toronto-6e52,21,60,Normal
2026-02-08 03:26:51.615710,Toronto-6e52,-13,80,Normal
2026-02-08 03:26:52.615710,Toronto-6e52,48,37,Normal
2026-02-08 03:26:53.615710,Toronto-6e52,12,78,Normal
2026-02-08 03:26:54.615710,Toronto-6e52,35,91,Normal
2026-02-08 03:26:55.615710,Toronto-6e52,-10,55,Normal
2026-02-08 03:26:56.615710,Toronto-6e52,-1,20,Normal
2026-02-08 03:26:57.615710,Toronto-6e52,8,87,Normal
2026-02-08 03:26:58.615710,Toronto-6e52,-12,52,Normal
2026-02-08 03:26:59.615710,Toronto-6e52,20,2,Normal
2026-02-08 03:27:00.615710,Toronto-6e52,49,51,Normal
2026-02-08 03:27:01.615710,Toronto-6e52,-11,55,Normal
2026-02-08 03:27:02.615710,Toronto-6e52,20,17,Normal
2026-02-08 03:27:03.615710,Toronto-6e52,-26,42,Normal
2026-02-08 03:27:04.615710,Toronto-6e52,-3,45,Normal
2026-02-08 03:27:05.615710,Toronto-6e52,-9,49,Normal
2026-02-08 03:27:06.615710,Toronto-6e52,41,91,Normal
2026-02-08 03:27:07.615710,Toronto-6e52,1,48,Normal
2026-02-08 03:27:08.615710,Toronto-6e52,16,32,Normal
2026-02-08 03:27:09.615710,Toronto-6e52,15,94,Normal
2026-02-08 03:27:10.615710,Toronto-6e52,-14,31,Normal
2026-02-08 03:27:11.615710,Toronto-6e52,26,0,Normal
2026-02-08 03:27:12.615710,Toronto-6e52,-16,98,Normal
2026-02-08 03:27:13.615710,Toronto-6e52,38,0,Normal
2026-02-08 03:27:14.615710,Toronto-6e52,2,89,Normal
2026-02-08 03:27:15.615710,Toronto-6e52,45,15,Normal
2026-02-08 03:27:16.615710,Toronto-6e52,-29,32,Normal
2026-02-08 03:27:17.615710,Toronto-6e52,19,17,Normal
2026-02-08 03:27:18.615710,Toronto-6e52,48,9,Normal
2026-02-08 03:27:19.615710,Toronto-6e52,-22,2,Normal
2026-02-08 03:27:20.615710,Toronto-6e52,30,10,Normal
2026-02-08 03:27:21.615710,Toronto-6e52,4,34,Normal
2026-02-08 03:27:22.615710,Toronto-6e52,23,36,Normal
2026-02-08 03:27:23.615710,Toronto-6e52,-8,72,Normal
2026-02-08 03:27:24.615710,Toronto-6e52,-1,61,Normal
2026-02-08 03:27:25.615710,Toronto-6e52,11,40,Normal
2026-02-08 03:27:26.615710,Toronto-6e52,41,10,Normal
2026-02-08 03:27:27.615710,Toronto-6e52,-1,73,Normal
2026-02-08 03:27:28.615710,Toronto-6e52,26,40,Normal
2026-02-08 03:27:29.615710,Toronto-6e52,-23,66,Normal
2026-02-08 03:27:30.615710,Toronto-6e52,32,66,Normal
2026-02-08 03:27:31.615710,Toronto-6e52,-16,47,Normal
2026-02-08 03:27:32.615710,Toronto-6e52,-8,91,Normal
2026-02-08 03:27:33.615710,Toronto-6e52,8,59,Normal
2026-02-08 03:27:34.615710,Toronto-6e52,35,33,Normal
2026-02-08 03:27:35.615710,Toronto-6e52,7,94,Normal
2026-02-08 03:27:36.615710,Toronto-6e52,28,97,Normal
2026-02-08 03:27:37.615710,Toronto-6e52,30,75,Normal
2026-02-08 03:27:38.615710,Toronto-6e52,-7,92,Normal
2026-02-08 03:27:39.615710,Toronto-6e52,18,61,Normal
2026-02-08 03:27:40.615710,Toronto-6e52,-21,27,Normal
2026-02-08 03:27:41.615710,Toronto-6e52,-18,14,Normal
2026-02-08 03:27:42.615710,Toronto-6e52,17,47,Normal
2026-02-08 03:27:43.615710,Toronto-6e52,39,29,Normal
2026-02-08 03:27:44.615710,Toronto-6e52,24,70,Normal
2026-02-08 03:27:45.615710,Toronto-6e52,-18,67,Normal
2026-02-08 03:27:46.615710,Toronto-6e52,-12,45,Normal
2026-02-08 03:27:47.615710,Toronto-6e52,-3,30,Normal
2026-02-08 03:27:48.615710,Toronto-6e52,30,39,Normal
2026-02-08 03:27:49.615710,Toronto-6e52,-2,22,Normal
2026-02-08 03:27:50.615710,Toronto-6e52,-26,32,Normal
2026-02-08 03:27:51.615710,Toronto-6e52,23,21,Normal
2026-02-08 03:27:52.615710,Toronto-6e52,-14,86,Normal
2026-02-08 03:27:53.615710,Toronto-6e52,12,15,Normal
2026-02-08 03:27:54.615710,Toronto-6e52,-14,49,Normal
2026-02-08 03:27:55.615710,Toronto-6e52,14,45,Normal
2026-02-08 03:27:56.615710,Toronto-6e52,16,34,Normal
2026-02-08 03:27:57.615710,Toronto-6e52,-26,38,Normal
2026-02-08 03:27:58.615710,Toronto-6e52,-24,71,Normal
2026-02-08 03:27:59.615710,Toronto-6e52,-25,80,Normal
2026-02-08 03:28:00.615710,Toronto-6e52,29,96,Normal
2026-02-08 03:28:01.615710,Toronto-6e52,-25,68,Normal
2026-02-08 03:28:02.615710,Toronto-6e52,33,50,Normal
2026-02-08 03:28:03.615710,Toronto-6e52,38,74,Normal
2026-02-08 03:28:04.615710,Toronto-6e52,12,91,Normal
2026-02-08 03:28:05.615710,Toronto-6e52,6,32,Normal
2026-02-08 03:28:06.615710,Toronto-6e52,20,16,Normal
2026-02-08 03:28:07.615710,Toronto-6e52,33,93,Normal
2026-02-08 03:28:08.615710,Toronto-6e52,2,48,Normal
2026-02-08 03:28:09.615710,Toronto-6e52,18,0,Normal
2026-02-08 03:28:10.615710,Toronto-6e52,-9,89,Normal
2026-02-08 03:28:11.615710,Toronto-6e52,-20,1,Normal
2026-02-08 03:28:12.615710,Toronto-6e52,42,69,Normal
2026-02-08 03:28:13.615710,Toronto-6e52,21,42,Normal
2026-02-08 03:28:14.615710,Toronto-6e52,47,38,Normal
2026-02-08 03:28:15.615710,Toronto-6e52,4,55,Normal
2026-02-08 03:28:16.615710,Toronto-6e52,38,25,Normal
2026-02-08 03:28:17.615710,Toronto-6e52,10,7,Normal
2026-02-08 03:28:18.615710,Toronto-6e52,-9,76,Normal
2026-02-08 03:28:19.615710,Toronto-6e52,-19,46,Normal
2026-02-08 03:28:20.615710,Toronto-6e52,18,40,Normal
2026-02-08 03:28:21.615710,Toronto-6e52,-21,36,Normal
2026-02-08 03:28:22.615710,Toronto-6e52,15,49,Normal
2026-02-08 03:28:23.615710,Toronto-6e52,-22,4,Normal
2026-02-08 03:28:24.615710,Toronto-6e52,44,73,Normal
2026-02-08 03:28:25.615710,Toronto-6e52,-19,33,Normal
2026-02-08 03:28:26.615710,Toronto-6e52,29,78,Normal
2026-02-08 03:28:27.615710,Toronto-6e52,-18,23,Normal
2026-02-08 03:28:28.615710,Toronto-6e52,23,58,Normal
2026-02-08 03:28:29.615710,Toronto-6e52,-16,44,Normal
2026-02-08 03:28:30.615710,Toronto-6e52,21,82,Normal
2026-02-08 03:28:31.615710,Toronto-6e52,-25,15,Normal
2026-02-08 03:28:32.615710,Toronto-6e52,-18,36,Normal
2026-02-08 03:28:33.615710,Toronto-6e52,22,54,Normal
2026-02-08 03:28:34.615710,Toronto-6e52,10,56,Normal
2026-02-08 03:28:35.615710,Toronto-6e52,36,97,Normal
2026-02-08 03:28:36.615710,Toronto-6e52,-17,90,Normal
2026-02-08 03:28:37.615710,Toronto-6e52,-19,94,Normal
2026-02-08 03:28:38.615710,Toronto-6e52,-18,94,Normal
2026-02-08 03:28:39.615710,Toronto-6e52,-16,91,Normal
2026-02-08 03:28:40.615710,Toronto-6e52,-17,59,Normal
2026-02-08 03:28:41.615710,Toronto-6e52,23,40,Normal
2026-02-08 03:28:42.615710,Toronto-6e52,46,99,Normal
2026-02-08 03:28:43.615710,Toronto-6e52,39,64,Normal
2026-02-08 03:28:44.615710,Toronto-6e52,5,89,Normal
2026-02-08 03:28:45.615710,Toronto-6e52,26,50,Normal
2026-02-08 03:28:46.615710,Toronto-6e52,47,11,Normal
2026-02-08 03:28:47.615710,Toronto-6e52,24,73,Normal
2026-02-08 03:28:48.615710,Toronto-6e52,11,36,Normal
2026-02-08 03:28:49.615710,Toronto-6e52,-19,78,Normal
2026-02-08 03:28:50.615710,Toronto-6e52,10,82,Normal
2026-02-08 03:28:51.615710,Toronto-6e52,-26,20,Normal
2026-02-08 03:28:52.615710,Toronto-6e52,-27,98,Normal
2026-02-08 03:28:53.615710,Toronto-6e52,28,51,Normal
2026-02-08 03:28:54.615710,Toronto-6e52,3,19,Normal
2026-02-08 03:28:55.615710,Toronto-6e52,-10,15,Normal
2026-02-08 03:28:56.615710,Toronto-6e52,-19,78,Normal
2026-02-08 03:28:57.615710,Toronto-6e52,33,0,Normal
2026-02-08 03:28:58.615710,Toronto-6e52,-24,48,Normal
2026-02-08 03:28:59.615710,Toronto-6e52,5,89,Normal
2026-02-08 03:29:00.615710,Toronto-6e52,0,3,Normal
2026-02-08 03:29:01.615710,Toronto-6e52,2,37,Normal
2026-02-08 03:29:02.615710,Toronto-6e52,40,73,Normal
2026-02-08 03:29:03.615710,Toronto-6e52,1,24,Normal
2026-02-08 03:29:04.615710,Toronto-6e52,6,59,Normal
2026-02-08 03:29:05.615710,Toronto-6e52,38,96,Normal
2026-02-08 03:29:06.615710,Toronto-6e52,-2,5,Normal
2026-02-08 03:29:07.615710,Toronto-6e52,46,89,Normal
2026-02-08 03:29:08.615710,Toronto-6e52,-19,42,Normal
2026-02-08 03:29:09.615710,Toronto-6e52,25,81,Normal
2026-02-08 03:29:10.615710,Toronto-6e52,50,56,Normal
2026-02-08 03:29:11.615710,Toronto-6e52,-3,24,Normal
2026-02-08 03:29:12.615710,Toronto-6e52,29,54,Normal
2026-02-08 03:29:13.615710,Toronto-6e52,3,90,Normal
2026-02-08 03:29:14.615710,Toronto-6e52,18,27,Normal
2026-02-08 03:29:15.615710,Toronto-6e52,-14,70,Normal
2026-02-08 03:29:16.615710,Toronto-6e52,29,70,Normal
2026-02-08 03:29:17.615710,Toronto-6e52,18,53,Normal
2026-02-08 03:29:18.615710,Toronto-6e52,-8,16,Normal
2026-02-08 03:29:19.615710,Toronto-6e52,-25,21,Normal
2026-02-08 03:29:20.615710,Toronto-6e52,-15,66,Normal
2026-02-08 03:29:21.615710,Toronto-6e52,29,4,Normal
2026-02-08 03:29:22.615710,Toronto-6e52,-21,64,Normal
2026-02-08 03:29:23.615710,Toronto-6e52,16,94,Normal
2026-02-08 03:29:24.615710,Toronto-6e52,-17,9,Normal
2026-02-08 03:29:25.615710,Toronto-6e52,15,100,Normal
2026-02-08 03:29:26.615710,Toronto-6e52,34,22,Normal
2026-02-08 03:29:27.615710,Toronto-6e52,-13,26,Normal
2026-02-08 03:29:28.615710,Toronto-6e52,26,75,Normal
2026-02-08 03:29:29.615710,Toronto-6e52,39,55,Normal
2026-02-08 03:29:30.615710,Toronto-6e52,14,12,Normal
2026-02-08 03:29:31.615710,Toronto-6e52,-24,89,Normal
2026-02-08 03:29:32.615710,Toronto-6e52,-13,94,Normal
2026-02-08 03:29:33.615710,Toronto-6e52,39,23,Normal
2026-02-08 03:29:34.615710,Toronto-6e52,-29,35,Normal
2026-02-08 03:29:35.615710,Toronto-6e52,12,36,Normal
2026-02-08 03:29:36.615710,Toronto-6e52,0,84,Normal
2026-02-08 03:29:37.615710,Toronto-6e52,-19,72,Normal
2026-02-08 03:29:38.615710,Toronto-6e52,36,5,Normal
2026-02-08 03:29:39.615710,Toronto-6e52,50,18,Normal
2026-02-08 03:29:40.615710,Toronto-6e52,5,46,Normal
2026-02-08 03:29:41.615710,Toronto-6e52,26,54,Normal
2026-02-08 03:29:42.615710,Toronto-6e52,49,99,Normal
2026-02-08 03:29:43.615710,Toronto-6e52,13,78,Normal
2026-02-08 03:29:44.615710,Toronto-6e52,-2,96,Normal
2026-02-08 03:29:45.615710,Toronto-6e52,-1,76,Normal
2026-02-08 03:29:46.615710,Toronto-6e52,4,76,Normal
2026-02-08 03:29:47.615710,Toronto-6e52,-2,59,Normal
2026-02-08 03:29:48.615710,Toronto-6e52,-1,16,Normal
2026-02-08 03:29:49.615710,Toronto-6e52,25,82,Normal
2026-02-08 03:29:50.615710,Toronto-6e52,19,72,Normal
2026-02-08 03:29:51.615710,Toronto-6e52,-22,41,Normal
2026-02-08 03:29:52.615710,Toronto-6e52,4,27,Normal
2026-02-08 03:29:53.615710,Toronto-6e52,-15,11,Normal
2026-02-08 03:29:54.615710,Toronto-6e52,-12,52,Normal
2026-02-08 03:29:55.615710,Toronto-6e52,40,93,Normal
2026-02-08 03:29:56.615710,Toronto-6e52,17,58,Normal
2026-02-08 03:29:57.615710,Toronto-6e52,36,40,Normal
2026-02-08 03:29:58.615710,Toronto-6e52,43,25,Normal
2026-02-08 03:29:59.615710,Toronto-6e52,9,81,Normal
2026-02-08 03:30:00.615710,Toronto-6e52,14,53,Normal
2026-02-08 03:30:01.615710,Toronto-6e52,33,63,Normal
2026-02-08 03:30:02.615710,Toronto-6e52,47,10,Normal
2026-02-08 03:30:03.615710,Toronto-6e52,-29,49,Normal
2026-02-08 03:30:04.615710,Toronto-6e52,22,100,Normal
2026-02-08 03:30:05.615710,Toronto-6e52,46,92,Normal
2026-02-08 03:30:06.615710,Toronto-6e52,45,46,Normal
2026-02-08 03:30:07.615710,Toronto-6e52,21,58,Normal
2026-02-08 03:30:08.615710,Toronto-6e52,41,46,Normal
2026-02-08 03:30:09.615710,Toronto-6e52,1,4,Normal
2026-02-08 03:30:10.615710,Toronto-6e52,-3,75,Normal
2026-02-08 03:30:11.615710,Toronto-6e52,-3,59,Normal
2026-02-08 03:30:12.615710,Toronto-6e52,9,35,Normal
2026-02-08 03:30:13.615710,Toronto-6e52,-17,89,Normal
2026-02-08 03:30:14.615710,Toronto-6e52,-23,85,Normal
2026-02-08 03:30:15.615710,Toronto-6e52,5,22,Normal
2026-02-08 03:30:16.615710,Toronto-6e52,5,76,Normal
2026-02-08 03:30:17.615710,Toronto-6e52,47,18,Normal
2026-02-08 03:30:18.615710,Toronto-6e52,-2,60,Normal
2026-02-08 03:30:19.615710,Toronto-6e52,19,95,Normal
2026-02-08 03:30:20.615710,Toronto-6e52,-4,61,Normal
2026-02-08 03:30:21.615710,Toronto-6e52,-28,34,Normal
2026-02-08 03:30:22.615710,Toronto-6e52,-20,10,Normal
2026-02-08 03:30:23.615710,Toronto-6e52,46,4,Normal
2026-02-08 03:30:24.615710,Toronto-6e52,21,14,Normal
2026-02-08 03:30:25.615710,Toronto-6e52,-16,78,Normal
2026-02-08 03:30:26.615710,Toronto-6e52,42,92,Normal
2026-02-08 03:30:27.615710,Toronto-6e52,-24,66,Normal
2026-02-08 03:30:28.615710,Toronto-6e52,43,27,Normal
2026-02-08 03:30:29.615710,Toronto-6e52,42,23,Normal
2026-02-08 03:30:30.615710,Toronto-6e52,-20,84,Normal
2026-02-08 03:30:31.615710,Toronto-6e52,-5,18,Normal
2026-02-08 03:30:32.615710,Toronto-6e52,48,89,Normal
2026-02-08 03:30:33.615710,Toronto-6e52,-1,9,Normal
2026-02-08 03:30:34.615710,Toronto-6e52,44,15,Normal
2026-02-08 03:30:35.615710,Toronto-6e52,3,27,Normal
2026-02-08 03:30:36.615710,Toronto-6e52,-10,52,Normal
2026-02-08 03:30:37.615710,Toronto-6e52,-27,87,Normal
2026-02-08 03:30:38.615710,Toronto-6e52,-20,68,Normal
2026-02-08 03:30:39.615710,Toronto-6e52,-16,66,Normal
2026-02-08 03:30:40.615710,Toronto-6e52,24,99,Normal
2026-02-08 03:30:41.615710,Toronto-6e52,13,53,Normal
2026-02-08 03:30:42.615710,Toronto-6e52,8,92,Normal
2026-02-08 03:30:43.615710,Toronto-6e52,-13,74,Normal
2026-02-08 03:30:44.615710,Toronto-6e52,-7,26,Normal
2026-02-08 03:30:45.615710,Toronto-6e52,33,29,Normal
2026-02-08 03:30:46.615710,Toronto-6e52,44,69,Normal
2026-02-08 03:30:47.615710,Toronto-6e52,-18,32,Normal
2026-02-08 03:30:48.615710,Toronto-6e52,2,71,Normal
2026-02-08 03:30:49.615710,Toronto-6e52,23,19,Normal
2026-02-08 03:30:50.615710,Toronto-6e52,3,60,Normal
2026-02-08 03:30:51.615710,Toronto-6e52,29,62,Normal
2026-02-08 03:30:52.615710,Toronto-6e52,-19,23,Normal
2026-02-08 03:30:53.615710,Toronto-6e52,-18,96,Normal
2026-02-08 03:30:54.615710,Toronto-6e52,-6,51,Normal
2026-02-08 03:30:55.615710,Toronto-6e52,27,39,Normal
2026-02-08 03:30:56.615710,Toronto-6e52,-26,64,Normal
2026-02-08 03:30:57.615710,Toronto-6e52,10,1,Normal
2026-02-08 03:30:58.615710,Toronto-6e52,-1,90,Normal
2026-02-08 03:30:59.615710,Toronto-6e52,33,44,Normal
2026-02-08 03:31:00.615710,Toronto-6e52,1,34,Normal
2026-02-08 03:31:01.615710,Toronto-6e52,39,43,Normal
2026-02-08 03:31:02.615710,Toronto-6e52,0,25,Normal
2026-02-08 03:31:03.615710,Toronto-6e52,49,42,Normal
2026-02-08 03:31:04.615710,Toronto-6e52,1,66,Normal
2026-02-08 03:31:05.615710,Toronto-6e52,18,19,Normal
2026-02-08 03:31:06.615710,Toronto-6e52,0,31,Normal
2026-02-08 03:31:07.615710,Toronto-6e52,26,34,Normal
2026-02-08 03:31:08.615710,Toronto-6e52,-24,64,Normal
2026-02-08 03:31:09.615710,Toronto-6e52,24,41,Normal
2026-02-08 03:31:10.615710,Toronto-6e52,-27,37,Normal
2026-02-08 03:31:11.615710,Toronto-6e52,-7,31,Normal
2026-02-08 03:31:12.615710,Toronto-6e52,0,58,Normal
2026-02-08 03:31:13.615710,Toronto-6e52,47,77,Normal
2026-02-08 03:31:14.615710,Toronto-6e52,-7,56,Normal
2026-02-08 03:31:15.615710,Toronto-6e52,-19,60,Normal
2026-02-08 03:31:16.615710,Toronto-6e52,45,75,Normal
2026-02-08 03:31:17.615710,Toronto-6e52,-22,88,Normal
2026-02-08 03:31:18.615710,Toronto-6e52,-15,76,Normal
2026-02-08 03:31:19.615710,Toronto-6e52,32,95,Normal
2026-02-08 03:31:20.615710,Toronto-6e52,-1,38,Normal
2026-02-08 03:31:21.615710,Toronto-6e52,50,78,Normal
2026-02-08 03:31:22.615710,Toronto-6e52,49,37,Normal
2026-02-08 03:31:23.615710,Toronto-6e52,16,50,Normal
2026-02-08 03:31:24.615710,Toronto-6e52,14,28,Normal
2026-02-08 03:31:25.615710,Toronto-6e52,49,73,Normal
2026-02-08 03:31:26.615710,Toronto-6e52,19,38,Normal
2026-02-08 03:31:27.615710,Toronto-6e52,21,6,Normal
2026-02-08 03:31:28.615710,Toronto-6e52,-28,49,Normal
2026-02-08 03:31:29.615710,Toronto-6e52,15,11,Normal
2026-02-08 03:31:30.615710,Toronto-6e52,-1,99,Normal
2026-02-08 03:31:31.615710,Toronto-6e52,-18,5,Normal
2026-02-08 03:31:32.615710,Toronto-6e52,28,53,Normal
2026-02-08 03:31:33.615710,Toronto-6e52,12,62,Normal
2026-02-08 03:31:34.615710,Toronto-6e52,7,56,Normal
2026-02-08 03:31:35.615710,Toronto-6e52,38,98,Normal
2026-02-08 03:31:36.615710,Toronto-6e52,50,64,Normal
2026-02-08 03:31:37.615710,Toronto-6e52,28,18,Normal
2026-02-08 03:31:38.615710,Toronto-6e52,19,76,Normal
2026-02-08 03:31:39.615710,Toronto-6e52,39,84,Normal
2026-02-08 03:31:40.615710,Toronto-6e52,18,93,Normal
2026-02-08 03:31:41.615710,Toronto-6e52,35,41,Normal
2026-02-08 03:31:42.615710,Toronto-6e52,-25,17,Normal
2026-02-08 03:31:43.615710,Toronto-6e52,31,63,Normal
2026-02-08 03:31:44.615710,Toronto-6e52,4,93,Normal
2026-02-08 03:31:45.615710,Toronto-6e52,5,13,Normal
2026-02-08 03:31:46.615710,Toronto-6e52,22,4,Normal
2026-02-08 03:31:47.615710,Toronto-6e52,-27,43,Normal
2026-02-08 03:31:48.615710,Toronto-6e52,-3,47,Normal
2026-02-08 03:31:49.615710,Toronto-6e52,10,11,Normal
2026-02-08 03:31:50.615710,Toronto-6e52,-25,52,Normal
2026-02-08 03:31:51.615710,Toronto-6e52,14,61,Normal
2026-02-08 03:31:52.615710,Toronto-6e52,8,0,Normal
2026-02-08 03:31:53.615710,Toronto-6e52,-12,55,Normal
2026-02-08 03:31:54.615710,Toronto-6e52,-16,45,Normal
2026-02-08 03:31:55.615710,Toronto-6e52,16,35,Normal
2026-02-08 03:31:56.615710,Toronto-6e52,-2,71,Normal
2026-02-08 03:31:57.615710,Toronto-6e52,28,41,Normal
2026-02-08 03:31:58.615710,Toronto-6e52,31,71,Normal
2026-02-08 03:31:59.615710,Toronto-6e52,-9,55,Normal
2026-02-08 03:32:00.615710,Toronto-6e52,27,89,Normal
2026-02-08 03:32:01.615710,Toronto-6e52,-8,69,Normal
2026-02-08 03:32:02.615710,Toronto-6e52,20,51,Normal
2026-02-08 03:32:03.615710,Toronto-6e52,-14,35,Normal
2026-02-08 03:32:04.615710,Toronto-6e52,25,76,Normal
2026-02-08 03:32:05.615710,Toronto-6e52,-13,63,Normal
2026-02-08 03:32:06.615710,Toronto-6e52,12,87,Normal
2026-02-08 03:32:07.615710,Toronto-6e52,-3,35,Normal
2026-02-08 03:32:08.615710,Toronto-6e52,2,57,Normal
2026-02-08 03:32:09.615710,Toronto-6e52,37,41,Normal
2026-02-08 03:32:10.615710,Toronto-6e52,-3,56,Normal
2026-02-08 03:32:11.615710,Toronto-6e52,8,84,Normal
2026-02-08 03:32:12.615710,Toronto-6e52,40,59,Normal
2026-02-08 03:32:13.615710,Toronto-6e52,25,90,Normal
2026-02-08 03:32:14.615710,Toronto-6e52,-16,64,Normal
2026-02-08 03:32:15.615710,Toronto-6e52,-18,91,Normal
2026-02-08 03:32:16.615710,Toronto-6e52,-26,57,Normal
2026-02-08 03:32:17.615710,Toronto-6e52,-13,55,Normal
2026-02-08 03:32:18.615710,Toronto-6e52,-25,15,Normal
2026-02-08 03:32:19.615710,Toronto-6e52,48,89,Normal
2026-02-08 03:32:20.615710,Toronto-6e52,-6,1,Normal
2026-02-08 03:32:21.615710,Toronto-6e52,-21,30,Normal
2026-02-08 03:32:22.615710,Toronto-6e52,41,87,Normal
2026-02-08 03:32:23.615710,Toronto-6e52,-23,42,Normal
2026-02-08 03:32:24.615710,Toronto-6e52,8,46,Normal
2026-02-08 03:32:25.615710,Toronto-6e52,-12,28,Normal
2026-02-08 03:32:26.615710,Toronto-6e52,35,77,Normal
2026-02-08 03:32:27.615710,Toronto-6e52,3,4,Normal
2026-02-08 03:32:28.615710,Toronto-6e52,50,0,Normal
2026-02-08 03:32:29.615710,Toronto-6e52,-20,57,Normal
2026-02-08 03:32:30.615710,Toronto-6e52,32,3,Normal
2026-02-08 03:32:31.615710,Toronto-6e52,37,50,Normal
2026-02-08 03:32:32.615710,Toronto-6e52,-10,87,Normal
2026-02-08 03:32:33.615710,Toronto-6e52,0,50,Normal
2026-02-08 03:32:34.615710,Toronto-6e52,-12,52,Normal
2026-02-08 03:32:35.615710,Toronto-6e52,37,14,Normal
2026-02-08 03:32:36.615710,Toronto-6e52,17,76,Normal
2026-02-08 03:32:37.615710,Toronto-6e52,13,52,Normal
2026-02-08 03:32:38.615710,Toronto-6e52,-7,60,Normal
2026-02-08 03:32:39.615710,Toronto-6e52,12,0,Normal
2026-02-08 03:32:40.615710,Toronto-6e52,15,66,Normal
2026-02-08 03:32:41.615710,Toronto-6e52,1,89,Normal
2026-02-08 03:32:42.615710,Toronto-6e52,-16,74,Normal
2026-02-08 03:32:43.615710,Toronto-6e52,2,60,Normal
2026-02-08 03:32:44.615710,Toronto-6e52,29,35,Normal
2026-02-08 03:32:45.615710,Toronto-6e52,35,93,Normal
2026-02-08 03:32:46.615710,Toronto-6e52,-21,75,Normal
2026-02-08 03:32:47.615710,Toronto-6e52,40,85,Normal
2026-02-08 03:32:48.615710,Toronto-6e52,31,91,Normal
2026-02-08 03:32:49.615710,Toronto-6e52,36,59,Normal
2026-02-08 03:32:50.615710,Toronto-6e52,-14,97,Normal
2026-02-08 03:32:51.615710,Toronto-6e52,44,100,Normal
2026-02-08 03:32:52.615710,Toronto-6e52,33,73,Normal
2026-02-08 03:32:53.615710,Toronto-6e52,8,22,Normal
2026-02-08 03:32:54.615710,Toronto-6e52,-12,65,Normal
2026-02-08 03:32:55.615710,Toronto-6e52,11,40,Normal
2026-02-08 03:32:56.615710,Toronto-6e52,43,2,Normal
2026-02-08 03:32:57.615710,Toronto-6e52,19,57,Normal
2026-02-08 03:32:58.615710,Toronto-6e52,-23,88,Normal
2026-02-08 03:32:59.615710,Toronto-6e52,16,30,Normal
2026-02-08 03:33:00.615710,Toronto-6e52,10,42,Normal
2026-02-08 03:33:01.615710,Toronto-6e52,6,14,Normal
2026-02-08 03:33:02.615710,Toronto-6e52,-15,99,Normal
2026-02-08 03:33:03.615710,Toronto-6e52,-10,39,Normal
2026-02-08 03:33:04.615710,Toronto-6e52,5,81,Normal
2026-02-08 03:33:05.615710,Toronto-6e52,-14,25,Normal
2026-02-08 03:33:06.615710,Toronto-6e52,8,94,Normal
2026-02-08 03:33:07.615710,Toronto-6e52,14,45,Normal
2026-02-08 03:33:08.615710,Toronto-6e52,-1,13,Normal
2026-02-08 03:33:09.615710,Toronto-6e52,16,0,Normal
2026-02-08 03:33:10.615710,Toronto-6e52,6,20,Normal
2026-02-08 03:33:11.615710,Toronto-6e52,-3,64,Normal
2026-02-08 03:33:12.615710,Toronto-6e52,-27,64,Normal
2026-02-08 03:33:13.615710,Toronto-6e52,17,9,Normal
2026-02-08 03:33:14.615710,Toronto-6e52,50,38,Normal
2026-02-08 03:33:15.615710,Toronto-6e52,13,84,Normal
2026-02-08 03:33:16.615710,Toronto-6e52,-17,100,Normal
2026-02-08 03:33:17.615710,Toronto-6e52,26,92,Normal
2026-02-08 03:33:18.615710,Toronto-6e52,36,4,Normal
2026-02-08 03:33:19.615710,Toronto-6e52,9,58,Normal
2026-02-08 03:33:20.615710,Toronto-6e52,-26,58,Normal
2026-02-08 03:33:21.615710,Toronto-6e52,24,14,Normal
2026-02-08 03:33:22.615710,Toronto-6e52,4,73,Normal
2026-02-08 03:33:23.615710,Toronto-6e52,2,18,Normal
2026-02-08 03:33:24.615710,Toronto-6e52,-23,94,Normal
2026-02-08 03:33:25.615710,Toronto-6e52,21,87,Normal
2026-02-08 03:33:26.615710,Toronto-6e52,18,39,Normal
2026-02-08 03:33:27.615710,Toronto-6e52,-29,27,Normal
2026-02-08 03:33:28.615710,Toronto-6e52,29,65,Normal
2026-02-08 03:33:29.615710,Toronto-6e52,37,0,Normal
2026-02-08 03:33:30.615710,Toronto-6e52,7,53,Normal
2026-02-08 03:33:31.615710,Toronto-6e52,-30,75,Normal
2026-02-08 03:33:32.615710,Toronto-6e52,25,95,Normal
2026-02-08 03:33:33.615710,Toronto-6e52,48,5,Normal
2026-02-08 03:33:34.615710,Toronto-6e52,32,42,Normal
2026-02-08 03:33:35.615710,Toronto-6e52,43,52,Normal
2026-02-08 03:33:36.615710,Toronto-6e52,47,76,Normal
2026-02-08 03:33:37.615710,Toronto-6e52,16,44,Normal
2026-02-08 03:33:38.615710,Toronto-6e52,-18,55,Normal
2026-02-08 03:33:39.615710,Toronto-6e52,31,13,Normal
2026-02-08 03:33:40.615710,Toronto-6e52,-24,44,Normal
2026-02-08 03:33:41.615710,Toronto-6e52,25,63,Normal
2026-02-08 03:33:42.615710,Toronto-6e52,35,28,Normal
2026-02-08 03:33:43.615710,Toronto-6e52,8,74,Normal
2026-02-08 03:33:44.615710,Toronto-6e52,-30,9,Normal
2026-02-08 03:33:45.615710,Toronto-6e52,15,9,Normal
2026-02-08 03:33:46.615710,Toronto-6e52,9,28,Normal
2026-02-08 03:33:47.615710,Toronto-6e52,-8,22,Normal
2026-02-08 03:33:48.615710,Toronto-6e52,-27,57,Normal
2026-02-08 03:33:49.615710,Toronto-6e52,5,99,Normal
2026-02-08 03:33:50.615710,Toronto-6e52,14,69,Normal
2026-02-08 03:33:51.615710,Toronto-6e52,9,88,Normal
2026-02-08 03:33:52.615710,Toronto-6e52,45,91,Normal
2026-02-08 03:33:53.615710,Toronto-6e52,-19,90,Normal
2026-02-08 03:33:54.615710,Toronto-6e52,27,61,Normal
2026-02-08 03:33:55.615710,Toronto-6e52,37,44,Normal
2026-02-08 03:33:56.615710,Toronto-6e52,-18,50,Normal
2026-02-08 03:33:57.615710,Toronto-6e52,9,91,Normal
2026-02-08 03:33:58.615710,Toronto-6e52,36,21,Normal
2026-02-08 03:33:59.615710,Toronto-6e52,23,10,Normal
2026-02-08 03:34:00.615710,Toronto-6e52,0,64,Normal
2026-02-08 03:34:01.615710,Toronto-6e52,-14,10,Normal
2026-02-08 03:34:02.615710,Toronto-6e52,41,79,Normal
2026-02-08 03:34:03.615710,Toronto-6e52,-16,4,Normal
2026-02-08 03:34:04.615710,Toronto-6e52,27,64,Normal
2026-02-08 03:34:05.615710,Toronto-6e52,-13,44,Normal
2026-02-08 03:34:06.615710,Toronto-6e52,29,40,Normal
2026-02-08 03:34:07.615710,Toronto-6e52,2,96,Normal
2026-02-08 03:34:08.615710,Toronto-6e52,-14,67,Normal
2026-02-08 03:34:09.615710,Toronto-6e52,26,63,Normal
2026-02-08 03:34:10.615710,Toronto-6e52,13,44,Normal
2026-02-08 03:34:11.615710,Toronto-6e52,34,5,Normal
2026-02-08 03:34:12.615710,Toronto-6e52,46,92,Normal
2026-02-08 03:34:13.615710,Toronto-6e52,3,57,Normal
2026-02-08 03:34:14.615710,Toronto-6e52,4,80,Normal
2026-02-08 03:34:15.615710,Toronto-6e52,5,5,Normal
2026-02-08 03:34:16.615710,Toronto-6e52,37,0,Normal
2026-02-08 03:34:17.615710,Toronto-6e52,8,32,Normal
2026-02-08 03:34:18.615710,Toronto-6e52,1,42,Normal
2026-02-08 03:34:19.615710,Toronto-6e52,1,32,Normal
2026-02-08 03:34:20.615710,Toronto-6e52,17,58,Normal
2026-02-08 03:34:21.615710,Toronto-6e52,10,64,Normal
2026-02-08 03:34:22.615710,Toronto-6e52,29,48,Normal
2026-02-08 03:34:23.615710,Toronto-6e52,-16,14,Normal
2026-02-08 03:34:24.615710,Toronto-6e52,4,54,Normal
2026-02-08 03:34:25.615710,Toronto-6e52,5,13,Normal
2026-02-08 03:34:26.615710,Toronto-6e52,-30,96,Normal
2026-02-08 03:34:27.615710,Toronto-6e52,36,53,Normal
2026-02-08 03:34:28.615710,Toronto-6e52,-6,50,Normal
2026-02-08 03:34:29.615710,Toronto-6e52,-1,80,Normal
2026-02-08 03:34:30.615710,Toronto-6e52,-15,19,Normal
2026-02-08 03:34:31.615710,Toronto-6e52,-27,42,Normal
2026-02-08 03:34:32.615710,Toronto-6e52,13,15,Normal
2026-02-08 03:34:33.615710,Toronto-6e52,43,39,Normal
2026-02-08 03:34:34.615710,Toronto-6e52,45,58,Normal
2026-02-08 03:34:35.615710,Toronto-6e52,17,91,Normal
2026-02-08 03:34:36.615710,Toronto-6e52,16,59,Normal
2026-02-08 03:34:37.615710,Toronto-6e52,4,24,Normal
2026-02-08 03:34:38.615710,Toronto-6e52,-7,75,Normal
2026-02-08 03:34:39.615710,Toronto-6e52,-2,38,Normal
2026-02-08 03:34:40.615710,Toronto-6e52,-16,43,Normal
2026-02-08 03:34:41.615710,Toronto-6e52,-13,56,Normal
2026-02-08 03:34:42.615710,Toronto-6e52,35,57,Normal
2026-02-08 03:34:43.615710,Toronto-6e52,-2,88,Normal
2026-02-08 03:34:44.615710,Toronto-6e52,-22,98,Normal
2026-02-08 03:34:45.615710,Toronto-6e52,23,33,Normal
2026-02-08 03:34:46.615710,Toronto-6e52,31,34,Normal
2026-02-08 03:34:47.615710,Toronto-6e52,-7,90,Normal
2026-02-08 03:34:48.615710,Toronto-6e52,-22,90,Normal
2026-02-08 03:34:49.615710,Toronto-6e52,35,79,Normal
2026-02-08 03:34:50.615710,Toronto-6e52,-5,77,Normal
2026-02-08 03:34:51.615710,Toronto-6e52,45,33,Normal
2026-02-08 03:34:52.615710,Toronto-6e52,10,11,Normal
2026-02-08 03:34:53.615710,Toronto-6e52,-25,16,Normal
2026-02-08 03:34:54.615710,Toronto-6e52,-27,89,Normal
2026-02-08 03:34:55.615710,Toronto-6e52,5,2,Normal
2026-02-08 03:34:56.615710,Toronto-6e52,34,58,Normal
2026-02-08 03:34:57.615710,Toronto-6e52,31,82,Normal
2026-02-08 03:34:58.615710,Toronto-6e52,-25,29,Normal
2026-02-08 03:34:59.615710,Toronto-6e52,44,85,Normal
2026-02-08 03:35:00.615710,Toronto-6e52,11,92,Normal
2026-02-08 03:35:01.615710,Toronto-6e52,1,63,Normal
2026-02-08 03:35:02.615710,Toronto-6e52,20,3,Normal
2026-02-08 03:35:03.615710,Toronto-6e52,47,3,Normal
2026-02-08 03:35:04.615710,Toronto-6e52,20,84,Normal
2026-02-08 03:35:05.615710,Toronto-6e52,26,59,Normal
2026-02-08 03:35:06.615710,Toronto-6e52,3,30,Normal
2026-02-08 03:35:07.615710,Toronto-6e52,31,75,Normal
2026-02-08 03:35:08.615710,Toronto-6e52,19,54,Normal
2026-02-08 03:35:09.615710,Toronto-6e52,9,65,Normal
2026-02-08 03:35:10.615710,Toronto-6e52,10,23,Normal
2026-02-08 03:35:11.615710,Toronto-6e52,42,31,Normal
2026-02-08 03:35:12.615710,Toronto-6e52,-19,37,Normal
2026-02-08 03:35:13.615710,Toronto-6e52,22,58,Normal
2026-02-08 03:35:14.615710,Toronto-6e52,-11,36,Normal
2026-02-08 03:35:15.615710,Toronto-6e52,-17,85,Normal
2026-02-08 03:35:16.615710,Toronto-6e52,-30,31,Normal
2026-02-08 03:35:17.615710,Toronto-6e52,-9,10,Normal
2026-02-08 03:35:18.615710,Toronto-6e52,-19,70,Normal
2026-02-08 03:35:19.615710,Toronto-6e52,-5,79,Normal
2026-02-08 03:35:20.615710,Toronto-6e52,13,70,Normal
2026-02-08 03:35:21.615710,Toronto-6e52,-24,96,Normal
2026-02-08 03:35:22.615710,Toronto-6e52,45,39,Normal
2026-02-08 03:35:23.615710,Toronto-6e52,-8,62,Normal
2026-02-08 03:35:24.615710,Toronto-6e52,2,9,Normal
2026-02-08 03:35:25.615710,Toronto-6e52,2,94,Normal
2026-02-08 03:35:26.615710,Toronto-6e52,7,29,Normal
2026-02-08 03:35:27.615710,Toronto-6e52,17,51,Normal
2026-02-08 03:35:28.615710,Toronto-6e52,40,67,Normal
2026-02-08 03:35:29.615710,Toronto-6e52,25,19,Normal
2026-02-08 03:35:30.615710,Toronto-6e52,-23,32,Normal
2026-02-08 03:35:31.615710,Toronto-6e52,6,53,Normal
2026-02-08 03:35:32.615710,Toronto-6e52,33,96,Normal
2026-02-08 03:35:33.615710,Toronto-6e52,-4,93,Normal
2026-02-08 03:35:34.615710,Toronto-6e52,35,48,Normal
2026-02-08 03:35:35.615710,Toronto-6e52,11,29,Normal
2026-02-08 03:35:36.615710,Toronto-6e52,-17,70,Normal
2026-02-08 03:35:37.615710,Toronto-6e52,42,82,Normal
2026-02-08 03:35:38.615710,Toronto-6e52,11,93,Normal
2026-02-08 03:35:39.615710,Toronto-6e52,4,11,Normal
2026-02-08 03:35:40.615710,Toronto-6e52,-19,78,Normal
2026-02-08 03:35:41.615710,Toronto-6e52,-7,37,Normal
2026-02-08 03:35:42.615710,Toronto-6e52,-20,11,Normal
2026-02-08 03:35:43.615710,Toronto-6e52,18,31,Normal
2026-02-08 03:35:44.615710,Toronto-6e52,15,72,Normal
2026-02-08 03:35:45.615710,Toronto-6e52,44,19,Normal
2026-02-08 03:35:46.615710,Toronto-6e52,19,84,Normal
2026-02-08 03:35:47.615710,Toronto-6e52,46,63,Normal
2026-02-08 03:35:48.615710,Toronto-6e52,10,43,Normal
2026-02-08 03:35:49.615710,Toronto-6e52,-3,86,Normal
2026-02-08 03:35:50.615710,Toronto-6e52,44,0,Normal
2026-02-08 03:35:51.615710,Toronto-6e52,22,25,Normal
2026-02-08 03:35:52.615710,Toronto-6e52,47,39,Normal
2026-02-08 03:35:53.615710,Toronto-6e52,-4,75,Normal
2026-02-08 03:35:54.615710,Toronto-6e52,-13,60,Normal
2026-02-08 03:35:55.615710,Toronto-6e52,39,84,Normal
2026-02-08 03:35:56.615710,Toronto-6e52,-15,28,Normal
2026-02-08 03:35:57.615710,Toronto-6e52,46,66,Normal
2026-02-08 03:35:58.615710,Toronto-6e52,-29,90,Normal
2026-02-08 03:35:59.615710,Toronto-6e52,15,73,Normal
2026-02-08 03:36:00.615710,Toronto-6e52,-28,97,Normal
2026-02-08 03:36:01.615710,Toronto-6e52,-16,9,Normal
2026-02-08 03:36:02.615710,Toronto-6e52,2,49,Normal
2026-02-08 03:36:03.615710,Toronto-6e52,-27,42,Normal
2026-02-08 03:36:04.615710,Toronto-6e52,-6,57,Normal
2026-02-08 03:36:05.615710,Toronto-6e52,37,9,Normal
2026-02-08 03:36:06.615710,Toronto-6e52,6,1,Normal
2026-02-08 03:36:07.615710,Toronto-6e52,-11,26,Normal
2026-02-08 03:36:08.615710,Toronto-6e52,6,67,Normal
2026-02-08 03:36:09.615710,Toronto-6e52,50,30,Normal
2026-02-08 03:36:10.615710,Toronto-6e52,29,87,Normal
2026-02-08 03:36:11.615710,Toronto-6e52,-25,1,Normal
2026-02-08 03:36:12.615710,Toronto-6e52,25,23,Normal
2026-02-08 03:36:13.615710,Toronto-6e52,-9,88,Normal
2026-02-08 03:36:14.615710,Toronto-6e52,29,84,Normal
2026-02-08 03:36:15.615710,Toronto-6e52,6,20,Normal
2026-02-08 03:36:16.615710,Toronto-6e52,-22,87,Normal
2026-02-08 03:36:17.615710,Toronto-6e52,20,85,Normal
2026-02-08 03:36:18.615710,Toronto-6e52,37,54,Normal
2026-02-08 03:36:19.615710,Toronto-6e52,13,43,Normal
2026-02-08 03:36:20.615710,Toronto-6e52,14,3,Normal
2026-02-08 03:36:21.615710,Toronto-6e52,-25,91,Normal
2026-02-08 03:36:22.615710,Toronto-6e52,30,47,Normal
2026-02-08 03:36:23.615710,Toronto-6e52,-18,9,Normal
2026-02-08 03:36:24.615710,Toronto-6e52,-7,40,Normal
2026-02-08 03:36:25.615710,Toronto-6e52,39,2,Normal
2026-02-08 03:36:26.615710,Toronto-6e52,36,27,Normal
2026-02-08 03:36:27.615710,Toronto-6e52,-26,53,Normal
2026-02-08 03:36:28.615710,Toronto-6e52,49,91,Normal
2026-02-08 03:36:29.615710,Toronto-6e52,-1,6,Normal
2026-02-08 03:36:30.615710,Toronto-6e52,43,51,Normal
2026-02-08 03:36:31.615710,Toronto-6e52,-17,15,Normal
2026-02-08 03:36:32.615710,Toronto-6e52,34,8,Normal
2026-02-08 03:36:33.615710,Toronto-6e52,22,6,Normal
2026-02-08 03:36:34.615710,Toronto-6e52,7,33,Normal
2026-02-08 03:36:35.615710,Toronto-6e52,-24,49,Normal
2026-02-08 03:36:36.615710,Toronto-6e52,-4,20,Normal
2026-02-08 03:36:37.615710,Toronto-6e52,-30,70,Normal
2026-02-08 03:36:38.615710,Toronto-6e52,-2,81,Normal
2026-02-08 03:36:39.615710,Toronto-6e52,41,67,Normal
2026-02-08 03:36:40.615710,Toronto-6e52,18,78,Normal
2026-02-08 03:36:41.615710,Toronto-6e52,9,22,Normal
2026-02-08 03:36:42.615710,Toronto-6e52,8,18,Normal
2026-02-08 03:36:43.615710,Toronto-6e52,-17,89,Normal
2026-02-08 03:36:44.615710,Toronto-6e52,12,77,Normal
2026-02-08 03:36:45.615710,Toronto-6e52,4,27,Normal
2026-02-08 03:36:46.615710,Toronto-6e52,-3,37,Normal
2026-02-08 03:36:47.615710,Toronto-6e52,36,85,Normal
2026-02-08 03:36:48.615710,Toronto-6e52,47,100,Normal
2026-02-08 03:36:49.615710,Toronto-6e52,-25,76,Normal
2026-02-08 03:36:50.615710,Toronto-6e52,18,11,Normal
2026-02-08 03:36:51.615710,Toronto-6e52,-15,33,Normal
2026-02-08 03:36:52.615710,Toronto-6e52,20,4,Normal
2026-02-08 03:36:53.615710,Toronto-6e52,-15,81,Normal
2026-02-08 03:36:54.615710,Toronto-6e52,24,31,Normal
2026-02-08 03:36:55.615710,Toronto-6e52,22,53,Normal
2026-02-08 03:36:56.615710,Toronto-6e52,15,8,Normal
2026-02-08 03:36:57.615710,Toronto-6e52,39,32,Normal
2026-02-08 03:36:58.615710,Toronto-6e52,-28,13,Normal
2026-02-08 03:36:59.615710,Toronto-6e52,-11,10,Normal
2026-02-08 03:37:00.615710,Toronto-6e52,25,39,Normal
2026-02-08 03:37:01.615710,Toronto-6e52,11,15,Normal
2026-02-08 03:37:02.615710,Toronto-6e52,22,67,Normal
2026-02-08 03:37:03.615710,Toronto-6e52,45,51,Normal
2026-02-08 03:37:04.615710,Toronto-6e52,49,63,Normal
2026-02-08 03:37:05.615710,Toronto-6e52,45,34,Normal
2026-02-08 03:37:06.615710,Toronto-6e52,-16,32,Normal
2026-02-08 03:37:07.615710,Toronto-6e52,-21,16,Normal
2026-02-08 03:37:08.615710,Toronto-6e52,-25,46,Normal
2026-02-08 03:37:09.615710,Toronto-6e52,38,50,Normal
2026-02-08 03:37:10.615710,Toronto-6e52,3,10,Normal
2026-02-08 03:37:11.615710,Toronto-6e52,-12,84,Normal
2026-02-08 03:37:12.615710,Toronto-6e52,-10,99,Normal
2026-02-08 03:37:13.615710,Toronto-6e52,-24,8,Normal
2026-02-08 03:37:14.615710,Toronto-6e52,-4,33,Normal
2026-02-08 03:37:15.615710,Toronto-6e52,-26,41,Normal
2026-02-08 03:37:16.615710,Toronto-6e52,-29,98,Normal
2026-02-08 03:37:17.615710,Toronto-6e52,32,15,Normal
2026-02-08 03:37:18.615710,Toronto-6e52,-9,90,Normal
2026-02-08 03:37:19.615710,Toronto-6e52,0,27,Normal
2026-02-08 03:37:20.615710,Toronto-6e52,38,59,Normal
2026-02-08 03:37:21.615710,Toronto-6e52,15,2,Normal
2026-02-08 03:37:22.615710,Toronto-6e52,14,2,Normal
2026-02-08 03:37:23.615710,Toronto-6e52,25,97,Normal
2026-02-08 03:37:24.615710,Toronto-6e52,-14,84,Normal
2026-02-08 03:37:25.615710,Toronto-6e52,48,53,Normal
2026-02-08 03:37:26.615710,Toronto-6e52,-28,25,Normal
2026-02-08 03:37:27.615710,Toronto-6e52,26,24,Normal
2026-02-08 03:37:28.615710,Toronto-6e52,40,67,Normal
2026-02-08 03:37:29.615710,Toronto-6e52,19,36,Normal
2026-02-08 03:37:30.615710,Toronto-6e52,34,99,Normal
2026-02-08 03:37:31.615710,Toronto-6e52,-6,39,Normal
2026-02-08 03:37:32.615710,Toronto-6e52,27,92,Normal
2026-02-08 03:37:33.615710,Toronto-6e52,3,39,Normal
2026-02-08 03:37:34.615710,Toronto-6e52,-26,63,Normal
2026-02-08 03:37:35.615710,Toronto-6e52,-19,30,Normal
2026-02-08 03:37:36.615710,Toronto-6e52,-19,92,Normal
2026-02-08 03:37:37.615710,Toronto-6e52,24,56,Normal
2026-02-08 03:37:38.615710,Toronto-6e52,46,72,Normal
2026-02-08 03:37:39.615710,Toronto-6e52,19,89,Normal
2026-02-08 03:37:40.615710,Toronto-6e52,-29,96,Normal
2026-02-08 03:37:41.615710,Toronto-6e52,47,81,Normal
2026-02-08 03:37:42.615710,Toronto-6e52,-1,97,Normal
2026-02-08 03:37:43.615710,Toronto-6e52,38,36,Normal
2026-02-08 03:37:44.615710,Toronto-6e52,2,99,Normal
2026-02-08 03:37:45.615710,Toronto-6e52,4,35,Normal
2026-02-08 03:37:46.615710,Toronto-6e52,37,5,Normal
2026-02-08 03:37:47.615710,Toronto-6e52,-30,91,Normal
2026-02-08 03:37:48.615710,Toronto-6e52,32,48,Normal
2026-02-08 03:37:49.615710,Toronto-6e52,-2,9,Normal
2026-02-08 03:37:50.615710,Toronto-6e52,23,76,Normal
2026-02-08 03:37:51.615710,Toronto-6e52,38,52,Normal
2026-02-08 03:37:52.615710,Toronto-6e52,4,93,Normal
2026-02-08 03:37:53.615710,Toronto-6e52,40,25,Normal
2026-02-08 03:37:54.615710,Toronto-6e52,21,97,Normal
2026-02-08 03:37:55.615710,Toronto-6e52,13,12,Normal
2026-02-08 03:37:56.615710,Toronto-6e52,-24,31,Normal
2026-02-08 03:37:57.615710,Toronto-6e52,41,72,Normal
2026-02-08 03:37:58.615710,Toronto-6e52,14,24,Normal
2026-02-08 03:37:59.615710,Toronto-6e52,8,60,Normal
2026-02-08 03:38:00.615710,Toronto-6e52,16,17,Normal
2026-02-08 03:38:01.615710,Toronto-6e52,-27,5,Normal
2026-02-08 03:38:02.615710,Toronto-6e52,-21,85,Normal
2026-02-08 03:38:03.615710,Toronto-6e52,0,16,Normal
2026-02-08 03:38:04.615710,Toronto-6e52,-22,92,Normal
2026-02-08 03:38:05.615710,Toronto-6e52,-22,31,Normal
2026-02-08 03:38:06.615710,Toronto-6e52,33,100,Normal
2026-02-08 03:38:07.615710,Toronto-6e52,22,67,Normal
2026-02-08 03:38:08.615710,Toronto-6e52,5,51,Normal
2026-02-08 03:38:09.615710,Toronto-6e52,9,48,Normal
2026-02-08 03:38:10.615710,Toronto-6e52,-12,27,Normal
2026-02-08 03:38:11.615710,Toronto-6e52,47,88,Normal
2026-02-08 03:38:12.615710,Toronto-6e52,-23,79,Normal
2026-02-08 03:38:13.615710,Toronto-6e52,49,49,Normal
2026-02-08 03:38:14.615710,Toronto-6e52,13,44,Normal
2026-02-08 03:38:15.615710,Toronto-6e52,28,99,Normal
2026-02-08 03:38:16.615710,Toronto-6e52,30,75,Normal
2026-02-08 03:38:17.615710,Toronto-6e52,-18,58,Normal
2026-02-08 03:38:18.615710,Toronto-6e52,-20,93,Normal
2026-02-08 03:38:19.615710,Toronto-6e52,-18,20,Normal
2026-02-08 03:38:20.615710,Toronto-6e52,37,81,Normal
2026-02-08 03:38:21.615710,Toronto-6e52,34,16,Normal
2026-02-08 03:38:22.615710,Toronto-6e52,2,34,Normal
2026-02-08 03:38:23.615710,Toronto-6e52,33,1,Normal
2026-02-08 03:38:24.615710,Toronto-6e52,-6,99,Normal
2026-02-08 03:38:25.615710,Toronto-6e52,3,81,Normal
2026-02-08 03:38:26.615710,Toronto-6e52,-17,93,Normal
2026-02-08 03:38:27.615710,Toronto-6e52,-14,23,Normal
2026-02-08 03:38:28.615710,Toronto-6e52,16,64,Normal
2026-02-08 03:38:29.615710,Toronto-6e52,-24,26,Normal
2026-02-08 03:38:30.615710,Toronto-6e52,-3,60,Normal
2026-02-08 03:38:31.615710,Toronto-6e52,13,87,Normal
2026-02-08 03:38:32.615710,Toronto-6e52,10,39,Normal
2026-02-08 03:38:33.615710,Toronto-6e52,-30,73,Normal
2026-02-08 03:38:34.615710,Toronto-6e52,45,81,Normal
2026-02-08 03:38:35.615710,Toronto-6e52,27,69,Normal
2026-02-08 03:38:36.615710,Toronto-6e52,25,86,Normal
2026-02-08 03:38:37.615710,Toronto-6e52,-3,19,Normal
2026-02-08 03:38:38.615710,Toronto-6e52,27,55,Normal
2026-02-08 03:38:39.615710,Toronto-6e52,-12,71,Normal
2026-02-08 03:38:40.615710,Toronto-6e52,13,0,Normal
2026-02-08 03:38:41.615710,Toronto-6e52,-5,100,Normal
2026-02-08 03:38:42.615710,Toronto-6e52,24,73,Normal
2026-02-08 03:38:43.615710,Toronto-6e52,24,83,Normal
2026-02-08 03:38:44.615710,Toronto-6e52,-21,89,Normal
2026-02-08 03:38:45.615710,Toronto-6e52,43,87,Normal
2026-02-08 03:38:46.615710,Toronto-6e52,-11,7,Normal
2026-02-08 03:38:47.615710,Toronto-6e52,-23,92,Normal
2026-02-08 03:38:48.615710,Toronto-6e52,-25,34,Normal
2026-02-08 03:38:49.615710,Toronto-6e52,20,84,Normal
2026-02-08 03:38:50.615710,Toronto-6e52,5,89,Normal
2026-02-08 03:38:51.615710,Toronto-6e52,46,76,Normal
2026-02-08 03:38:52.615710,Toronto-6e52,-16,84,Normal
2026-02-08 03:38:53.615710,Toronto-6e52,41,89,Normal
2026-02-08 03:38:54.615710,Toronto-6e52,1,25,Normal
2026-02-08 03:38:55.615710,Toronto-6e52,28,76,Normal
2026-02-08 03:38:56.615710,Toronto-6e52,16,43,Normal
2026-02-08 03:38:57.615710,Toronto-6e52,43,12,Normal
2026-02-08 03:38:58.615710,Toronto-6e52,-14,72,Normal
2026-02-08 03:38:59.615710,Toronto-6e52,24,97,Normal
2026-02-08 03:39:00.615710,Toronto-6e52,-21,27,Normal
2026-02-08 03:39:01.615710,Toronto-6e52,-12,33,Normal
2026-02-08 03:39:02.615710,Toronto-6e52,10,96,Normal
2026-02-08 03:39:03.615710,Toronto-6e52,29,58,Normal
2026-02-08 03:39:04.615710,Toronto-6e52,16,78,Normal
2026-02-08 03:39:05.615710,Toronto-6e52,23,21,Normal
2026-02-08 03:39:06.615710,Toronto-6e52,-1,1,Normal
2026-02-08 03:39:07.615710,Toronto-6e52,46,33,Normal
2026-02-08 03:39:08.615710,Toronto-6e52,18,3,Normal
2026-02-08 03:39:09.615710,Toronto-6e52,27,92,Normal
2026-02-08 03:39:10.615710,Toronto-6e52,21,95,Normal
2026-02-08 03:39:11.615710,Toronto-6e52,-10,68,Normal
2026-02-08 03:39:12.615710,Toronto-6e52,18,85,Normal
2026-02-08 03:39:13.615710,Toronto-6e52,49,54,Normal
2026-02-08 03:39:14.615710,Toronto-6e52,39,67,Normal
2026-02-08 03:39:15.615710,Toronto-6e52,4,53,Normal
2026-02-08 03:39:16.615710,Toronto-6e52,7,71,Normal
2026-02-08 03:39:17.615710,Toronto-6e52,10,42,Normal
2026-02-08 03:39:18.615710,Toronto-6e52,21,19,Normal
2026-02-08 03:39:19.615710,Toronto-6e52,46,72,Normal
2026-02-08 03:39:20.615710,Toronto-6e52,-17,1,Normal
2026-02-08 03:39:21.615710,Toronto-6e52,-28,50,Normal
2026-02-08 03:39:22.615710,Toronto-6e52,-12,44,Normal
2026-02-08 03:39:23.615710,Toronto-6e52,37,30,Normal
2026-02-08 03:39:24.615710,Toronto-6e52,-16,57,Normal
2026-02-08 03:39:25.615710,Toronto-6e52,3,67,Normal
2026-02-08 03:39:26.615710,Toronto-6e52,-28,86,Normal
2026-02-08 03:39:27.615710,Toronto-6e52,-11,91,Normal
2026-02-08 03:39:28.615710,Toronto-6e52,27,80,Normal
2026-02-08 03:39:29.615710,Toronto-6e52,-26,60,Normal
2026-02-08 03:39:30.615710,Toronto-6e52,5,57,Normal
2026-02-08 03:39:31.615710,Toronto-6e52,26,3,Normal
2026-02-08 03:39:32.615710,Toronto-6e52,17,58,Normal
2026-02-08 03:39:33.615710,Toronto-6e52,8,12,Normal
2026-02-08 03:39:34.615710,Toronto-6e52,2,91,Normal
2026-02-08 03:39:35.615710,Toronto-6e52,44,25,Normal
2026-02-08 03:39:36.615710,Toronto-6e52,-19,2,Normal
2026-02-08 03:39:37.615710,Toronto-6e52,15,0,Normal
2026-02-08 03:39:38.615710,Toronto-6e52,49,22,Normal
2026-02-08 03:39:39.615710,Toronto-6e52,-11,54,Normal
2026-02-08 03:39:40.615710,Toronto-6e52,11,40,Normal
2026-02-08 03:39:41.615710,Toronto-6e52,-9,93,Normal
2026-02-08 03:39:42.615710,Toronto-6e52,30,96,Normal
2026-02-08 03:39:43.615710,Toronto-6e52,18,27,Normal
2026-02-08 03:39:44.615710,Toronto-6e52,26,86,Normal
2026-02-08 03:39:45.615710,Toronto-6e52,44,79,Normal
2026-02-08 03:39:46.615710,Toronto-6e52,18,61,Normal
2026-02-08 03:39:47.615710,Toronto-6e52,33,74,Normal
2026-02-08 03:39:48.615710,Toronto-6e52,29,52,Normal
2026-02-08 03:39:49.615710,Toronto-6e52,29,57,Normal
2026-02-08 03:39:50.615710,Toronto-6e52,-13,54,Normal
2026-02-08 03:39:51.615710,Toronto-6e52,29,92,Normal
2026-02-08 03:39:52.615710,Toronto-6e52,49,26,Normal
2026-02-08 03:39:53.615710,Toronto-6e52,-10,55,Normal
2026-02-08 03:39:54.615710,Toronto-6e52,-10,55,Normal
2026-02-08 03:39:55.615710,Toronto-6e52,25,35,Normal
2026-02-08 03:39:56.615710,Toronto-6e52,9,6,Normal
2026-02-08 03:39:57.615710,Toronto-6e52,-20,6,Normal
2026-02-08 03:39:58.615710,Toronto-6e52,41,64,Normal
2026-02-08 03:39:59.615710,Toronto-6e52,9,56,Normal
2026-02-08 03:40:00.615710,Toronto-6e52,-16,94,Normal
2026-02-08 03:40:01.615710,Toronto-6e52,28,74,Normal
2026-02-08 03:40:02.615710,Toronto-6e52,-25,42,Normal
2026-02-08 03:40:03.615710,Toronto-6e52,18,64,Normal
2026-02-08 03:40:04.615710,Toronto-6e52,24,85,Normal
2026-02-08 03:40:05.615710,Toronto-6e52,31,79,Normal
2026-02-08 03:40:06.615710,Toronto-6e52,-18,1,Normal
2026-02-08 03:40:07.615710,Toronto-6e52,19,100,Normal
2026-02-08 03:40:08.615710,Toronto-6e52,9,34,Normal
2026-02-08 03:40:09.615710,Toronto-6e52,14,33,Normal
2026-02-08 03:40:10.615710,Toronto-6e52,14,64,Normal
2026-02-08 03:40:11.615710,Toronto-6e52,12,85,Normal
2026-02-08 03:40:12.615710,Toronto-6e52,-10,4,Normal
2026-02-08 03:40:13.615710,Toronto-6e52,20,22,Normal
2026-02-08 03:40:14.615710,Toronto-6e52,39,62,Normal
2026-02-08 03:40:15.615710,Toronto-6e52,-6,60,Normal
2026-02-08 03:40:16.615710,Toronto-6e52,-10,51,Normal
2026-02-08 03:40:17.615710,Toronto-6e52,-25,66,Normal
2026-02-08 03:40:18.615710,Toronto-6e52,28,28,Normal
2026-02-08 03:40:19.615710,Toronto-6e52,-13,49,Normal
2026-02-08 03:40:20.615710,Toronto-6e52,-4,5,Normal
2026-02-08 03:40:21.615710,Toronto-6e52,18,98,Normal
2026-02-08 03:40:22.615710,Toronto-6e52,15,82,Normal
2026-02-08 03:40:23.615710,Toronto-6e52,-24,95,Normal
2026-02-08 03:40:24.615710,Toronto-6e52,28,10,Normal
2026-02-08 03:40:25.615710,Toronto-6e52,-14,74,Normal
2026-02-08 03:40:26.615710,Toronto-6e52,40,71,Normal
2026-02-08 03:40:27.615710,Toronto-6e52,19,54,Normal
2026-02-08 03:40:28.615710,Toronto-6e52,-22,68,Normal
2026-02-08 03:40:29.615710,Toronto-6e52,5,19,Normal
2026-02-08 03:40:30.615710,Toronto-6e52,12,83,Normal
2026-02-08 03:40:31.615710,Toronto-6e52,15,59,Normal
2026-02-08 03:40:32.615710,Toronto-6e52,21,50,Normal
2026-02-08 03:40:33.615710,Toronto-6e52,-6,17,Normal
2026-02-08 03:40:34.615710,Toronto-6e52,-10,9,Normal
2026-02-08 03:40:35.615710,Toronto-6e52,31,4,Normal
2026-02-08 03:40:36.615710,Toronto-6e52,-25,51,Normal
2026-02-08 03:40:37.615710,Toronto-6e52,32,19,Normal
2026-02-08 03:40:38.615710,Toronto-6e52,12,88,Normal
2026-02-08 03:40:39.615710,Toronto-6e52,-12,63,Normal
2026-02-08 03:40:40.615710,Toronto-6e52,-19,45,Normal
2026-02-08 03:40:41.615710,Toronto-6e52,2,0,Normal
2026-02-08 03:40:42.615710,Toronto-6e52,-18,19,Normal
2026-02-08 03:40:43.615710,Toronto-6e52,-10,22,Normal
2026-02-08 03:40:44.615710,Toronto-6e52,-9,13,Normal
2026-02-08 03:40:45.615710,Toronto-6e52,18,1,Normal
2026-02-08 03:40:46.615710,Toronto-6e52,17,9,Normal
2026-02-08 03:40:47.615710,Toronto-6e52,23,66,Normal
2026-02-08 03:40:48.615710,Toronto-6e52,28,93,Normal
2026-02-08 03:40:49.615710,Toronto-6e52,16,74,Normal
2026-02-08 03:40:50.615710,Toronto-6e52,20,59,Normal
2026-02-08 03:40:51.615710,Toronto-6e52,26,19,Normal
2026-02-08 03:40:52.615710,Toronto-6e52,39,46,Normal
2026-02-08 03:40:53.615710,Toronto-6e52,1,13,Normal
2026-02-08 03:40:54.615710,Toronto-6e52,48,71,Normal
2026-02-08 03:40:55.615710,Toronto-6e52,10,18,Normal
2026-02-08 03:40:56.615710,Toronto-6e52,22,94,Normal
2026-02-08 03:40:57.615710,Toronto-6e52,19,59,Normal
2026-02-08 03:40:58.615710,Toronto-6e52,17,21,Normal
2026-02-08 03:40:59.615710,Toronto-6e52,-6,17,Normal
2026-02-08 03:41:00.615710,Toronto-6e52,11,19,Normal
2026-02-08 03:41:01.615710,Toronto-6e52,-29,94,Normal
2026-02-08 03:41:02.615710,Toronto-6e52,-3,47,Normal
2026-02-08 03:41:03.615710,Toronto-6e52,-27,13,Normal
2026-02-08 03:41:04.615710,Toronto-6e52,-17,75,Normal
2026-02-08 03:41:05.615710,Toronto-6e52,49,55,Normal
2026-02-08 03:41:06.615710,Toronto-6e52,25,91,Normal
2026-02-08 03:41:07.615710,Toronto-6e52,0,90,Normal
2026-02-08 03:41:08.615710,Toronto-6e52,-17,59,Normal
2026-02-08 03:41:09.615710,Toronto-6e52,35,23,Normal
2026-02-08 03:41:10.615710,Toronto-6e52,21,7,Normal
2026-02-08 03:41:11.615710,Toronto-6e52,2,79,Normal
2026-02-08 03:41:12.615710,Toronto-6e52,28,55,Normal
2026-02-08 03:41:13.615710,Toronto-6e52,19,49,Normal
2026-02-08 03:41:14.615710,Toronto-6e52,29,15,Normal
2026-02-08 03:41:15.615710,Toronto-6e52,-4,76,Normal
2026-02-08 03:41:16.615710,Toronto-6e52,9,68,Normal
2026-02-08 03:41:17.615710,Toronto-6e52,37,95,Normal
2026-02-08 03:41:18.615710,Toronto-6e52,14,65,Normal
2026-02-08 03:41:19.615710,Toronto-6e52,-2,55,Normal
2026-02-08 03:41:20.615710,Toronto-6e52,25,51,Normal
2026-02-08 03:41:21.615710,Toronto-6e52,-8,45,Normal
2026-02-08 03:41:22.615710,Toronto-6e52,3,27,Normal
2026-02-08 03:41:23.615710,Toronto-6e52,-9,43,Normal
2026-02-08 03:41:24.615710,Toronto-6e52,-22,68,Normal
2026-02-08 03:41:25.615710,Toronto-6e52,38,51,Normal
2026-02-08 03:41:26.615710,Toronto-6e52,-2,75,Normal
2026-02-08 03:41:27.615710,Toronto-6e52,-21,68,Normal
2026-02-08 03:41:28.615710,Toronto-6e52,-24,66,Normal
2026-02-08 03:41:29.615710,Toronto-6e52,26,85,Normal
2026-02-08 03:41:30.615710,Toronto-6e52,-7,6,Normal
2026-02-08 03:41:31.615710,Toronto-6e52,17,62,Normal
2026-02-08 03:41:32.615710,Toronto-6e52,-13,65,Normal
2026-02-08 03:41:33.615710,Toronto-6e52,50,0,Normal
2026-02-08 03:41:34.615710,Toronto-6e52,38,31,Normal
2026-02-08 03:41:35.615710,Toronto-6e52,-8,26,Normal
2026-02-08 03:41:36.615710,Toronto-6e52,43,5,Normal
2026-02-08 03:41:37.615710,Toronto-6e52,4,15,Normal
2026-02-08 03:41:38.615710,Toronto-6e52,0,85,Normal
2026-02-08 03:41:39.615710,Toronto-6e52,25,25,Normal
2026-02-08 03:41:40.615710,Toronto-6e52,44,38,Normal
2026-02-08 03:41:41.615710,Toronto-6e52,28,2,Normal
2026-02-08 03:41:42.615710,Toronto-6e52,43,64,Normal
2026-02-08 03:41:43.615710,Toronto-6e52,48,91,Normal
2026-02-08 03:41:44.615710,Toronto-6e52,-1,48,Normal
2026-02-08 03:41:45.615710,Toronto-6e52,5,60,Normal
2026-02-08 03:41:46.615710,Toronto-6e52,-10,21,Normal
2026-02-08 03:41:47.615710,Toronto-6e52,-12,74,Normal
2026-02-08 03:41:48.615710,Toronto-6e52,23,82,Normal
2026-02-08 03:41:49.615710,Toronto-6e52,4,80,Normal
2026-02-08 03:41:50.615710,Toronto-6e52,10,76,Normal
2026-02-08 03:41:51.615710,Toronto-6e52,40,15,Normal
2026-02-08 03:41:52.615710,Toronto-6e52,-8,36,Normal
2026-02-08 03:41:53.615710,Toronto-6e52,14,24,Normal
2026-02-08 03:41:54.615710,Toronto-6e52,-19,39,Normal
2026-02-08 03:41:55.615710,Toronto-6e52,22,52,Normal
2026-02-08 03:41:56.615710,Toronto-6e52,-14,70,Normal
2026-02-08 03:41:57.615710,Toronto-6e52,-26,73,Normal
2026-02-08 03:41:58.615710,Toronto-6e52,40,14,Normal
2026-02-08 03:41:59.615710,Toronto-6e52,-30,58,Normal
2026-02-08 03:42:00.615710,Toronto-6e52,34,52,Normal
2026-02-08 03:42:01.615710,Toronto-6e52,-26,24,Normal
2026-02-08 03:42:02.615710,Toronto-6e52,9,59,Normal
2026-02-08 03:42:03.615710,Toronto-6e52,17,21,Normal
2026-02-08 03:42:04.615710,Toronto-6e52,-2,10,Normal
2026-02-08 03:42:05.615710,Toronto-6e52,36,32,Normal
2026-02-08 03:42:06.615710,Toronto-6e52,-4,28,Normal
2026-02-08 03:42:07.615710,Toronto-6e52,43,94,Normal
2026-02-08 03:42:08.615710,Toronto-6e52,30,23,Normal
2026-02-08 03:42:09.615710,Toronto-6e52,39,38,Normal
2026-02-08 03:42:10.615710,Toronto-6e52,-16,95,Normal
2026-02-08 03:42:11.615710,Toronto-6e52,40,100,Normal
2026-02-08 03:42:12.615710,Toronto-6e52,14,24,Normal
2026-02-08 03:42:13.615710,Toronto-6e52,16,59,Normal
2026-02-08 03:42:14.615710,Toronto-6e52,-9,82,Normal
2026-02-08 03:42:15.615710,Toronto-6e52,-5,10,Normal
2026-02-08 03:42:16.615710,Toronto-6e52,47,87,Normal
2026-02-08 03:42:17.615710,Toronto-6e52,-7,14,Normal
2026-02-08 03:42:18.615710,Toronto-6e52,-19,100,Normal
2026-02-08 03:42:19.615710,Toronto-6e52,42,86,Normal
2026-02-08 03:42:20.615710,Toronto-6e52,33,80,Normal
2026-02-08 03:42:21.615710,Toronto-6e52,24,2,Normal
2026-02-08 03:42:22.615710,Toronto-6e52,28,90,Normal
2026-02-08 03:42:23.615710,Toronto-6e52,50,71,Normal
2026-02-08 03:42:24.615710,Toronto-6e52,-16,98,Normal
2026-02-08 03:42:25.615710,Toronto-6e52,-26,5,Normal
2026-02-08 03:42:26.615710,Toronto-6e52,20,91,Normal
2026-02-08 03:42:27.615710,Toronto-6e52,-5,82,Normal
2026-02-08 03:42:28.615710,Toronto-6e52,27,10,Normal
2026-02-08 03:42:29.615710,Toronto-6e52,-5,70,Normal
2026-02-08 03:42:30.615710,Toronto-6e52,-29,64,Normal
2026-02-08 03:42:31.615710,Toronto-6e52,40,12,Normal
2026-02-08 03:42:32.615710,Toronto-6e52,36,95,Normal
2026-02-08 03:42:33.615710,Toronto-6e52,4,32,Normal
2026-02-08 03:42:34.615710,Toronto-6e52,-4,58,Normal
2026-02-08 03:42:35.615710,Toronto-6e52,29,85,Normal
2026-02-08 03:42:36.615710,Toronto-6e52,-25,65,Normal
2026-02-08 03:42:37.615710,Toronto-6e52,-15,3,Normal
2026-02-08 03:42:38.615710,Toronto-6e52,-22,24,Normal
2026-02-08 03:42:39.615710,Toronto-6e52,21,57,Normal
2026-02-08 03:42:40.615710,Toronto-6e52,-17,28,Normal
2026-02-08 03:42:41.615710,Toronto-6e52,9,31,Normal
2026-02-08 03:42:42.615710,Toronto-6e52,-22,0,Normal
2026-02-08 03:42:43.615710,Toronto-6e52,1,43,Normal
2026-02-08 03:42:44.615710,Toronto-6e52,-8,49,Normal
2026-02-08 03:42:45.615710,Toronto-6e52,11,85,Normal
2026-02-08 03:42:46.615710,Toronto-6e52,50,66,Normal
2026-02-08 03:42:47.615710,Toronto-6e52,23,73,Normal
2026-02-08 03:42:48.615710,Toronto-6e52,0,50,Normal
2026-02-08 03:42:49.615710,Toronto-6e52,7,66,Normal
2026-02-08 03:42:50.615710,Toronto-6e52,47,71,Normal
2026-02-08 03:42:51.615710,Toronto-6e52,40,18,Normal
2026-02-08 03:42:52.615710,Toronto-6e52,28,14,Normal
2026-02-08 03:42:53.615710,Toronto-6e52,33,47,Normal
2026-02-08 03:42:54.615710,Toronto-6e52,-22,12,Normal
2026-02-08 03:42:55.615710,Toronto-6e52,-11,5,Normal
2026-02-08 03:42:56.615710,Toronto-6e52,-26,40,Normal
2026-02-08 03:42:57.615710,Toronto-6e52,-17,70,Normal
2026-02-08 03:42:58.615710,Toronto-6e52,27,91,Normal
2026-02-08 03:42:59.615710,Toronto-6e52,1,73,Normal
2026-02-08 03:43:00.615710,Toronto-6e52,12,60,Normal
2026-02-08 03:43:01.615710,Toronto-6e52,27,49,Normal
2026-02-08 03:43:02.615710,Toronto-6e52,-8,96,Normal
2026-02-08 03:43:03.615710,Toronto-6e52,1,99,Normal
2026-02-08 03:43:04.615710,Toronto-6e52,47,60,Normal
2026-02-08 03:43:05.615710,Toronto-6e52,40,41,Normal
2026-02-08 03:43:06.615710,Toronto-6e52,-17,22,Normal
2026-02-08 03:43:07.615710,Toronto-6e52,-14,47,Normal
2026-02-08 03:43:08.615710,Toronto-6e52,49,18,Normal
2026-02-08 03:43:09.615710,Toronto-6e52,-15,59,Normal
2026-02-08 03:43:10.615710,Toronto-6e52,-7,90,Normal
2026-02-08 03:43:11.615710,Toronto-6e52,5,10,Normal
2026-02-08 03:43:12.615710,Toronto-6e52,43,1,Normal
2026-02-08 03:43:13.615710,Toronto-6e52,39,36,Normal
2026-02-08 03:43:14.615710,Toronto-6e52,-27,13,Normal
2026-02-08 03:43:15.615710,Toronto-6e52,45,13,Normal
2026-02-08 03:43:16.615710,Toronto-6e52,28,66,Normal
2026-02-08 03:43:17.615710,Toronto-6e52,50,68,Normal
2026-02-08 03:43:18.615710,Toronto-6e52,-6,81,Normal
2026-02-08 03:43:19.615710,Toronto-6e52,41,23,Normal
2026-02-08 03:43:20.615710,Toronto-6e52,0,0,Normal
2026-02-08 03:43:21.615710,Toronto-6e52,23,38,Normal
2026-02-08 03:43:22.615710,Toronto-6e52,-11,47,Normal
2026-02-08 03:43:23.615710,Toronto-6e52,36,40,Normal
2026-02-08 03:43:24.615710,Toronto-6e52,-23,81,Normal
2026-02-08 03:43:25.615710,Toronto-6e52,19,70,Normal
2026-02-08 03:43:26.615710,Toronto-6e52,-26,79,Normal
2026-02-08 03:43:27.615710,Toronto-6e52,24,54,Normal
2026-02-08 03:43:28.615710,Toronto-6e52,28,29,Normal
2026-02-08 03:43:29.615710,Toronto-6e52,41,22,Normal
2026-02-08 03:43:30.615710,Toronto-6e52,12,8,Normal
2026-02-08 03:43:31.615710,Toronto-6e52,43,21,Normal
2026-02-08 03:43:32.615710,Toronto-6e52,30,82,Normal
2026-02-08 03:43:33.615710,Toronto-6e52,9,35,Normal
2026-02-08 03:43:34.615710,Toronto-6e52,12,86,Normal
2026-02-08 03:43:35.615710,Toronto-6e52,-5,43,Normal
2026-02-08 03:43:36.615710,Toronto-6e52,1,93,Normal
2026-02-08 03:43:37.615710,Toronto-6e52,43,65,Normal
2026-02-08 03:43:38.615710,Toronto-6e52,5,77,Normal
2026-02-08 03:43:39.615710,Toronto-6e52,5,83,Normal
2026-02-08 03:43:40.615710,Toronto-6e52,28,19,Normal
2026-02-08 03:43:41.615710,Toronto-6e52,3,95,Normal
2026-02-08 03:43:42.615710,Toronto-6e52,25,19,Normal
2026-02-08 03:43:43.615710,Toronto-6e52,29,49,Normal
2026-02-08 03:43:44.615710,Toronto-6e52,18,6,Normal
2026-02-08 03:43:45.615710,Toronto-6e52,37,31,Normal
2026-02-08 03:43:46.615710,Toronto-6e52,-13,35,Normal
2026-02-08 03:43:47.615710,Toronto-6e52,-21,27,Normal
2026-02-08 03:43:48.615710,Toronto-6e52,19,86,Normal
2026-02-08 03:43:49.615710,Toronto-6e52,-3,70,Normal
2026-02-08 03:43:50.615710,Toronto-6e52,42,13,Normal
2026-02-08 03:43:51.615710,Toronto-6e52,37,26,Normal
2026-02-08 03:43:52.615710,Toronto-6e52,48,81,Normal
2026-02-08 03:43:53.615710,Toronto-6e52,3,31,Normal
2026-02-08 03:43:54.615710,Toronto-6e52,14,65,Normal
2026-02-08 03:43:55.615710,Toronto-6e52,4,28,Normal
2026-02-08 03:43:56.615710,Toronto-6e52,47,34,Normal
2026-02-08 03:43:57.615710,Toronto-6e52,-23,15,Normal
2026-02-08 03:43:58.615710,Toronto-6e52,-12,11,Normal
2026-02-08 03:43:59.615710,Toronto-6e52,46,84,Normal
2026-02-08 03:44:00.615710,Toronto-6e52,8,59,Normal
2026-02-08 03:44:01.615710,Toronto-6e52,8,25,Normal
2026-02-08 03:44:02.615710,Toronto-6e52,5,67,Normal
2026-02-08 03:44:03.615710,Toronto-6e52,-1,57,Normal
2026-02-08 03:44:04.615710,Toronto-6e52,-2,27,Normal
2026-02-08 03:44:05.615710,Toronto-6e52,23,37,Normal
2026-02-08 03:44:06.615710,Toronto-6e52,45,56,Normal
2026-02-08 03:44:07.615710,Toronto-6e52,-26,39,Normal
2026-02-08 03:44:08.615710,Toronto-6e52,20,38,Normal
2026-02-08 03:44:09.615710,Toronto-6e52,22,97,Normal
2026-02-08 03:44:10.615710,Toronto-6e52,20,46,Normal
2026-02-08 03:44:11.615710,Toronto-6e52,-26,55,Normal
2026-02-08 03:44:12.615710,Toronto-6e52,-25,21,Normal
2026-02-08 03:44:13.615710,Toronto-6e52,3,47,Normal
2026-02-08 03:44:14.615710,Toronto-6e52,-26,50,Normal
2026-02-08 03:44:15.615710,Toronto-6e52,46,12,Normal
2026-02-08 03:44:16.615710,Toronto-6e52,-30,90,Normal
2026-02-08 03:44:17.615710,Toronto-6e52,2,100,Normal
2026-02-08 03:44:18.615710,Toronto-6e52,0,45,Normal
2026-02-08 03:44:19.615710,Toronto-6e52,11,72,Normal
2026-02-08 03:44:20.615710,Toronto-6e52,38,1,Normal
2026-02-08 03:44:21.615710,Toronto-6e52,27,32,Normal
2026-02-08 03:44:22.615710,Toronto-6e52,-2,20,Normal
2026-02-08 03:44:23.615710,Toronto-6e52,9,13,Normal
2026-02-08 03:44:24.615710,Toronto-6e52,25,48,Normal
2026-02-08 03:44:25.615710,Toronto-6e52,16,69,Normal
2026-02-08 03:44:26.615710,Toronto-6e52,13,3,Normal
2026-02-08 03:44:27.615710,Toronto-6e52,44,10,Normal
2026-02-08 03:44:28.615710,Toronto-6e52,-7,93,Normal
2026-02-08 03:44:29.615710,Toronto-6e52,43,86,Normal
2026-02-08 03:44:30.615710,Toronto-6e52,-12,40,Normal
2026-02-08 03:44:31.615710,Toronto-6e52,-22,55,Normal
2026-02-08 03:44:32.615710,Toronto-6e52,39,57,Normal
2026-02-08 03:44:33.615710,Toronto-6e52,46,9,Normal
2026-02-08 03:44:34.615710,Toronto-6e52,3,40,Normal
2026-02-08 03:44:35.615710,Toronto-6e52,48,92,Normal
2026-02-08 03:44:36.615710,Toronto-6e52,31,6,Normal
2026-02-08 03:44:37.615710,Toronto-6e52,-28,81,Normal
2026-02-08 03:44:38.615710,Toronto-6e52,30,92,Normal
2026-02-08 03:44:39.615710,Toronto-6e52,26,17,Normal
2026-02-08 03:44:40.615710,Toronto-6e52,-12,70,Normal
2026-02-08 03:44:41.615710,Toronto-6e52,42,46,Normal
2026-02-08 03:44:42.615710,Toronto-6e52,29,18,Normal
2026-02-08 03:44:43.615710,Toronto-6e52,48,51,Normal
2026-02-08 03:44:44.615710,Toronto-6e52,48,29,Normal
2026-02-08 03:44:45.615710,Toronto-6e52,-3,46,Normal
2026-02-08 03:44:46.615710,Toronto-6e52,-16,79,Normal
2026-02-08 03:44:47.615710,Toronto-6e52,35,93,Normal
2026-02-08 03:44:48.615710,Toronto-6e52,-13,9,Normal
2026-02-08 03:44:49.615710,Toronto-6e52,20,47,Normal
2026-02-08 03:44:50.615710,Toronto-6e52,-29,29,Normal
2026-02-08 03:44:51.615710,Toronto-6e52,-11,62,Normal
2026-02-08 03:44:52.615710,Toronto-6e52,3,2,Normal
2026-02-08 03:44:53.615710,Toronto-6e52,-18,47,Normal
2026-02-08 03:44:54.615710,Toronto-6e52,24,97,Normal
2026-02-08 03:44:55.615710,Toronto-6e52,-22,98,Normal
2026-02-08 03:44:56.615710,Toronto-6e52,35,81,Normal
2026-02-08 03:44:57.615710,Toronto-6e52,-2,81,Normal
2026-02-08 03:44:58.615710,Toronto-6e52,-27,86,Normal
2026-02-08 03:44:59.615710,Toronto-6e52,-29,100,Normal
2026-02-08 03:45:00.615710,Toronto-6e52,5,72,Normal
2026-02-08 03:45:01.615710,Toronto-6e52,-25,30,Normal
2026-02-08 03:45:02.615710,Toronto-6e52,19,71,Normal
2026-02-08 03:45:03.615710,Toronto-6e52,37,10,Normal
2026-02-08 03:45:04.615710,Toronto-6e52,-22,58,Normal
2026-02-08 03:45:05.615710,Toronto-6e52,-10,42,Normal
2026-02-08 03:45:06.615710,Toronto-6e52,21,40,Normal
2026-02-08 03:45:07.615710,Toronto-6e52,49,92,Normal
2026-02-08 03:45:08.615710,Toronto-6e52,41,92,Normal
2026-02-08 03:45:09.615710,Toronto-6e52,47,70,Normal
2026-02-08 03:45:10.615710,Toronto-6e52,2,97,Normal
2026-02-08 03:45:11.615710,Toronto-6e52,6,37,Normal
2026-02-08 03:45:12.615710,Toronto-6e52,-30,80,Normal
2026-02-08 03:45:13.615710,Toronto-6e52,-20,32,Normal
2026-02-08 03:45:14.615710,Toronto-6e52,38,0,Normal
2026-02-08 03:45:15.615710,Toronto-6e52,37,31,Normal
2026-02-08 03:45:16.615710,Toronto-6e52,50,72,Normal
2026-02-08 03:45:17.615710,Toronto-6e52,49,93,Normal
2026-02-08 03:45:18.615710,Toronto-6e52,-14,72,Normal
2026-02-08 03:45:19.615710,Toronto-6e52,19,23,Normal
2026-02-08 03:45:20.615710,Toronto-6e52,19,93,Normal
2026-02-08 03:45:21.615710,Toronto-6e52,-22,81,Normal
2026-02-08 03:45:22.615710,Toronto-6e52,-27,97,Normal
2026-02-08 03:45:23.615710,Toronto-6e52,14,0,Normal
2026-02-08 03:45:24.615710,Toronto-6e52,28,84,Normal
2026-02-08 03:45:25.615710,Toronto-6e52,30,65,Normal
2026-02-08 03:45:26.615710,Toronto-6e52,6,24,Normal
2026-02-08 03:45:27.615710,Toronto-6e52,-24,76,Normal
2026-02-08 03:45:28.615710,Toronto-6e52,-1,88,Normal
2026-02-08 03:45:29.615710,Toronto-6e52,-17,17,Normal
2026-02-08 03:45:30.615710,Toronto-6e52,-19,50,Normal
2026-02-08 03:45:31.615710,Toronto-6e52,23,74,Normal
2026-02-08 03:45:32.615710,Toronto-6e52,24,91,Normal
2026-02-08 03:45:33.615710,Toronto-6e52,-10,4,Normal
2026-02-08 03:45:34.615710,Toronto-6e52,30,51,Normal
2026-02-08 03:45:35.615710,Toronto-6e52,-6,79,Normal
2026-02-08 03:45:36.615710,Toronto-6e52,37,77,Normal
2026-02-08 03:45:37.615710,Toronto-6e52,-23,6,Normal
2026-02-08 03:45:38.615710,Toronto-6e52,1,94,Normal
2026-02-08 03:45:39.615710,Toronto-6e52,-21,63,Normal
2026-02-08 03:45:40.615710,Toronto-6e52,-6,87,Normal
2026-02-08 03:45:41.615710,Toronto-6e52,-7,67,Normal
2026-02-08 03:45:42.615710,Toronto-6e52,-8,17,Normal
2026-02-08 03:45:43.615710,Toronto-6e52,14,75,Normal
2026-02-08 03:45:44.615710,Toronto-6e52,18,38,Normal
2026-02-08 03:45:45.615710,Toronto-6e52,-1,72,Normal
2026-02-08 03:45:46.615710,Toronto-6e52,49,51,Normal
2026-02-08 03:45:47.615710,Toronto-6e52,3,29,Normal
2026-02-08 03:45:48.615710,Toronto-6e52,-23,89,Normal
2026-02-08 03:45:49.615710,Toronto-6e52,-12,47,Normal
2026-02-08 03:45:50.615710,Toronto-6e52,-9,40,Normal
2026-02-08 03:45:51.615710,Toronto-6e52,-14,77,Normal
2026-02-08 03:45:52.615710,Toronto-6e52,-6,8,Normal
2026-02-08 03:45:53.615710,Toronto-6e52,46,22,Normal
2026-02-08 03:45:54.615710,Toronto-6e52,23,25,Normal
2026-02-08 03:45:55.615710,Toronto-6e52,23,77,Normal
2026-02-08 03:45:56.615710,Toronto-6e52,26,34,Normal
2026-02-08 03:45:57.615710,Toronto-6e52,0,12,Normal
2026-02-08 03:45:58.615710,Toronto-6e52,16,20,Normal
2026-02-08 03:45:59.615710,Toronto-6e52,-14,41,Normal
2026-02-08 03:46:00.615710,Toronto-6e52,-9,82,Normal
2026-02-08 03:46:01.615710,Toronto-6e52,25,68,Normal
2026-02-08 03:46:02.615710,Toronto-6e52,22,14,Normal
2026-02-08 03:46:03.615710,Toronto-6e52,24,58,Normal
2026-02-08 03:46:04.615710,Toronto-6e52,-16,81,Normal
2026-02-08 03:46:05.615710,Toronto-6e52,-2,91,Normal
2026-02-08 03:46:06.615710,Toronto-6e52,27,64,Normal
2026-02-08 03:46:07.615710,Toronto-6e52,-17,71,Normal
2026-02-08 03:46:08.615710,Toronto-6e52,-29,6,Normal
2026-02-08 03:46:09.615710,Toronto-6e52,6,56,Normal
2026-02-08 03:46:10.615710,Toronto-6e52,-18,32,Normal
2026-02-08 03:46:11.615710,Toronto-6e52,-12,64,Normal
2026-02-08 03:46:12.615710,Toronto-6e52,31,95,Normal
2026-02-08 03:46:13.615710,Toronto-6e52,43,47,Normal
2026-02-08 03:46:14.615710,Toronto-6e52,19,42,Normal
2026-02-08 03:46:15.615710,Toronto-6e52,-16,55,Normal
2026-02-08 03:46:16.615710,Toronto-6e52,1,27,Normal
2026-02-08 03:46:17.615710,Toronto-6e52,-30,45,Normal
2026-02-08 03:46:18.615710,Toronto-6e52,-24,97,Normal
2026-02-08 03:46:19.615710,Toronto-6e52,38,80,Normal
2026-02-08 03:46:20.615710,Toronto-6e52,-29,73,Normal
2026-02-08 03:46:21.615710,Toronto-6e52,21,64,Normal
2026-02-08 03:46:22.615710,Toronto-6e52,-21,96,Normal
2026-02-08 03:46:23.615710,Toronto-6e52,-17,25,Normal
2026-02-08 03:46:24.615710,Toronto-6e52,7,75,Normal
2026-02-08 03:46:25.615710,Toronto-6e52,-16,28,Normal
2026-02-08 03:46:26.615710,Toronto-6e52,6,38,Normal
2026-02-08 03:46:27.615710,Toronto-6e52,21,34,Normal
2026-02-08 03:46:28.615710,Toronto-6e52,20,31,Normal
2026-02-08 03:46:29.615710,Toronto-6e52,22,22,Normal
2026-02-08 03:46:30.615710,Toronto-6e52,3,8,Normal
2026-02-08 03:46:31.615710,Toronto-6e52,36,18,Normal
2026-02-08 03:46:32.615710,Toronto-6e52,14,23,Normal
2026-02-08 03:46:33.615710,Toronto-6e52,-30,93,Normal
2026-02-08 03:46:34.615710,Toronto-6e52,27,71,Normal
2026-02-08 03:46:35.615710,Toronto-6e52,18,10,Normal
2026-02-08 03:46:36.615710,Toronto-6e52,-7,45,Normal
2026-02-08 03:46:37.615710,Toronto-6e52,-27,19,Normal
2026-02-08 03:46:38.615710,Toronto-6e52,24,46,Normal
2026-02-08 03:46:39.615710,Toronto-6e52,-25,30,Normal
2026-02-08 03:46:40.615710,Toronto-6e52,49,70,Normal
2026-02-08 03:46:41.615710,Toronto-6e52,50,48,Normal
2026-02-08 03:46:42.615710,Toronto-6e52,14,20,Normal
2026-02-08 03:46:43.615710,Toronto-6e52,2,48,Normal
2026-02-08 03:46:44.615710,Toronto-6e52,-6,88,Normal
2026-02-08 03:46:45.615710,Toronto-6e52,-1,36,Normal
2026-02-08 03:46:46.615710,Toronto-6e52,43,50,Normal
2026-02-08 03:46:47.615710,Toronto-6e52,32,88,Normal
2026-02-08 03:46:48.615710,Toronto-6e52,15,88,Normal
2026-02-08 03:46:49.615710,Toronto-6e52,49,30,Normal
2026-02-08 03:46:50.615710,Toronto-6e52,27,49,Normal
2026-02-08 03:46:51.615710,Toronto-6e52,-22,66,Normal
2026-02-08 03:46:52.615710,Toronto-6e52,10,16,Normal
2026-02-08 03:46:53.615710,Toronto-6e52,28,53,Normal
2026-02-08 03:46:54.615710,Toronto-6e52,30,2,Normal
2026-02-08 03:46:55.615710,Toronto-6e52,28,48,Normal
2026-02-08 03:46:56.615710,Toronto-6e52,15,92,Normal
2026-02-08 03:46:57.615710,Toronto-6e52,-30,22,Normal
2026-02-08 03:46:58.615710,Toronto-6e52,30,39,Normal
2026-02-08 03:46:59.615710,Toronto-6e52,19,14,Normal
2026-02-08 03:47:00.615710,Toronto-6e52,44,14,Normal
2026-02-08 03:47:01.615710,Toronto-6e52,6,91,Normal
2026-02-08 03:47:02.615710,Toronto-6e52,10,22,Normal
2026-02-08 03:47:03.615710,Toronto-6e52,-25,33,Normal
2026-02-08 03:47:04.615710,Toronto-6e52,13,65,Normal
2026-02-08 03:47:05.615710,Toronto-6e52,31,19,Normal
2026-02-08 03:47:06.615710,Toronto-6e52,45,92,Normal
2026-02-08 03:47:07.615710,Toronto-6e52,-21,59,Normal
2026-02-08 03:47:08.615710,Toronto-6e52,-15,25,Normal
2026-02-08 03:47:09.615710,Toronto-6e52,45,27,Normal
2026-02-08 03:47:10.615710,Toronto-6e52,6,11,Normal
2026-02-08 03:47:11.615710,Toronto-6e52,-4,27,Normal
2026-02-08 03:47:12.615710,Toronto-6e52,29,84,Normal
2026-02-08 03:47:13.615710,Toronto-6e52,42,40,Normal
2026-02-08 03:47:14.615710,Toronto-6e52,-27,81,Normal
2026-02-08 03:47:15.615710,Toronto-6e52,18,25,Normal
2026-02-08 03:47:16.615710,Toronto-6e52,-14,62,Normal
2026-02-08 03:47:17.615710,Toronto-6e52,39,91,Normal
2026-02-08 03:47:18.615710,Toronto-6e52,-24,50,Normal
2026-02-08 03:47:19.615710,Toronto-6e52,-6,33,Normal
2026-02-08 03:47:20.615710,Toronto-6e52,12,3,Normal
2026-02-08 03:47:21.615710,Toronto-6e52,18,50,Normal
2026-02-08 03:47:22.615710,Toronto-6e52,-2,7,Normal
2026-02-08 03:47:23.615710,Toronto-6e52,20,1,Normal
2026-02-08 03:47:24.615710,Toronto-6e52,-14,32,Normal
2026-02-08 03:47:25.615710,Toronto-6e52,8,55,Normal
2026-02-08 03:47:26.615710,Toronto-6e52,13,77,Normal
2026-02-08 03:47:27.615710,Toronto-6e52,25,3,Normal
2026-02-08 03:47:28.615710,Toronto-6e52,-8,11,Normal
2026-02-08 03:47:29.615710,Toronto-6e52,23,90,Normal
2026-02-08 03:47:30.615710,Toronto-6e52,10,47,Normal
2026-02-08 03:47:31.615710,Toronto-6e52,-1,1,Normal
2026-02-08 03:47:32.615710,Toronto-6e52,40,21,Normal
2026-02-08 03:47:33.615710,Toronto-6e52,36,38,Normal
2026-02-08 03:47:34.615710,Toronto-6e52,-30,28,Normal
2026-02-08 03:47:35.615710,Toronto-6e52,45,67,Normal
2026-02-08 03:47:36.615710,Toronto-6e52,-12,2,Normal
2026-02-08 03:47:37.615710,Toronto-6e52,-14,63,Normal
2026-02-08 03:47:38.615710,Toronto-6e52,38,33,Normal
2026-02-08 03:47:39.615710,Toronto-6e52,-24,75,Normal
2026-02-08 03:47:40.615710,Toronto-6e52,8,54,Normal
2026-02-08 03:47:41.615710,Toronto-6e52,34,66,Normal
2026-02-08 03:47:42.615710,Toronto-6e52,34,100,Normal
2026-02-08 03:47:43.615710,Toronto-6e52,11,25,Normal
2026-02-08 03:47:44.615710,Toronto-6e52,19,61,Normal
2026-02-08 03:47:45.615710,Toronto-6e52,17,69,Normal
2026-02-08 03:47:46.615710,Toronto-6e52,15,97,Normal
2026-02-08 03:47:47.615710,Toronto-6e52,13,59,Normal
2026-02-08 03:47:48.615710,Toronto-6e52,50,92,Normal
2026-02-08 03:47:49.615710,Toronto-6e52,43,33,Normal
2026-02-08 03:47:50.615710,Toronto-6e52,40,30,Normal
2026-02-08 03:47:51.615710,Toronto-6e52,-12,61,Normal
2026-02-08 03:47:52.615710,Toronto-6e52,-7,51,Normal
2026-02-08 03:47:53.615710,Toronto-6e52,30,66,Normal
2026-02-08 03:47:54.615710,Toronto-6e52,-22,68,Normal
2026-02-08 03:47:55.615710,Toronto-6e52,16,27,Normal
2026-02-08 03:47:56.615710,Toronto-6e52,11,68,Normal
2026-02-08 03:47:57.615710,Toronto-6e52,36,86,Normal
2026-02-08 03:47:58.615710,Toronto-6e52,-19,45,Normal
2026-02-08 03:47:59.615710,Toronto-6e52,33,9,Normal
2026-02-08 03:48:00.615710,Toronto-6e52,-6,46,Normal
2026-02-08 03:48:01.615710,Toronto-6e52,-25,32,Normal
2026-02-08 03:48:02.615710,Toronto-6e52,47,90,Normal
2026-02-08 03:48:03.615710,Toronto-6e52,46,25,Normal
2026-02-08 03:48:04.615710,Toronto-6e52,4,64,Normal
2026-02-08 03:48:05.615710,Toronto-6e52,41,7,Normal
2026-02-08 03:48:06.615710,Toronto-6e52,-29,72,Normal
2026-02-08 03:48:07.615710,Toronto-6e52,47,56,Normal
2026-02-08 03:48:08.615710,Toronto-6e52,-5,48,Normal
2026-02-08 03:48:09.615710,Toronto-6e52,23,68,Normal
2026-02-08 03:48:10.615710,Toronto-6e52,-29,52,Normal
2026-02-08 03:48:11.615710,Toronto-6e52,4,38,Normal
2026-02-08 03:48:12.615710,Toronto-6e52,14,92,Normal
2026-02-08 03:48:13.615710,Toronto-6e52,41,75,Normal
2026-02-08 03:48:14.615710,Toronto-6e52,24,34,Normal
2026-02-08 03:48:15.615710,Toronto-6e52,43,14,Normal
2026-02-08 03:48:16.615710,Toronto-6e52,20,43,Normal
2026-02-08 03:48:17.615710,Toronto-6e52,18,8,Normal
2026-02-08 03:48:18.615710,Toronto-6e52,-7,98,Normal
2026-02-08 03:48:19.615710,Toronto-6e52,9,89,Normal
2026-02-08 03:48:20.615710,Toronto-6e52,-24,41,Normal
2026-02-08 03:48:21.615710,Toronto-6e52,2,22,Normal
2026-02-08 03:48:22.615710,Toronto-6e52,-28,79,Normal
2026-02-08 03:48:23.615710,Toronto-6e52,-25,34,Normal
2026-02-08 03:48:24.615710,Toronto-6e52,45,84,Normal
2026-02-08 03:48:25.615710,Toronto-6e52,-28,18,Normal
2026-02-08 03:48:26.615710,Toronto-6e52,10,18,Normal
2026-02-08 03:48:27.615710,Toronto-6e52,19,68,Normal
2026-02-08 03:48:28.615710,Toronto-6e52,4,44,Normal
2026-02-08 03:48:29.615710,Toronto-6e52,20,93,Normal
2026-02-08 03:48:30.615710,Toronto-6e52,-22,37,Normal
2026-02-08 03:48:31.615710,Toronto-6e52,27,98,Normal
2026-02-08 03:48:32.615710,Toronto-6e52,14,82,Normal
2026-02-08 03:48:33.615710,Toronto-6e52,49,91,Normal
2026-02-08 03:48:34.615710,Toronto-6e52,2,17,Normal
2026-02-08 03:48:35.615710,Toronto-6e52,47,80,Normal
2026-02-08 03:48:36.615710,Toronto-6e52,9,95,Normal
2026-02-08 03:48:37.615710,Toronto-6e52,21,33,Normal
2026-02-08 03:48:38.615710,Toronto-6e52,24,50,Normal
2026-02-08 03:48:39.615710,Toronto-6e52,13,79,Normal
2026-02-08 03:48:40.615710,Toronto-6e52,13,31,Normal
2026-02-08 03:48:41.615710,Toronto-6e52,-19,52,Normal
2026-02-08 03:48:42.615710,Toronto-6e52,45,56,Normal
2026-02-08 03:48:43.615710,Toronto-6e52,29,21,Normal
2026-02-08 03:48:44.615710,Toronto-6e52,17,16,Normal
2026-02-08 03:48:45.615710,Toronto-6e52,-27,54,Normal
2026-02-08 03:48:46.615710,Toronto-6e52,-10,8,Normal
2026-02-08 03:48:47.615710,Toronto-6e52,8,76,Normal
2026-02-08 03:48:48.615710,Toronto-6e52,-13,56,Normal
2026-02-08 03:48:49.615710,Toronto-6e52,25,43,Normal
2026-02-08 03:48:50.615710,Toronto-6e52,1,83,Normal
2026-02-08 03:48:51.615710,Toronto-6e52,-25,53,Normal
2026-02-08 03:48:52.615710,Toronto-6e52,14,46,Normal
2026-02-08 03:48:53.615710,Toronto-6e52,22,0,Normal
2026-02-08 03:48:54.615710,Toronto-6e52,26,14,Normal
2026-02-08 03:48:55.615710,Toronto-6e52,41,82,Normal
2026-02-08 03:48:56.615710,Toronto-6e52,-24,77,Normal
2026-02-08 03:48:57.615710,Toronto-6e52,24,80,Normal
2026-02-08 03:48:58.615710,Toronto-6e52,39,74,Normal
2026-02-08 03:48:59.615710,Toronto-6e52,-1,12,Normal
2026-02-08 03:49:00.615710,Toronto-6e52,24,46,Normal
2026-02-08 03:49:01.615710,Toronto-6e52,-29,57,Normal
2026-02-08 03:49:02.615710,Toronto-6e52,6,94,Normal
2026-02-08 03:49:03.615710,Toronto-6e52,26,24,Normal
2026-02-08 03:49:04.615710,Toronto-6e52,13,15,Normal
2026-02-08 03:49:05.615710,Toronto-6e52,30,58,Normal
2026-02-08 03:49:06.615710,Toronto-6e52,-14,28,Normal
2026-02-08 03:49:07.615710,Toronto-6e52,-4,94,Normal
2026-02-08 03:49:08.615710,Toronto-6e52,14,98,Normal
2026-02-08 03:49:09.615710,Toronto-6e52,-6,11,Normal
2026-02-08 03:49:10.615710,Toronto-6e52,27,60,Normal
2026-02-08 03:49:11.615710,Toronto-6e52,-9,60,Normal
2026-02-08 03:49:12.615710,Toronto-6e52,-28,82,Normal
2026-02-08 03:49:13.615710,Toronto-6e52,18,62,Normal
2026-02-08 03:49:14.615710,Toronto-6e52,46,28,Normal
2026-02-08 03:49:15.615710,Toronto-6e52,4,29,Normal
2026-02-08 03:49:16.615710,Toronto-6e52,-4,84,Normal
2026-02-08 03:49:17.615710,Toronto-6e52,15,66,Normal
2026-02-08 03:49:18.615710,Toronto-6e52,-17,39,Normal
2026-02-08 03:49:19.615710,Toronto-6e52,17,3,Normal
2026-02-08 03:49:20.615710,Toronto-6e52,37,59,Normal
2026-02-08 03:49:21.615710,Toronto-6e52,-14,52,Normal
2026-02-08 03:49:22.615710,Toronto-6e52,48,85,Normal
2026-02-08 03:49:23.615710,Toronto-6e52,1,16,Normal
2026-02-08 03:49:24.615710,Toronto-6e52,-7,95,Normal
2026-02-08 03:49:25.615710,Toronto-6e52,17,36,Normal
2026-02-08 03:49:26.615710,Toronto-6e52,50,34,Normal
2026-02-08 03:49:27.615710,Toronto-6e52,44,23,Normal
2026-02-08 03:49:28.615710,Toronto-6e52,32,43,Normal
2026-02-08 03:49:29.615710,Toronto-6e52,21,77,Normal
2026-02-08 03:49:30.615710,Toronto-6e52,15,29,Normal
2026-02-08 03:49:31.615710,Toronto-6e52,39,32,Normal
2026-02-08 03:49:32.615710,Toronto-6e52,38,39,Normal
2026-02-08 03:49:33.615710,Toronto-6e52,-29,51,Normal
2026-02-08 03:49:34.615710,Toronto-6e52,4,9,Normal
2026-02-08 03:49:35.615710,Toronto-6e52,-16,37,Normal
2026-02-08 03:49:36.615710,Toronto-6e52,48,57,Normal
2026-02-08 03:49:37.615710,Toronto-6e52,-13,38,Normal
2026-02-08 03:49:38.615710,Toronto-6e52,0,43,Normal
2026-02-08 03:49:39.615710,Toronto-6e52,40,11,Normal
2026-02-08 03:49:40.615710,Toronto-6e52,39,33,Normal
2026-02-08 03:49:41.615710,Toronto-6e52,10,25,Normal
2026-02-08 03:49:42.615710,Toronto-6e52,12,94,Normal
2026-02-08 03:49:43.615710,Toronto-6e52,32,26,Normal
2026-02-08 03:49:44.615710,Toronto-6e52,16,35,Normal
2026-02-08 03:49:45.615710,Toronto-6e52,-3,19,Normal
2026-02-08 03:49:46.615710,Toronto-6e52,-5,86,Normal
2026-02-08 03:49:47.615710,Toronto-6e52,30,7,Normal
2026-02-08 03:49:48.615710,Toronto-6e52,37,79,Normal
2026-02-08 03:49:49.615710,Toronto-6e52,-29,29,Normal
2026-02-08 03:49:50.615710,Toronto-6e52,29,98,Normal
2026-02-08 03:49:51.615710,Toronto-6e52,-23,72,Normal
2026-02-08 03:49:52.615710,Toronto-6e52,-15,40,Normal
2026-02-08 03:49:53.615710,Toronto-6e52,50,21,Normal
2026-02-08 03:49:54.615710,Toronto-6e52,-6,58,Normal
2026-02-08 03:49:55.615710,Toronto-6e52,16,90,Normal
2026-02-08 03:49:56.615710,Toronto-6e52,48,40,Normal
2026-02-08 03:49:57.615710,Toronto-6e52,-29,64,Normal
2026-02-08 03:49:58.615710,Toronto-6e52,-29,93,Normal
2026-02-08 03:49:59.615710,Toronto-6e52,36,56,Normal
2026-02-08 03:50:00.615710,Toronto-6e52,14,13,Normal
2026-02-08 03:50:01.615710,Toronto-6e52,41,0,Normal
2026-02-08 03:50:02.615710,Toronto-6e52,-8,65,Normal
2026-02-08 03:50:03.615710,Toronto-6e52,-24,4,Normal
2026-02-08 03:50:04.615710,Toronto-6e52,-6,49,Normal
2026-02-08 03:50:05.615710,Toronto-6e52,32,36,Normal
2026-02-08 03:50:06.615710,Toronto-6e52,29,95,Normal
2026-02-08 03:50:07.615710,Toronto-6e52,41,11,Normal
2026-02-08 03:50:08.615710,Toronto-6e52,-19,34,Normal
2026-02-08 03:50:09.615710,Toronto-6e52,10,49,Normal
2026-02-08 03:50:10.615710,Toronto-6e52,-1,72,Normal
2026-02-08 03:50:11.615710,Toronto-6e52,-24,6,Normal
2026-02-08 03:50:12.615710,Toronto-6e52,26,67,Normal
2026-02-08 03:50:13.615710,Toronto-6e52,15,58,Normal
2026-02-08 03:50:14.615710,Toronto-6e52,42,80,Normal
2026-02-08 03:50:15.615710,Toronto-6e52,21,75,Normal
2026-02-08 03:50:16.615710,Toronto-6e52,-2,54,Normal
2026-02-08 03:50:17.615710,Toronto-6e52,9,18,Normal
2026-02-08 03:50:18.615710,Toronto-6e52,17,77,Normal
2026-02-08 03:50:19.615710,Toronto-6e52,17,27,Normal
2026-02-08 03:50:20.615710,Toronto-6e52,28,80,Normal
2026-02-08 03:50:21.615710,Toronto-6e52,41,14,Normal
2026-02-08 03:50:22.615710,Toronto-6e52,-25,64,Normal
2026-02-08 03:50:23.615710,Toronto-6e52,17,19,Normal
2026-02-08 03:50:24.615710,Toronto-6e52,44,56,Normal
2026-02-08 03:50:25.615710,Toronto-6e52,3,17,Normal
2026-02-08 03:50:26.615710,Toronto-6e52,38,48,Normal
2026-02-08 03:50:27.615710,Toronto-6e52,18,50,Normal
2026-02-08 03:50:28.615710,Toronto-6e52,-7,77,Normal
2026-02-08 03:50:29.615710,Toronto-6e52,7,60,Normal
2026-02-08 03:50:30.615710,Toronto-6e52,16,80,Normal
2026-02-08 03:50:31.615710,Toronto-6e52,-25,21,Normal
2026-02-08 03:50:32.615710,Toronto-6e52,27,37,Normal
2026-02-08 03:50:33.615710,Toronto-6e52,-9,73,Normal
2026-02-08 03:50:34.615710,Toronto-6e52,-27,91,Normal
2026-02-08 03:50:35.615710,Toronto-6e52,-16,77,Normal
2026-02-08 03:50:36.615710,Toronto-6e52,-3,44,Normal
2026-02-08 03:50:37.615710,Toronto-6e52,-2,78,Normal
2026-02-08 03:50:38.615710,Toronto-6e52,-30,80,Normal
2026-02-08 03:50:39.615710,Toronto-6e52,4,9,Normal
2026-02-08 03:50:40.615710,Toronto-6e52,13,38,Normal
2026-02-08 03:50:41.615710,Toronto-6e52,1,87,Normal
2026-02-08 03:50:42.615710,Toronto-6e52,22,64,Normal
2026-02-08 03:50:43.615710,Toronto-6e52,43,16,Normal
2026-02-08 03:50:44.615710,Toronto-6e52,-12,65,Normal
2026-02-08 03:50:45.615710,Toronto-6e52,-18,54,Normal
2026-02-08 03:50:46.615710,Toronto-6e52,50,89,Normal
2026-02-08 03:50:47.615710,Toronto-6e52,-28,0,Normal
2026-02-08 03:50:48.615710,Toronto-6e52,13,24,Normal
2026-02-08 03:50:49.615710,Toronto-6e52,-6,95,Normal
2026-02-08 03:50:50.615710,Toronto-6e52,4,49,Normal
2026-02-08 03:50:51.615710,Toronto-6e52,36,29,Normal
2026-02-08 03:50:52.615710,Toronto-6e52,-7,75,Normal
2026-02-08 03:50:53.615710,Toronto-6e52,-11,8,Normal
2026-02-08 03:50:54.615710,Toronto-6e52,14,58,Normal
2026-02-08 03:50:55.615710,Toronto-6e52,-10,1,Normal
2026-02-08 03:50:56.615710,Toronto-6e52,-9,37,Normal
2026-02-08 03:50:57.615710,Toronto-6e52,-4,80,Normal
2026-02-08 03:50:58.615710,Toronto-6e52,11,62,Normal
2026-02-08 03:50:59.615710,Toronto-6e52,30,27,Normal
2026-02-08 03:51:00.615710,Toronto-6e52,50,31,Normal
2026-02-08 03:51:01.615710,Toronto-6e52,28,50,Normal
2026-02-08 03:51:02.615710,Toronto-6e52,34,97,Normal
2026-02-08 03:51:03.615710,Toronto-6e52,-13,32,Normal
2026-02-08 03:51:04.615710,Toronto-6e52,25,35,Normal
2026-02-08 03:51:05.615710,Toronto-6e52,-17,29,Normal
2026-02-08 03:51:06.615710,Toronto-6e52,-2,23,Normal
2026-02-08 03:51:07.615710,Toronto-6e52,23,11,Normal
2026-02-08 03:51:08.615710,Toronto-6e52,16,39,Normal
2026-02-08 03:51:09.615710,Toronto-6e52,-29,56,Normal
2026-02-08 03:51:10.615710,Toronto-6e52,31,71,Normal
2026-02-08 03:51:11.615710,Toronto-6e52,29,41,Normal
2026-02-08 03:51:12.615710,Toronto-6e52,5,28,Normal
2026-02-08 03:51:13.615710,Toronto-6e52,-10,38,Normal
2026-02-08 03:51:14.615710,Toronto-6e52,-5,70,Normal
2026-02-08 03:51:15.615710,Toronto-6e52,45,70,Normal
2026-02-08 03:51:16.615710,Toronto-6e52,-20,75,Normal
2026-02-08 03:51:17.615710,Toronto-6e52,-11,46,Normal
2026-02-08 03:51:18.615710,Toronto-6e52,42,84,Normal
2026-02-08 03:51:19.615710,Toronto-6e52,-24,9,Normal
2026-02-08 03:51:20.615710,Toronto-6e52,-27,7,Normal
2026-02-08 03:51:21.615710,Toronto-6e52,49,55,Normal
2026-02-08 03:51:22.615710,Toronto-6e52,21,69,Normal
2026-02-08 03:51:23.615710,Toronto-6e52,-20,89,Normal
2026-02-08 03:51:24.615710,Toronto-6e52,31,69,Normal
2026-02-08 03:51:25.615710,Toronto-6e52,-5,44,Normal
2026-02-08 03:51:26.615710,Toronto-6e52,8,69,Normal
2026-02-08 03:51:27.615710,Toronto-6e52,6,69,Normal
2026-02-08 03:51:28.615710,Toronto-6e52,46,77,Normal
2026-02-08 03:51:29.615710,Toronto-6e52,25,53,Normal
2026-02-08 03:51:30.615710,Toronto-6e52,32,72,Normal
2026-02-08 03:51:31.615710,Toronto-6e52,-27,65,Normal
2026-02-08 03:51:32.615710,Toronto-6e52,-2,37,Normal
2026-02-08 03:51:33.615710,Toronto-6e52,40,9,Normal
2026-02-08 03:51:34.615710,Toronto-6e52,-8,59,Normal
2026-02-08 03:51:35.615710,Toronto-6e52,-1,11,Normal
2026-02-08 03:51:36.615710,Toronto-6e52,-18,56,Normal
2026-02-08 03:51:37.615710,Toronto-6e52,-4,68,Normal
2026-02-08 03:51:38.615710,Toronto-6e52,-30,33,Normal
2026-02-08 03:51:39.615710,Toronto-6e52,8,23,Normal
2026-02-08 03:51:40.615710,Toronto-6e52,-23,76,Normal
2026-02-08 03:51:41.615710,Toronto-6e52,-19,96,Normal
2026-02-08 03:51:42.615710,Toronto-6e52,-8,52,Normal
2026-02-08 03:51:43.615710,Toronto-6e52,6,1,Normal
2026-02-08 03:51:44.615710,Toronto-6e52,49,12,Normal
2026-02-08 03:51:45.615710,Toronto-6e52,25,61,Normal
2026-02-08 03:51:46.615710,Toronto-6e52,30,7,Normal
2026-02-08 03:51:47.615710,Toronto-6e52,9,30,Normal
2026-02-08 03:51:48.615710,Toronto-6e52,44,46,Normal
2026-02-08 03:51:49.615710,Toronto-6e52,32,74,Normal
2026-02-08 03:51:50.615710,Toronto-6e52,32,21,Normal
2026-02-08 03:51:51.615710,Toronto-6e52,-18,56,Normal
2026-02-08 03:51:52.615710,Toronto-6e52,22,97,Normal
2026-02-08 03:51:53.615710,Toronto-6e52,-26,52,Normal
2026-02-08 03:51:54.615710,Toronto-6e52,13,65,Normal
2026-02-08 03:51:55.615710,Toronto-6e52,-26,22,Normal
2026-02-08 03:51:56.615710,Toronto-6e52,41,96,Normal
2026-02-08 03:51:57.615710,Toronto-6e52,37,78,Normal
2026-02-08 03:51:58.615710,Toronto-6e52,25,82,Normal
2026-02-08 03:51:59.615710,Toronto-6e52,-16,15,Normal
2026-02-08 03:52:00.615710,Toronto-6e52,-23,30,Normal
2026-02-08 03:52:01.615710,Toronto-6e52,37,26,Normal
2026-02-08 03:52:02.615710,Toronto-6e52,-18,56,Normal
2026-02-08 03:52:03.615710,Toronto-6e52,43,88,Normal
2026-02-08 03:52:04.615710,Toronto-6e52,46,38,Normal
2026-02-08 03:52:05.615710,Toronto-6e52,-15,47,Normal
2026-02-08 03:52:06.615710,Toronto-6e52,26,60,Normal
2026-02-08 03:52:07.615710,Toronto-6e52,42,27,Normal
2026-02-08 03:52:08.615710,Toronto-6e52,-25,85,Normal
2026-02-08 03:52:09.615710,Toronto-6e52,-3,39,Normal
2026-02-08 03:52:10.615710,Toronto-6e52,9,77,Normal
2026-02-08 03:52:11.615710,Toronto-6e52,-15,90,Normal
2026-02-08 03:52:12.615710,Toronto-6e52,3,91,Normal
2026-02-08 03:52:13.615710,Toronto-6e52,-13,89,Normal
2026-02-08 03:52:14.615710,Toronto-6e52,40,59,Normal
2026-02-08 03:52:15.615710,Toronto-6e52,34,63,Normal
2026-02-08 03:52:16.615710,Toronto-6e52,-2,59,Normal
2026-02-08 03:52:17.615710,Toronto-6e52,-9,73,Normal
2026-02-08 03:52:18.615710,Toronto-6e52,20,46,Normal
2026-02-08 03:52:19.615710,Toronto-6e52,-2,76,Normal
2026-02-08 03:52:20.615710,Toronto-6e52,27,43,Normal
2026-02-08 03:52:21.615710,Toronto-6e52,15,95,Normal
2026-02-08 03:52:22.615710,Toronto-6e52,-28,17,Normal
2026-02-08 03:52:23.615710,Toronto-6e52,28,22,Normal
2026-02-08 03:52:24.615710,Toronto-6e52,37,90,Normal
2026-02-08 03:52:25.615710,Toronto-6e52,-11,7,Normal
2026-02-08 03:52:26.615710,Toronto-6e52,41,31,Normal
2026-02-08 03:52:27.615710,Toronto-6e52,15,44,Normal
2026-02-08 03:52:28.615710,Toronto-6e52,31,60,Normal
2026-02-08 03:52:29.615710,Toronto-6e52,5,57,Normal
2026-02-08 03:52:30.615710,Toronto-6e52,10,61,Normal
2026-02-08 03:52:31.615710,Toronto-6e52,32,91,Normal
2026-02-08 03:52:32.615710,Toronto-6e52,-18,7,Normal
2026-02-08 03:52:33.615710,Toronto-6e52,19,49,Normal
2026-02-08 03:52:34.615710,Toronto-6e52,2,75,Normal
2026-02-08 03:52:35.615710,Toronto-6e52,49,4,Normal
2026-02-08 03:52:36.615710,Toronto-6e52,-30,17,Normal
2026-02-08 03:52:37.615710,Toronto-6e52,21,7,Normal
2026-02-08 03:52:38.615710,Toronto-6e52,6,32,Normal
2026-02-08 03:52:39.615710,Toronto-6e52,32,75,Normal
2026-02-08 03:52:40.615710,Toronto-6e52,10,36,Normal
2026-02-08 03:52:41.615710,Toronto-6e52,8,34,Normal
2026-02-08 03:52:42.615710,Toronto-6e52,30,42,Normal
2026-02-08 03:52:43.615710,Toronto-6e52,-7,39,Normal
2026-02-08 03:52:44.615710,Toronto-6e52,-17,58,Normal
2026-02-08 03:52:45.615710,Toronto-6e52,12,8,Normal
2026-02-08 03:52:46.615710,Toronto-6e52,45,18,Normal
2026-02-08 03:52:47.615710,Toronto-6e52,-12,93,Normal
2026-02-08 03:52:48.615710,Toronto-6e52,26,25,Normal
2026-02-08 03:52:49.615710,Toronto-6e52,8,67,Normal
2026-02-08 03:52:50.615710,Toronto-6e52,34,76,Normal
2026-02-08 03:52:51.615710,Toronto-6e52,17,36,Normal
2026-02-08 03:52:52.615710,Toronto-6e52,-27,87,Normal
2026-02-08 03:52:53.615710,Toronto-6e52,20,71,Normal
2026-02-08 03:52:54.615710,Toronto-6e52,2,50,Normal
2026-02-08 03:52:55.615710,Toronto-6e52,32,21,Normal
2026-02-08 03:52:56.615710,Toronto-6e52,-2,87,Normal
2026-02-08 03:52:57.615710,Toronto-6e52,-15,75,Normal
2026-02-08 03:52:58.615710,Toronto-6e52,0,81,Normal
2026-02-08 03:52:59.615710,Toronto-6e52,38,89,Normal
2026-02-08 03:53:00.615710,Toronto-6e52,-26,59,Normal
2026-02-08 03:53:01.615710,Toronto-6e52,32,25,Normal
2026-02-08 03:53:02.615710,Toronto-6e52,-24,32,Normal
2026-02-08 03:53:03.615710,Toronto-6e52,-26,9,Normal
2026-02-08 03:53:04.615710,Toronto-6e52,14,79,Normal
2026-02-08 03:53:05.615710,Toronto-6e52,-3,27,Normal
2026-02-08 03:53:06.615710,Toronto-6e52,-25,60,Normal
2026-02-08 03:53:07.615710,Toronto-6e52,31,14,Normal
2026-02-08 03:53:08.615710,Toronto-6e52,20,11,Normal
2026-02-08 03:53:09.615710,Toronto-6e52,15,31,Normal
2026-02-08 03:53:10.615710,Toronto-6e52,-15,93,Normal
2026-02-08 03:53:11.615710,Toronto-6e52,17,19,Normal
2026-02-08 03:53:12.615710,Toronto-6e52,15,45,Normal
2026-02-08 03:53:13.615710,Toronto-6e52,-15,94,Normal
2026-02-08 03:53:14.615710,Toronto-6e52,1,38,Normal
2026-02-08 03:53:15.615710,Toronto-6e52,18,4,Normal
2026-02-08 03:53:16.615710,Toronto-6e52,-21,77,Normal
2026-02-08 03:53:17.615710,Toronto-6e52,28,32,Normal
2026-02-08 03:53:18.615710,Toronto-6e52,-21,90,Normal
2026-02-08 03:53:19.615710,Toronto-6e52,2,64,Normal
2026-02-08 03:53:20.615710,Toronto-6e52,8,67,Normal
2026-02-08 03:53:21.615710,Toronto-6e52,40,55,Normal
2026-02-08 03:53:22.615710,Toronto-6e52,28,91,Normal
2026-02-08 03:53:23.615710,Toronto-6e52,14,37,Normal
2026-02-08 03:53:24.615710,Toronto-6e52,-5,40,Normal
2026-02-08 03:53:25.615710,Toronto-6e52,-13,86,Normal
2026-02-08 03:53:26.615710,Toronto-6e52,10,27,Normal
2026-02-08 03:53:27.615710,Toronto-6e52,20,28,Normal
2026-02-08 03:53:28.615710,Toronto-6e52,19,49,Normal
2026-02-08 03:53:29.615710,Toronto-6e52,-13,99,Normal
2026-02-08 03:53:30.615710,Toronto-6e52,44,48,Normal
2026-02-08 03:53:31.615710,Toronto-6e52,21,99,Normal
2026-02-08 03:53:32.615710,Toronto-6e52,35,86,Normal
2026-02-08 03:53:33.615710,Toronto-6e52,44,90,Normal
2026-02-08 03:53:34.615710,Toronto-6e52,37,63,Normal
2026-02-08 03:53:35.615710,Toronto-6e52,13,21,Normal
2026-02-08 03:53:36.615710,Toronto-6e52,39,19,Normal
2026-02-08 03:53:37.615710,Toronto-6e52,10,80,Normal
2026-02-08 03:53:38.615710,Toronto-6e52,-23,54,Normal
2026-02-08 03:53:39.615710,Toronto-6e52,2,91,Normal
2026-02-08 03:53:40.615710,Toronto-6e52,-29,44,Normal
2026-02-08 03:53:41.615710,Toronto-6e52,44,64,Normal
2026-02-08 03:53:42.615710,Toronto-6e52,37,50,Normal
2026-02-08 03:53:43.615710,Toronto-6e52,41,1,Normal
2026-02-08 03:53:44.615710,Toronto-6e52,32,4,Normal
2026-02-08 03:53:45.615710,Toronto-6e52,29,50,Normal
2026-02-08 03:53:46.615710,Toronto-6e52,-12,29,Normal
2026-02-08 03:53:47.615710,Toronto-6e52,-12,80,Normal
2026-02-08 03:53:48.615710,Toronto-6e52,-9,100,Normal
2026-02-08 03:53:49.615710,Toronto-6e52,21,32,Normal
2026-02-08 03:53:50.615710,Toronto-6e52,-17,12,Normal
2026-02-08 03:53:51.615710,Toronto-6e52,14,8,Normal
2026-02-08 03:53:52.615710,Toronto-6e52,11,69,Normal
2026-02-08 03:53:53.615710,Toronto-6e52,-19,73,Normal
2026-02-08 03:53:54.615710,Toronto-6e52,-11,46,Normal
2026-02-08 03:53:55.615710,Toronto-6e52,37,28,Normal
2026-02-08 03:53:56.615710,Toronto-6e52,3,40,Normal
2026-02-08 03:53:57.615710,Toronto-6e52,-26,94,Normal
2026-02-08 03:53:58.615710,Toronto-6e52,1,46,Normal
2026-02-08 03:53:59.615710,Toronto-6e52,-26,10,Normal
2026-02-08 03:54:00.615710,Toronto-6e52,42,62,Normal
2026-02-08 03:54:01.615710,Toronto-6e52,-30,81,Normal
2026-02-08 03:54:02.615710,Toronto-6e52,27,40,Normal
2026-02-08 03:54:03.615710,Toronto-6e52,-17,91,Normal
2026-02-08 03:54:04.615710,Toronto-6e52,41,96,Normal
2026-02-08 03:54:05.615710,Toronto-6e52,16,85,Normal
2026-02-08 03:54:06.615710,Toronto-6e52,15,39,Normal
2026-02-08 03:54:07.615710,Toronto-6e52,47,68,Normal
2026-02-08 03:54:08.615710,Toronto-6e52,-9,80,Normal
2026-02-08 03:54:09.615710,Toronto-6e52,15,17,Normal
2026-02-08 03:54:10.615710,Toronto-6e52,21,16,Normal
2026-02-08 03:54:11.615710,Toronto-6e52,-17,80,Normal
2026-02-08 03:54:12.615710,Toronto-6e52,-7,77,Normal
2026-02-08 03:54:13.615710,Toronto-6e52,-2,96,Normal
2026-02-08 03:54:14.615710,Toronto-6e52,41,58,Normal
2026-02-08 03:54:15.615710,Toronto-6e52,24,45,Normal
2026-02-08 03:54:16.615710,Toronto-6e52,32,75,Normal
2026-02-08 03:54:17.615710,Toronto-6e52,-7,92,Normal
2026-02-08 03:54:18.615710,Toronto-6e52,-15,28,Normal
2026-02-08 03:54:19.615710,Toronto-6e52,-9,86,Normal
2026-02-08 03:54:20.615710,Toronto-6e52,-30,20,Normal
2026-02-08 03:54:21.615710,Toronto-6e52,-3,66,Normal
2026-02-08 03:54:22.615710,Toronto-6e52,-19,87,Normal
2026-02-08 03:54:23.615710,Toronto-6e52,-29,44,Normal
2026-02-08 03:54:24.615710,Toronto-6e52,-7,43,Normal
2026-02-08 03:54:25.615710,Toronto-6e52,4,10,Normal
2026-02-08 03:54:26.615710,Toronto-6e52,6,95,Normal
2026-02-08 03:54:27.615710,Toronto-6e52,21,76,Normal
2026-02-08 03:54:28.615710,Toronto-6e52,-23,48,Normal
2026-02-08 03:54:29.615710,Toronto-6e52,-3,72,Normal
2026-02-08 03:54:30.615710,Toronto-6e52,4,15,Normal
2026-02-08 03:54:31.615710,Toronto-6e52,-13,94,Normal
2026-02-08 03:54:32.615710,Toronto-6e52,-14,21,Normal
2026-02-08 03:54:33.615710,Toronto-6e52,44,29,Normal
2026-02-08 03:54:34.615710,Toronto-6e52,25,60,Normal
2026-02-08 03:54:35.615710,Toronto-6e52,21,89,Normal
2026-02-08 03:54:36.615710,Toronto-6e52,42,18,Normal
2026-02-08 03:54:37.615710,Toronto-6e52,28,32,Normal
2026-02-08 03:54:38.615710,Toronto-6e52,-26,56,Normal
2026-02-08 03:54:39.615710,Toronto-6e52,-15,18,Normal
2026-02-08 03:54:40.615710,Toronto-6e52,-2,51,Normal
2026-02-08 03:54:41.615710,Toronto-6e52,31,80,Normal
2026-02-08 03:54:42.615710,Toronto-6e52,34,7,Normal
2026-02-08 03:54:43.615710,Toronto-6e52,40,72,Normal
2026-02-08 03:54:44.615710,Toronto-6e52,15,47,Normal
2026-02-08 03:54:45.615710,Toronto-6e52,-25,52,Normal
2026-02-08 03:54:46.615710,Toronto-6e52,-22,92,Normal
2026-02-08 03:54:47.615710,Toronto-6e52,-7,2,Normal
2026-02-08 03:54:48.615710,Toronto-6e52,16,66,Normal
2026-02-08 03:54:49.615710,Toronto-6e52,23,18,Normal
2026-02-08 03:54:50.615710,Toronto-6e52,10,31,Normal
2026-02-08 03:54:51.615710,Toronto-6e52,-9,69,Normal
2026-02-08 03:54:52.615710,Toronto-6e52,30,7,Normal
2026-02-08 03:54:53.615710,Toronto-6e52,-7,59,Normal
2026-02-08 03:54:54.615710,Toronto-6e52,-4,36,Normal
2026-02-08 03:54:55.615710,Toronto-6e52,45,58,Normal
2026-02-08 03:54:56.615710,Toronto-6e52,47,37,Normal
2026-02-08 03:54:57.615710,Toronto-6e52,-4,41,Normal
2026-02-08 03:54:58.615710,Toronto-6e52,8,51,Normal
2026-02-08 03:54:59.615710,Toronto-6e52,45,63,Normal
2026-02-08 03:55:00.615710,Toronto-6e52,-3,36,Normal
2026-02-08 03:55:01.615710,Toronto-6e52,-8,3,Normal
2026-02-08 03:55:02.615710,Toronto-6e52,-13,76,Normal
2026-02-08 03:55:03.615710,Toronto-6e52,49,59,Normal
2026-02-08 03:55:04.615710,Toronto-6e52,40,69,Normal
2026-02-08 03:55:05.615710,Toronto-6e52,8,73,Normal
2026-02-08 03:55:06.615710,Toronto-6e52,19,7,Normal
2026-02-08 03:55:07.615710,Toronto-6e52,31,98,Normal
2026-02-08 03:55:08.615710,Toronto-6e52,-26,54,Normal
2026-02-08 03:55:09.615710,Toronto-6e52,14,82,Normal
2026-02-08 03:55:10.615710,Toronto-6e52,-2,96,Normal
2026-02-08 03:55:11.615710,Toronto-6e52,32,100,Normal
2026-02-08 03:55:12.615710,Toronto-6e52,-6,35,Normal
2026-02-08 03:55:13.615710,Toronto-6e52,-14,68,Normal
2026-02-08 03:55:14.615710,Toronto-6e52,41,14,Normal
2026-02-08 03:55:15.615710,Toronto-6e52,8,88,Normal
2026-02-08 03:55:16.615710,Toronto-6e52,17,22,Normal
2026-02-08 03:55:17.615710,Toronto-6e52,-24,38,Normal
2026-02-08 03:55:18.615710,Toronto-6e52,-10,29,Normal
2026-02-08 03:55:19.615710,Toronto-6e52,13,13,Normal
2026-02-08 03:55:20.615710,Toronto-6e52,1,87,Normal
2026-02-08 03:55:21.615710,Toronto-6e52,-11,5,Normal
2026-02-08 03:55:22.615710,Toronto-6e52,13,25,Normal
2026-02-08 03:55:23.615710,Toronto-6e52,10,20,Normal
2026-02-08 03:55:24.615710,Toronto-6e52,14,6,Normal
2026-02-08 03:55:25.615710,Toronto-6e52,-28,20,Normal
2026-02-08 03:55:26.615710,Toronto-6e52,33,4,Normal
2026-02-08 03:55:27.615710,Toronto-6e52,17,46,Normal
2026-02-08 03:55:28.615710,Toronto-6e52,-11,87,Normal
2026-02-08 03:55:29.615710,Toronto-6e52,2,24,Normal
2026-02-08 03:55:30.615710,Toronto-6e52,45,76,Normal
2026-02-08 03:55:31.615710,Toronto-6e52,12,36,Normal
2026-02-08 03:55:32.615710,Toronto-6e52,38,31,Normal
2026-02-08 03:55:33.615710,Toronto-6e52,-10,96,Normal
2026-02-08 03:55:34.615710,Toronto-6e52,-14,49,Normal
2026-02-08 03:55:35.615710,Toronto-6e52,-22,80,Normal
2026-02-08 03:55:36.615710,Toronto-6e52,29,33,Normal
2026-02-08 03:55:37.615710,Toronto-6e52,33,87,Normal
2026-02-08 03:55:38.615710,Toronto-6e52,-8,95,Normal
2026-02-08 03:55:39.615710,Toronto-6e52,17,23,Normal
2026-02-08 03:55:40.615710,Toronto-6e52,-30,43,Normal
2026-02-08 03:55:41.615710,Toronto-6e52,13,86,Normal
2026-02-08 03:55:42.615710,Toronto-6e52,-7,52,Normal
2026-02-08 03:55:43.615710,Toronto-6e52,23,39,Normal
2026-02-08 03:55:44.615710,Toronto-6e52,25,37,Normal
2026-02-08 03:55:45.615710,Toronto-6e52,23,35,Normal
2026-02-08 03:55:46.615710,Toronto-6e52,42,29,Normal
2026-02-08 03:55:47.615710,Toronto-6e52,-29,38,Normal
2026-02-08 03:55:48.615710,Toronto-6e52,16,77,Normal
2026-02-08 03:55:49.615710,Toronto-6e52,6,57,Normal
2026-02-08 03:55:50.615710,Toronto-6e52,14,79,Normal
2026-02-08 03:55:51.615710,Toronto-6e52,26,63,Normal
2026-02-08 03:55:52.615710,Toronto-6e52,22,27,Normal
2026-02-08 03:55:53.615710,Toronto-6e52,16,21,Normal
2026-02-08 03:55:54.615710,Toronto-6e52,10,89,Normal
2026-02-08 03:55:55.615710,Toronto-6e52,40,34,Normal
2026-02-08 03:55:56.615710,Toronto-6e52,33,52,Normal
2026-02-08 03:55:57.615710,Toronto-6e52,-25,79,Normal
2026-02-08 03:55:58.615710,Toronto-6e52,-15,16,Normal
2026-02-08 03:55:59.615710,Toronto-6e52,-11,28,Normal
2026-02-08 03:56:00.615710,Toronto-6e52,37,96,Normal
2026-02-08 03:56:01.615710,Toronto-6e52,32,74,Normal
2026-02-08 03:56:02.615710,Toronto-6e52,-17,43,Normal
2026-02-08 03:56:03.615710,Toronto-6e52,17,61,Normal
2026-02-08 03:56:04.615710,Toronto-6e52,-9,88,Normal
2026-02-08 03:56:05.615710,Toronto-6e52,12,1,Normal
2026-02-08 03:56:06.615710,Toronto-6e52,-30,69,Normal
2026-02-08 03:56:07.615710,Toronto-6e52,-2,30,Normal
2026-02-08 03:56:08.615710,Toronto-6e52,22,9,Normal
2026-02-08 03:56:09.615710,Toronto-6e52,15,82,Normal
2026-02-08 03:56:10.615710,Toronto-6e52,50,68,Normal
2026-02-08 03:56:11.615710,Toronto-6e52,16,0,Normal
2026-02-08 03:56:12.615710,Toronto-6e52,16,80,Normal
2026-02-08 03:56:13.615710,Toronto-6e52,18,83,Normal
2026-02-08 03:56:14.615710,Toronto-6e52,5,57,Normal
2026-02-08 03:56:15.615710,Toronto-6e52,-27,97,Normal
2026-02-08 03:56:16.615710,Toronto-6e52,38,8,Normal
2026-02-08 03:56:17.615710,Toronto-6e52,-20,3,Normal
2026-02-08 03:56:18.615710,Toronto-6e52,28,92,Normal
2026-02-08 03:56:19.615710,Toronto-6e52,-16,86,Normal
2026-02-08 03:56:20.615710,Toronto-6e52,26,57,Normal
2026-02-08 03:56:21.615710,Toronto-6e52,-2,100,Normal
2026-02-08 03:56:22.615710,Toronto-6e52,-19,68,Normal
2026-02-08 03:56:23.615710,Toronto-6e52,8,50,Normal
2026-02-08 03:56:24.615710,Toronto-6e52,-14,40,Normal
2026-02-08 03:56:25.615710,Toronto-6e52,35,60,Normal
2026-02-08 03:56:26.615710,Toronto-6e52,36,48,Normal
2026-02-08 03:56:27.615710,Toronto-6e52,-5,95,Normal
2026-02-08 03:56:28.615710,Toronto-6e52,30,85,Normal
2026-02-08 03:56:29.615710,Toronto-6e52,10,66,Normal
2026-02-08 03:56:30.615710,Toronto-6e52,39,81,Normal
2026-02-08 03:56:31.615710,Toronto-6e52,3,12,Normal
2026-02-08 03:56:32.615710,Toronto-6e52,30,45,Normal
2026-02-08 03:56:33.615710,Toronto-6e52,-27,26,Normal
2026-02-08 03:56:34.615710,Toronto-6e52,25,43,Normal
2026-02-08 03:56:35.615710,Toronto-6e52,-3,93,Normal
2026-02-08 03:56:36.615710,Toronto-6e52,43,31,Normal
2026-02-08 03:56:37.615710,Toronto-6e52,-16,19,Normal
2026-02-08 03:56:38.615710,Toronto-6e52,-28,34,Normal
2026-02-08 03:56:39.615710,Toronto-6e52,-3,91,Normal
2026-02-08 03:56:40.615710,Toronto-6e52,-20,48,Normal
2026-02-08 03:56:41.615710,Toronto-6e52,-28,97,Normal
2026-02-08 03:56:42.615710,Toronto-6e52,31,16,Normal
2026-02-08 03:56:43.615710,Toronto-6e52,5,15,Normal
2026-02-08 03:56:44.615710,Toronto-6e52,38,96,Normal
2026-02-08 03:56:45.615710,Toronto-6e52,-15,15,Normal
2026-02-08 03:56:46.615710,Toronto-6e52,27,31,Normal
2026-02-08 03:56:47.615710,Toronto-6e52,3,98,Normal
2026-02-08 03:56:48.615710,Toronto-6e52,41,45,Normal
2026-02-08 03:56:49.615710,Toronto-6e52,-7,42,Normal
2026-02-08 03:56:50.615710,Toronto-6e52,42,59,Normal
2026-02-08 03:56:51.615710,Toronto-6e52,49,54,Normal
2026-02-08 03:56:52.615710,Toronto-6e52,-18,28,Normal
2026-02-08 03:56:53.615710,Toronto-6e52,17,18,Normal
2026-02-08 03:56:54.615710,Toronto-6e52,-29,14,Normal
2026-02-08 03:56:55.615710,Toronto-6e52,48,17,Normal
2026-02-08 03:56:56.615710,Toronto-6e52,31,31,Normal
2026-02-08 03:56:57.615710,Toronto-6e52,-8,87,Normal
2026-02-08 03:56:58.615710,Toronto-6e52,23,0,Normal
2026-02-08 03:56:59.615710,Toronto-6e52,-1,72,Normal
2026-02-08 03:57:00.615710,Toronto-6e52,13,44,Normal
2026-02-08 03:57:01.615710,Toronto-6e52,13,80,Normal
2026-02-08 03:57:02.615710,Toronto-6e52,37,24,Normal
2026-02-08 03:57:03.615710,Toronto-6e52,38,56,Normal
2026-02-08 03:57:04.615710,Toronto-6e52,6,76,Normal
2026-02-08 03:57:05.615710,Toronto-6e52,14,10,Normal
2026-02-08 03:57:06.615710,Toronto-6e52,33,39,Normal
2026-02-08 03:57:07.615710,Toronto-6e52,22,50,Normal
2026-02-08 03:57:08.615710,Toronto-6e52,43,92,Normal
2026-02-08 03:57:09.615710,Toronto-6e52,48,32,Normal
2026-02-08 03:57:10.615710,Toronto-6e52,29,24,Normal
2026-02-08 03:57:11.615710,Toronto-6e52,22,8,Normal
2026-02-08 03:57:12.615710,Toronto-6e52,36,72,Normal
2026-02-08 03:57:13.615710,Toronto-6e52,10,37,Normal
2026-02-08 03:57:14.615710,Toronto-6e52,46,68,Normal
2026-02-08 03:57:15.615710,Toronto-6e52,36,91,Normal
2026-02-08 03:57:16.615710,Toronto-6e52,-22,19,Normal
2026-02-08 03:57:17.615710,Toronto-6e52,-22,78,Normal
2026-02-08 03:57:18.615710,Toronto-6e52,-26,19,Normal
2026-02-08 03:57:19.615710,Toronto-6e52,40,19,Normal
2026-02-08 03:57:20.615710,Toronto-6e52,-27,8,Normal
2026-02-08 03:57:21.615710,Toronto-6e52,49,64,Normal
2026-02-08 03:57:22.615710,Toronto-6e52,13,60,Normal
2026-02-08 03:57:23.615710,Toronto-6e52,-28,36,Normal
2026-02-08 03:57:24.615710,Toronto-6e52,-17,52,Normal
2026-02-08 03:57:25.615710,Toronto-6e52,-20,33,Normal
2026-02-08 03:57:26.615710,Toronto-6e52,15,23,Normal
2026-02-08 03:57:27.615710,Toronto-6e52,7,78,Normal
2026-02-08 03:57:28.615710,Toronto-6e52,-22,79,Normal
2026-02-08 03:57:29.615710,Toronto-6e52,0,50,Normal
2026-02-08 03:57:30.615710,Toronto-6e52,12,46,Normal
2026-02-08 03:57:31.615710,Toronto-6e52,-21,5,Normal
2026-02-08 03:57:32.615710,Toronto-6e52,6,13,Normal
2026-02-08 03:57:33.615710,Toronto-6e52,45,9,Normal
2026-02-08 03:57:34.615710,Toronto-6e52,-7,45,Normal
2026-02-08 03:57:35.615710,Toronto-6e52,48,2,Normal
2026-02-08 03:57:36.615710,Toronto-6e52,-6,39,Normal
2026-02-08 03:57:37.615710,Toronto-6e52,-7,7,Normal
2026-02-08 03:57:38.615710,Toronto-6e52,-30,53,Normal
2026-02-08 03:57:39.615710,Toronto-6e52,4,78,Normal
2026-02-08 03:57:40.615710,Toronto-6e52,27,78,Normal
2026-02-08 03:57:41.615710,Toronto-6e52,46,84,Normal
2026-02-08 03:57:42.615710,Toronto-6e52,36,81,Normal
2026-02-08 03:57:43.615710,Toronto-6e52,7,58,Normal
2026-02-08 03:57:44.615710,Toronto-6e52,-13,15,Normal
2026-02-08 03:57:45.615710,Toronto-6e52,-14,33,Normal
2026-02-08 03:57:46.615710,Toronto-6e52,44,29,Normal
2026-02-08 03:57:47.615710,Toronto-6e52,40,29,Normal
2026-02-08 03:57:48.615710,Toronto-6e52,20,40,Normal
2026-02-08 03:57:49.615710,Toronto-6e52,26,89,Normal
2026-02-08 03:57:50.615710,Toronto-6e52,3,73,Normal
2026-02-08 03:57:51.615710,Toronto-6e52,32,60,Normal
2026-02-08 03:57:52.615710,Toronto-6e52,50,90,Normal
2026-02-08 03:57:53.615710,Toronto-6e52,-13,94,Normal
2026-02-08 03:57:54.615710,Toronto-6e52,46,4,Normal
2026-02-08 03:57:55.615710,Toronto-6e52,-2,63,Normal
2026-02-08 03:57:56.615710,Toronto-6e52,9,71,Normal
2026-02-08 03:57:57.615710,Toronto-6e52,-15,14,Normal
2026-02-08 03:57:58.615710,Toronto-6e52,-9,53,Normal
2026-02-08 03:57:59.615710,Toronto-6e52,50,52,Normal
2026-02-08 03:58:00.615710,Toronto-6e52,-17,81,Normal
2026-02-08 03:58:01.615710,Toronto-6e52,-5,68,Normal
2026-02-08 03:58:02.615710,Toronto-6e52,33,45,Normal
2026-02-08 03:58:03.615710,Toronto-6e52,33,50,Normal
2026-02-08 03:58:04.615710,Toronto-6e52,30,43,Normal
2026-02-08 03:58:05.615710,Toronto-6e52,-4,42,Normal
2026-02-08 03:58:06.615710,Toronto-6e52,17,97,Normal
2026-02-08 03:58:07.615710,Toronto-6e52,16,75,Normal
2026-02-08 03:58:08.615710,Toronto-6e52,1,13,Normal
2026-02-08 03:58:09.615710,Toronto-6e52,-25,16,Normal
2026-02-08 03:58:10.615710,Toronto-6e52,25,51,Normal
2026-02-08 03:58:11.615710,Toronto-6e52,6,86,Normal
2026-02-08 03:58:12.615710,Toronto-6e52,-18,31,Normal
2026-02-08 03:58:13.615710,Toronto-6e52,49,37,Normal
2026-02-08 03:58:14.615710,Toronto-6e52,34,37,Normal
2026-02-08 03:58:15.615710,Toronto-6e52,15,74,Normal
2026-02-08 03:58:16.615710,Toronto-6e52,19,3,Normal
2026-02-08 03:58:17.615710,Toronto-6e52,-15,60,Normal
2026-02-08 03:58:18.615710,Toronto-6e52,-4,83,Normal
2026-02-08 03:58:19.615710,Toronto-6e52,-27,2,Normal
2026-02-08 03:58:20.615710,Toronto-6e52,-20,81,Normal
2026-02-08 03:58:21.615710,Toronto-6e52,49,61,Normal
2026-02-08 03:58:22.615710,Toronto-6e52,13,39,Normal
2026-02-08 03:58:23.615710,Toronto-6e52,-19,70,Normal
2026-02-08 03:58:24.615710,Toronto-6e52,-7,14,Normal
2026-02-08 03:58:25.615710,Toronto-6e52,13,66,Normal
2026-02-08 03:58:26.615710,Toronto-6e52,25,61,Normal
2026-02-08 03:58:27.615710,Toronto-6e52,-3,45,Normal
2026-02-08 03:58:28.615710,Toronto-6e52,-3,33,Normal
2026-02-08 03:58:29.615710,Toronto-6e52,28,55,Normal
2026-02-08 03:58:30.615710,Toronto-6e52,8,68,Normal
2026-02-08 03:58:31.615710,Toronto-6e52,17,88,Normal
2026-02-08 03:58:32.615710,Toronto-6e52,41,41,Normal
2026-02-08 03:58:33.615710,Toronto-6e52,-3,51,Normal
2026-02-08 03:58:34.615710,Toronto-6e52,7,100,Normal
2026-02-08 03:58:35.615710,Toronto-6e52,37,22,Normal
2026-02-08 03:58:36.615710,Toronto-6e52,37,24,Normal
2026-02-08 03:58:37.615710,Toronto-6e52,40,40,Normal
2026-02-08 03:58:38.615710,Toronto-6e52,19,95,Normal
2026-02-08 03:58:39.615710,Toronto-6e52,36,99,Normal
2026-02-08 03:58:40.615710,Toronto-6e52,-9,2,Normal
2026-02-08 03:58:41.615710,Toronto-6e52,-17,22,Normal
2026-02-08 03:58:42.615710,Toronto-6e52,50,95,Normal
2026-02-08 03:58:43.615710,Toronto-6e52,47,7,Normal
2026-02-08 03:58:44.615710,Toronto-6e52,-29,56,Normal
2026-02-08 03:58:45.615710,Toronto-6e52,44,89,Normal
2026-02-08 03:58:46.615710,Toronto-6e52,25,34,Normal
2026-02-08 03:58:47.615710,Toronto-6e52,5,83,Normal
2026-02-08 03:58:48.615710,Toronto-6e52,12,17,Normal
2026-02-08 03:58:49.615710,Toronto-6e52,30,79,Normal
2026-02-08 03:58:50.615710,Toronto-6e52,-15,19,Normal
2026-02-08 03:58:51.615710,Toronto-6e52,-30,78,Normal
2026-02-08 03:58:52.615710,Toronto-6e52,13,63,Normal
2026-02-08 03:58:53.615710,Toronto-6e52,-3,63,Normal
2026-02-08 03:58:54.615710,Toronto-6e52,38,70,Normal
2026-02-08 03:58:55.615710,Toronto-6e52,31,66,Normal
2026-02-08 03:58:56.615710,Toronto-6e52,-6,90,Normal
2026-02-08 03:58:57.615710,Toronto-6e52,28,66,Normal
2026-02-08 03:58:58.615710,Toronto-6e52,-19,98,Normal
2026-02-08 03:58:59.615710,Toronto-6e52,-22,14,Normal
2026-02-08 03:59:00.615710,Toronto-6e52,2,90,Normal
2026-02-08 03:59:01.615710,Toronto-6e52,1,59,Normal
2026-02-08 03:59:02.615710,Toronto-6e52,18,81,Normal
2026-02-08 03:59:03.615710,Toronto-6e52,25,23,Normal
2026-02-08 03:59:04.615710,Toronto-6e52,30,68,Normal
2026-02-08 03:59:05.615710,Toronto-6e52,23,73,Normal
2026-02-08 03:59:06.615710,Toronto-6e52,-11,34,Normal
2026-02-08 03:59:07.615710,Toronto-6e52,34,84,Normal
2026-02-08 03:59:08.615710,Toronto-6e52,-1,47,Normal
2026-02-08 03:59:09.615710,Toronto-6e52,18,65,Normal
2026-02-08 03:59:10.615710,Toronto-6e52,-6,51,Normal
2026-02-08 03:59:11.615710,Toronto-6e52,-17,47,Normal
2026-02-08 03:59:12.615710,Toronto-6e52,37,46,Normal
2026-02-08 03:59:13.615710,Toronto-6e52,22,48,Normal
2026-02-08 03:59:14.615710,Toronto-6e52,-12,42,Normal
2026-02-08 03:59:15.615710,Toronto-6e52,28,25,Normal
2026-02-08 03:59:16.615710,Toronto-6e52,42,74,Normal
2026-02-08 03:59:17.615710,Toronto-6e52,40,79,Normal
2026-02-08 03:59:18.615710,Toronto-6e52,-8,87,Normal
2026-02-08 03:59:19.615710,Toronto-6e52,-20,86,Normal
2026-02-08 03:59:20.615710,Toronto-6e52,32,9,Normal
2026-02-08 03:59:21.615710,Toronto-6e52,15,47,Normal
2026-02-08 03:59:22.615710,Toronto-6e52,-17,8,Normal
2026-02-08 03:59:23.615710,Toronto-6e52,-19,81,Normal
2026-02-08 03:59:24.615710,Toronto-6e52,24,80,Normal
2026-02-08 03:59:25.615710,Toronto-6e52,25,42,Normal
2026-02-08 03:59:26.615710,Toronto-6e52,-1,42,Normal
2026-02-08 03:59:27.615710,Toronto-6e52,28,54,Normal
2026-02-08 03:59:28.615710,Toronto-6e52,25,17,Normal
2026-02-08 03:59:29.615710,Toronto-6e52,15,91,Normal
2026-02-08 03:59:30.615710,Toronto-6e52,-20,30,Normal
2026-02-08 03:59:31.615710,Toronto-6e52,45,37,Normal
2026-02-08 03:59:32.615710,Toronto-6e52,-27,21,Normal
2026-02-08 03:59:33.615710,Toronto-6e52,13,1,Normal
2026-02-08 03:59:34.615710,Toronto-6e52,-28,75,Normal
2026-02-08 03:59:35.615710,Toronto-6e52,35,75,Normal
2026-02-08 03:59:36.615710,Toronto-6e52,27,35,Normal
2026-02-08 03:59:37.615710,Toronto-6e52,1,49,Normal
2026-02-08 03:59:38.615710,Toronto-6e52,30,55,Normal
2026-02-08 03:59:39.615710,Toronto-6e52,31,84,Normal
2026-02-08 03:59:40.615710,Toronto-6e52,35,84,Normal
