timestamp,station_id,temp,humid,condition
2026-02-15 16:24:07.878934,Seoul-3aec,8,67,Normal
2026-02-15 16:24:08.878934,Seoul-3aec,8,72,Normal
2026-02-15 16:24:09.878934,Seoul-3aec,-17,14,Normal
2026-02-15 16:24:10.878934,Seoul-3aec,-19,80,Normal
2026-02-15 16:24:11.878934,Seoul-3aec,18,73,Normal
2026-02-15 16:24:12.878934,Seoul-3aec,34,11,Normal
2026-02-15 16:24:13.878934,Seoul-3aec,-16,45,Normal
2026-02-15 16:24:14.878934,Seoul-3aec,5,31,Normal
2026-02-15 16:24:15.878934,Seoul-3aec,34,6,Normal
2026-02-15 16:24:16.878934,Seoul-3aec,-2,10,Normal
2026-02-15 16:24:17.878934,Seoul-3aec,-9,50,Normal
2026-02-15 16:24:18.878934,Seoul-3aec,-17,94,Normal
2026-02-15 16:24:19.878934,Seoul-3aec,-6,1,Normal
2026-02-15 16:24:20.878934,Seoul-3aec,-16,40,Normal
2026-02-15 16:24:21.878934,Seoul-3aec,-10,71,Normal
2026-02-15 16:24:22.878934,Seoul-3aec,10,13,Normal
2026-02-15 16:24:23.878934,Seoul-3aec,41,71,Normal
2026-02-15 16:24:24.878934,Seoul-3aec,7,13,Normal
2026-02-15 16:24:25.878934,Seoul-3aec,44,12,Normal
2026-02-15 16:24:26.878934,Seoul-3aec,3,13,Normal
2026-02-15 16:24:27.878934,Seoul-3aec,11,82,Normal
2026-02-15 16:24:28.878934,Seoul-3aec,15,0,Normal
2026-02-15 16:24:29.878934,Seoul-3aec,-4,48,Normal
2026-02-15 16:24:30.878934,Seoul-3aec,16,6,Normal
2026-02-15 16:24:31.878934,Seoul-3aec,0,100,Normal
2026-02-15 16:24:32.878934,Seoul-3aec,24,73,Normal
2026-02-15 16:24:33.878934,Seoul-3aec,-2,89,Normal
2026-02-15 16:24:34.878934,Seoul-3aec,-3,72,Normal
2026-02-15 16:24:35.878934,Seoul-3aec,-29,96,Normal
2026-02-15 16:24:36.878934,Seoul-3aec,10,86,Normal
2026-02-15 16:24:37.878934,Seoul-3aec,-3,44,Normal
2026-02-15 16:24:38.878934,Seoul-3aec,-22,86,Normal
2026-02-15 16:24:39.878934,Seoul-3aec,10,44,Normal
2026-02-15 16:24:40.878934,Seoul-3aec,-16,36,Normal
2026-02-15 16:24:41.878934,Seoul-3aec,6,92,Normal
2026-02-15 16:24:42.878934,Seoul-3aec,37,5,Normal
2026-02-15 16:24:43.878934,Seoul-3aec,35,29,Normal
2026-02-15 16:24:44.878934,Seoul-3aec,-16,75,Normal
2026-02-15 16:24:45.878934,Seoul-3aec,-27,37,Normal
2026-02-15 16:24:46.878934,Seoul-3aec,-4,89,Normal
2026-02-15 16:24:47.878934,Seoul-3aec,-20,37,Normal
2026-02-15 16:24:48.878934,Seoul-3aec,-8,39,Normal
2026-02-15 16:24:49.878934,Seoul-3aec,-12,7,Normal
2026-02-15 16:24:50.878934,Seoul-3aec,27,63,Normal
2026-02-15 16:24:51.878934,Seoul-3aec,18,72,Normal
2026-02-15 16:24:52.878934,Seoul-3aec,36,97,Normal
2026-02-15 16:24:53.878934,Seoul-3aec,-13,42,Normal
2026-02-15 16:24:54.878934,Seoul-3aec,3,34,Normal
2026-02-15 16:24:55.878934,Seoul-3aec,-27,98,Normal
2026-02-15 16:24:56.878934,Seoul-3aec,-18,86,Normal
2026-02-15 16:24:57.878934,Seoul-3aec,-21,15,Normal
2026-02-15 16:24:58.878934,Seoul-3aec,26,86,Normal
2026-02-15 16:24:59.878934,Seoul-3aec,45,17,Normal
2026-02-15 16:25:00.878934,Seoul-3aec,50,72,Normal
2026-02-15 16:25:01.878934,Seoul-3aec,27,60,Normal
2026-02-15 16:25:02.878934,Seoul-3aec,9,87,Normal
2026-02-15 16:25:03.878934,Seoul-3aec,-22,91,Normal
2026-02-15 16:25:04.878934,Seoul-3aec,-21,43,Normal
2026-02-15 16:25:05.878934,Seoul-3aec,-11,27,Normal
2026-02-15 16:25:06.878934,Seoul-3aec,27,48,Normal
2026-02-15 16:25:07.878934,Seoul-3aec,-26,78,Normal
2026-02-15 16:25:08.878934,Seoul-3aec,8,5,Normal
2026-02-15 16:25:09.878934,Seoul-3aec,48,99,Normal
2026-02-15 16:25:10.878934,Seoul-3aec,-13,29,Normal
2026-02-15 16:25:11.878934,Seoul-3aec,-29,85,Normal
2026-02-15 16:25:12.878934,Seoul-3aec,30,11,Normal
2026-02-15 16:25:13.878934,Seoul-3aec,31,2,Normal
2026-02-15 16:25:14.878934,Seoul-3aec,13,19,Normal
2026-02-15 16:25:15.878934,Seoul-3aec,45,52,Normal
2026-02-15 16:25:16.878934,Seoul-3aec,35,86,Normal
2026-02-15 16:25:17.878934,Seoul-3aec,36,98,Normal
2026-02-15 16:25:18.878934,Seoul-3aec,32,9,Normal
2026-02-15 16:25:19.878934,Seoul-3aec,24,81,Normal
2026-02-15 16:25:20.878934,Seoul-3aec,-10,87,Normal
2026-02-15 16:25:21.878934,Seoul-3aec,13,95,Normal
2026-02-15 16:25:22.878934,Seoul-3aec,2,83,Normal
2026-02-15 16:25:23.878934,Seoul-3aec,-21,92,Normal
2026-02-15 16:25:24.878934,Seoul-3aec,41,85,Normal
2026-02-15 16:25:25.878934,Seoul-3aec,-29,31,Normal
2026-02-15 16:25:26.878934,Seoul-3aec,-15,81,Normal
2026-02-15 16:25:27.878934,Seoul-3aec,47,93,Normal
2026-02-15 16:25:28.878934,Seoul-3aec,-10,33,Normal
2026-02-15 16:25:29.878934,Seoul-3aec,-19,83,Normal
2026-02-15 16:25:30.878934,Seoul-3aec,-6,27,Normal
2026-02-15 16:25:31.878934,Seoul-3aec,-2,71,Normal
2026-02-15 16:25:32.878934,Seoul-3aec,9,3,Normal
2026-02-15 16:25:33.878934,Seoul-3aec,-27,31,Normal
2026-02-15 16:25:34.878934,Seoul-3aec,18,15,Normal
2026-02-15 16:25:35.878934,Seoul-3aec,8,70,Normal
2026-02-15 16:25:36.878934,Seoul-3aec,17,49,Normal
2026-02-15 16:25:37.878934,Seoul-3aec,-10,80,Normal
2026-02-15 16:25:38.878934,Seoul-3aec,14,45,Normal
2026-02-15 16:25:39.878934,Seoul-3aec,-7,8,Normal
2026-02-15 16:25:40.878934,Seoul-3aec,29,80,Normal
2026-02-15 16:25:41.878934,Seoul-3aec,1,22,Normal
2026-02-15 16:25:42.878934,Seoul-3aec,-24,96,Normal
2026-02-15 16:25:43.878934,Seoul-3aec,-14,30,Normal
2026-02-15 16:25:44.878934,Seoul-3aec,-28,69,Normal
2026-02-15 16:25:45.878934,Seoul-3aec,41,11,Normal
2026-02-15 16:25:46.878934,Seoul-3aec,-2,29,Normal
2026-02-15 16:25:47.878934,Seoul-3aec,0,57,Normal
2026-02-15 16:25:48.878934,Seoul-3aec,-26,79,Normal
2026-02-15 16:25:49.878934,Seoul-3aec,17,41,Normal
2026-02-15 16:25:50.878934,Seoul-3aec,-3,79,Normal
2026-02-15 16:25:51.878934,Seoul-3aec,10,90,Normal
2026-02-15 16:25:52.878934,Seoul-3aec,40,16,Normal
2026-02-15 16:25:53.878934,Seoul-3aec,41,48,Normal
2026-02-15 16:25:54.878934,Seoul-3aec,-16,96,Normal
2026-02-15 16:25:55.878934,Seoul-3aec,41,80,Normal
2026-02-15 16:25:56.878934,Seoul-3aec,-7,22,Normal
2026-02-15 16:25:57.878934,Seoul-3aec,8,15,Normal
2026-02-15 16:25:58.878934,Seoul-3aec,10,28,Normal
2026-02-15 16:25:59.878934,Seoul-3aec,5,32,Normal
2026-02-15 16:26:00.878934,Seoul-3aec,43,32,Normal
2026-02-15 16:26:01.878934,Seoul-3aec,0,33,Normal
2026-02-15 16:26:02.878934,Seoul-3aec,10,17,Normal
2026-02-15 16:26:03.878934,Seoul-3aec,-28,56,Normal
2026-02-15 16:26:04.878934,Seoul-3aec,-17,88,Normal
2026-02-15 16:26:05.878934,Seoul-3aec,25,27,Normal
2026-02-15 16:26:06.878934,Seoul-3aec,-21,60,Normal
2026-02-15 16:26:07.878934,Seoul-3aec,48,37,Normal
2026-02-15 16:26:08.878934,Seoul-3aec,30,46,Normal
2026-02-15 16:26:09.878934,Seoul-3aec,1,0,Normal
2026-02-15 16:26:10.878934,Seoul-3aec,50,72,Normal
2026-02-15 16:26:11.878934,Seoul-3aec,36,26,Normal
2026-02-15 16:26:12.878934,Seoul-3aec,-11,67,Normal
2026-02-15 16:26:13.878934,Seoul-3aec,25,60,Normal
2026-02-15 16:26:14.878934,Seoul-3aec,-17,61,Normal
2026-02-15 16:26:15.878934,Seoul-3aec,-23,85,Normal
2026-02-15 16:26:16.878934,Seoul-3aec,-12,14,Normal
2026-02-15 16:26:17.878934,Seoul-3aec,3,43,Normal
2026-02-15 16:26:18.878934,Seoul-3aec,49,18,Normal
2026-02-15 16:26:19.878934,Seoul-3aec,-7,20,Normal
2026-02-15 16:26:20.878934,Seoul-3aec,27,100,Normal
2026-02-15 16:26:21.878934,Seoul-3aec,33,27,Normal
2026-02-15 16:26:22.878934,Seoul-3aec,34,62,Normal
2026-02-15 16:26:23.878934,Seoul-3aec,29,69,Normal
2026-02-15 16:26:24.878934,Seoul-3aec,-18,15,Normal
2026-02-15 16:26:25.878934,Seoul-3aec,7,71,Normal
2026-02-15 16:26:26.878934,Seoul-3aec,-15,56,Normal
2026-02-15 16:26:27.878934,Seoul-3aec,20,43,Normal
2026-02-15 16:26:28.878934,Seoul-3aec,41,29,Normal
2026-02-15 16:26:29.878934,Seoul-3aec,38,17,Normal
2026-02-15 16:26:30.878934,Seoul-3aec,17,77,Normal
2026-02-15 16:26:31.878934,Seoul-3aec,-26,51,Normal
2026-02-15 16:26:32.878934,Seoul-3aec,1,31,Normal
2026-02-15 16:26:33.878934,Seoul-3aec,26,80,Normal
2026-02-15 16:26:34.878934,Seoul-3aec,-7,88,Normal
2026-02-15 16:26:35.878934,Seoul-3aec,40,33,Normal
2026-02-15 16:26:36.878934,Seoul-3aec,18,15,Normal
2026-02-15 16:26:37.878934,Seoul-3aec,29,66,Normal
2026-02-15 16:26:38.878934,Seoul-3aec,-29,77,Normal
2026-02-15 16:26:39.878934,Seoul-3aec,34,84,Normal
2026-02-15 16:26:40.878934,Seoul-3aec,24,52,Normal
2026-02-15 16:26:41.878934,Seoul-3aec,20,46,Normal
2026-02-15 16:26:42.878934,Seoul-3aec,-4,49,Normal
2026-02-15 16:26:43.878934,Seoul-3aec,23,91,Normal
2026-02-15 16:26:44.878934,Seoul-3aec,41,20,Normal
2026-02-15 16:26:45.878934,Seoul-3aec,12,49,Normal
2026-02-15 16:26:46.878934,Seoul-3aec,46,0,Normal
2026-02-15 16:26:47.878934,Seoul-3aec,24,29,Normal
2026-02-15 16:26:48.878934,Seoul-3aec,34,47,Normal
2026-02-15 16:26:49.878934,Seoul-3aec,7,39,Normal
2026-02-15 16:26:50.878934,Seoul-3aec,3,99,Normal
2026-02-15 16:26:51.878934,Seoul-3aec,-29,89,Normal
2026-02-15 16:26:52.878934,Seoul-3aec,-9,11,Normal
2026-02-15 16:26:53.878934,Seoul-3aec,50,60,Normal
2026-02-15 16:26:54.878934,Seoul-3aec,-13,40,Normal
2026-02-15 16:26:55.878934,Seoul-3aec,-28,29,Normal
2026-02-15 16:26:56.878934,Seoul-3aec,46,78,Normal
2026-02-15 16:26:57.878934,Seoul-3aec,-16,7,Normal
2026-02-15 16:26:58.878934,Seoul-3aec,-14,98,Normal
2026-02-15 16:26:59.878934,Seoul-3aec,26,4,Normal
2026-02-15 16:27:00.878934,Seoul-3aec,24,36,Normal
2026-02-15 16:27:01.878934,Seoul-3aec,29,50,Normal
2026-02-15 16:27:02.878934,Seoul-3aec,14,48,Normal
2026-02-15 16:27:03.878934,Seoul-3aec,4,83,Normal
2026-02-15 16:27:04.878934,Seoul-3aec,50,96,Normal
2026-02-15 16:27:05.878934,Seoul-3aec,-28,1,Normal
2026-02-15 16:27:06.878934,Seoul-3aec,-21,1,Normal
2026-02-15 16:27:07.878934,Seoul-3aec,1,75,Normal
2026-02-15 16:27:08.878934,Seoul-3aec,0,95,Normal
2026-02-15 16:27:09.878934,Seoul-3aec,-17,97,Normal
2026-02-15 16:27:10.878934,Seoul-3aec,-1,13,Normal
2026-02-15 16:27:11.878934,Seoul-3aec,13,55,Normal
2026-02-15 16:27:12.878934,Seoul-3aec,45,49,Normal
2026-02-15 16:27:13.878934,Seoul-3aec,35,41,Normal
2026-02-15 16:27:14.878934,Seoul-3aec,45,92,Normal
2026-02-15 16:27:15.878934,Seoul-3aec,16,56,Normal
2026-02-15 16:27:16.878934,Seoul-3aec,-25,22,Normal
2026-02-15 16:27:17.878934,Seoul-3aec,21,57,Normal
2026-02-15 16:27:18.878934,Seoul-3aec,49,22,Normal
2026-02-15 16:27:19.878934,Seoul-3aec,37,85,Normal
2026-02-15 16:27:20.878934,Seoul-3aec,35,54,Normal
2026-02-15 16:27:21.878934,Seoul-3aec,-12,84,Normal
2026-02-15 16:27:22.878934,Seoul-3aec,47,38,Normal
2026-02-15 16:27:23.878934,Seoul-3aec,44,70,Normal
2026-02-15 16:27:24.878934,Seoul-3aec,-9,35,Normal
2026-02-15 16:27:25.878934,Seoul-3aec,3,57,Normal
2026-02-15 16:27:26.878934,Seoul-3aec,28,74,Normal
2026-02-15 16:27:27.878934,Seoul-3aec,32,31,Normal
2026-02-15 16:27:28.878934,Seoul-3aec,49,64,Normal
2026-02-15 16:27:29.878934,Seoul-3aec,24,49,Normal
2026-02-15 16:27:30.878934,Seoul-3aec,-30,4,Normal
2026-02-15 16:27:31.878934,Seoul-3aec,36,33,Normal
2026-02-15 16:27:32.878934,Seoul-3aec,18,86,Normal
2026-02-15 16:27:33.878934,Seoul-3aec,20,74,Normal
2026-02-15 16:27:34.878934,Seoul-3aec,26,73,Normal
2026-02-15 16:27:35.878934,Seoul-3aec,1,9,Normal
2026-02-15 16:27:36.878934,Seoul-3aec,-29,44,Normal
2026-02-15 16:27:37.878934,Seoul-3aec,8,57,Normal
2026-02-15 16:27:38.878934,Seoul-3aec,-6,50,Normal
2026-02-15 16:27:39.878934,Seoul-3aec,38,4,Normal
2026-02-15 16:27:40.878934,Seoul-3aec,-22,22,Normal
2026-02-15 16:27:41.878934,Seoul-3aec,-4,19,Normal
2026-02-15 16:27:42.878934,Seoul-3aec,3,15,Normal
2026-02-15 16:27:43.878934,Seoul-3aec,-3,26,Normal
2026-02-15 16:27:44.878934,Seoul-3aec,10,27,Normal
2026-02-15 16:27:45.878934,Seoul-3aec,38,6,Normal
2026-02-15 16:27:46.878934,Seoul-3aec,-16,48,Normal
2026-02-15 16:27:47.878934,Seoul-3aec,45,88,Normal
2026-02-15 16:27:48.878934,Seoul-3aec,29,62,Normal
2026-02-15 16:27:49.878934,Seoul-3aec,42,55,Normal
2026-02-15 16:27:50.878934,Seoul-3aec,19,24,Normal
2026-02-15 16:27:51.878934,Seoul-3aec,46,31,Normal
2026-02-15 16:27:52.878934,Seoul-3aec,-4,10,Normal
2026-02-15 16:27:53.878934,Seoul-3aec,-14,0,Normal
2026-02-15 16:27:54.878934,Seoul-3aec,4,48,Normal
2026-02-15 16:27:55.878934,Seoul-3aec,36,46,Normal
2026-02-15 16:27:56.878934,Seoul-3aec,-2,39,Normal
2026-02-15 16:27:57.878934,Seoul-3aec,27,5,Normal
2026-02-15 16:27:58.878934,Seoul-3aec,-2,88,Normal
2026-02-15 16:27:59.878934,Seoul-3aec,-1,48,Normal
2026-02-15 16:28:00.878934,Seoul-3aec,-25,61,Normal
2026-02-15 16:28:01.878934,Seoul-3aec,-1,53,Normal
2026-02-15 16:28:02.878934,Seoul-3aec,-23,75,Normal
2026-02-15 16:28:03.878934,Seoul-3aec,-6,78,Normal
2026-02-15 16:28:04.878934,Seoul-3aec,43,72,Normal
2026-02-15 16:28:05.878934,Seoul-3aec,-2,23,Normal
2026-02-15 16:28:06.878934,Seoul-3aec,29,75,Normal
2026-02-15 16:28:07.878934,Seoul-3aec,20,95,Normal
2026-02-15 16:28:08.878934,Seoul-3aec,27,63,Normal
2026-02-15 16:28:09.878934,Seoul-3aec,-26,13,Normal
2026-02-15 16:28:10.878934,Seoul-3aec,14,82,Normal
2026-02-15 16:28:11.878934,Seoul-3aec,-23,79,Normal
2026-02-15 16:28:12.878934,Seoul-3aec,36,30,Normal
2026-02-15 16:28:13.878934,Seoul-3aec,21,79,Normal
2026-02-15 16:28:14.878934,Seoul-3aec,23,0,Normal
2026-02-15 16:28:15.878934,Seoul-3aec,8,1,Normal
2026-02-15 16:28:16.878934,Seoul-3aec,20,12,Normal
2026-02-15 16:28:17.878934,Seoul-3aec,-27,98,Normal
2026-02-15 16:28:18.878934,Seoul-3aec,36,1,Normal
2026-02-15 16:28:19.878934,Seoul-3aec,31,13,Normal
2026-02-15 16:28:20.878934,Seoul-3aec,39,23,Normal
2026-02-15 16:28:21.878934,Seoul-3aec,0,32,Normal
2026-02-15 16:28:22.878934,Seoul-3aec,39,60,Normal
2026-02-15 16:28:23.878934,Seoul-3aec,6,60,Normal
2026-02-15 16:28:24.878934,Seoul-3aec,2,43,Normal
2026-02-15 16:28:25.878934,Seoul-3aec,46,65,Normal
2026-02-15 16:28:26.878934,Seoul-3aec,-26,78,Normal
2026-02-15 16:28:27.878934,Seoul-3aec,-8,68,Normal
2026-02-15 16:28:28.878934,Seoul-3aec,38,85,Normal
2026-02-15 16:28:29.878934,Seoul-3aec,42,9,Normal
2026-02-15 16:28:30.878934,Seoul-3aec,-15,46,Normal
2026-02-15 16:28:31.878934,Seoul-3aec,32,49,Normal
2026-02-15 16:28:32.878934,Seoul-3aec,3,93,Normal
2026-02-15 16:28:33.878934,Seoul-3aec,-21,50,Normal
2026-02-15 16:28:34.878934,Seoul-3aec,28,4,Normal
2026-02-15 16:28:35.878934,Seoul-3aec,-22,48,Normal
2026-02-15 16:28:36.878934,Seoul-3aec,-14,96,Normal
2026-02-15 16:28:37.878934,Seoul-3aec,-10,52,Normal
2026-02-15 16:28:38.878934,Seoul-3aec,21,39,Normal
2026-02-15 16:28:39.878934,Seoul-3aec,-11,46,Normal
2026-02-15 16:28:40.878934,Seoul-3aec,-25,21,Normal
2026-02-15 16:28:41.878934,Seoul-3aec,50,78,Normal
2026-02-15 16:28:42.878934,Seoul-3aec,11,62,Normal
2026-02-15 16:28:43.878934,Seoul-3aec,-17,9,Normal
2026-02-15 16:28:44.878934,Seoul-3aec,3,2,Normal
2026-02-15 16:28:45.878934,Seoul-3aec,24,23,Normal
2026-02-15 16:28:46.878934,Seoul-3aec,32,47,Normal
2026-02-15 16:28:47.878934,Seoul-3aec,-18,72,Normal
2026-02-15 16:28:48.878934,Seoul-3aec,41,84,Normal
2026-02-15 16:28:49.878934,Seoul-3aec,50,99,Normal
2026-02-15 16:28:50.878934,Seoul-3aec,50,79,Normal
2026-02-15 16:28:51.878934,Seoul-3aec,-12,47,Normal
2026-02-15 16:28:52.878934,Seoul-3aec,-12,93,Normal
2026-02-15 16:28:53.878934,Seoul-3aec,-28,62,Normal
2026-02-15 16:28:54.878934,Seoul-3aec,-1,35,Normal
2026-02-15 16:28:55.878934,Seoul-3aec,-8,49,Normal
2026-02-15 16:28:56.878934,Seoul-3aec,45,71,Normal
2026-02-15 16:28:57.878934,Seoul-3aec,-10,7,Normal
2026-02-15 16:28:58.878934,Seoul-3aec,44,16,Normal
2026-02-15 16:28:59.878934,Seoul-3aec,1,38,Normal
2026-02-15 16:29:00.878934,Seoul-3aec,34,55,Normal
2026-02-15 16:29:01.878934,Seoul-3aec,-8,69,Normal
2026-02-15 16:29:02.878934,Seoul-3aec,-19,41,Normal
2026-02-15 16:29:03.878934,Seoul-3aec,38,85,Normal
2026-02-15 16:29:04.878934,Seoul-3aec,-4,28,Normal
2026-02-15 16:29:05.878934,Seoul-3aec,-4,94,Normal
2026-02-15 16:29:06.878934,Seoul-3aec,-27,94,Normal
2026-02-15 16:29:07.878934,Seoul-3aec,22,52,Normal
2026-02-15 16:29:08.878934,Seoul-3aec,-24,35,Normal
2026-02-15 16:29:09.878934,Seoul-3aec,-28,13,Normal
2026-02-15 16:29:10.878934,Seoul-3aec,10,70,Normal
2026-02-15 16:29:11.878934,Seoul-3aec,21,11,Normal
2026-02-15 16:29:12.878934,Seoul-3aec,-26,31,Normal
2026-02-15 16:29:13.878934,Seoul-3aec,-3,50,Normal
2026-02-15 16:29:14.878934,Seoul-3aec,-3,79,Normal
2026-02-15 16:29:15.878934,Seoul-3aec,-4,63,Normal
2026-02-15 16:29:16.878934,Seoul-3aec,-19,59,Normal
2026-02-15 16:29:17.878934,Seoul-3aec,37,61,Normal
2026-02-15 16:29:18.878934,Seoul-3aec,15,38,Normal
2026-02-15 16:29:19.878934,Seoul-3aec,-2,53,Normal
2026-02-15 16:29:20.878934,Seoul-3aec,-17,13,Normal
2026-02-15 16:29:21.878934,Seoul-3aec,46,68,Normal
2026-02-15 16:29:22.878934,Seoul-3aec,-11,85,Normal
2026-02-15 16:29:23.878934,Seoul-3aec,-12,82,Normal
2026-02-15 16:29:24.878934,Seoul-3aec,50,10,Normal
2026-02-15 16:29:25.878934,Seoul-3aec,29,8,Normal
2026-02-15 16:29:26.878934,Seoul-3aec,-20,9,Normal
2026-02-15 16:29:27.878934,Seoul-3aec,16,46,Normal
2026-02-15 16:29:28.878934,Seoul-3aec,26,11,Normal
2026-02-15 16:29:29.878934,Seoul-3aec,33,60,Normal
2026-02-15 16:29:30.878934,Seoul-3aec,-30,8,Normal
2026-02-15 16:29:31.878934,Seoul-3aec,46,66,Normal
2026-02-15 16:29:32.878934,Seoul-3aec,-22,58,Normal
2026-02-15 16:29:33.878934,Seoul-3aec,15,89,Normal
2026-02-15 16:29:34.878934,Seoul-3aec,-3,59,Normal
2026-02-15 16:29:35.878934,Seoul-3aec,24,2,Normal
2026-02-15 16:29:36.878934,Seoul-3aec,6,15,Normal
2026-02-15 16:29:37.878934,Seoul-3aec,43,36,Normal
2026-02-15 16:29:38.878934,Seoul-3aec,-2,68,Normal
2026-02-15 16:29:39.878934,Seoul-3aec,23,35,Normal
2026-02-15 16:29:40.878934,Seoul-3aec,25,96,Normal
2026-02-15 16:29:41.878934,Seoul-3aec,-3,10,Normal
2026-02-15 16:29:42.878934,Seoul-3aec,32,43,Normal
2026-02-15 16:29:43.878934,Seoul-3aec,7,82,Normal
2026-02-15 16:29:44.878934,Seoul-3aec,33,63,Normal
2026-02-15 16:29:45.878934,Seoul-3aec,49,8,Normal
2026-02-15 16:29:46.878934,Seoul-3aec,6,8,Normal
2026-02-15 16:29:47.878934,Seoul-3aec,-8,29,Normal
2026-02-15 16:29:48.878934,Seoul-3aec,-11,91,Normal
2026-02-15 16:29:49.878934,Seoul-3aec,25,44,Normal
2026-02-15 16:29:50.878934,Seoul-3aec,-1,31,Normal
2026-02-15 16:29:51.878934,Seoul-3aec,-16,1,Normal
2026-02-15 16:29:52.878934,Seoul-3aec,-2,21,Normal
2026-02-15 16:29:53.878934,Seoul-3aec,32,28,Normal
2026-02-15 16:29:54.878934,Seoul-3aec,-9,32,Normal
2026-02-15 16:29:55.878934,Seoul-3aec,1,96,Normal
2026-02-15 16:29:56.878934,Seoul-3aec,-2,42,Normal
2026-02-15 16:29:57.878934,Seoul-3aec,-8,66,Normal
2026-02-15 16:29:58.878934,Seoul-3aec,37,13,Normal
2026-02-15 16:29:59.878934,Seoul-3aec,9,31,Normal
2026-02-15 16:30:00.878934,Seoul-3aec,3,93,Normal
2026-02-15 16:30:01.878934,Seoul-3aec,45,64,Normal
2026-02-15 16:30:02.878934,Seoul-3aec,35,17,Normal
2026-02-15 16:30:03.878934,Seoul-3aec,-12,78,Normal
2026-02-15 16:30:04.878934,Seoul-3aec,15,54,Normal
2026-02-15 16:30:05.878934,Seoul-3aec,10,73,Normal
2026-02-15 16:30:06.878934,Seoul-3aec,47,65,Normal
2026-02-15 16:30:07.878934,Seoul-3aec,-3,14,Normal
2026-02-15 16:30:08.878934,Seoul-3aec,6,70,Normal
2026-02-15 16:30:09.878934,Seoul-3aec,-24,42,Normal
2026-02-15 16:30:10.878934,Seoul-3aec,-2,20,Normal
2026-02-15 16:30:11.878934,Seoul-3aec,-20,16,Normal
2026-02-15 16:30:12.878934,Seoul-3aec,2,77,Normal
2026-02-15 16:30:13.878934,Seoul-3aec,6,36,Normal
2026-02-15 16:30:14.878934,Seoul-3aec,24,86,Normal
2026-02-15 16:30:15.878934,Seoul-3aec,-21,3,Normal
2026-02-15 16:30:16.878934,Seoul-3aec,0,92,Normal
2026-02-15 16:30:17.878934,Seoul-3aec,48,9,Normal
2026-02-15 16:30:18.878934,Seoul-3aec,-28,68,Normal
2026-02-15 16:30:19.878934,Seoul-3aec,34,26,Normal
2026-02-15 16:30:20.878934,Seoul-3aec,47,15,Normal
2026-02-15 16:30:21.878934,Seoul-3aec,15,7,Normal
2026-02-15 16:30:22.878934,Seoul-3aec,-12,16,Normal
2026-02-15 16:30:23.878934,Seoul-3aec,22,39,Normal
2026-02-15 16:30:24.878934,Seoul-3aec,8,41,Normal
2026-02-15 16:30:25.878934,Seoul-3aec,-29,42,Normal
2026-02-15 16:30:26.878934,Seoul-3aec,-28,10,Normal
2026-02-15 16:30:27.878934,Seoul-3aec,-4,39,Normal
2026-02-15 16:30:28.878934,Seoul-3aec,-16,71,Normal
2026-02-15 16:30:29.878934,Seoul-3aec,1,91,Normal
2026-02-15 16:30:30.878934,Seoul-3aec,12,42,Normal
2026-02-15 16:30:31.878934,Seoul-3aec,45,17,Normal
2026-02-15 16:30:32.878934,Seoul-3aec,2,99,Normal
2026-02-15 16:30:33.878934,Seoul-3aec,-28,84,Normal
2026-02-15 16:30:34.878934,Seoul-3aec,-23,73,Normal
2026-02-15 16:30:35.878934,Seoul-3aec,5,91,Normal
2026-02-15 16:30:36.878934,Seoul-3aec,40,13,Normal
2026-02-15 16:30:37.878934,Seoul-3aec,-15,14,Normal
2026-02-15 16:30:38.878934,Seoul-3aec,47,63,Normal
2026-02-15 16:30:39.878934,Seoul-3aec,28,76,Normal
2026-02-15 16:30:40.878934,Seoul-3aec,28,18,Normal
2026-02-15 16:30:41.878934,Seoul-3aec,39,40,Normal
2026-02-15 16:30:42.878934,Seoul-3aec,32,22,Normal
2026-02-15 16:30:43.878934,Seoul-3aec,40,100,Normal
2026-02-15 16:30:44.878934,Seoul-3aec,7,81,Normal
2026-02-15 16:30:45.878934,Seoul-3aec,10,42,Normal
2026-02-15 16:30:46.878934,Seoul-3aec,31,0,Normal
2026-02-15 16:30:47.878934,Seoul-3aec,29,69,Normal
2026-02-15 16:30:48.878934,Seoul-3aec,29,80,Normal
2026-02-15 16:30:49.878934,Seoul-3aec,-21,31,Normal
2026-02-15 16:30:50.878934,Seoul-3aec,5,55,Normal
2026-02-15 16:30:51.878934,Seoul-3aec,2,83,Normal
2026-02-15 16:30:52.878934,Seoul-3aec,-18,50,Normal
2026-02-15 16:30:53.878934,Seoul-3aec,11,57,Normal
2026-02-15 16:30:54.878934,Seoul-3aec,-18,81,Normal
2026-02-15 16:30:55.878934,Seoul-3aec,40,84,Normal
2026-02-15 16:30:56.878934,Seoul-3aec,2,42,Normal
2026-02-15 16:30:57.878934,Seoul-3aec,24,67,Normal
2026-02-15 16:30:58.878934,Seoul-3aec,34,39,Normal
2026-02-15 16:30:59.878934,Seoul-3aec,17,4,Normal
2026-02-15 16:31:00.878934,Seoul-3aec,22,75,Normal
2026-02-15 16:31:01.878934,Seoul-3aec,24,90,Normal
2026-02-15 16:31:02.878934,Seoul-3aec,36,3,Normal
2026-02-15 16:31:03.878934,Seoul-3aec,40,54,Normal
2026-02-15 16:31:04.878934,Seoul-3aec,-8,5,Normal
2026-02-15 16:31:05.878934,Seoul-3aec,-16,75,Normal
2026-02-15 16:31:06.878934,Seoul-3aec,-1,30,Normal
2026-02-15 16:31:07.878934,Seoul-3aec,-20,32,Normal
2026-02-15 16:31:08.878934,Seoul-3aec,18,25,Normal
2026-02-15 16:31:09.878934,Seoul-3aec,31,88,Normal
2026-02-15 16:31:10.878934,Seoul-3aec,42,99,Normal
2026-02-15 16:31:11.878934,Seoul-3aec,42,91,Normal
2026-02-15 16:31:12.878934,Seoul-3aec,-29,56,Normal
2026-02-15 16:31:13.878934,Seoul-3aec,-21,23,Normal
2026-02-15 16:31:14.878934,Seoul-3aec,36,68,Normal
2026-02-15 16:31:15.878934,Seoul-3aec,38,54,Normal
2026-02-15 16:31:16.878934,Seoul-3aec,13,82,Normal
2026-02-15 16:31:17.878934,Seoul-3aec,-17,45,Normal
2026-02-15 16:31:18.878934,Seoul-3aec,-16,95,Normal
2026-02-15 16:31:19.878934,Seoul-3aec,4,92,Normal
2026-02-15 16:31:20.878934,Seoul-3aec,-10,50,Normal
2026-02-15 16:31:21.878934,Seoul-3aec,48,6,Normal
2026-02-15 16:31:22.878934,Seoul-3aec,-20,23,Normal
2026-02-15 16:31:23.878934,Seoul-3aec,50,71,Normal
2026-02-15 16:31:24.878934,Seoul-3aec,28,30,Normal
2026-02-15 16:31:25.878934,Seoul-3aec,-16,41,Normal
2026-02-15 16:31:26.878934,Seoul-3aec,42,95,Normal
2026-02-15 16:31:27.878934,Seoul-3aec,50,78,Normal
2026-02-15 16:31:28.878934,Seoul-3aec,-14,6,Normal
2026-02-15 16:31:29.878934,Seoul-3aec,29,53,Normal
2026-02-15 16:31:30.878934,Seoul-3aec,27,14,Normal
2026-02-15 16:31:31.878934,Seoul-3aec,47,69,Normal
2026-02-15 16:31:32.878934,Seoul-3aec,9,11,Normal
2026-02-15 16:31:33.878934,Seoul-3aec,20,82,Normal
2026-02-15 16:31:34.878934,Seoul-3aec,-3,30,Normal
2026-02-15 16:31:35.878934,Seoul-3aec,50,39,Normal
2026-02-15 16:31:36.878934,Seoul-3aec,33,68,Normal
2026-02-15 16:31:37.878934,Seoul-3aec,6,11,Normal
2026-02-15 16:31:38.878934,Seoul-3aec,3,77,Normal
2026-02-15 16:31:39.878934,Seoul-3aec,-22,20,Normal
2026-02-15 16:31:40.878934,Seoul-3aec,21,39,Normal
2026-02-15 16:31:41.878934,Seoul-3aec,-24,50,Normal
2026-02-15 16:31:42.878934,Seoul-3aec,25,74,Normal
2026-02-15 16:31:43.878934,Seoul-3aec,36,52,Normal
2026-02-15 16:31:44.878934,Seoul-3aec,0,29,Normal
2026-02-15 16:31:45.878934,Seoul-3aec,47,75,Normal
2026-02-15 16:31:46.878934,Seoul-3aec,35,64,Normal
2026-02-15 16:31:47.878934,Seoul-3aec,15,10,Normal
2026-02-15 16:31:48.878934,Seoul-3aec,32,74,Normal
2026-02-15 16:31:49.878934,Seoul-3aec,26,12,Normal
2026-02-15 16:31:50.878934,Seoul-3aec,4,81,Normal
2026-02-15 16:31:51.878934,Seoul-3aec,20,65,Normal
2026-02-15 16:31:52.878934,Seoul-3aec,35,6,Normal
2026-02-15 16:31:53.878934,Seoul-3aec,46,53,Normal
2026-02-15 16:31:54.878934,Seoul-3aec,50,98,Normal
2026-02-15 16:31:55.878934,Seoul-3aec,-22,30,Normal
2026-02-15 16:31:56.878934,Seoul-3aec,34,29,Normal
2026-02-15 16:31:57.878934,Seoul-3aec,-2,100,Normal
2026-02-15 16:31:58.878934,Seoul-3aec,36,85,Normal
2026-02-15 16:31:59.878934,Seoul-3aec,43,36,Normal
2026-02-15 16:32:00.878934,Seoul-3aec,-21,45,Normal
2026-02-15 16:32:01.878934,Seoul-3aec,30,74,Normal
2026-02-15 16:32:02.878934,Seoul-3aec,3,48,Normal
2026-02-15 16:32:03.878934,Seoul-3aec,5,17,Normal
2026-02-15 16:32:04.878934,Seoul-3aec,22,45,Normal
2026-02-15 16:32:05.878934,Seoul-3aec,-21,58,Normal
2026-02-15 16:32:06.878934,Seoul-3aec,29,8,Normal
2026-02-15 16:32:07.878934,Seoul-3aec,-26,35,Normal
2026-02-15 16:32:08.878934,Seoul-3aec,25,65,Normal
2026-02-15 16:32:09.878934,Seoul-3aec,39,28,Normal
2026-02-15 16:32:10.878934,Seoul-3aec,-21,90,Normal
2026-02-15 16:32:11.878934,Seoul-3aec,-2,26,Normal
2026-02-15 16:32:12.878934,Seoul-3aec,28,12,Normal
2026-02-15 16:32:13.878934,Seoul-3aec,-4,97,Normal
2026-02-15 16:32:14.878934,Seoul-3aec,-25,78,Normal
2026-02-15 16:32:15.878934,Seoul-3aec,13,13,Normal
2026-02-15 16:32:16.878934,Seoul-3aec,44,89,Normal
2026-02-15 16:32:17.878934,Seoul-3aec,20,30,Normal
2026-02-15 16:32:18.878934,Seoul-3aec,-6,18,Normal
2026-02-15 16:32:19.878934,Seoul-3aec,34,13,Normal
2026-02-15 16:32:20.878934,Seoul-3aec,16,91,Normal
2026-02-15 16:32:21.878934,Seoul-3aec,-13,32,Normal
2026-02-15 16:32:22.878934,Seoul-3aec,1,53,Normal
2026-02-15 16:32:23.878934,Seoul-3aec,-16,82,Normal
2026-02-15 16:32:24.878934,Seoul-3aec,-18,10,Normal
2026-02-15 16:32:25.878934,Seoul-3aec,32,92,Normal
2026-02-15 16:32:26.878934,Seoul-3aec,15,78,Normal
2026-02-15 16:32:27.878934,Seoul-3aec,39,48,Normal
2026-02-15 16:32:28.878934,Seoul-3aec,-11,22,Normal
2026-02-15 16:32:29.878934,Seoul-3aec,50,44,Normal
2026-02-15 16:32:30.878934,Seoul-3aec,-8,69,Normal
2026-02-15 16:32:31.878934,Seoul-3aec,17,45,Normal
2026-02-15 16:32:32.878934,Seoul-3aec,4,13,Normal
2026-02-15 16:32:33.878934,Seoul-3aec,34,23,Normal
2026-02-15 16:32:34.878934,Seoul-3aec,-22,87,Normal
2026-02-15 16:32:35.878934,Seoul-3aec,13,89,Normal
2026-02-15 16:32:36.878934,Seoul-3aec,-19,90,Normal
2026-02-15 16:32:37.878934,Seoul-3aec,2,88,Normal
2026-02-15 16:32:38.878934,Seoul-3aec,26,56,Normal
2026-02-15 16:32:39.878934,Seoul-3aec,-14,98,Normal
2026-02-15 16:32:40.878934,Seoul-3aec,-25,20,Normal
2026-02-15 16:32:41.878934,Seoul-3aec,37,64,Normal
2026-02-15 16:32:42.878934,Seoul-3aec,50,48,Normal
2026-02-15 16:32:43.878934,Seoul-3aec,-17,11,Normal
2026-02-15 16:32:44.878934,Seoul-3aec,1,100,Normal
2026-02-15 16:32:45.878934,Seoul-3aec,50,24,Normal
2026-02-15 16:32:46.878934,Seoul-3aec,24,17,Normal
2026-02-15 16:32:47.878934,Seoul-3aec,41,25,Normal
2026-02-15 16:32:48.878934,Seoul-3aec,27,56,Normal
2026-02-15 16:32:49.878934,Seoul-3aec,18,36,Normal
2026-02-15 16:32:50.878934,Seoul-3aec,-15,19,Normal
2026-02-15 16:32:51.878934,Seoul-3aec,47,4,Normal
2026-02-15 16:32:52.878934,Seoul-3aec,18,0,Normal
2026-02-15 16:32:53.878934,Seoul-3aec,-3,38,Normal
2026-02-15 16:32:54.878934,Seoul-3aec,14,73,Normal
2026-02-15 16:32:55.878934,Seoul-3aec,25,7,Normal
2026-02-15 16:32:56.878934,Seoul-3aec,19,37,Normal
2026-02-15 16:32:57.878934,Seoul-3aec,11,8,Normal
2026-02-15 16:32:58.878934,Seoul-3aec,16,73,Normal
2026-02-15 16:32:59.878934,Seoul-3aec,-29,33,Normal
2026-02-15 16:33:00.878934,Seoul-3aec,39,60,Normal
2026-02-15 16:33:01.878934,Seoul-3aec,6,30,Normal
2026-02-15 16:33:02.878934,Seoul-3aec,33,41,Normal
2026-02-15 16:33:03.878934,Seoul-3aec,48,99,Normal
2026-02-15 16:33:04.878934,Seoul-3aec,-16,94,Normal
2026-02-15 16:33:05.878934,Seoul-3aec,-6,49,Normal
2026-02-15 16:33:06.878934,Seoul-3aec,3,62,Normal
2026-02-15 16:33:07.878934,Seoul-3aec,-29,58,Normal
2026-02-15 16:33:08.878934,Seoul-3aec,40,15,Normal
2026-02-15 16:33:09.878934,Seoul-3aec,36,6,Normal
2026-02-15 16:33:10.878934,Seoul-3aec,-3,38,Normal
2026-02-15 16:33:11.878934,Seoul-3aec,41,76,Normal
2026-02-15 16:33:12.878934,Seoul-3aec,50,62,Normal
2026-02-15 16:33:13.878934,Seoul-3aec,33,60,Normal
2026-02-15 16:33:14.878934,Seoul-3aec,-23,80,Normal
2026-02-15 16:33:15.878934,Seoul-3aec,16,17,Normal
2026-02-15 16:33:16.878934,Seoul-3aec,37,42,Normal
2026-02-15 16:33:17.878934,Seoul-3aec,1,39,Normal
2026-02-15 16:33:18.878934,Seoul-3aec,-21,82,Normal
2026-02-15 16:33:19.878934,Seoul-3aec,26,64,Normal
2026-02-15 16:33:20.878934,Seoul-3aec,-5,23,Normal
2026-02-15 16:33:21.878934,Seoul-3aec,17,24,Normal
2026-02-15 16:33:22.878934,Seoul-3aec,22,48,Normal
2026-02-15 16:33:23.878934,Seoul-3aec,28,62,Normal
2026-02-15 16:33:24.878934,Seoul-3aec,-8,90,Normal
2026-02-15 16:33:25.878934,Seoul-3aec,-18,20,Normal
2026-02-15 16:33:26.878934,Seoul-3aec,-24,42,Normal
2026-02-15 16:33:27.878934,Seoul-3aec,40,40,Normal
2026-02-15 16:33:28.878934,Seoul-3aec,14,58,Normal
2026-02-15 16:33:29.878934,Seoul-3aec,8,52,Normal
2026-02-15 16:33:30.878934,Seoul-3aec,31,50,Normal
2026-02-15 16:33:31.878934,Seoul-3aec,49,1,Normal
2026-02-15 16:33:32.878934,Seoul-3aec,-16,2,Normal
2026-02-15 16:33:33.878934,Seoul-3aec,47,51,Normal
2026-02-15 16:33:34.878934,Seoul-3aec,5,55,Normal
2026-02-15 16:33:35.878934,Seoul-3aec,-11,22,Normal
2026-02-15 16:33:36.878934,Seoul-3aec,8,56,Normal
2026-02-15 16:33:37.878934,Seoul-3aec,-23,48,Normal
2026-02-15 16:33:38.878934,Seoul-3aec,-5,64,Normal
2026-02-15 16:33:39.878934,Seoul-3aec,21,93,Normal
2026-02-15 16:33:40.878934,Seoul-3aec,20,1,Normal
2026-02-15 16:33:41.878934,Seoul-3aec,-9,44,Normal
2026-02-15 16:33:42.878934,Seoul-3aec,-17,51,Normal
2026-02-15 16:33:43.878934,Seoul-3aec,48,39,Normal
2026-02-15 16:33:44.878934,Seoul-3aec,48,75,Normal
2026-02-15 16:33:45.878934,Seoul-3aec,15,78,Normal
2026-02-15 16:33:46.878934,Seoul-3aec,8,82,Normal
2026-02-15 16:33:47.878934,Seoul-3aec,32,35,Normal
2026-02-15 16:33:48.878934,Seoul-3aec,-8,83,Normal
2026-02-15 16:33:49.878934,Seoul-3aec,-26,73,Normal
2026-02-15 16:33:50.878934,Seoul-3aec,13,20,Normal
2026-02-15 16:33:51.878934,Seoul-3aec,9,43,Normal
2026-02-15 16:33:52.878934,Seoul-3aec,35,29,Normal
2026-02-15 16:33:53.878934,Seoul-3aec,40,41,Normal
2026-02-15 16:33:54.878934,Seoul-3aec,39,63,Normal
2026-02-15 16:33:55.878934,Seoul-3aec,-11,60,Normal
2026-02-15 16:33:56.878934,Seoul-3aec,42,59,Normal
2026-02-15 16:33:57.878934,Seoul-3aec,-11,84,Normal
2026-02-15 16:33:58.878934,Seoul-3aec,-19,75,Normal
2026-02-15 16:33:59.878934,Seoul-3aec,39,0,Normal
2026-02-15 16:34:00.878934,Seoul-3aec,-30,94,Normal
2026-02-15 16:34:01.878934,Seoul-3aec,-22,6,Normal
2026-02-15 16:34:02.878934,Seoul-3aec,21,57,Normal
2026-02-15 16:34:03.878934,Seoul-3aec,6,34,Normal
2026-02-15 16:34:04.878934,Seoul-3aec,-30,89,Normal
2026-02-15 16:34:05.878934,Seoul-3aec,15,12,Normal
2026-02-15 16:34:06.878934,Seoul-3aec,-6,11,Normal
2026-02-15 16:34:07.878934,Seoul-3aec,-27,83,Normal
2026-02-15 16:34:08.878934,Seoul-3aec,47,39,Normal
2026-02-15 16:34:09.878934,Seoul-3aec,-30,26,Normal
2026-02-15 16:34:10.878934,Seoul-3aec,48,65,Normal
2026-02-15 16:34:11.878934,Seoul-3aec,17,8,Normal
2026-02-15 16:34:12.878934,Seoul-3aec,-9,86,Normal
2026-02-15 16:34:13.878934,Seoul-3aec,40,64,Normal
2026-02-15 16:34:14.878934,Seoul-3aec,4,56,Normal
2026-02-15 16:34:15.878934,Seoul-3aec,-7,80,Normal
2026-02-15 16:34:16.878934,Seoul-3aec,33,100,Normal
2026-02-15 16:34:17.878934,Seoul-3aec,33,74,Normal
2026-02-15 16:34:18.878934,Seoul-3aec,0,20,Normal
2026-02-15 16:34:19.878934,Seoul-3aec,-27,25,Normal
2026-02-15 16:34:20.878934,Seoul-3aec,2,89,Normal
2026-02-15 16:34:21.878934,Seoul-3aec,22,84,Normal
2026-02-15 16:34:22.878934,Seoul-3aec,13,89,Normal
2026-02-15 16:34:23.878934,Seoul-3aec,23,5,Normal
2026-02-15 16:34:24.878934,Seoul-3aec,25,98,Normal
2026-02-15 16:34:25.878934,Seoul-3aec,-26,2,Normal
2026-02-15 16:34:26.878934,Seoul-3aec,26,32,Normal
2026-02-15 16:34:27.878934,Seoul-3aec,4,55,Normal
2026-02-15 16:34:28.878934,Seoul-3aec,18,69,Normal
2026-02-15 16:34:29.878934,Seoul-3aec,18,90,Normal
2026-02-15 16:34:30.878934,Seoul-3aec,36,33,Normal
2026-02-15 16:34:31.878934,Seoul-3aec,-23,53,Normal
2026-02-15 16:34:32.878934,Seoul-3aec,26,43,Normal
2026-02-15 16:34:33.878934,Seoul-3aec,40,46,Normal
2026-02-15 16:34:34.878934,Seoul-3aec,26,14,Normal
2026-02-15 16:34:35.878934,Seoul-3aec,43,89,Normal
2026-02-15 16:34:36.878934,Seoul-3aec,16,2,Normal
2026-02-15 16:34:37.878934,Seoul-3aec,45,71,Normal
2026-02-15 16:34:38.878934,Seoul-3aec,4,4,Normal
2026-02-15 16:34:39.878934,Seoul-3aec,16,4,Normal
2026-02-15 16:34:40.878934,Seoul-3aec,32,27,Normal
2026-02-15 16:34:41.878934,Seoul-3aec,29,2,Normal
2026-02-15 16:34:42.878934,Seoul-3aec,5,89,Normal
2026-02-15 16:34:43.878934,Seoul-3aec,39,1,Normal
2026-02-15 16:34:44.878934,Seoul-3aec,12,46,Normal
2026-02-15 16:34:45.878934,Seoul-3aec,-21,6,Normal
2026-02-15 16:34:46.878934,Seoul-3aec,-28,14,Normal
2026-02-15 16:34:47.878934,Seoul-3aec,-21,59,Normal
2026-02-15 16:34:48.878934,Seoul-3aec,42,85,Normal
2026-02-15 16:34:49.878934,Seoul-3aec,-17,83,Normal
2026-02-15 16:34:50.878934,Seoul-3aec,13,89,Normal
2026-02-15 16:34:51.878934,Seoul-3aec,18,100,Normal
2026-02-15 16:34:52.878934,Seoul-3aec,-8,80,Normal
2026-02-15 16:34:53.878934,Seoul-3aec,21,12,Normal
2026-02-15 16:34:54.878934,Seoul-3aec,8,85,Normal
2026-02-15 16:34:55.878934,Seoul-3aec,-20,66,Normal
2026-02-15 16:34:56.878934,Seoul-3aec,17,55,Normal
2026-02-15 16:34:57.878934,Seoul-3aec,-26,10,Normal
2026-02-15 16:34:58.878934,Seoul-3aec,-9,41,Normal
2026-02-15 16:34:59.878934,Seoul-3aec,22,79,Normal
2026-02-15 16:35:00.878934,Seoul-3aec,21,2,Normal
2026-02-15 16:35:01.878934,Seoul-3aec,10,36,Normal
2026-02-15 16:35:02.878934,Seoul-3aec,-3,25,Normal
2026-02-15 16:35:03.878934,Seoul-3aec,-16,94,Normal
2026-02-15 16:35:04.878934,Seoul-3aec,39,90,Normal
2026-02-15 16:35:05.878934,Seoul-3aec,-9,85,Normal
2026-02-15 16:35:06.878934,Seoul-3aec,8,65,Normal
2026-02-15 16:35:07.878934,Seoul-3aec,-5,46,Normal
2026-02-15 16:35:08.878934,Seoul-3aec,-23,0,Normal
2026-02-15 16:35:09.878934,Seoul-3aec,-25,61,Normal
2026-02-15 16:35:10.878934,Seoul-3aec,15,55,Normal
2026-02-15 16:35:11.878934,Seoul-3aec,44,74,Normal
2026-02-15 16:35:12.878934,Seoul-3aec,-2,85,Normal
2026-02-15 16:35:13.878934,Seoul-3aec,-6,64,Normal
2026-02-15 16:35:14.878934,Seoul-3aec,-17,39,Normal
2026-02-15 16:35:15.878934,Seoul-3aec,48,26,Normal
2026-02-15 16:35:16.878934,Seoul-3aec,36,5,Normal
2026-02-15 16:35:17.878934,Seoul-3aec,38,12,Normal
2026-02-15 16:35:18.878934,Seoul-3aec,19,2,Normal
2026-02-15 16:35:19.878934,Seoul-3aec,47,88,Normal
2026-02-15 16:35:20.878934,Seoul-3aec,-6,84,Normal
2026-02-15 16:35:21.878934,Seoul-3aec,3,89,Normal
2026-02-15 16:35:22.878934,Seoul-3aec,1,74,Normal
2026-02-15 16:35:23.878934,Seoul-3aec,-6,33,Normal
2026-02-15 16:35:24.878934,Seoul-3aec,-9,74,Normal
2026-02-15 16:35:25.878934,Seoul-3aec,-15,77,Normal
2026-02-15 16:35:26.878934,Seoul-3aec,-4,51,Normal
2026-02-15 16:35:27.878934,Seoul-3aec,-2,49,Normal
2026-02-15 16:35:28.878934,Seoul-3aec,17,47,Normal
2026-02-15 16:35:29.878934,Seoul-3aec,-7,66,Normal
2026-02-15 16:35:30.878934,Seoul-3aec,16,33,Normal
2026-02-15 16:35:31.878934,Seoul-3aec,-25,81,Normal
2026-02-15 16:35:32.878934,Seoul-3aec,-9,14,Normal
2026-02-15 16:35:33.878934,Seoul-3aec,35,41,Normal
2026-02-15 16:35:34.878934,Seoul-3aec,-25,26,Normal
2026-02-15 16:35:35.878934,Seoul-3aec,-22,79,Normal
2026-02-15 16:35:36.878934,Seoul-3aec,-7,75,Normal
2026-02-15 16:35:37.878934,Seoul-3aec,24,81,Normal
2026-02-15 16:35:38.878934,Seoul-3aec,33,12,Normal
2026-02-15 16:35:39.878934,Seoul-3aec,11,50,Normal
2026-02-15 16:35:40.878934,Seoul-3aec,16,42,Normal
2026-02-15 16:35:41.878934,Seoul-3aec,7,83,Normal
2026-02-15 16:35:42.878934,Seoul-3aec,24,94,Normal
2026-02-15 16:35:43.878934,Seoul-3aec,7,81,Normal
2026-02-15 16:35:44.878934,Seoul-3aec,32,90,Normal
2026-02-15 16:35:45.878934,Seoul-3aec,30,0,Normal
2026-02-15 16:35:46.878934,Seoul-3aec,1,0,Normal
2026-02-15 16:35:47.878934,Seoul-3aec,24,44,Normal
2026-02-15 16:35:48.878934,Seoul-3aec,-23,49,Normal
2026-02-15 16:35:49.878934,Seoul-3aec,-22,57,Normal
2026-02-15 16:35:50.878934,Seoul-3aec,-12,95,Normal
2026-02-15 16:35:51.878934,Seoul-3aec,20,99,Normal
2026-02-15 16:35:52.878934,Seoul-3aec,47,12,Normal
2026-02-15 16:35:53.878934,Seoul-3aec,33,71,Normal
2026-02-15 16:35:54.878934,Seoul-3aec,49,96,Normal
2026-02-15 16:35:55.878934,Seoul-3aec,15,24,Normal
2026-02-15 16:35:56.878934,Seoul-3aec,22,90,Normal
2026-02-15 16:35:57.878934,Seoul-3aec,18,96,Normal
2026-02-15 16:35:58.878934,Seoul-3aec,-9,71,Normal
2026-02-15 16:35:59.878934,Seoul-3aec,-19,34,Normal
2026-02-15 16:36:00.878934,Seoul-3aec,3,44,Normal
2026-02-15 16:36:01.878934,Seoul-3aec,-30,8,Normal
2026-02-15 16:36:02.878934,Seoul-3aec,8,35,Normal
2026-02-15 16:36:03.878934,Seoul-3aec,-23,9,Normal
2026-02-15 16:36:04.878934,Seoul-3aec,-18,18,Normal
2026-02-15 16:36:05.878934,Seoul-3aec,30,28,Normal
2026-02-15 16:36:06.878934,Seoul-3aec,7,78,Normal
2026-02-15 16:36:07.878934,Seoul-3aec,-5,31,Normal
2026-02-15 16:36:08.878934,Seoul-3aec,10,56,Normal
2026-02-15 16:36:09.878934,Seoul-3aec,8,57,Normal
2026-02-15 16:36:10.878934,Seoul-3aec,40,38,Normal
2026-02-15 16:36:11.878934,Seoul-3aec,-30,10,Normal
2026-02-15 16:36:12.878934,Seoul-3aec,38,4,Normal
2026-02-15 16:36:13.878934,Seoul-3aec,-26,34,Normal
2026-02-15 16:36:14.878934,Seoul-3aec,-26,86,Normal
2026-02-15 16:36:15.878934,Seoul-3aec,11,24,Normal
2026-02-15 16:36:16.878934,Seoul-3aec,-19,65,Normal
2026-02-15 16:36:17.878934,Seoul-3aec,-6,92,Normal
2026-02-15 16:36:18.878934,Seoul-3aec,-2,4,Normal
2026-02-15 16:36:19.878934,Seoul-3aec,-26,26,Normal
2026-02-15 16:36:20.878934,Seoul-3aec,19,94,Normal
2026-02-15 16:36:21.878934,Seoul-3aec,10,90,Normal
2026-02-15 16:36:22.878934,Seoul-3aec,26,66,Normal
2026-02-15 16:36:23.878934,Seoul-3aec,40,31,Normal
2026-02-15 16:36:24.878934,Seoul-3aec,-26,40,Normal
2026-02-15 16:36:25.878934,Seoul-3aec,37,93,Normal
2026-02-15 16:36:26.878934,Seoul-3aec,33,100,Normal
2026-02-15 16:36:27.878934,Seoul-3aec,14,4,Normal
2026-02-15 16:36:28.878934,Seoul-3aec,22,79,Normal
2026-02-15 16:36:29.878934,Seoul-3aec,32,75,Normal
2026-02-15 16:36:30.878934,Seoul-3aec,20,85,Normal
2026-02-15 16:36:31.878934,Seoul-3aec,-7,91,Normal
2026-02-15 16:36:32.878934,Seoul-3aec,27,12,Normal
2026-02-15 16:36:33.878934,Seoul-3aec,-28,23,Normal
2026-02-15 16:36:34.878934,Seoul-3aec,6,40,Normal
2026-02-15 16:36:35.878934,Seoul-3aec,38,27,Normal
2026-02-15 16:36:36.878934,Seoul-3aec,41,36,Normal
2026-02-15 16:36:37.878934,Seoul-3aec,-8,77,Normal
2026-02-15 16:36:38.878934,Seoul-3aec,31,100,Normal
2026-02-15 16:36:39.878934,Seoul-3aec,46,20,Normal
2026-02-15 16:36:40.878934,Seoul-3aec,42,43,Normal
2026-02-15 16:36:41.878934,Seoul-3aec,28,41,Normal
2026-02-15 16:36:42.878934,Seoul-3aec,8,22,Normal
2026-02-15 16:36:43.878934,Seoul-3aec,-2,25,Normal
2026-02-15 16:36:44.878934,Seoul-3aec,3,24,Normal
2026-02-15 16:36:45.878934,Seoul-3aec,21,99,Normal
2026-02-15 16:36:46.878934,Seoul-3aec,-24,11,Normal
2026-02-15 16:36:47.878934,Seoul-3aec,0,36,Normal
2026-02-15 16:36:48.878934,Seoul-3aec,36,4,Normal
2026-02-15 16:36:49.878934,Seoul-3aec,37,77,Normal
2026-02-15 16:36:50.878934,Seoul-3aec,46,24,Normal
2026-02-15 16:36:51.878934,Seoul-3aec,10,25,Normal
2026-02-15 16:36:52.878934,Seoul-3aec,-10,70,Normal
2026-02-15 16:36:53.878934,Seoul-3aec,-23,51,Normal
2026-02-15 16:36:54.878934,Seoul-3aec,29,3,Normal
2026-02-15 16:36:55.878934,Seoul-3aec,27,15,Normal
2026-02-15 16:36:56.878934,Seoul-3aec,23,44,Normal
2026-02-15 16:36:57.878934,Seoul-3aec,-5,18,Normal
2026-02-15 16:36:58.878934,Seoul-3aec,-16,14,Normal
2026-02-15 16:36:59.878934,Seoul-3aec,-1,52,Normal
2026-02-15 16:37:00.878934,Seoul-3aec,49,65,Normal
2026-02-15 16:37:01.878934,Seoul-3aec,12,14,Normal
2026-02-15 16:37:02.878934,Seoul-3aec,-19,74,Normal
2026-02-15 16:37:03.878934,Seoul-3aec,14,85,Normal
2026-02-15 16:37:04.878934,Seoul-3aec,39,85,Normal
2026-02-15 16:37:05.878934,Seoul-3aec,38,14,Normal
2026-02-15 16:37:06.878934,Seoul-3aec,-30,29,Normal
2026-02-15 16:37:07.878934,Seoul-3aec,-7,19,Normal
2026-02-15 16:37:08.878934,Seoul-3aec,-26,63,Normal
2026-02-15 16:37:09.878934,Seoul-3aec,12,4,Normal
2026-02-15 16:37:10.878934,Seoul-3aec,30,65,Normal
2026-02-15 16:37:11.878934,Seoul-3aec,40,22,Normal
2026-02-15 16:37:12.878934,Seoul-3aec,28,75,Normal
2026-02-15 16:37:13.878934,Seoul-3aec,16,88,Normal
2026-02-15 16:37:14.878934,Seoul-3aec,-29,95,Normal
2026-02-15 16:37:15.878934,Seoul-3aec,-26,50,Normal
2026-02-15 16:37:16.878934,Seoul-3aec,26,98,Normal
2026-02-15 16:37:17.878934,Seoul-3aec,6,82,Normal
2026-02-15 16:37:18.878934,Seoul-3aec,30,55,Normal
2026-02-15 16:37:19.878934,Seoul-3aec,46,7,Normal
2026-02-15 16:37:20.878934,Seoul-3aec,-27,48,Normal
2026-02-15 16:37:21.878934,Seoul-3aec,14,17,Normal
2026-02-15 16:37:22.878934,Seoul-3aec,10,5,Normal
2026-02-15 16:37:23.878934,Seoul-3aec,28,70,Normal
2026-02-15 16:37:24.878934,Seoul-3aec,23,8,Normal
2026-02-15 16:37:25.878934,Seoul-3aec,27,85,Normal
2026-02-15 16:37:26.878934,Seoul-3aec,8,89,Normal
2026-02-15 16:37:27.878934,Seoul-3aec,-14,67,Normal
2026-02-15 16:37:28.878934,Seoul-3aec,-15,11,Normal
2026-02-15 16:37:29.878934,Seoul-3aec,-26,82,Normal
2026-02-15 16:37:30.878934,Seoul-3aec,-11,54,Normal
2026-02-15 16:37:31.878934,Seoul-3aec,16,52,Normal
2026-02-15 16:37:32.878934,Seoul-3aec,43,53,Normal
2026-02-15 16:37:33.878934,Seoul-3aec,39,88,Normal
2026-02-15 16:37:34.878934,Seoul-3aec,22,46,Normal
2026-02-15 16:37:35.878934,Seoul-3aec,12,90,Normal
2026-02-15 16:37:36.878934,Seoul-3aec,5,95,Normal
2026-02-15 16:37:37.878934,Seoul-3aec,30,59,Normal
2026-02-15 16:37:38.878934,Seoul-3aec,5,84,Normal
2026-02-15 16:37:39.878934,Seoul-3aec,-11,96,Normal
2026-02-15 16:37:40.878934,Seoul-3aec,1,63,Normal
2026-02-15 16:37:41.878934,Seoul-3aec,25,69,Normal
2026-02-15 16:37:42.878934,Seoul-3aec,44,0,Normal
2026-02-15 16:37:43.878934,Seoul-3aec,-4,87,Normal
2026-02-15 16:37:44.878934,Seoul-3aec,31,67,Normal
2026-02-15 16:37:45.878934,Seoul-3aec,-17,28,Normal
2026-02-15 16:37:46.878934,Seoul-3aec,-27,49,Normal
2026-02-15 16:37:47.878934,Seoul-3aec,6,22,Normal
2026-02-15 16:37:48.878934,Seoul-3aec,23,75,Normal
2026-02-15 16:37:49.878934,Seoul-3aec,27,2,Normal
2026-02-15 16:37:50.878934,Seoul-3aec,0,98,Normal
2026-02-15 16:37:51.878934,Seoul-3aec,-2,85,Normal
2026-02-15 16:37:52.878934,Seoul-3aec,-25,43,Normal
2026-02-15 16:37:53.878934,Seoul-3aec,33,94,Normal
2026-02-15 16:37:54.878934,Seoul-3aec,-27,31,Normal
2026-02-15 16:37:55.878934,Seoul-3aec,-18,52,Normal
2026-02-15 16:37:56.878934,Seoul-3aec,39,54,Normal
2026-02-15 16:37:57.878934,Seoul-3aec,45,69,Normal
2026-02-15 16:37:58.878934,Seoul-3aec,2,59,Normal
2026-02-15 16:37:59.878934,Seoul-3aec,2,48,Normal
2026-02-15 16:38:00.878934,Seoul-3aec,24,70,Normal
2026-02-15 16:38:01.878934,Seoul-3aec,16,55,Normal
2026-02-15 16:38:02.878934,Seoul-3aec,6,9,Normal
2026-02-15 16:38:03.878934,Seoul-3aec,43,0,Normal
2026-02-15 16:38:04.878934,Seoul-3aec,-9,58,Normal
2026-02-15 16:38:05.878934,Seoul-3aec,-22,65,Normal
2026-02-15 16:38:06.878934,Seoul-3aec,20,21,Normal
2026-02-15 16:38:07.878934,Seoul-3aec,39,2,Normal
2026-02-15 16:38:08.878934,Seoul-3aec,2,19,Normal
2026-02-15 16:38:09.878934,Seoul-3aec,13,19,Normal
2026-02-15 16:38:10.878934,Seoul-3aec,2,41,Normal
2026-02-15 16:38:11.878934,Seoul-3aec,40,26,Normal
2026-02-15 16:38:12.878934,Seoul-3aec,23,85,Normal
2026-02-15 16:38:13.878934,Seoul-3aec,17,71,Normal
2026-02-15 16:38:14.878934,Seoul-3aec,8,56,Normal
2026-02-15 16:38:15.878934,Seoul-3aec,-9,51,Normal
2026-02-15 16:38:16.878934,Seoul-3aec,38,25,Normal
2026-02-15 16:38:17.878934,Seoul-3aec,16,93,Normal
2026-02-15 16:38:18.878934,Seoul-3aec,38,22,Normal
2026-02-15 16:38:19.878934,Seoul-3aec,6,14,Normal
2026-02-15 16:38:20.878934,Seoul-3aec,18,15,Normal
2026-02-15 16:38:21.878934,Seoul-3aec,-20,2,Normal
2026-02-15 16:38:22.878934,Seoul-3aec,-15,68,Normal
2026-02-15 16:38:23.878934,Seoul-3aec,-4,71,Normal
2026-02-15 16:38:24.878934,Seoul-3aec,14,87,Normal
2026-02-15 16:38:25.878934,Seoul-3aec,-10,90,Normal
2026-02-15 16:38:26.878934,Seoul-3aec,2,37,Normal
2026-02-15 16:38:27.878934,Seoul-3aec,31,24,Normal
2026-02-15 16:38:28.878934,Seoul-3aec,39,68,Normal
2026-02-15 16:38:29.878934,Seoul-3aec,26,60,Normal
2026-02-15 16:38:30.878934,Seoul-3aec,38,20,Normal
2026-02-15 16:38:31.878934,Seoul-3aec,38,0,Normal
2026-02-15 16:38:32.878934,Seoul-3aec,-15,48,Normal
2026-02-15 16:38:33.878934,Seoul-3aec,-15,95,Normal
2026-02-15 16:38:34.878934,Seoul-3aec,11,85,Normal
2026-02-15 16:38:35.878934,Seoul-3aec,-6,92,Normal
2026-02-15 16:38:36.878934,Seoul-3aec,-14,4,Normal
2026-02-15 16:38:37.878934,Seoul-3aec,-11,86,Normal
2026-02-15 16:38:38.878934,Seoul-3aec,-22,84,Normal
2026-02-15 16:38:39.878934,Seoul-3aec,25,72,Normal
2026-02-15 16:38:40.878934,Seoul-3aec,1,85,Normal
2026-02-15 16:38:41.878934,Seoul-3aec,2,52,Normal
2026-02-15 16:38:42.878934,Seoul-3aec,11,70,Normal
2026-02-15 16:38:43.878934,Seoul-3aec,-5,95,Normal
2026-02-15 16:38:44.878934,Seoul-3aec,22,42,Normal
2026-02-15 16:38:45.878934,Seoul-3aec,-25,64,Normal
2026-02-15 16:38:46.878934,Seoul-3aec,50,10,Normal
2026-02-15 16:38:47.878934,Seoul-3aec,-22,16,Normal
2026-02-15 16:38:48.878934,Seoul-3aec,7,43,Normal
2026-02-15 16:38:49.878934,Seoul-3aec,6,80,Normal
2026-02-15 16:38:50.878934,Seoul-3aec,-27,79,Normal
2026-02-15 16:38:51.878934,Seoul-3aec,11,91,Normal
2026-02-15 16:38:52.878934,Seoul-3aec,-19,10,Normal
2026-02-15 16:38:53.878934,Seoul-3aec,-16,77,Normal
2026-02-15 16:38:54.878934,Seoul-3aec,-13,17,Normal
2026-02-15 16:38:55.878934,Seoul-3aec,-16,26,Normal
2026-02-15 16:38:56.878934,Seoul-3aec,-2,1,Normal
2026-02-15 16:38:57.878934,Seoul-3aec,-29,58,Normal
2026-02-15 16:38:58.878934,Seoul-3aec,-15,24,Normal
2026-02-15 16:38:59.878934,Seoul-3aec,-23,9,Normal
2026-02-15 16:39:00.878934,Seoul-3aec,3,85,Normal
2026-02-15 16:39:01.878934,Seoul-3aec,37,12,Normal
2026-02-15 16:39:02.878934,Seoul-3aec,-4,1,Normal
2026-02-15 16:39:03.878934,Seoul-3aec,2,32,Normal
2026-02-15 16:39:04.878934,Seoul-3aec,-28,68,Normal
2026-02-15 16:39:05.878934,Seoul-3aec,-20,86,Normal
2026-02-15 16:39:06.878934,Seoul-3aec,31,48,Normal
2026-02-15 16:39:07.878934,Seoul-3aec,14,82,Normal
2026-02-15 16:39:08.878934,Seoul-3aec,27,12,Normal
2026-02-15 16:39:09.878934,Seoul-3aec,43,33,Normal
2026-02-15 16:39:10.878934,Seoul-3aec,19,82,Normal
2026-02-15 16:39:11.878934,Seoul-3aec,30,11,Normal
2026-02-15 16:39:12.878934,Seoul-3aec,-27,76,Normal
2026-02-15 16:39:13.878934,Seoul-3aec,32,11,Normal
2026-02-15 16:39:14.878934,Seoul-3aec,3,84,Normal
2026-02-15 16:39:15.878934,Seoul-3aec,-1,42,Normal
2026-02-15 16:39:16.878934,Seoul-3aec,-4,5,Normal
2026-02-15 16:39:17.878934,Seoul-3aec,39,76,Normal
2026-02-15 16:39:18.878934,Seoul-3aec,39,69,Normal
2026-02-15 16:39:19.878934,Seoul-3aec,0,58,Normal
2026-02-15 16:39:20.878934,Seoul-3aec,-19,91,Normal
2026-02-15 16:39:21.878934,Seoul-3aec,-24,71,Normal
2026-02-15 16:39:22.878934,Seoul-3aec,-27,13,Normal
2026-02-15 16:39:23.878934,Seoul-3aec,-1,78,Normal
2026-02-15 16:39:24.878934,Seoul-3aec,25,74,Normal
2026-02-15 16:39:25.878934,Seoul-3aec,3,85,Normal
2026-02-15 16:39:26.878934,Seoul-3aec,-27,46,Normal
2026-02-15 16:39:27.878934,Seoul-3aec,35,73,Normal
2026-02-15 16:39:28.878934,Seoul-3aec,-23,7,Normal
2026-02-15 16:39:29.878934,Seoul-3aec,39,39,Normal
2026-02-15 16:39:30.878934,Seoul-3aec,-2,94,Normal
2026-02-15 16:39:31.878934,Seoul-3aec,48,11,Normal
2026-02-15 16:39:32.878934,Seoul-3aec,-9,26,Normal
2026-02-15 16:39:33.878934,Seoul-3aec,32,46,Normal
2026-02-15 16:39:34.878934,Seoul-3aec,-4,94,Normal
2026-02-15 16:39:35.878934,Seoul-3aec,46,40,Normal
2026-02-15 16:39:36.878934,Seoul-3aec,35,49,Normal
2026-02-15 16:39:37.878934,Seoul-3aec,23,99,Normal
2026-02-15 16:39:38.878934,Seoul-3aec,-27,23,Normal
2026-02-15 16:39:39.878934,Seoul-3aec,42,69,Normal
2026-02-15 16:39:40.878934,Seoul-3aec,20,37,Normal
2026-02-15 16:39:41.878934,Seoul-3aec,22,83,Normal
2026-02-15 16:39:42.878934,Seoul-3aec,42,44,Normal
2026-02-15 16:39:43.878934,Seoul-3aec,46,87,Normal
2026-02-15 16:39:44.878934,Seoul-3aec,18,55,Normal
2026-02-15 16:39:45.878934,Seoul-3aec,9,6,Normal
2026-02-15 16:39:46.878934,Seoul-3aec,24,71,Normal
2026-02-15 16:39:47.878934,Seoul-3aec,24,85,Normal
2026-02-15 16:39:48.878934,Seoul-3aec,-9,71,Normal
2026-02-15 16:39:49.878934,Seoul-3aec,-12,21,Normal
2026-02-15 16:39:50.878934,Seoul-3aec,11,100,Normal
2026-02-15 16:39:51.878934,Seoul-3aec,-11,17,Normal
2026-02-15 16:39:52.878934,Seoul-3aec,34,8,Normal
2026-02-15 16:39:53.878934,Seoul-3aec,26,26,Normal
2026-02-15 16:39:54.878934,Seoul-3aec,-30,96,Normal
2026-02-15 16:39:55.878934,Seoul-3aec,16,39,Normal
2026-02-15 16:39:56.878934,Seoul-3aec,11,54,Normal
2026-02-15 16:39:57.878934,Seoul-3aec,-8,42,Normal
2026-02-15 16:39:58.878934,Seoul-3aec,31,40,Normal
2026-02-15 16:39:59.878934,Seoul-3aec,-11,35,Normal
2026-02-15 16:40:00.878934,Seoul-3aec,-8,34,Normal
2026-02-15 16:40:01.878934,Seoul-3aec,33,0,Normal
2026-02-15 16:40:02.878934,Seoul-3aec,46,64,Normal
2026-02-15 16:40:03.878934,Seoul-3aec,-12,22,Normal
2026-02-15 16:40:04.878934,Seoul-3aec,22,39,Normal
2026-02-15 16:40:05.878934,Seoul-3aec,36,83,Normal
2026-02-15 16:40:06.878934,Seoul-3aec,-18,63,Normal
2026-02-15 16:40:07.878934,Seoul-3aec,19,46,Normal
2026-02-15 16:40:08.878934,Seoul-3aec,-18,70,Normal
2026-02-15 16:40:09.878934,Seoul-3aec,48,3,Normal
2026-02-15 16:40:10.878934,Seoul-3aec,-11,36,Normal
2026-02-15 16:40:11.878934,Seoul-3aec,17,59,Normal
2026-02-15 16:40:12.878934,Seoul-3aec,22,38,Normal
2026-02-15 16:40:13.878934,Seoul-3aec,-25,11,Normal
2026-02-15 16:40:14.878934,Seoul-3aec,-5,6,Normal
2026-02-15 16:40:15.878934,Seoul-3aec,12,85,Normal
2026-02-15 16:40:16.878934,Seoul-3aec,50,86,Normal
2026-02-15 16:40:17.878934,Seoul-3aec,50,75,Normal
2026-02-15 16:40:18.878934,Seoul-3aec,3,1,Normal
2026-02-15 16:40:19.878934,Seoul-3aec,-20,6,Normal
2026-02-15 16:40:20.878934,Seoul-3aec,9,30,Normal
2026-02-15 16:40:21.878934,Seoul-3aec,13,47,Normal
2026-02-15 16:40:22.878934,Seoul-3aec,-15,38,Normal
2026-02-15 16:40:23.878934,Seoul-3aec,15,11,Normal
2026-02-15 16:40:24.878934,Seoul-3aec,-13,24,Normal
2026-02-15 16:40:25.878934,Seoul-3aec,27,94,Normal
2026-02-15 16:40:26.878934,Seoul-3aec,8,76,Normal
2026-02-15 16:40:27.878934,Seoul-3aec,39,92,Normal
2026-02-15 16:40:28.878934,Seoul-3aec,-5,62,Normal
2026-02-15 16:40:29.878934,Seoul-3aec,-15,94,Normal
2026-02-15 16:40:30.878934,Seoul-3aec,-23,55,Normal
2026-02-15 16:40:31.878934,Seoul-3aec,7,4,Normal
2026-02-15 16:40:32.878934,Seoul-3aec,50,85,Normal
2026-02-15 16:40:33.878934,Seoul-3aec,48,70,Normal
2026-02-15 16:40:34.878934,Seoul-3aec,-7,42,Normal
2026-02-15 16:40:35.878934,Seoul-3aec,27,46,Normal
2026-02-15 16:40:36.878934,Seoul-3aec,-22,77,Normal
2026-02-15 16:40:37.878934,Seoul-3aec,27,6,Normal
2026-02-15 16:40:38.878934,Seoul-3aec,28,56,Normal
2026-02-15 16:40:39.878934,Seoul-3aec,8,76,Normal
2026-02-15 16:40:40.878934,Seoul-3aec,34,41,Normal
2026-02-15 16:40:41.878934,Seoul-3aec,39,97,Normal
2026-02-15 16:40:42.878934,Seoul-3aec,32,9,Normal
2026-02-15 16:40:43.878934,Seoul-3aec,28,21,Normal
2026-02-15 16:40:44.878934,Seoul-3aec,6,7,Normal
2026-02-15 16:40:45.878934,Seoul-3aec,1,87,Normal
2026-02-15 16:40:46.878934,Seoul-3aec,16,18,Normal
2026-02-15 16:40:47.878934,Seoul-3aec,-27,64,Normal
2026-02-15 16:40:48.878934,Seoul-3aec,46,72,Normal
2026-02-15 16:40:49.878934,Seoul-3aec,-26,88,Normal
2026-02-15 16:40:50.878934,Seoul-3aec,10,92,Normal
2026-02-15 16:40:51.878934,Seoul-3aec,-23,8,Normal
2026-02-15 16:40:52.878934,Seoul-3aec,3,63,Normal
2026-02-15 16:40:53.878934,Seoul-3aec,-26,10,Normal
2026-02-15 16:40:54.878934,Seoul-3aec,11,33,Normal
2026-02-15 16:40:55.878934,Seoul-3aec,-28,91,Normal
2026-02-15 16:40:56.878934,Seoul-3aec,18,21,Normal
2026-02-15 16:40:57.878934,Seoul-3aec,-16,34,Normal
2026-02-15 16:40:58.878934,Seoul-3aec,7,7,Normal
2026-02-15 16:40:59.878934,Seoul-3aec,49,81,Normal
2026-02-15 16:41:00.878934,Seoul-3aec,-1,10,Normal
2026-02-15 16:41:01.878934,Seoul-3aec,43,43,Normal
2026-02-15 16:41:02.878934,Seoul-3aec,32,76,Normal
2026-02-15 16:41:03.878934,Seoul-3aec,-24,23,Normal
2026-02-15 16:41:04.878934,Seoul-3aec,-18,70,Normal
2026-02-15 16:41:05.878934,Seoul-3aec,8,50,Normal
2026-02-15 16:41:06.878934,Seoul-3aec,-20,80,Normal
2026-02-15 16:41:07.878934,Seoul-3aec,6,7,Normal
2026-02-15 16:41:08.878934,Seoul-3aec,5,50,Normal
2026-02-15 16:41:09.878934,Seoul-3aec,-23,69,Normal
2026-02-15 16:41:10.878934,Seoul-3aec,21,96,Normal
2026-02-15 16:41:11.878934,Seoul-3aec,-19,51,Normal
2026-02-15 16:41:12.878934,Seoul-3aec,-7,31,Normal
2026-02-15 16:41:13.878934,Seoul-3aec,47,46,Normal
2026-02-15 16:41:14.878934,Seoul-3aec,24,73,Normal
2026-02-15 16:41:15.878934,Seoul-3aec,14,59,Normal
2026-02-15 16:41:16.878934,Seoul-3aec,-3,42,Normal
2026-02-15 16:41:17.878934,Seoul-3aec,7,21,Normal
2026-02-15 16:41:18.878934,Seoul-3aec,10,3,Normal
2026-02-15 16:41:19.878934,Seoul-3aec,5,48,Normal
2026-02-15 16:41:20.878934,Seoul-3aec,3,61,Normal
2026-02-15 16:41:21.878934,Seoul-3aec,24,62,Normal
2026-02-15 16:41:22.878934,Seoul-3aec,2,78,Normal
2026-02-15 16:41:23.878934,Seoul-3aec,-4,45,Normal
2026-02-15 16:41:24.878934,Seoul-3aec,35,23,Normal
2026-02-15 16:41:25.878934,Seoul-3aec,0,20,Normal
2026-02-15 16:41:26.878934,Seoul-3aec,37,60,Normal
2026-02-15 16:41:27.878934,Seoul-3aec,-20,35,Normal
2026-02-15 16:41:28.878934,Seoul-3aec,-3,62,Normal
2026-02-15 16:41:29.878934,Seoul-3aec,31,70,Normal
2026-02-15 16:41:30.878934,Seoul-3aec,23,6,Normal
2026-02-15 16:41:31.878934,Seoul-3aec,-16,76,Normal
2026-02-15 16:41:32.878934,Seoul-3aec,9,32,Normal
2026-02-15 16:41:33.878934,Seoul-3aec,-7,26,Normal
2026-02-15 16:41:34.878934,Seoul-3aec,39,97,Normal
2026-02-15 16:41:35.878934,Seoul-3aec,-26,39,Normal
2026-02-15 16:41:36.878934,Seoul-3aec,12,52,Normal
2026-02-15 16:41:37.878934,Seoul-3aec,-7,80,Normal
2026-02-15 16:41:38.878934,Seoul-3aec,-22,41,Normal
2026-02-15 16:41:39.878934,Seoul-3aec,19,75,Normal
2026-02-15 16:41:40.878934,Seoul-3aec,-4,10,Normal
2026-02-15 16:41:41.878934,Seoul-3aec,4,27,Normal
2026-02-15 16:41:42.878934,Seoul-3aec,-16,86,Normal
2026-02-15 16:41:43.878934,Seoul-3aec,42,61,Normal
2026-02-15 16:41:44.878934,Seoul-3aec,-27,43,Normal
2026-02-15 16:41:45.878934,Seoul-3aec,20,46,Normal
2026-02-15 16:41:46.878934,Seoul-3aec,45,7,Normal
2026-02-15 16:41:47.878934,Seoul-3aec,23,73,Normal
2026-02-15 16:41:48.878934,Seoul-3aec,-28,16,Normal
2026-02-15 16:41:49.878934,Seoul-3aec,48,50,Normal
2026-02-15 16:41:50.878934,Seoul-3aec,22,60,Normal
2026-02-15 16:41:51.878934,Seoul-3aec,44,55,Normal
2026-02-15 16:41:52.878934,Seoul-3aec,23,35,Normal
2026-02-15 16:41:53.878934,Seoul-3aec,40,92,Normal
2026-02-15 16:41:54.878934,Seoul-3aec,-22,16,Normal
2026-02-15 16:41:55.878934,Seoul-3aec,-1,76,Normal
2026-02-15 16:41:56.878934,Seoul-3aec,-17,93,Normal
2026-02-15 16:41:57.878934,Seoul-3aec,-9,99,Normal
2026-02-15 16:41:58.878934,Seoul-3aec,28,15,Normal
2026-02-15 16:41:59.878934,Seoul-3aec,45,90,Normal
2026-02-15 16:42:00.878934,Seoul-3aec,14,67,Normal
2026-02-15 16:42:01.878934,Seoul-3aec,21,27,Normal
2026-02-15 16:42:02.878934,Seoul-3aec,-17,88,Normal
2026-02-15 16:42:03.878934,Seoul-3aec,15,69,Normal
2026-02-15 16:42:04.878934,Seoul-3aec,20,48,Normal
2026-02-15 16:42:05.878934,Seoul-3aec,15,56,Normal
2026-02-15 16:42:06.878934,Seoul-3aec,5,27,Normal
2026-02-15 16:42:07.878934,Seoul-3aec,-21,49,Normal
2026-02-15 16:42:08.878934,Seoul-3aec,-22,16,Normal
2026-02-15 16:42:09.878934,Seoul-3aec,22,82,Normal
2026-02-15 16:42:10.878934,Seoul-3aec,47,45,Normal
2026-02-15 16:42:11.878934,Seoul-3aec,20,28,Normal
2026-02-15 16:42:12.878934,Seoul-3aec,1,48,Normal
2026-02-15 16:42:13.878934,Seoul-3aec,-7,50,Normal
2026-02-15 16:42:14.878934,Seoul-3aec,-26,58,Normal
2026-02-15 16:42:15.878934,Seoul-3aec,-25,47,Normal
2026-02-15 16:42:16.878934,Seoul-3aec,13,9,Normal
2026-02-15 16:42:17.878934,Seoul-3aec,33,64,Normal
2026-02-15 16:42:18.878934,Seoul-3aec,15,33,Normal
2026-02-15 16:42:19.878934,Seoul-3aec,-3,53,Normal
2026-02-15 16:42:20.878934,Seoul-3aec,19,63,Normal
2026-02-15 16:42:21.878934,Seoul-3aec,-6,14,Normal
2026-02-15 16:42:22.878934,Seoul-3aec,29,52,Normal
2026-02-15 16:42:23.878934,Seoul-3aec,43,32,Normal
2026-02-15 16:42:24.878934,Seoul-3aec,12,93,Normal
2026-02-15 16:42:25.878934,Seoul-3aec,-12,27,Normal
2026-02-15 16:42:26.878934,Seoul-3aec,-30,88,Normal
2026-02-15 16:42:27.878934,Seoul-3aec,3,33,Normal
2026-02-15 16:42:28.878934,Seoul-3aec,6,33,Normal
2026-02-15 16:42:29.878934,Seoul-3aec,-5,71,Normal
2026-02-15 16:42:30.878934,Seoul-3aec,38,13,Normal
2026-02-15 16:42:31.878934,Seoul-3aec,27,17,Normal
2026-02-15 16:42:32.878934,Seoul-3aec,25,38,Normal
2026-02-15 16:42:33.878934,Seoul-3aec,20,6,Normal
2026-02-15 16:42:34.878934,Seoul-3aec,18,55,Normal
2026-02-15 16:42:35.878934,Seoul-3aec,42,89,Normal
2026-02-15 16:42:36.878934,Seoul-3aec,28,30,Normal
2026-02-15 16:42:37.878934,Seoul-3aec,9,61,Normal
2026-02-15 16:42:38.878934,Seoul-3aec,-2,79,Normal
2026-02-15 16:42:39.878934,Seoul-3aec,12,76,Normal
2026-02-15 16:42:40.878934,Seoul-3aec,25,40,Normal
2026-02-15 16:42:41.878934,Seoul-3aec,-10,22,Normal
2026-02-15 16:42:42.878934,Seoul-3aec,29,27,Normal
2026-02-15 16:42:43.878934,Seoul-3aec,4,77,Normal
2026-02-15 16:42:44.878934,Seoul-3aec,-15,46,Normal
2026-02-15 16:42:45.878934,Seoul-3aec,-2,43,Normal
2026-02-15 16:42:46.878934,Seoul-3aec,10,57,Normal
2026-02-15 16:42:47.878934,Seoul-3aec,-23,46,Normal
2026-02-15 16:42:48.878934,Seoul-3aec,-14,38,Normal
2026-02-15 16:42:49.878934,Seoul-3aec,36,22,Normal
2026-02-15 16:42:50.878934,Seoul-3aec,-2,54,Normal
2026-02-15 16:42:51.878934,Seoul-3aec,-20,91,Normal
2026-02-15 16:42:52.878934,Seoul-3aec,33,2,Normal
2026-02-15 16:42:53.878934,Seoul-3aec,-28,64,Normal
2026-02-15 16:42:54.878934,Seoul-3aec,21,66,Normal
2026-02-15 16:42:55.878934,Seoul-3aec,44,20,Normal
2026-02-15 16:42:56.878934,Seoul-3aec,47,3,Normal
2026-02-15 16:42:57.878934,Seoul-3aec,-8,80,Normal
2026-02-15 16:42:58.878934,Seoul-3aec,30,95,Normal
2026-02-15 16:42:59.878934,Seoul-3aec,16,61,Normal
2026-02-15 16:43:00.878934,Seoul-3aec,-4,95,Normal
2026-02-15 16:43:01.878934,Seoul-3aec,-8,7,Normal
2026-02-15 16:43:02.878934,Seoul-3aec,-16,90,Normal
2026-02-15 16:43:03.878934,Seoul-3aec,7,95,Normal
2026-02-15 16:43:04.878934,Seoul-3aec,-10,22,Normal
2026-02-15 16:43:05.878934,Seoul-3aec,-18,58,Normal
2026-02-15 16:43:06.878934,Seoul-3aec,-28,22,Normal
2026-02-15 16:43:07.878934,Seoul-3aec,-14,77,Normal
2026-02-15 16:43:08.878934,Seoul-3aec,22,43,Normal
2026-02-15 16:43:09.878934,Seoul-3aec,38,20,Normal
2026-02-15 16:43:10.878934,Seoul-3aec,33,86,Normal
2026-02-15 16:43:11.878934,Seoul-3aec,-22,38,Normal
2026-02-15 16:43:12.878934,Seoul-3aec,18,13,Normal
2026-02-15 16:43:13.878934,Seoul-3aec,18,57,Normal
2026-02-15 16:43:14.878934,Seoul-3aec,-2,99,Normal
2026-02-15 16:43:15.878934,Seoul-3aec,30,36,Normal
2026-02-15 16:43:16.878934,Seoul-3aec,-9,13,Normal
2026-02-15 16:43:17.878934,Seoul-3aec,-25,98,Normal
2026-02-15 16:43:18.878934,Seoul-3aec,-27,34,Normal
2026-02-15 16:43:19.878934,Seoul-3aec,44,95,Normal
2026-02-15 16:43:20.878934,Seoul-3aec,16,19,Normal
2026-02-15 16:43:21.878934,Seoul-3aec,32,83,Normal
2026-02-15 16:43:22.878934,Seoul-3aec,18,48,Normal
2026-02-15 16:43:23.878934,Seoul-3aec,34,71,Normal
2026-02-15 16:43:24.878934,Seoul-3aec,-26,84,Normal
2026-02-15 16:43:25.878934,Seoul-3aec,16,85,Normal
2026-02-15 16:43:26.878934,Seoul-3aec,-4,100,Normal
2026-02-15 16:43:27.878934,Seoul-3aec,25,20,Normal
2026-02-15 16:43:28.878934,Seoul-3aec,-24,67,Normal
2026-02-15 16:43:29.878934,Seoul-3aec,-7,13,Normal
2026-02-15 16:43:30.878934,Seoul-3aec,2,88,Normal
2026-02-15 16:43:31.878934,Seoul-3aec,8,2,Normal
2026-02-15 16:43:32.878934,Seoul-3aec,45,6,Normal
2026-02-15 16:43:33.878934,Seoul-3aec,17,60,Normal
2026-02-15 16:43:34.878934,Seoul-3aec,36,1,Normal
2026-02-15 16:43:35.878934,Seoul-3aec,13,57,Normal
2026-02-15 16:43:36.878934,Seoul-3aec,-2,48,Normal
2026-02-15 16:43:37.878934,Seoul-3aec,48,84,Normal
2026-02-15 16:43:38.878934,Seoul-3aec,-4,54,Normal
2026-02-15 16:43:39.878934,Seoul-3aec,-3,24,Normal
2026-02-15 16:43:40.878934,Seoul-3aec,24,80,Normal
2026-02-15 16:43:41.878934,Seoul-3aec,34,72,Normal
2026-02-15 16:43:42.878934,Seoul-3aec,41,22,Normal
2026-02-15 16:43:43.878934,Seoul-3aec,-6,27,Normal
2026-02-15 16:43:44.878934,Seoul-3aec,-25,14,Normal
2026-02-15 16:43:45.878934,Seoul-3aec,36,14,Normal
2026-02-15 16:43:46.878934,Seoul-3aec,4,12,Normal
2026-02-15 16:43:47.878934,Seoul-3aec,38,1,Normal
2026-02-15 16:43:48.878934,Seoul-3aec,44,73,Normal
2026-02-15 16:43:49.878934,Seoul-3aec,9,93,Normal
2026-02-15 16:43:50.878934,Seoul-3aec,-13,23,Normal
2026-02-15 16:43:51.878934,Seoul-3aec,25,8,Normal
2026-02-15 16:43:52.878934,Seoul-3aec,3,26,Normal
2026-02-15 16:43:53.878934,Seoul-3aec,-17,87,Normal
2026-02-15 16:43:54.878934,Seoul-3aec,16,3,Normal
2026-02-15 16:43:55.878934,Seoul-3aec,29,85,Normal
2026-02-15 16:43:56.878934,Seoul-3aec,-14,45,Normal
2026-02-15 16:43:57.878934,Seoul-3aec,-26,100,Normal
2026-02-15 16:43:58.878934,Seoul-3aec,-20,21,Normal
2026-02-15 16:43:59.878934,Seoul-3aec,-2,86,Normal
2026-02-15 16:44:00.878934,Seoul-3aec,43,86,Normal
2026-02-15 16:44:01.878934,Seoul-3aec,41,88,Normal
2026-02-15 16:44:02.878934,Seoul-3aec,31,42,Normal
2026-02-15 16:44:03.878934,Seoul-3aec,36,85,Normal
2026-02-15 16:44:04.878934,Seoul-3aec,-28,71,Normal
2026-02-15 16:44:05.878934,Seoul-3aec,3,40,Normal
2026-02-15 16:44:06.878934,Seoul-3aec,-4,26,Normal
2026-02-15 16:44:07.878934,Seoul-3aec,47,36,Normal
2026-02-15 16:44:08.878934,Seoul-3aec,6,66,Normal
2026-02-15 16:44:09.878934,Seoul-3aec,-29,66,Normal
2026-02-15 16:44:10.878934,Seoul-3aec,21,34,Normal
2026-02-15 16:44:11.878934,Seoul-3aec,10,15,Normal
2026-02-15 16:44:12.878934,Seoul-3aec,36,90,Normal
2026-02-15 16:44:13.878934,Seoul-3aec,36,93,Normal
2026-02-15 16:44:14.878934,Seoul-3aec,-18,52,Normal
2026-02-15 16:44:15.878934,Seoul-3aec,37,46,Normal
2026-02-15 16:44:16.878934,Seoul-3aec,-15,62,Normal
2026-02-15 16:44:17.878934,Seoul-3aec,29,17,Normal
2026-02-15 16:44:18.878934,Seoul-3aec,10,73,Normal
2026-02-15 16:44:19.878934,Seoul-3aec,30,95,Normal
2026-02-15 16:44:20.878934,Seoul-3aec,42,45,Normal
2026-02-15 16:44:21.878934,Seoul-3aec,45,32,Normal
2026-02-15 16:44:22.878934,Seoul-3aec,41,34,Normal
2026-02-15 16:44:23.878934,Seoul-3aec,-8,60,Normal
2026-02-15 16:44:24.878934,Seoul-3aec,24,48,Normal
2026-02-15 16:44:25.878934,Seoul-3aec,-27,24,Normal
2026-02-15 16:44:26.878934,Seoul-3aec,-28,53,Normal
2026-02-15 16:44:27.878934,Seoul-3aec,-6,24,Normal
2026-02-15 16:44:28.878934,Seoul-3aec,33,73,Normal
2026-02-15 16:44:29.878934,Seoul-3aec,-12,5,Normal
2026-02-15 16:44:30.878934,Seoul-3aec,-21,45,Normal
2026-02-15 16:44:31.878934,Seoul-3aec,13,92,Normal
2026-02-15 16:44:32.878934,Seoul-3aec,-6,13,Normal
2026-02-15 16:44:33.878934,Seoul-3aec,-21,98,Normal
2026-02-15 16:44:34.878934,Seoul-3aec,44,96,Normal
2026-02-15 16:44:35.878934,Seoul-3aec,-8,42,Normal
2026-02-15 16:44:36.878934,Seoul-3aec,24,43,Normal
2026-02-15 16:44:37.878934,Seoul-3aec,-21,9,Normal
2026-02-15 16:44:38.878934,Seoul-3aec,36,56,Normal
2026-02-15 16:44:39.878934,Seoul-3aec,-5,17,Normal
2026-02-15 16:44:40.878934,Seoul-3aec,42,85,Normal
2026-02-15 16:44:41.878934,Seoul-3aec,17,38,Normal
2026-02-15 16:44:42.878934,Seoul-3aec,-21,34,Normal
2026-02-15 16:44:43.878934,Seoul-3aec,35,58,Normal
2026-02-15 16:44:44.878934,Seoul-3aec,-14,14,Normal
2026-02-15 16:44:45.878934,Seoul-3aec,-22,56,Normal
2026-02-15 16:44:46.878934,Seoul-3aec,-9,25,Normal
2026-02-15 16:44:47.878934,Seoul-3aec,-24,39,Normal
2026-02-15 16:44:48.878934,Seoul-3aec,21,42,Normal
2026-02-15 16:44:49.878934,Seoul-3aec,7,36,Normal
2026-02-15 16:44:50.878934,Seoul-3aec,44,23,Normal
2026-02-15 16:44:51.878934,Seoul-3aec,43,0,Normal
2026-02-15 16:44:52.878934,Seoul-3aec,-3,78,Normal
2026-02-15 16:44:53.878934,Seoul-3aec,-9,2,Normal
2026-02-15 16:44:54.878934,Seoul-3aec,47,43,Normal
2026-02-15 16:44:55.878934,Seoul-3aec,-25,89,Normal
2026-02-15 16:44:56.878934,Seoul-3aec,-21,100,Normal
2026-02-15 16:44:57.878934,Seoul-3aec,40,10,Normal
2026-02-15 16:44:58.878934,Seoul-3aec,7,22,Normal
2026-02-15 16:44:59.878934,Seoul-3aec,10,88,Normal
2026-02-15 16:45:00.878934,Seoul-3aec,14,8,Normal
2026-02-15 16:45:01.878934,Seoul-3aec,8,50,Normal
2026-02-15 16:45:02.878934,Seoul-3aec,6,41,Normal
2026-02-15 16:45:03.878934,Seoul-3aec,-23,5,Normal
2026-02-15 16:45:04.878934,Seoul-3aec,10,65,Normal
2026-02-15 16:45:05.878934,Seoul-3aec,16,68,Normal
2026-02-15 16:45:06.878934,Seoul-3aec,46,41,Normal
2026-02-15 16:45:07.878934,Seoul-3aec,-26,67,Normal
2026-02-15 16:45:08.878934,Seoul-3aec,36,36,Normal
2026-02-15 16:45:09.878934,Seoul-3aec,42,57,Normal
2026-02-15 16:45:10.878934,Seoul-3aec,9,67,Normal
2026-02-15 16:45:11.878934,Seoul-3aec,27,36,Normal
2026-02-15 16:45:12.878934,Seoul-3aec,43,43,Normal
2026-02-15 16:45:13.878934,Seoul-3aec,16,95,Normal
2026-02-15 16:45:14.878934,Seoul-3aec,35,98,Normal
2026-02-15 16:45:15.878934,Seoul-3aec,-2,57,Normal
2026-02-15 16:45:16.878934,Seoul-3aec,-29,6,Normal
2026-02-15 16:45:17.878934,Seoul-3aec,17,49,Normal
2026-02-15 16:45:18.878934,Seoul-3aec,39,1,Normal
2026-02-15 16:45:19.878934,Seoul-3aec,-8,36,Normal
2026-02-15 16:45:20.878934,Seoul-3aec,25,10,Normal
2026-02-15 16:45:21.878934,Seoul-3aec,-13,72,Normal
2026-02-15 16:45:22.878934,Seoul-3aec,-27,60,Normal
2026-02-15 16:45:23.878934,Seoul-3aec,8,40,Normal
2026-02-15 16:45:24.878934,Seoul-3aec,24,72,Normal
2026-02-15 16:45:25.878934,Seoul-3aec,-14,3,Normal
2026-02-15 16:45:26.878934,Seoul-3aec,23,9,Normal
2026-02-15 16:45:27.878934,Seoul-3aec,37,71,Normal
2026-02-15 16:45:28.878934,Seoul-3aec,46,53,Normal
2026-02-15 16:45:29.878934,Seoul-3aec,-24,90,Normal
2026-02-15 16:45:30.878934,Seoul-3aec,32,90,Normal
2026-02-15 16:45:31.878934,Seoul-3aec,28,62,Normal
2026-02-15 16:45:32.878934,Seoul-3aec,49,69,Normal
2026-02-15 16:45:33.878934,Seoul-3aec,-7,33,Normal
2026-02-15 16:45:34.878934,Seoul-3aec,32,2,Normal
2026-02-15 16:45:35.878934,Seoul-3aec,32,13,Normal
2026-02-15 16:45:36.878934,Seoul-3aec,-26,59,Normal
2026-02-15 16:45:37.878934,Seoul-3aec,41,99,Normal
2026-02-15 16:45:38.878934,Seoul-3aec,0,52,Normal
2026-02-15 16:45:39.878934,Seoul-3aec,-12,90,Normal
2026-02-15 16:45:40.878934,Seoul-3aec,-10,6,Normal
2026-02-15 16:45:41.878934,Seoul-3aec,43,56,Normal
2026-02-15 16:45:42.878934,Seoul-3aec,-28,61,Normal
2026-02-15 16:45:43.878934,Seoul-3aec,29,20,Normal
2026-02-15 16:45:44.878934,Seoul-3aec,2,80,Normal
2026-02-15 16:45:45.878934,Seoul-3aec,29,22,Normal
2026-02-15 16:45:46.878934,Seoul-3aec,45,25,Normal
2026-02-15 16:45:47.878934,Seoul-3aec,26,15,Normal
2026-02-15 16:45:48.878934,Seoul-3aec,33,23,Normal
2026-02-15 16:45:49.878934,Seoul-3aec,33,5,Normal
2026-02-15 16:45:50.878934,Seoul-3aec,-25,46,Normal
2026-02-15 16:45:51.878934,Seoul-3aec,38,70,Normal
2026-02-15 16:45:52.878934,Seoul-3aec,10,3,Normal
2026-02-15 16:45:53.878934,Seoul-3aec,11,13,Normal
2026-02-15 16:45:54.878934,Seoul-3aec,34,9,Normal
2026-02-15 16:45:55.878934,Seoul-3aec,28,77,Normal
2026-02-15 16:45:56.878934,Seoul-3aec,26,27,Normal
2026-02-15 16:45:57.878934,Seoul-3aec,48,16,Normal
2026-02-15 16:45:58.878934,Seoul-3aec,4,27,Normal
2026-02-15 16:45:59.878934,Seoul-3aec,-27,99,Normal
2026-02-15 16:46:00.878934,Seoul-3aec,-28,68,Normal
2026-02-15 16:46:01.878934,Seoul-3aec,15,40,Normal
2026-02-15 16:46:02.878934,Seoul-3aec,-9,84,Normal
2026-02-15 16:46:03.878934,Seoul-3aec,24,88,Normal
2026-02-15 16:46:04.878934,Seoul-3aec,8,77,Normal
2026-02-15 16:46:05.878934,Seoul-3aec,37,66,Normal
2026-02-15 16:46:06.878934,Seoul-3aec,12,84,Normal
2026-02-15 16:46:07.878934,Seoul-3aec,0,99,Normal
2026-02-15 16:46:08.878934,Seoul-3aec,15,72,Normal
2026-02-15 16:46:09.878934,Seoul-3aec,17,20,Normal
2026-02-15 16:46:10.878934,Seoul-3aec,47,42,Normal
2026-02-15 16:46:11.878934,Seoul-3aec,18,50,Normal
2026-02-15 16:46:12.878934,Seoul-3aec,13,42,Normal
2026-02-15 16:46:13.878934,Seoul-3aec,19,26,Normal
2026-02-15 16:46:14.878934,Seoul-3aec,-3,33,Normal
2026-02-15 16:46:15.878934,Seoul-3aec,2,80,Normal
2026-02-15 16:46:16.878934,Seoul-3aec,9,54,Normal
2026-02-15 16:46:17.878934,Seoul-3aec,25,96,Normal
2026-02-15 16:46:18.878934,Seoul-3aec,-28,23,Normal
2026-02-15 16:46:19.878934,Seoul-3aec,11,5,Normal
2026-02-15 16:46:20.878934,Seoul-3aec,38,72,Normal
2026-02-15 16:46:21.878934,Seoul-3aec,48,24,Normal
2026-02-15 16:46:22.878934,Seoul-3aec,-21,99,Normal
2026-02-15 16:46:23.878934,Seoul-3aec,6,68,Normal
2026-02-15 16:46:24.878934,Seoul-3aec,25,21,Normal
2026-02-15 16:46:25.878934,Seoul-3aec,18,31,Normal
2026-02-15 16:46:26.878934,Seoul-3aec,8,54,Normal
2026-02-15 16:46:27.878934,Seoul-3aec,49,90,Normal
2026-02-15 16:46:28.878934,Seoul-3aec,10,25,Normal
2026-02-15 16:46:29.878934,Seoul-3aec,-30,27,Normal
2026-02-15 16:46:30.878934,Seoul-3aec,23,43,Normal
2026-02-15 16:46:31.878934,Seoul-3aec,-22,28,Normal
2026-02-15 16:46:32.878934,Seoul-3aec,5,96,Normal
2026-02-15 16:46:33.878934,Seoul-3aec,50,56,Normal
2026-02-15 16:46:34.878934,Seoul-3aec,-10,7,Normal
2026-02-15 16:46:35.878934,Seoul-3aec,37,45,Normal
2026-02-15 16:46:36.878934,Seoul-3aec,-21,6,Normal
2026-02-15 16:46:37.878934,Seoul-3aec,-30,93,Normal
2026-02-15 16:46:38.878934,Seoul-3aec,39,96,Normal
2026-02-15 16:46:39.878934,Seoul-3aec,38,13,Normal
2026-02-15 16:46:40.878934,Seoul-3aec,24,70,Normal
2026-02-15 16:46:41.878934,Seoul-3aec,19,3,Normal
2026-02-15 16:46:42.878934,Seoul-3aec,49,88,Normal
2026-02-15 16:46:43.878934,Seoul-3aec,14,24,Normal
2026-02-15 16:46:44.878934,Seoul-3aec,24,81,Normal
2026-02-15 16:46:45.878934,Seoul-3aec,48,23,Normal
2026-02-15 16:46:46.878934,Seoul-3aec,-26,73,Normal
2026-02-15 16:46:47.878934,Seoul-3aec,-5,74,Normal
2026-02-15 16:46:48.878934,Seoul-3aec,47,18,Normal
2026-02-15 16:46:49.878934,Seoul-3aec,0,90,Normal
2026-02-15 16:46:50.878934,Seoul-3aec,-10,54,Normal
2026-02-15 16:46:51.878934,Seoul-3aec,11,84,Normal
2026-02-15 16:46:52.878934,Seoul-3aec,-4,44,Normal
2026-02-15 16:46:53.878934,Seoul-3aec,41,7,Normal
2026-02-15 16:46:54.878934,Seoul-3aec,41,97,Normal
2026-02-15 16:46:55.878934,Seoul-3aec,-24,12,Normal
2026-02-15 16:46:56.878934,Seoul-3aec,45,96,Normal
2026-02-15 16:46:57.878934,Seoul-3aec,-16,4,Normal
2026-02-15 16:46:58.878934,Seoul-3aec,31,73,Normal
2026-02-15 16:46:59.878934,Seoul-3aec,26,74,Normal
2026-02-15 16:47:00.878934,Seoul-3aec,27,95,Normal
2026-02-15 16:47:01.878934,Seoul-3aec,17,16,Normal
2026-02-15 16:47:02.878934,Seoul-3aec,-8,12,Normal
2026-02-15 16:47:03.878934,Seoul-3aec,32,87,Normal
2026-02-15 16:47:04.878934,Seoul-3aec,24,5,Normal
2026-02-15 16:47:05.878934,Seoul-3aec,-9,18,Normal
2026-02-15 16:47:06.878934,Seoul-3aec,-9,51,Normal
2026-02-15 16:47:07.878934,Seoul-3aec,11,6,Normal
2026-02-15 16:47:08.878934,Seoul-3aec,9,19,Normal
2026-02-15 16:47:09.878934,Seoul-3aec,37,44,Normal
2026-02-15 16:47:10.878934,Seoul-3aec,-27,48,Normal
2026-02-15 16:47:11.878934,Seoul-3aec,30,21,Normal
2026-02-15 16:47:12.878934,Seoul-3aec,46,47,Normal
2026-02-15 16:47:13.878934,Seoul-3aec,0,75,Normal
2026-02-15 16:47:14.878934,Seoul-3aec,11,12,Normal
2026-02-15 16:47:15.878934,Seoul-3aec,43,99,Normal
2026-02-15 16:47:16.878934,Seoul-3aec,9,6,Normal
2026-02-15 16:47:17.878934,Seoul-3aec,-24,0,Normal
2026-02-15 16:47:18.878934,Seoul-3aec,2,94,Normal
2026-02-15 16:47:19.878934,Seoul-3aec,15,20,Normal
2026-02-15 16:47:20.878934,Seoul-3aec,-15,64,Normal
2026-02-15 16:47:21.878934,Seoul-3aec,-14,26,Normal
2026-02-15 16:47:22.878934,Seoul-3aec,1,98,Normal
2026-02-15 16:47:23.878934,Seoul-3aec,8,36,Normal
2026-02-15 16:47:24.878934,Seoul-3aec,8,89,Normal
2026-02-15 16:47:25.878934,Seoul-3aec,43,27,Normal
2026-02-15 16:47:26.878934,Seoul-3aec,48,25,Normal
2026-02-15 16:47:27.878934,Seoul-3aec,4,70,Normal
2026-02-15 16:47:28.878934,Seoul-3aec,-3,11,Normal
2026-02-15 16:47:29.878934,Seoul-3aec,-13,36,Normal
2026-02-15 16:47:30.878934,Seoul-3aec,30,48,Normal
2026-02-15 16:47:31.878934,Seoul-3aec,16,51,Normal
2026-02-15 16:47:32.878934,Seoul-3aec,1,25,Normal
2026-02-15 16:47:33.878934,Seoul-3aec,-15,51,Normal
2026-02-15 16:47:34.878934,Seoul-3aec,12,96,Normal
2026-02-15 16:47:35.878934,Seoul-3aec,50,73,Normal
2026-02-15 16:47:36.878934,Seoul-3aec,33,52,Normal
2026-02-15 16:47:37.878934,Seoul-3aec,34,56,Normal
2026-02-15 16:47:38.878934,Seoul-3aec,-5,70,Normal
2026-02-15 16:47:39.878934,Seoul-3aec,13,4,Normal
2026-02-15 16:47:40.878934,Seoul-3aec,29,25,Normal
2026-02-15 16:47:41.878934,Seoul-3aec,44,16,Normal
2026-02-15 16:47:42.878934,Seoul-3aec,40,89,Normal
2026-02-15 16:47:43.878934,Seoul-3aec,-5,31,Normal
2026-02-15 16:47:44.878934,Seoul-3aec,44,13,Normal
2026-02-15 16:47:45.878934,Seoul-3aec,20,15,Normal
2026-02-15 16:47:46.878934,Seoul-3aec,33,45,Normal
2026-02-15 16:47:47.878934,Seoul-3aec,35,82,Normal
2026-02-15 16:47:48.878934,Seoul-3aec,4,96,Normal
2026-02-15 16:47:49.878934,Seoul-3aec,41,3,Normal
2026-02-15 16:47:50.878934,Seoul-3aec,34,89,Normal
2026-02-15 16:47:51.878934,Seoul-3aec,22,64,Normal
2026-02-15 16:47:52.878934,Seoul-3aec,46,65,Normal
2026-02-15 16:47:53.878934,Seoul-3aec,-14,19,Normal
2026-02-15 16:47:54.878934,Seoul-3aec,-24,92,Normal
2026-02-15 16:47:55.878934,Seoul-3aec,38,3,Normal
2026-02-15 16:47:56.878934,Seoul-3aec,4,91,Normal
2026-02-15 16:47:57.878934,Seoul-3aec,7,11,Normal
2026-02-15 16:47:58.878934,Seoul-3aec,-7,73,Normal
2026-02-15 16:47:59.878934,Seoul-3aec,11,32,Normal
2026-02-15 16:48:00.878934,Seoul-3aec,49,51,Normal
2026-02-15 16:48:01.878934,Seoul-3aec,31,22,Normal
2026-02-15 16:48:02.878934,Seoul-3aec,47,49,Normal
2026-02-15 16:48:03.878934,Seoul-3aec,23,39,Normal
2026-02-15 16:48:04.878934,Seoul-3aec,-13,97,Normal
2026-02-15 16:48:05.878934,Seoul-3aec,-24,26,Normal
2026-02-15 16:48:06.878934,Seoul-3aec,16,89,Normal
2026-02-15 16:48:07.878934,Seoul-3aec,-15,48,Normal
2026-02-15 16:48:08.878934,Seoul-3aec,49,22,Normal
2026-02-15 16:48:09.878934,Seoul-3aec,18,86,Normal
2026-02-15 16:48:10.878934,Seoul-3aec,20,92,Normal
2026-02-15 16:48:11.878934,Seoul-3aec,37,26,Normal
2026-02-15 16:48:12.878934,Seoul-3aec,-6,12,Normal
2026-02-15 16:48:13.878934,Seoul-3aec,-21,43,Normal
2026-02-15 16:48:14.878934,Seoul-3aec,46,70,Normal
2026-02-15 16:48:15.878934,Seoul-3aec,28,16,Normal
2026-02-15 16:48:16.878934,Seoul-3aec,-9,4,Normal
2026-02-15 16:48:17.878934,Seoul-3aec,42,23,Normal
2026-02-15 16:48:18.878934,Seoul-3aec,36,6,Normal
2026-02-15 16:48:19.878934,Seoul-3aec,40,58,Normal
2026-02-15 16:48:20.878934,Seoul-3aec,48,68,Normal
2026-02-15 16:48:21.878934,Seoul-3aec,50,7,Normal
2026-02-15 16:48:22.878934,Seoul-3aec,29,52,Normal
2026-02-15 16:48:23.878934,Seoul-3aec,21,59,Normal
2026-02-15 16:48:24.878934,Seoul-3aec,35,70,Normal
2026-02-15 16:48:25.878934,Seoul-3aec,40,54,Normal
2026-02-15 16:48:26.878934,Seoul-3aec,13,63,Normal
2026-02-15 16:48:27.878934,Seoul-3aec,37,34,Normal
2026-02-15 16:48:28.878934,Seoul-3aec,29,48,Normal
2026-02-15 16:48:29.878934,Seoul-3aec,38,34,Normal
2026-02-15 16:48:30.878934,Seoul-3aec,50,98,Normal
2026-02-15 16:48:31.878934,Seoul-3aec,-27,91,Normal
2026-02-15 16:48:32.878934,Seoul-3aec,44,31,Normal
2026-02-15 16:48:33.878934,Seoul-3aec,37,30,Normal
2026-02-15 16:48:34.878934,Seoul-3aec,35,87,Normal
2026-02-15 16:48:35.878934,Seoul-3aec,-11,71,Normal
2026-02-15 16:48:36.878934,Seoul-3aec,-1,33,Normal
2026-02-15 16:48:37.878934,Seoul-3aec,19,10,Normal
2026-02-15 16:48:38.878934,Seoul-3aec,25,63,Normal
2026-02-15 16:48:39.878934,Seoul-3aec,-30,39,Normal
2026-02-15 16:48:40.878934,Seoul-3aec,43,58,Normal
2026-02-15 16:48:41.878934,Seoul-3aec,-26,85,Normal
2026-02-15 16:48:42.878934,Seoul-3aec,-5,60,Normal
2026-02-15 16:48:43.878934,Seoul-3aec,13,71,Normal
2026-02-15 16:48:44.878934,Seoul-3aec,-10,92,Normal
2026-02-15 16:48:45.878934,Seoul-3aec,32,40,Normal
2026-02-15 16:48:46.878934,Seoul-3aec,40,13,Normal
2026-02-15 16:48:47.878934,Seoul-3aec,-28,58,Normal
2026-02-15 16:48:48.878934,Seoul-3aec,18,32,Normal
2026-02-15 16:48:49.878934,Seoul-3aec,-26,60,Normal
2026-02-15 16:48:50.878934,Seoul-3aec,-22,13,Normal
2026-02-15 16:48:51.878934,Seoul-3aec,45,73,Normal
2026-02-15 16:48:52.878934,Seoul-3aec,22,87,Normal
2026-02-15 16:48:53.878934,Seoul-3aec,29,70,Normal
2026-02-15 16:48:54.878934,Seoul-3aec,-26,76,Normal
2026-02-15 16:48:55.878934,Seoul-3aec,24,13,Normal
2026-02-15 16:48:56.878934,Seoul-3aec,39,42,Normal
2026-02-15 16:48:57.878934,Seoul-3aec,-8,97,Normal
2026-02-15 16:48:58.878934,Seoul-3aec,-20,79,Normal
2026-02-15 16:48:59.878934,Seoul-3aec,40,58,Normal
2026-02-15 16:49:00.878934,Seoul-3aec,39,74,Normal
2026-02-15 16:49:01.878934,Seoul-3aec,-24,61,Normal
2026-02-15 16:49:02.878934,Seoul-3aec,36,2,Normal
2026-02-15 16:49:03.878934,Seoul-3aec,4,2,Normal
2026-02-15 16:49:04.878934,Seoul-3aec,46,13,Normal
2026-02-15 16:49:05.878934,Seoul-3aec,-28,7,Normal
2026-02-15 16:49:06.878934,Seoul-3aec,4,17,Normal
2026-02-15 16:49:07.878934,Seoul-3aec,30,54,Normal
2026-02-15 16:49:08.878934,Seoul-3aec,22,6,Normal
2026-02-15 16:49:09.878934,Seoul-3aec,29,29,Normal
2026-02-15 16:49:10.878934,Seoul-3aec,-28,79,Normal
2026-02-15 16:49:11.878934,Seoul-3aec,13,30,Normal
2026-02-15 16:49:12.878934,Seoul-3aec,-23,99,Normal
2026-02-15 16:49:13.878934,Seoul-3aec,23,15,Normal
2026-02-15 16:49:14.878934,Seoul-3aec,6,33,Normal
2026-02-15 16:49:15.878934,Seoul-3aec,-7,85,Normal
2026-02-15 16:49:16.878934,Seoul-3aec,-15,38,Normal
2026-02-15 16:49:17.878934,Seoul-3aec,-18,2,Normal
2026-02-15 16:49:18.878934,Seoul-3aec,-21,99,Normal
2026-02-15 16:49:19.878934,Seoul-3aec,-10,87,Normal
2026-02-15 16:49:20.878934,Seoul-3aec,-25,12,Normal
2026-02-15 16:49:21.878934,Seoul-3aec,-26,5,Normal
2026-02-15 16:49:22.878934,Seoul-3aec,-12,100,Normal
2026-02-15 16:49:23.878934,Seoul-3aec,41,77,Normal
2026-02-15 16:49:24.878934,Seoul-3aec,-14,93,Normal
2026-02-15 16:49:25.878934,Seoul-3aec,17,29,Normal
2026-02-15 16:49:26.878934,Seoul-3aec,-15,60,Normal
2026-02-15 16:49:27.878934,Seoul-3aec,-18,83,Normal
2026-02-15 16:49:28.878934,Seoul-3aec,21,84,Normal
2026-02-15 16:49:29.878934,Seoul-3aec,-11,51,Normal
2026-02-15 16:49:30.878934,Seoul-3aec,-24,23,Normal
2026-02-15 16:49:31.878934,Seoul-3aec,-18,66,Normal
2026-02-15 16:49:32.878934,Seoul-3aec,9,97,Normal
2026-02-15 16:49:33.878934,Seoul-3aec,-28,81,Normal
2026-02-15 16:49:34.878934,Seoul-3aec,13,45,Normal
2026-02-15 16:49:35.878934,Seoul-3aec,6,61,Normal
2026-02-15 16:49:36.878934,Seoul-3aec,29,70,Normal
2026-02-15 16:49:37.878934,Seoul-3aec,-19,65,Normal
2026-02-15 16:49:38.878934,Seoul-3aec,12,21,Normal
2026-02-15 16:49:39.878934,Seoul-3aec,4,29,Normal
2026-02-15 16:49:40.878934,Seoul-3aec,-16,97,Normal
2026-02-15 16:49:41.878934,Seoul-3aec,-26,94,Normal
2026-02-15 16:49:42.878934,Seoul-3aec,-12,75,Normal
2026-02-15 16:49:43.878934,Seoul-3aec,-18,11,Normal
2026-02-15 16:49:44.878934,Seoul-3aec,26,86,Normal
2026-02-15 16:49:45.878934,Seoul-3aec,-29,1,Normal
2026-02-15 16:49:46.878934,Seoul-3aec,-11,45,Normal
2026-02-15 16:49:47.878934,Seoul-3aec,-8,63,Normal
2026-02-15 16:49:48.878934,Seoul-3aec,7,98,Normal
2026-02-15 16:49:49.878934,Seoul-3aec,1,33,Normal
2026-02-15 16:49:50.878934,Seoul-3aec,-12,91,Normal
2026-02-15 16:49:51.878934,Seoul-3aec,23,95,Normal
2026-02-15 16:49:52.878934,Seoul-3aec,2,58,Normal
2026-02-15 16:49:53.878934,Seoul-3aec,20,6,Normal
2026-02-15 16:49:54.878934,Seoul-3aec,-13,77,Normal
2026-02-15 16:49:55.878934,Seoul-3aec,8,76,Normal
2026-02-15 16:49:56.878934,Seoul-3aec,6,93,Normal
2026-02-15 16:49:57.878934,Seoul-3aec,42,56,Normal
2026-02-15 16:49:58.878934,Seoul-3aec,-7,1,Normal
2026-02-15 16:49:59.878934,Seoul-3aec,21,25,Normal
2026-02-15 16:50:00.878934,Seoul-3aec,-2,26,Normal
2026-02-15 16:50:01.878934,Seoul-3aec,10,22,Normal
2026-02-15 16:50:02.878934,Seoul-3aec,14,6,Normal
2026-02-15 16:50:03.878934,Seoul-3aec,30,56,Normal
2026-02-15 16:50:04.878934,Seoul-3aec,-6,13,Normal
2026-02-15 16:50:05.878934,Seoul-3aec,47,100,Normal
2026-02-15 16:50:06.878934,Seoul-3aec,17,84,Normal
2026-02-15 16:50:07.878934,Seoul-3aec,32,21,Normal
2026-02-15 16:50:08.878934,Seoul-3aec,-10,0,Normal
2026-02-15 16:50:09.878934,Seoul-3aec,10,60,Normal
2026-02-15 16:50:10.878934,Seoul-3aec,-8,0,Normal
2026-02-15 16:50:11.878934,Seoul-3aec,42,56,Normal
2026-02-15 16:50:12.878934,Seoul-3aec,33,8,Normal
2026-02-15 16:50:13.878934,Seoul-3aec,-7,81,Normal
2026-02-15 16:50:14.878934,Seoul-3aec,27,44,Normal
2026-02-15 16:50:15.878934,Seoul-3aec,-21,6,Normal
2026-02-15 16:50:16.878934,Seoul-3aec,-12,5,Normal
2026-02-15 16:50:17.878934,Seoul-3aec,17,40,Normal
2026-02-15 16:50:18.878934,Seoul-3aec,39,60,Normal
2026-02-15 16:50:19.878934,Seoul-3aec,-9,34,Normal
2026-02-15 16:50:20.878934,Seoul-3aec,-1,40,Normal
2026-02-15 16:50:21.878934,Seoul-3aec,24,40,Normal
2026-02-15 16:50:22.878934,Seoul-3aec,4,87,Normal
2026-02-15 16:50:23.878934,Seoul-3aec,-10,3,Normal
2026-02-15 16:50:24.878934,Seoul-3aec,-24,6,Normal
2026-02-15 16:50:25.878934,Seoul-3aec,31,6,Normal
2026-02-15 16:50:26.878934,Seoul-3aec,-13,65,Normal
2026-02-15 16:50:27.878934,Seoul-3aec,-7,58,Normal
2026-02-15 16:50:28.878934,Seoul-3aec,26,4,Normal
2026-02-15 16:50:29.878934,Seoul-3aec,19,96,Normal
2026-02-15 16:50:30.878934,Seoul-3aec,5,46,Normal
2026-02-15 16:50:31.878934,Seoul-3aec,50,71,Normal
2026-02-15 16:50:32.878934,Seoul-3aec,42,79,Normal
2026-02-15 16:50:33.878934,Seoul-3aec,-30,26,Normal
2026-02-15 16:50:34.878934,Seoul-3aec,35,55,Normal
2026-02-15 16:50:35.878934,Seoul-3aec,36,84,Normal
2026-02-15 16:50:36.878934,Seoul-3aec,28,48,Normal
2026-02-15 16:50:37.878934,Seoul-3aec,14,45,Normal
2026-02-15 16:50:38.878934,Seoul-3aec,19,86,Normal
2026-02-15 16:50:39.878934,Seoul-3aec,12,10,Normal
2026-02-15 16:50:40.878934,Seoul-3aec,-30,75,Normal
2026-02-15 16:50:41.878934,Seoul-3aec,7,77,Normal
2026-02-15 16:50:42.878934,Seoul-3aec,30,30,Normal
2026-02-15 16:50:43.878934,Seoul-3aec,37,83,Normal
2026-02-15 16:50:44.878934,Seoul-3aec,40,1,Normal
2026-02-15 16:50:45.878934,Seoul-3aec,-17,18,Normal
2026-02-15 16:50:46.878934,Seoul-3aec,-12,90,Normal
2026-02-15 16:50:47.878934,Seoul-3aec,-26,51,Normal
2026-02-15 16:50:48.878934,Seoul-3aec,12,8,Normal
2026-02-15 16:50:49.878934,Seoul-3aec,17,3,Normal
2026-02-15 16:50:50.878934,Seoul-3aec,2,14,Normal
2026-02-15 16:50:51.878934,Seoul-3aec,-17,64,Normal
2026-02-15 16:50:52.878934,Seoul-3aec,15,44,Normal
2026-02-15 16:50:53.878934,Seoul-3aec,9,33,Normal
2026-02-15 16:50:54.878934,Seoul-3aec,50,76,Normal
2026-02-15 16:50:55.878934,Seoul-3aec,41,44,Normal
2026-02-15 16:50:56.878934,Seoul-3aec,10,61,Normal
2026-02-15 16:50:57.878934,Seoul-3aec,4,51,Normal
2026-02-15 16:50:58.878934,Seoul-3aec,8,86,Normal
2026-02-15 16:50:59.878934,Seoul-3aec,48,99,Normal
2026-02-15 16:51:00.878934,Seoul-3aec,31,11,Normal
2026-02-15 16:51:01.878934,Seoul-3aec,3,61,Normal
2026-02-15 16:51:02.878934,Seoul-3aec,23,0,Normal
2026-02-15 16:51:03.878934,Seoul-3aec,46,63,Normal
2026-02-15 16:51:04.878934,Seoul-3aec,32,13,Normal
2026-02-15 16:51:05.878934,Seoul-3aec,-30,31,Normal
2026-02-15 16:51:06.878934,Seoul-3aec,33,42,Normal
2026-02-15 16:51:07.878934,Seoul-3aec,44,72,Normal
2026-02-15 16:51:08.878934,Seoul-3aec,-12,26,Normal
2026-02-15 16:51:09.878934,Seoul-3aec,15,44,Normal
2026-02-15 16:51:10.878934,Seoul-3aec,-11,71,Normal
2026-02-15 16:51:11.878934,Seoul-3aec,12,96,Normal
2026-02-15 16:51:12.878934,Seoul-3aec,13,29,Normal
2026-02-15 16:51:13.878934,Seoul-3aec,16,14,Normal
2026-02-15 16:51:14.878934,Seoul-3aec,5,100,Normal
2026-02-15 16:51:15.878934,Seoul-3aec,-4,19,Normal
2026-02-15 16:51:16.878934,Seoul-3aec,4,54,Normal
2026-02-15 16:51:17.878934,Seoul-3aec,38,81,Normal
2026-02-15 16:51:18.878934,Seoul-3aec,25,57,Normal
2026-02-15 16:51:19.878934,Seoul-3aec,-29,86,Normal
2026-02-15 16:51:20.878934,Seoul-3aec,-9,86,Normal
2026-02-15 16:51:21.878934,Seoul-3aec,17,6,Normal
2026-02-15 16:51:22.878934,Seoul-3aec,-16,97,Normal
2026-02-15 16:51:23.878934,Seoul-3aec,-25,94,Normal
2026-02-15 16:51:24.878934,Seoul-3aec,-27,1,Normal
2026-02-15 16:51:25.878934,Seoul-3aec,-14,70,Normal
2026-02-15 16:51:26.878934,Seoul-3aec,-9,14,Normal
2026-02-15 16:51:27.878934,Seoul-3aec,-11,23,Normal
2026-02-15 16:51:28.878934,Seoul-3aec,-22,3,Normal
2026-02-15 16:51:29.878934,Seoul-3aec,25,39,Normal
2026-02-15 16:51:30.878934,Seoul-3aec,14,63,Normal
2026-02-15 16:51:31.878934,Seoul-3aec,-3,98,Normal
2026-02-15 16:51:32.878934,Seoul-3aec,-21,81,Normal
2026-02-15 16:51:33.878934,Seoul-3aec,19,50,Normal
2026-02-15 16:51:34.878934,Seoul-3aec,4,29,Normal
2026-02-15 16:51:35.878934,Seoul-3aec,23,5,Normal
2026-02-15 16:51:36.878934,Seoul-3aec,1,32,Normal
2026-02-15 16:51:37.878934,Seoul-3aec,-8,72,Normal
2026-02-15 16:51:38.878934,Seoul-3aec,-27,50,Normal
2026-02-15 16:51:39.878934,Seoul-3aec,9,7,Normal
2026-02-15 16:51:40.878934,Seoul-3aec,17,47,Normal
2026-02-15 16:51:41.878934,Seoul-3aec,23,77,Normal
2026-02-15 16:51:42.878934,Seoul-3aec,21,26,Normal
2026-02-15 16:51:43.878934,Seoul-3aec,-18,40,Normal
2026-02-15 16:51:44.878934,Seoul-3aec,18,98,Normal
2026-02-15 16:51:45.878934,Seoul-3aec,-21,6,Normal
2026-02-15 16:51:46.878934,Seoul-3aec,0,14,Normal
2026-02-15 16:51:47.878934,Seoul-3aec,-7,93,Normal
2026-02-15 16:51:48.878934,Seoul-3aec,48,36,Normal
2026-02-15 16:51:49.878934,Seoul-3aec,41,39,Normal
2026-02-15 16:51:50.878934,Seoul-3aec,33,17,Normal
2026-02-15 16:51:51.878934,Seoul-3aec,28,5,Normal
2026-02-15 16:51:52.878934,Seoul-3aec,-23,80,Normal
2026-02-15 16:51:53.878934,Seoul-3aec,-14,30,Normal
2026-02-15 16:51:54.878934,Seoul-3aec,6,88,Normal
2026-02-15 16:51:55.878934,Seoul-3aec,23,56,Normal
2026-02-15 16:51:56.878934,Seoul-3aec,-11,27,Normal
2026-02-15 16:51:57.878934,Seoul-3aec,46,86,Normal
2026-02-15 16:51:58.878934,Seoul-3aec,41,81,Normal
2026-02-15 16:51:59.878934,Seoul-3aec,2,33,Normal
2026-02-15 16:52:00.878934,Seoul-3aec,50,2,Normal
2026-02-15 16:52:01.878934,Seoul-3aec,5,80,Normal
2026-02-15 16:52:02.878934,Seoul-3aec,-28,19,Normal
2026-02-15 16:52:03.878934,Seoul-3aec,-14,79,Normal
2026-02-15 16:52:04.878934,Seoul-3aec,49,65,Normal
2026-02-15 16:52:05.878934,Seoul-3aec,11,12,Normal
2026-02-15 16:52:06.878934,Seoul-3aec,18,39,Normal
2026-02-15 16:52:07.878934,Seoul-3aec,-5,49,Normal
2026-02-15 16:52:08.878934,Seoul-3aec,7,91,Normal
2026-02-15 16:52:09.878934,Seoul-3aec,-6,27,Normal
2026-02-15 16:52:10.878934,Seoul-3aec,39,11,Normal
2026-02-15 16:52:11.878934,Seoul-3aec,-14,62,Normal
2026-02-15 16:52:12.878934,Seoul-3aec,-6,59,Normal
2026-02-15 16:52:13.878934,Seoul-3aec,19,95,Normal
2026-02-15 16:52:14.878934,Seoul-3aec,7,92,Normal
2026-02-15 16:52:15.878934,Seoul-3aec,19,57,Normal
2026-02-15 16:52:16.878934,Seoul-3aec,3,85,Normal
2026-02-15 16:52:17.878934,Seoul-3aec,18,99,Normal
2026-02-15 16:52:18.878934,Seoul-3aec,-23,70,Normal
2026-02-15 16:52:19.878934,Seoul-3aec,33,83,Normal
2026-02-15 16:52:20.878934,Seoul-3aec,-27,100,Normal
2026-02-15 16:52:21.878934,Seoul-3aec,17,6,Normal
2026-02-15 16:52:22.878934,Seoul-3aec,34,15,Normal
2026-02-15 16:52:23.878934,Seoul-3aec,11,44,Normal
2026-02-15 16:52:24.878934,Seoul-3aec,7,99,Normal
2026-02-15 16:52:25.878934,Seoul-3aec,36,92,Normal
2026-02-15 16:52:26.878934,Seoul-3aec,-21,25,Normal
2026-02-15 16:52:27.878934,Seoul-3aec,-5,28,Normal
2026-02-15 16:52:28.878934,Seoul-3aec,8,97,Normal
2026-02-15 16:52:29.878934,Seoul-3aec,-9,75,Normal
2026-02-15 16:52:30.878934,Seoul-3aec,-25,0,Normal
2026-02-15 16:52:31.878934,Seoul-3aec,14,59,Normal
2026-02-15 16:52:32.878934,Seoul-3aec,46,34,Normal
2026-02-15 16:52:33.878934,Seoul-3aec,-18,17,Normal
2026-02-15 16:52:34.878934,Seoul-3aec,15,19,Normal
2026-02-15 16:52:35.878934,Seoul-3aec,40,7,Normal
2026-02-15 16:52:36.878934,Seoul-3aec,38,13,Normal
2026-02-15 16:52:37.878934,Seoul-3aec,18,6,Normal
2026-02-15 16:52:38.878934,Seoul-3aec,34,44,Normal
2026-02-15 16:52:39.878934,Seoul-3aec,-2,70,Normal
2026-02-15 16:52:40.878934,Seoul-3aec,-4,57,Normal
2026-02-15 16:52:41.878934,Seoul-3aec,32,47,Normal
2026-02-15 16:52:42.878934,Seoul-3aec,6,78,Normal
2026-02-15 16:52:43.878934,Seoul-3aec,17,4,Normal
2026-02-15 16:52:44.878934,Seoul-3aec,36,31,Normal
2026-02-15 16:52:45.878934,Seoul-3aec,23,37,Normal
2026-02-15 16:52:46.878934,Seoul-3aec,22,59,Normal
2026-02-15 16:52:47.878934,Seoul-3aec,-29,47,Normal
2026-02-15 16:52:48.878934,Seoul-3aec,26,4,Normal
2026-02-15 16:52:49.878934,Seoul-3aec,7,62,Normal
2026-02-15 16:52:50.878934,Seoul-3aec,48,42,Normal
2026-02-15 16:52:51.878934,Seoul-3aec,31,57,Normal
2026-02-15 16:52:52.878934,Seoul-3aec,-7,56,Normal
2026-02-15 16:52:53.878934,Seoul-3aec,-14,5,Normal
2026-02-15 16:52:54.878934,Seoul-3aec,-29,42,Normal
2026-02-15 16:52:55.878934,Seoul-3aec,-15,82,Normal
2026-02-15 16:52:56.878934,Seoul-3aec,11,16,Normal
2026-02-15 16:52:57.878934,Seoul-3aec,11,84,Normal
2026-02-15 16:52:58.878934,Seoul-3aec,22,12,Normal
2026-02-15 16:52:59.878934,Seoul-3aec,48,31,Normal
2026-02-15 16:53:00.878934,Seoul-3aec,34,46,Normal
2026-02-15 16:53:01.878934,Seoul-3aec,-23,95,Normal
2026-02-15 16:53:02.878934,Seoul-3aec,25,46,Normal
2026-02-15 16:53:03.878934,Seoul-3aec,35,80,Normal
2026-02-15 16:53:04.878934,Seoul-3aec,-17,2,Normal
2026-02-15 16:53:05.878934,Seoul-3aec,-25,38,Normal
2026-02-15 16:53:06.878934,Seoul-3aec,4,18,Normal
2026-02-15 16:53:07.878934,Seoul-3aec,-16,88,Normal
2026-02-15 16:53:08.878934,Seoul-3aec,-7,88,Normal
2026-02-15 16:53:09.878934,Seoul-3aec,-16,34,Normal
2026-02-15 16:53:10.878934,Seoul-3aec,-6,52,Normal
2026-02-15 16:53:11.878934,Seoul-3aec,-7,34,Normal
2026-02-15 16:53:12.878934,Seoul-3aec,1,95,Normal
2026-02-15 16:53:13.878934,Seoul-3aec,22,25,Normal
2026-02-15 16:53:14.878934,Seoul-3aec,2,41,Normal
2026-02-15 16:53:15.878934,Seoul-3aec,-24,67,Normal
2026-02-15 16:53:16.878934,Seoul-3aec,29,65,Normal
2026-02-15 16:53:17.878934,Seoul-3aec,-18,47,Normal
2026-02-15 16:53:18.878934,Seoul-3aec,-8,36,Normal
2026-02-15 16:53:19.878934,Seoul-3aec,15,61,Normal
2026-02-15 16:53:20.878934,Seoul-3aec,46,86,Normal
2026-02-15 16:53:21.878934,Seoul-3aec,18,41,Normal
2026-02-15 16:53:22.878934,Seoul-3aec,22,46,Normal
2026-02-15 16:53:23.878934,Seoul-3aec,-6,14,Normal
2026-02-15 16:53:24.878934,Seoul-3aec,-1,45,Normal
2026-02-15 16:53:25.878934,Seoul-3aec,3,18,Normal
2026-02-15 16:53:26.878934,Seoul-3aec,19,27,Normal
2026-02-15 16:53:27.878934,Seoul-3aec,38,78,Normal
2026-02-15 16:53:28.878934,Seoul-3aec,-30,2,Normal
2026-02-15 16:53:29.878934,Seoul-3aec,-23,1,Normal
2026-02-15 16:53:30.878934,Seoul-3aec,14,40,Normal
2026-02-15 16:53:31.878934,Seoul-3aec,-30,63,Normal
2026-02-15 16:53:32.878934,Seoul-3aec,41,37,Normal
2026-02-15 16:53:33.878934,Seoul-3aec,-10,93,Normal
2026-02-15 16:53:34.878934,Seoul-3aec,-25,19,Normal
2026-02-15 16:53:35.878934,Seoul-3aec,36,77,Normal
2026-02-15 16:53:36.878934,Seoul-3aec,10,92,Normal
2026-02-15 16:53:37.878934,Seoul-3aec,-30,33,Normal
2026-02-15 16:53:38.878934,Seoul-3aec,32,64,Normal
2026-02-15 16:53:39.878934,Seoul-3aec,44,82,Normal
2026-02-15 16:53:40.878934,Seoul-3aec,-5,36,Normal
2026-02-15 16:53:41.878934,Seoul-3aec,-24,65,Normal
2026-02-15 16:53:42.878934,Seoul-3aec,14,39,Normal
2026-02-15 16:53:43.878934,Seoul-3aec,13,32,Normal
2026-02-15 16:53:44.878934,Seoul-3aec,-10,51,Normal
2026-02-15 16:53:45.878934,Seoul-3aec,-26,79,Normal
2026-02-15 16:53:46.878934,Seoul-3aec,49,12,Normal
2026-02-15 16:53:47.878934,Seoul-3aec,18,7,Normal
2026-02-15 16:53:48.878934,Seoul-3aec,4,54,Normal
2026-02-15 16:53:49.878934,Seoul-3aec,-9,79,Normal
2026-02-15 16:53:50.878934,Seoul-3aec,-5,55,Normal
2026-02-15 16:53:51.878934,Seoul-3aec,14,85,Normal
2026-02-15 16:53:52.878934,Seoul-3aec,-15,76,Normal
2026-02-15 16:53:53.878934,Seoul-3aec,-20,100,Normal
2026-02-15 16:53:54.878934,Seoul-3aec,38,11,Normal
2026-02-15 16:53:55.878934,Seoul-3aec,9,8,Normal
2026-02-15 16:53:56.878934,Seoul-3aec,-18,42,Normal
2026-02-15 16:53:57.878934,Seoul-3aec,29,44,Normal
2026-02-15 16:53:58.878934,Seoul-3aec,-16,30,Normal
2026-02-15 16:53:59.878934,Seoul-3aec,-30,17,Normal
2026-02-15 16:54:00.878934,Seoul-3aec,-2,29,Normal
2026-02-15 16:54:01.878934,Seoul-3aec,-7,57,Normal
2026-02-15 16:54:02.878934,Seoul-3aec,-27,7,Normal
2026-02-15 16:54:03.878934,Seoul-3aec,47,56,Normal
2026-02-15 16:54:04.878934,Seoul-3aec,2,88,Normal
2026-02-15 16:54:05.878934,Seoul-3aec,-1,2,Normal
2026-02-15 16:54:06.878934,Seoul-3aec,-29,64,Normal
2026-02-15 16:54:07.878934,Seoul-3aec,46,75,Normal
2026-02-15 16:54:08.878934,Seoul-3aec,-25,7,Normal
2026-02-15 16:54:09.878934,Seoul-3aec,37,8,Normal
2026-02-15 16:54:10.878934,Seoul-3aec,-2,87,Normal
2026-02-15 16:54:11.878934,Seoul-3aec,-5,18,Normal
2026-02-15 16:54:12.878934,Seoul-3aec,11,100,Normal
2026-02-15 16:54:13.878934,Seoul-3aec,47,93,Normal
2026-02-15 16:54:14.878934,Seoul-3aec,39,39,Normal
2026-02-15 16:54:15.878934,Seoul-3aec,-11,92,Normal
2026-02-15 16:54:16.878934,Seoul-3aec,-30,17,Normal
2026-02-15 16:54:17.878934,Seoul-3aec,50,88,Normal
2026-02-15 16:54:18.878934,Seoul-3aec,-26,50,Normal
2026-02-15 16:54:19.878934,Seoul-3aec,33,61,Normal
2026-02-15 16:54:20.878934,Seoul-3aec,-13,65,Normal
2026-02-15 16:54:21.878934,Seoul-3aec,47,67,Normal
2026-02-15 16:54:22.878934,Seoul-3aec,-2,24,Normal
2026-02-15 16:54:23.878934,Seoul-3aec,-12,13,Normal
2026-02-15 16:54:24.878934,Seoul-3aec,3,32,Normal
2026-02-15 16:54:25.878934,Seoul-3aec,4,74,Normal
2026-02-15 16:54:26.878934,Seoul-3aec,-30,43,Normal
2026-02-15 16:54:27.878934,Seoul-3aec,4,73,Normal
2026-02-15 16:54:28.878934,Seoul-3aec,14,27,Normal
2026-02-15 16:54:29.878934,Seoul-3aec,12,53,Normal
2026-02-15 16:54:30.878934,Seoul-3aec,-13,52,Normal
2026-02-15 16:54:31.878934,Seoul-3aec,-26,76,Normal
2026-02-15 16:54:32.878934,Seoul-3aec,15,9,Normal
2026-02-15 16:54:33.878934,Seoul-3aec,5,80,Normal
2026-02-15 16:54:34.878934,Seoul-3aec,19,11,Normal
2026-02-15 16:54:35.878934,Seoul-3aec,-30,39,Normal
2026-02-15 16:54:36.878934,Seoul-3aec,4,15,Normal
2026-02-15 16:54:37.878934,Seoul-3aec,26,33,Normal
2026-02-15 16:54:38.878934,Seoul-3aec,-30,15,Normal
2026-02-15 16:54:39.878934,Seoul-3aec,8,49,Normal
2026-02-15 16:54:40.878934,Seoul-3aec,-2,64,Normal
2026-02-15 16:54:41.878934,Seoul-3aec,-1,86,Normal
2026-02-15 16:54:42.878934,Seoul-3aec,-22,11,Normal
2026-02-15 16:54:43.878934,Seoul-3aec,-18,38,Normal
2026-02-15 16:54:44.878934,Seoul-3aec,6,98,Normal
2026-02-15 16:54:45.878934,Seoul-3aec,-27,70,Normal
2026-02-15 16:54:46.878934,Seoul-3aec,-11,21,Normal
2026-02-15 16:54:47.878934,Seoul-3aec,18,15,Normal
2026-02-15 16:54:48.878934,Seoul-3aec,34,31,Normal
2026-02-15 16:54:49.878934,Seoul-3aec,-5,61,Normal
2026-02-15 16:54:50.878934,Seoul-3aec,-7,60,Normal
2026-02-15 16:54:51.878934,Seoul-3aec,15,82,Normal
2026-02-15 16:54:52.878934,Seoul-3aec,9,54,Normal
2026-02-15 16:54:53.878934,Seoul-3aec,42,16,Normal
2026-02-15 16:54:54.878934,Seoul-3aec,17,64,Normal
2026-02-15 16:54:55.878934,Seoul-3aec,-13,18,Normal
2026-02-15 16:54:56.878934,Seoul-3aec,27,56,Normal
2026-02-15 16:54:57.878934,Seoul-3aec,21,34,Normal
2026-02-15 16:54:58.878934,Seoul-3aec,-23,56,Normal
2026-02-15 16:54:59.878934,Seoul-3aec,6,99,Normal
2026-02-15 16:55:00.878934,Seoul-3aec,7,7,Normal
2026-02-15 16:55:01.878934,Seoul-3aec,20,79,Normal
2026-02-15 16:55:02.878934,Seoul-3aec,21,59,Normal
2026-02-15 16:55:03.878934,Seoul-3aec,-30,76,Normal
2026-02-15 16:55:04.878934,Seoul-3aec,0,37,Normal
2026-02-15 16:55:05.878934,Seoul-3aec,29,70,Normal
2026-02-15 16:55:06.878934,Seoul-3aec,20,98,Normal
2026-02-15 16:55:07.878934,Seoul-3aec,12,45,Normal
2026-02-15 16:55:08.878934,Seoul-3aec,43,40,Normal
2026-02-15 16:55:09.878934,Seoul-3aec,-5,24,Normal
2026-02-15 16:55:10.878934,Seoul-3aec,36,55,Normal
2026-02-15 16:55:11.878934,Seoul-3aec,-3,93,Normal
2026-02-15 16:55:12.878934,Seoul-3aec,14,86,Normal
2026-02-15 16:55:13.878934,Seoul-3aec,14,75,Normal
2026-02-15 16:55:14.878934,Seoul-3aec,15,38,Normal
2026-02-15 16:55:15.878934,Seoul-3aec,48,52,Normal
2026-02-15 16:55:16.878934,Seoul-3aec,-12,52,Normal
2026-02-15 16:55:17.878934,Seoul-3aec,4,98,Normal
2026-02-15 16:55:18.878934,Seoul-3aec,-18,97,Normal
2026-02-15 16:55:19.878934,Seoul-3aec,47,46,Normal
2026-02-15 16:55:20.878934,Seoul-3aec,-24,57,Normal
2026-02-15 16:55:21.878934,Seoul-3aec,-29,90,Normal
2026-02-15 16:55:22.878934,Seoul-3aec,6,99,Normal
2026-02-15 16:55:23.878934,Seoul-3aec,-7,2,Normal
2026-02-15 16:55:24.878934,Seoul-3aec,28,3,Normal
2026-02-15 16:55:25.878934,Seoul-3aec,5,52,Normal
2026-02-15 16:55:26.878934,Seoul-3aec,-16,1,Normal
2026-02-15 16:55:27.878934,Seoul-3aec,24,64,Normal
2026-02-15 16:55:28.878934,Seoul-3aec,18,73,Normal
2026-02-15 16:55:29.878934,Seoul-3aec,-5,32,Normal
2026-02-15 16:55:30.878934,Seoul-3aec,-26,75,Normal
2026-02-15 16:55:31.878934,Seoul-3aec,-22,91,Normal
2026-02-15 16:55:32.878934,Seoul-3aec,5,50,Normal
2026-02-15 16:55:33.878934,Seoul-3aec,44,85,Normal
2026-02-15 16:55:34.878934,Seoul-3aec,40,65,Normal
2026-02-15 16:55:35.878934,Seoul-3aec,-18,55,Normal
2026-02-15 16:55:36.878934,Seoul-3aec,13,62,Normal
2026-02-15 16:55:37.878934,Seoul-3aec,-2,76,Normal
2026-02-15 16:55:38.878934,Seoul-3aec,9,4,Normal
2026-02-15 16:55:39.878934,Seoul-3aec,23,60,Normal
2026-02-15 16:55:40.878934,Seoul-3aec,49,38,Normal
2026-02-15 16:55:41.878934,Seoul-3aec,8,61,Normal
2026-02-15 16:55:42.878934,Seoul-3aec,-28,20,Normal
2026-02-15 16:55:43.878934,Seoul-3aec,-17,95,Normal
2026-02-15 16:55:44.878934,Seoul-3aec,39,25,Normal
2026-02-15 16:55:45.878934,Seoul-3aec,4,96,Normal
2026-02-15 16:55:46.878934,Seoul-3aec,10,86,Normal
2026-02-15 16:55:47.878934,Seoul-3aec,-19,46,Normal
2026-02-15 16:55:48.878934,Seoul-3aec,-16,13,Normal
2026-02-15 16:55:49.878934,Seoul-3aec,8,63,Normal
2026-02-15 16:55:50.878934,Seoul-3aec,-19,28,Normal
2026-02-15 16:55:51.878934,Seoul-3aec,-5,11,Normal
2026-02-15 16:55:52.878934,Seoul-3aec,2,61,Normal
2026-02-15 16:55:53.878934,Seoul-3aec,31,30,Normal
2026-02-15 16:55:54.878934,Seoul-3aec,49,55,Normal
2026-02-15 16:55:55.878934,Seoul-3aec,47,54,Normal
2026-02-15 16:55:56.878934,Seoul-3aec,-13,82,Normal
2026-02-15 16:55:57.878934,Seoul-3aec,49,98,Normal
2026-02-15 16:55:58.878934,Seoul-3aec,29,75,Normal
2026-02-15 16:55:59.878934,Seoul-3aec,36,44,Normal
2026-02-15 16:56:00.878934,Seoul-3aec,28,100,Normal
2026-02-15 16:56:01.878934,Seoul-3aec,9,5,Normal
2026-02-15 16:56:02.878934,Seoul-3aec,19,67,Normal
2026-02-15 16:56:03.878934,Seoul-3aec,14,34,Normal
2026-02-15 16:56:04.878934,Seoul-3aec,30,85,Normal
2026-02-15 16:56:05.878934,Seoul-3aec,21,8,Normal
2026-02-15 16:56:06.878934,Seoul-3aec,32,17,Normal
2026-02-15 16:56:07.878934,Seoul-3aec,-19,29,Normal
2026-02-15 16:56:08.878934,Seoul-3aec,-30,90,Normal
2026-02-15 16:56:09.878934,Seoul-3aec,6,30,Normal
2026-02-15 16:56:10.878934,Seoul-3aec,50,100,Normal
2026-02-15 16:56:11.878934,Seoul-3aec,13,96,Normal
2026-02-15 16:56:12.878934,Seoul-3aec,24,93,Normal
2026-02-15 16:56:13.878934,Seoul-3aec,39,39,Normal
2026-02-15 16:56:14.878934,Seoul-3aec,-4,100,Normal
2026-02-15 16:56:15.878934,Seoul-3aec,15,61,Normal
2026-02-15 16:56:16.878934,Seoul-3aec,25,18,Normal
2026-02-15 16:56:17.878934,Seoul-3aec,-10,85,Normal
2026-02-15 16:56:18.878934,Seoul-3aec,-28,30,Normal
2026-02-15 16:56:19.878934,Seoul-3aec,39,50,Normal
2026-02-15 16:56:20.878934,Seoul-3aec,-5,77,Normal
2026-02-15 16:56:21.878934,Seoul-3aec,-18,49,Normal
2026-02-15 16:56:22.878934,Seoul-3aec,48,37,Normal
2026-02-15 16:56:23.878934,Seoul-3aec,42,54,Normal
2026-02-15 16:56:24.878934,Seoul-3aec,22,54,Normal
2026-02-15 16:56:25.878934,Seoul-3aec,43,59,Normal
2026-02-15 16:56:26.878934,Seoul-3aec,34,50,Normal
2026-02-15 16:56:27.878934,Seoul-3aec,-7,31,Normal
2026-02-15 16:56:28.878934,Seoul-3aec,20,16,Normal
2026-02-15 16:56:29.878934,Seoul-3aec,28,47,Normal
2026-02-15 16:56:30.878934,Seoul-3aec,20,64,Normal
2026-02-15 16:56:31.878934,Seoul-3aec,-1,97,Normal
2026-02-15 16:56:32.878934,Seoul-3aec,-30,62,Normal
2026-02-15 16:56:33.878934,Seoul-3aec,37,26,Normal
2026-02-15 16:56:34.878934,Seoul-3aec,-29,37,Normal
2026-02-15 16:56:35.878934,Seoul-3aec,33,96,Normal
2026-02-15 16:56:36.878934,Seoul-3aec,50,59,Normal
2026-02-15 16:56:37.878934,Seoul-3aec,41,28,Normal
2026-02-15 16:56:38.878934,Seoul-3aec,-7,48,Normal
2026-02-15 16:56:39.878934,Seoul-3aec,38,8,Normal
2026-02-15 16:56:40.878934,Seoul-3aec,-9,65,Normal
2026-02-15 16:56:41.878934,Seoul-3aec,18,38,Normal
2026-02-15 16:56:42.878934,Seoul-3aec,-6,61,Normal
2026-02-15 16:56:43.878934,Seoul-3aec,-8,1,Normal
2026-02-15 16:56:44.878934,Seoul-3aec,0,76,Normal
2026-02-15 16:56:45.878934,Seoul-3aec,33,78,Normal
2026-02-15 16:56:46.878934,Seoul-3aec,12,37,Normal
2026-02-15 16:56:47.878934,Seoul-3aec,2,96,Normal
2026-02-15 16:56:48.878934,Seoul-3aec,-18,3,Normal
2026-02-15 16:56:49.878934,Seoul-3aec,21,99,Normal
2026-02-15 16:56:50.878934,Seoul-3aec,27,36,Normal
2026-02-15 16:56:51.878934,Seoul-3aec,1,49,Normal
2026-02-15 16:56:52.878934,Seoul-3aec,4,94,Normal
2026-02-15 16:56:53.878934,Seoul-3aec,43,32,Normal
2026-02-15 16:56:54.878934,Seoul-3aec,9,4,Normal
2026-02-15 16:56:55.878934,Seoul-3aec,-4,23,Normal
2026-02-15 16:56:56.878934,Seoul-3aec,33,49,Normal
2026-02-15 16:56:57.878934,Seoul-3aec,31,36,Normal
2026-02-15 16:56:58.878934,Seoul-3aec,-1,76,Normal
2026-02-15 16:56:59.878934,Seoul-3aec,38,13,Normal
2026-02-15 16:57:00.878934,Seoul-3aec,-13,92,Normal
2026-02-15 16:57:01.878934,Seoul-3aec,-19,96,Normal
2026-02-15 16:57:02.878934,Seoul-3aec,3,18,Normal
2026-02-15 16:57:03.878934,Seoul-3aec,18,19,Normal
2026-02-15 16:57:04.878934,Seoul-3aec,-26,73,Normal
2026-02-15 16:57:05.878934,Seoul-3aec,31,38,Normal
2026-02-15 16:57:06.878934,Seoul-3aec,5,93,Normal
2026-02-15 16:57:07.878934,Seoul-3aec,26,17,Normal
2026-02-15 16:57:08.878934,Seoul-3aec,-1,48,Normal
2026-02-15 16:57:09.878934,Seoul-3aec,16,37,Normal
2026-02-15 16:57:10.878934,Seoul-3aec,43,48,Normal
2026-02-15 16:57:11.878934,Seoul-3aec,31,16,Normal
2026-02-15 16:57:12.878934,Seoul-3aec,7,33,Normal
2026-02-15 16:57:13.878934,Seoul-3aec,0,71,Normal
2026-02-15 16:57:14.878934,Seoul-3aec,0,48,Normal
2026-02-15 16:57:15.878934,Seoul-3aec,27,87,Normal
2026-02-15 16:57:16.878934,Seoul-3aec,42,76,Normal
2026-02-15 16:57:17.878934,Seoul-3aec,-7,73,Normal
2026-02-15 16:57:18.878934,Seoul-3aec,7,87,Normal
2026-02-15 16:57:19.878934,Seoul-3aec,14,91,Normal
2026-02-15 16:57:20.878934,Seoul-3aec,2,46,Normal
2026-02-15 16:57:21.878934,Seoul-3aec,-17,69,Normal
2026-02-15 16:57:22.878934,Seoul-3aec,-12,23,Normal
2026-02-15 16:57:23.878934,Seoul-3aec,26,64,Normal
2026-02-15 16:57:24.878934,Seoul-3aec,50,61,Normal
2026-02-15 16:57:25.878934,Seoul-3aec,6,20,Normal
2026-02-15 16:57:26.878934,Seoul-3aec,4,59,Normal
