timestamp,station_id,temp,humid,condition
2026-02-08 08:49:32.802367,Berlin-5827,3,55,Normal
2026-02-08 08:49:33.802367,Berlin-5827,2,20,Normal
2026-02-08 08:49:34.802367,Berlin-5827,-27,29,Normal
2026-02-08 08:49:35.802367,Berlin-5827,48,0,Normal
2026-02-08 08:49:36.802367,Berlin-5827,50,89,Normal
2026-02-08 08:49:37.802367,Berlin-5827,20,8,Normal
2026-02-08 08:49:38.802367,Berlin-5827,34,13,Normal
2026-02-08 08:49:39.802367,Berlin-5827,-18,31,Normal
2026-02-08 08:49:40.802367,Berlin-5827,34,11,Normal
2026-02-08 08:49:41.802367,Berlin-5827,25,95,Normal
2026-02-08 08:49:42.802367,Berlin-5827,-5,74,Normal
2026-02-08 08:49:43.802367,Berlin-5827,-21,10,Normal
2026-02-08 08:49:44.802367,Berlin-5827,-10,62,Normal
2026-02-08 08:49:45.802367,Berlin-5827,-25,9,Normal
2026-02-08 08:49:46.802367,Berlin-5827,32,59,Normal
2026-02-08 08:49:47.802367,Berlin-5827,26,47,Normal
2026-02-08 08:49:48.802367,Berlin-5827,-12,14,Normal
2026-02-08 08:49:49.802367,Berlin-5827,-18,11,Normal
2026-02-08 08:49:50.802367,Berlin-5827,-20,93,Normal
2026-02-08 08:49:51.802367,Berlin-5827,22,96,Normal
2026-02-08 08:49:52.802367,Berlin-5827,35,10,Normal
2026-02-08 08:49:53.802367,Berlin-5827,48,66,Normal
2026-02-08 08:49:54.802367,Berlin-5827,17,83,Normal
2026-02-08 08:49:55.802367,Berlin-5827,7,42,Normal
2026-02-08 08:49:56.802367,Berlin-5827,-8,7,Normal
2026-02-08 08:49:57.802367,Berlin-5827,42,46,Normal
2026-02-08 08:49:58.802367,Berlin-5827,29,44,Normal
2026-02-08 08:49:59.802367,Berlin-5827,-24,80,Normal
2026-02-08 08:50:00.802367,Berlin-5827,8,8,Normal
2026-02-08 08:50:01.802367,Berlin-5827,-23,8,Normal
2026-02-08 08:50:02.802367,Berlin-5827,22,15,Normal
2026-02-08 08:50:03.802367,Berlin-5827,-29,95,Normal
2026-02-08 08:50:04.802367,Berlin-5827,-27,96,Normal
2026-02-08 08:50:05.802367,Berlin-5827,11,63,Normal
2026-02-08 08:50:06.802367,Berlin-5827,-1,43,Normal
2026-02-08 08:50:07.802367,Berlin-5827,-19,3,Normal
2026-02-08 08:50:08.802367,Berlin-5827,23,92,Normal
2026-02-08 08:50:09.802367,Berlin-5827,47,88,Normal
2026-02-08 08:50:10.802367,Berlin-5827,5,80,Normal
2026-02-08 08:50:11.802367,Berlin-5827,5,90,Normal
2026-02-08 08:50:12.802367,Berlin-5827,-1,53,Normal
2026-02-08 08:50:13.802367,Berlin-5827,49,67,Normal
2026-02-08 08:50:14.802367,Berlin-5827,29,15,Normal
2026-02-08 08:50:15.802367,Berlin-5827,3,92,Normal
2026-02-08 08:50:16.802367,Berlin-5827,6,83,Normal
2026-02-08 08:50:17.802367,Berlin-5827,33,63,Normal
2026-02-08 08:50:18.802367,Berlin-5827,6,22,Normal
2026-02-08 08:50:19.802367,Berlin-5827,50,24,Normal
2026-02-08 08:50:20.802367,Berlin-5827,28,94,Normal
2026-02-08 08:50:21.802367,Berlin-5827,-10,52,Normal
2026-02-08 08:50:22.802367,Berlin-5827,18,68,Normal
2026-02-08 08:50:23.802367,Berlin-5827,40,51,Normal
2026-02-08 08:50:24.802367,Berlin-5827,38,59,Normal
2026-02-08 08:50:25.802367,Berlin-5827,43,56,Normal
2026-02-08 08:50:26.802367,Berlin-5827,-4,60,Normal
2026-02-08 08:50:27.802367,Berlin-5827,-19,25,Normal
2026-02-08 08:50:28.802367,Berlin-5827,41,73,Normal
2026-02-08 08:50:29.802367,Berlin-5827,35,10,Normal
2026-02-08 08:50:30.802367,Berlin-5827,13,57,Normal
2026-02-08 08:50:31.802367,Berlin-5827,-4,33,Normal
2026-02-08 08:50:32.802367,Berlin-5827,50,64,Normal
2026-02-08 08:50:33.802367,Berlin-5827,-20,90,Normal
2026-02-08 08:50:34.802367,Berlin-5827,-1,81,Normal
2026-02-08 08:50:35.802367,Berlin-5827,23,49,Normal
2026-02-08 08:50:36.802367,Berlin-5827,5,16,Normal
2026-02-08 08:50:37.802367,Berlin-5827,14,81,Normal
2026-02-08 08:50:38.802367,Berlin-5827,39,4,Normal
2026-02-08 08:50:39.802367,Berlin-5827,44,77,Normal
2026-02-08 08:50:40.802367,Berlin-5827,-4,92,Normal
2026-02-08 08:50:41.802367,Berlin-5827,-7,12,Normal
2026-02-08 08:50:42.802367,Berlin-5827,38,46,Normal
2026-02-08 08:50:43.802367,Berlin-5827,-8,23,Normal
2026-02-08 08:50:44.802367,Berlin-5827,-24,76,Normal
2026-02-08 08:50:45.802367,Berlin-5827,-29,68,Normal
2026-02-08 08:50:46.802367,Berlin-5827,49,4,Normal
2026-02-08 08:50:47.802367,Berlin-5827,-29,88,Normal
2026-02-08 08:50:48.802367,Berlin-5827,-10,91,Normal
2026-02-08 08:50:49.802367,Berlin-5827,27,99,Normal
2026-02-08 08:50:50.802367,Berlin-5827,-13,16,Normal
2026-02-08 08:50:51.802367,Berlin-5827,9,100,Normal
2026-02-08 08:50:52.802367,Berlin-5827,-17,5,Normal
2026-02-08 08:50:53.802367,Berlin-5827,9,3,Normal
2026-02-08 08:50:54.802367,Berlin-5827,28,6,Normal
2026-02-08 08:50:55.802367,Berlin-5827,1,24,Normal
2026-02-08 08:50:56.802367,Berlin-5827,-4,26,Normal
2026-02-08 08:50:57.802367,Berlin-5827,-16,19,Normal
2026-02-08 08:50:58.802367,Berlin-5827,-24,67,Normal
2026-02-08 08:50:59.802367,Berlin-5827,50,69,Normal
2026-02-08 08:51:00.802367,Berlin-5827,22,87,Normal
2026-02-08 08:51:01.802367,Berlin-5827,-6,3,Normal
2026-02-08 08:51:02.802367,Berlin-5827,21,3,Normal
2026-02-08 08:51:03.802367,Berlin-5827,-26,55,Normal
2026-02-08 08:51:04.802367,Berlin-5827,42,47,Normal
2026-02-08 08:51:05.802367,Berlin-5827,22,38,Normal
2026-02-08 08:51:06.802367,Berlin-5827,-10,73,Normal
2026-02-08 08:51:07.802367,Berlin-5827,38,62,Normal
2026-02-08 08:51:08.802367,Berlin-5827,-21,91,Normal
2026-02-08 08:51:09.802367,Berlin-5827,-19,94,Normal
2026-02-08 08:51:10.802367,Berlin-5827,24,56,Normal
2026-02-08 08:51:11.802367,Berlin-5827,39,91,Normal
2026-02-08 08:51:12.802367,Berlin-5827,-27,91,Normal
2026-02-08 08:51:13.802367,Berlin-5827,7,89,Normal
2026-02-08 08:51:14.802367,Berlin-5827,-2,50,Normal
2026-02-08 08:51:15.802367,Berlin-5827,-1,83,Normal
2026-02-08 08:51:16.802367,Berlin-5827,-5,83,Normal
2026-02-08 08:51:17.802367,Berlin-5827,2,57,Normal
2026-02-08 08:51:18.802367,Berlin-5827,17,58,Normal
2026-02-08 08:51:19.802367,Berlin-5827,1,55,Normal
2026-02-08 08:51:20.802367,Berlin-5827,-11,60,Normal
2026-02-08 08:51:21.802367,Berlin-5827,-20,34,Normal
2026-02-08 08:51:22.802367,Berlin-5827,16,38,Normal
2026-02-08 08:51:23.802367,Berlin-5827,17,7,Normal
2026-02-08 08:51:24.802367,Berlin-5827,24,75,Normal
2026-02-08 08:51:25.802367,Berlin-5827,-26,11,Normal
2026-02-08 08:51:26.802367,Berlin-5827,4,11,Normal
2026-02-08 08:51:27.802367,Berlin-5827,-16,16,Normal
2026-02-08 08:51:28.802367,Berlin-5827,36,83,Normal
2026-02-08 08:51:29.802367,Berlin-5827,37,11,Normal
2026-02-08 08:51:30.802367,Berlin-5827,50,96,Normal
2026-02-08 08:51:31.802367,Berlin-5827,-16,18,Normal
2026-02-08 08:51:32.802367,Berlin-5827,41,90,Normal
2026-02-08 08:51:33.802367,Berlin-5827,-10,0,Normal
2026-02-08 08:51:34.802367,Berlin-5827,-20,17,Normal
2026-02-08 08:51:35.802367,Berlin-5827,17,55,Normal
2026-02-08 08:51:36.802367,Berlin-5827,13,97,Normal
2026-02-08 08:51:37.802367,Berlin-5827,32,37,Normal
2026-02-08 08:51:38.802367,Berlin-5827,49,98,Normal
2026-02-08 08:51:39.802367,Berlin-5827,7,16,Normal
2026-02-08 08:51:40.802367,Berlin-5827,-17,1,Normal
2026-02-08 08:51:41.802367,Berlin-5827,-17,29,Normal
2026-02-08 08:51:42.802367,Berlin-5827,36,51,Normal
2026-02-08 08:51:43.802367,Berlin-5827,-21,14,Normal
2026-02-08 08:51:44.802367,Berlin-5827,-8,6,Normal
2026-02-08 08:51:45.802367,Berlin-5827,23,15,Normal
2026-02-08 08:51:46.802367,Berlin-5827,-5,6,Normal
2026-02-08 08:51:47.802367,Berlin-5827,21,22,Normal
2026-02-08 08:51:48.802367,Berlin-5827,29,53,Normal
2026-02-08 08:51:49.802367,Berlin-5827,7,79,Normal
2026-02-08 08:51:50.802367,Berlin-5827,-17,23,Normal
2026-02-08 08:51:51.802367,Berlin-5827,42,80,Normal
2026-02-08 08:51:52.802367,Berlin-5827,20,89,Normal
2026-02-08 08:51:53.802367,Berlin-5827,50,6,Normal
2026-02-08 08:51:54.802367,Berlin-5827,28,70,Normal
2026-02-08 08:51:55.802367,Berlin-5827,50,91,Normal
2026-02-08 08:51:56.802367,Berlin-5827,-17,85,Normal
2026-02-08 08:51:57.802367,Berlin-5827,28,66,Normal
2026-02-08 08:51:58.802367,Berlin-5827,25,2,Normal
2026-02-08 08:51:59.802367,Berlin-5827,-26,26,Normal
2026-02-08 08:52:00.802367,Berlin-5827,-29,52,Normal
2026-02-08 08:52:01.802367,Berlin-5827,49,85,Normal
2026-02-08 08:52:02.802367,Berlin-5827,-20,75,Normal
2026-02-08 08:52:03.802367,Berlin-5827,29,6,Normal
2026-02-08 08:52:04.802367,Berlin-5827,50,64,Normal
2026-02-08 08:52:05.802367,Berlin-5827,49,37,Normal
2026-02-08 08:52:06.802367,Berlin-5827,29,89,Normal
2026-02-08 08:52:07.802367,Berlin-5827,41,87,Normal
2026-02-08 08:52:08.802367,Berlin-5827,34,70,Normal
2026-02-08 08:52:09.802367,Berlin-5827,3,56,Normal
2026-02-08 08:52:10.802367,Berlin-5827,-4,0,Normal
2026-02-08 08:52:11.802367,Berlin-5827,-27,89,Normal
2026-02-08 08:52:12.802367,Berlin-5827,24,27,Normal
2026-02-08 08:52:13.802367,Berlin-5827,22,17,Normal
2026-02-08 08:52:14.802367,Berlin-5827,25,84,Normal
2026-02-08 08:52:15.802367,Berlin-5827,-17,13,Normal
2026-02-08 08:52:16.802367,Berlin-5827,44,25,Normal
2026-02-08 08:52:17.802367,Berlin-5827,34,22,Normal
2026-02-08 08:52:18.802367,Berlin-5827,-27,72,Normal
2026-02-08 08:52:19.802367,Berlin-5827,-17,47,Normal
2026-02-08 08:52:20.802367,Berlin-5827,-4,50,Normal
2026-02-08 08:52:21.802367,Berlin-5827,20,70,Normal
2026-02-08 08:52:22.802367,Berlin-5827,-18,4,Normal
2026-02-08 08:52:23.802367,Berlin-5827,28,59,Normal
2026-02-08 08:52:24.802367,Berlin-5827,-24,54,Normal
2026-02-08 08:52:25.802367,Berlin-5827,-5,79,Normal
2026-02-08 08:52:26.802367,Berlin-5827,-23,94,Normal
2026-02-08 08:52:27.802367,Berlin-5827,-18,10,Normal
2026-02-08 08:52:28.802367,Berlin-5827,17,74,Normal
2026-02-08 08:52:29.802367,Berlin-5827,17,8,Normal
2026-02-08 08:52:30.802367,Berlin-5827,21,48,Normal
2026-02-08 08:52:31.802367,Berlin-5827,14,33,Normal
2026-02-08 08:52:32.802367,Berlin-5827,50,66,Normal
2026-02-08 08:52:33.802367,Berlin-5827,20,2,Normal
2026-02-08 08:52:34.802367,Berlin-5827,-8,14,Normal
2026-02-08 08:52:35.802367,Berlin-5827,31,86,Normal
2026-02-08 08:52:36.802367,Berlin-5827,9,87,Normal
2026-02-08 08:52:37.802367,Berlin-5827,-27,24,Normal
2026-02-08 08:52:38.802367,Berlin-5827,-21,68,Normal
2026-02-08 08:52:39.802367,Berlin-5827,9,12,Normal
2026-02-08 08:52:40.802367,Berlin-5827,1,58,Normal
2026-02-08 08:52:41.802367,Berlin-5827,36,15,Normal
2026-02-08 08:52:42.802367,Berlin-5827,21,88,Normal
2026-02-08 08:52:43.802367,Berlin-5827,42,58,Normal
2026-02-08 08:52:44.802367,Berlin-5827,-20,31,Normal
2026-02-08 08:52:45.802367,Berlin-5827,21,85,Normal
2026-02-08 08:52:46.802367,Berlin-5827,42,1,Normal
2026-02-08 08:52:47.802367,Berlin-5827,-22,48,Normal
2026-02-08 08:52:48.802367,Berlin-5827,-12,29,Normal
2026-02-08 08:52:49.802367,Berlin-5827,19,28,Normal
2026-02-08 08:52:50.802367,Berlin-5827,24,11,Normal
2026-02-08 08:52:51.802367,Berlin-5827,-8,48,Normal
2026-02-08 08:52:52.802367,Berlin-5827,-29,58,Normal
2026-02-08 08:52:53.802367,Berlin-5827,40,84,Normal
2026-02-08 08:52:54.802367,Berlin-5827,-10,10,Normal
2026-02-08 08:52:55.802367,Berlin-5827,-19,21,Normal
2026-02-08 08:52:56.802367,Berlin-5827,2,24,Normal
2026-02-08 08:52:57.802367,Berlin-5827,30,23,Normal
2026-02-08 08:52:58.802367,Berlin-5827,43,11,Normal
2026-02-08 08:52:59.802367,Berlin-5827,-9,12,Normal
2026-02-08 08:53:00.802367,Berlin-5827,4,44,Normal
2026-02-08 08:53:01.802367,Berlin-5827,39,81,Normal
2026-02-08 08:53:02.802367,Berlin-5827,-10,64,Normal
2026-02-08 08:53:03.802367,Berlin-5827,15,83,Normal
2026-02-08 08:53:04.802367,Berlin-5827,-1,22,Normal
2026-02-08 08:53:05.802367,Berlin-5827,50,48,Normal
2026-02-08 08:53:06.802367,Berlin-5827,37,30,Normal
2026-02-08 08:53:07.802367,Berlin-5827,49,16,Normal
2026-02-08 08:53:08.802367,Berlin-5827,46,25,Normal
2026-02-08 08:53:09.802367,Berlin-5827,5,82,Normal
2026-02-08 08:53:10.802367,Berlin-5827,-23,76,Normal
2026-02-08 08:53:11.802367,Berlin-5827,4,91,Normal
2026-02-08 08:53:12.802367,Berlin-5827,-7,65,Normal
2026-02-08 08:53:13.802367,Berlin-5827,8,91,Normal
2026-02-08 08:53:14.802367,Berlin-5827,40,47,Normal
2026-02-08 08:53:15.802367,Berlin-5827,38,62,Normal
2026-02-08 08:53:16.802367,Berlin-5827,21,51,Normal
2026-02-08 08:53:17.802367,Berlin-5827,6,42,Normal
2026-02-08 08:53:18.802367,Berlin-5827,15,72,Normal
2026-02-08 08:53:19.802367,Berlin-5827,-15,61,Normal
2026-02-08 08:53:20.802367,Berlin-5827,-17,50,Normal
2026-02-08 08:53:21.802367,Berlin-5827,-15,32,Normal
2026-02-08 08:53:22.802367,Berlin-5827,41,19,Normal
2026-02-08 08:53:23.802367,Berlin-5827,-22,44,Normal
2026-02-08 08:53:24.802367,Berlin-5827,1,66,Normal
2026-02-08 08:53:25.802367,Berlin-5827,39,12,Normal
2026-02-08 08:53:26.802367,Berlin-5827,45,92,Normal
2026-02-08 08:53:27.802367,Berlin-5827,45,58,Normal
2026-02-08 08:53:28.802367,Berlin-5827,41,32,Normal
2026-02-08 08:53:29.802367,Berlin-5827,-28,23,Normal
2026-02-08 08:53:30.802367,Berlin-5827,-12,10,Normal
2026-02-08 08:53:31.802367,Berlin-5827,5,31,Normal
2026-02-08 08:53:32.802367,Berlin-5827,5,95,Normal
2026-02-08 08:53:33.802367,Berlin-5827,18,16,Normal
2026-02-08 08:53:34.802367,Berlin-5827,31,96,Normal
2026-02-08 08:53:35.802367,Berlin-5827,-4,93,Normal
2026-02-08 08:53:36.802367,Berlin-5827,-30,64,Normal
2026-02-08 08:53:37.802367,Berlin-5827,45,24,Normal
2026-02-08 08:53:38.802367,Berlin-5827,23,47,Normal
2026-02-08 08:53:39.802367,Berlin-5827,-8,56,Normal
2026-02-08 08:53:40.802367,Berlin-5827,24,24,Normal
2026-02-08 08:53:41.802367,Berlin-5827,-2,54,Normal
2026-02-08 08:53:42.802367,Berlin-5827,-24,71,Normal
2026-02-08 08:53:43.802367,Berlin-5827,27,26,Normal
2026-02-08 08:53:44.802367,Berlin-5827,-2,90,Normal
2026-02-08 08:53:45.802367,Berlin-5827,-29,10,Normal
2026-02-08 08:53:46.802367,Berlin-5827,-30,98,Normal
2026-02-08 08:53:47.802367,Berlin-5827,48,16,Normal
2026-02-08 08:53:48.802367,Berlin-5827,-6,62,Normal
2026-02-08 08:53:49.802367,Berlin-5827,23,15,Normal
2026-02-08 08:53:50.802367,Berlin-5827,-28,55,Normal
2026-02-08 08:53:51.802367,Berlin-5827,21,17,Normal
2026-02-08 08:53:52.802367,Berlin-5827,-29,60,Normal
2026-02-08 08:53:53.802367,Berlin-5827,6,40,Normal
2026-02-08 08:53:54.802367,Berlin-5827,21,79,Normal
2026-02-08 08:53:55.802367,Berlin-5827,10,15,Normal
2026-02-08 08:53:56.802367,Berlin-5827,10,91,Normal
2026-02-08 08:53:57.802367,Berlin-5827,34,61,Normal
2026-02-08 08:53:58.802367,Berlin-5827,0,17,Normal
2026-02-08 08:53:59.802367,Berlin-5827,1,99,Normal
2026-02-08 08:54:00.802367,Berlin-5827,41,24,Normal
2026-02-08 08:54:01.802367,Berlin-5827,-13,61,Normal
2026-02-08 08:54:02.802367,Berlin-5827,2,37,Normal
2026-02-08 08:54:03.802367,Berlin-5827,-21,39,Normal
2026-02-08 08:54:04.802367,Berlin-5827,-19,47,Normal
2026-02-08 08:54:05.802367,Berlin-5827,-22,71,Normal
2026-02-08 08:54:06.802367,Berlin-5827,34,22,Normal
2026-02-08 08:54:07.802367,Berlin-5827,2,48,Normal
2026-02-08 08:54:08.802367,Berlin-5827,-20,37,Normal
2026-02-08 08:54:09.802367,Berlin-5827,45,54,Normal
2026-02-08 08:54:10.802367,Berlin-5827,-21,51,Normal
2026-02-08 08:54:11.802367,Berlin-5827,1,2,Normal
2026-02-08 08:54:12.802367,Berlin-5827,-5,29,Normal
2026-02-08 08:54:13.802367,Berlin-5827,-26,72,Normal
2026-02-08 08:54:14.802367,Berlin-5827,-3,67,Normal
2026-02-08 08:54:15.802367,Berlin-5827,28,79,Normal
2026-02-08 08:54:16.802367,Berlin-5827,36,40,Normal
2026-02-08 08:54:17.802367,Berlin-5827,39,9,Normal
2026-02-08 08:54:18.802367,Berlin-5827,15,29,Normal
2026-02-08 08:54:19.802367,Berlin-5827,39,14,Normal
2026-02-08 08:54:20.802367,Berlin-5827,-3,33,Normal
2026-02-08 08:54:21.802367,Berlin-5827,45,81,Normal
2026-02-08 08:54:22.802367,Berlin-5827,42,16,Normal
2026-02-08 08:54:23.802367,Berlin-5827,30,27,Normal
2026-02-08 08:54:24.802367,Berlin-5827,11,82,Normal
2026-02-08 08:54:25.802367,Berlin-5827,28,74,Normal
2026-02-08 08:54:26.802367,Berlin-5827,-29,12,Normal
2026-02-08 08:54:27.802367,Berlin-5827,-28,86,Normal
2026-02-08 08:54:28.802367,Berlin-5827,33,61,Normal
2026-02-08 08:54:29.802367,Berlin-5827,-13,63,Normal
2026-02-08 08:54:30.802367,Berlin-5827,25,96,Normal
2026-02-08 08:54:31.802367,Berlin-5827,5,31,Normal
2026-02-08 08:54:32.802367,Berlin-5827,-5,81,Normal
2026-02-08 08:54:33.802367,Berlin-5827,46,92,Normal
2026-02-08 08:54:34.802367,Berlin-5827,27,85,Normal
2026-02-08 08:54:35.802367,Berlin-5827,50,90,Normal
2026-02-08 08:54:36.802367,Berlin-5827,18,37,Normal
2026-02-08 08:54:37.802367,Berlin-5827,-16,64,Normal
2026-02-08 08:54:38.802367,Berlin-5827,-3,72,Normal
2026-02-08 08:54:39.802367,Berlin-5827,34,22,Normal
2026-02-08 08:54:40.802367,Berlin-5827,-21,24,Normal
2026-02-08 08:54:41.802367,Berlin-5827,-13,72,Normal
2026-02-08 08:54:42.802367,Berlin-5827,15,85,Normal
2026-02-08 08:54:43.802367,Berlin-5827,0,79,Normal
2026-02-08 08:54:44.802367,Berlin-5827,-21,69,Normal
2026-02-08 08:54:45.802367,Berlin-5827,16,78,Normal
2026-02-08 08:54:46.802367,Berlin-5827,4,88,Normal
2026-02-08 08:54:47.802367,Berlin-5827,45,22,Normal
2026-02-08 08:54:48.802367,Berlin-5827,-8,18,Normal
2026-02-08 08:54:49.802367,Berlin-5827,-5,15,Normal
2026-02-08 08:54:50.802367,Berlin-5827,-23,64,Normal
2026-02-08 08:54:51.802367,Berlin-5827,35,64,Normal
2026-02-08 08:54:52.802367,Berlin-5827,40,5,Normal
2026-02-08 08:54:53.802367,Berlin-5827,21,85,Normal
2026-02-08 08:54:54.802367,Berlin-5827,20,88,Normal
2026-02-08 08:54:55.802367,Berlin-5827,24,71,Normal
2026-02-08 08:54:56.802367,Berlin-5827,5,77,Normal
2026-02-08 08:54:57.802367,Berlin-5827,50,0,Normal
2026-02-08 08:54:58.802367,Berlin-5827,-29,5,Normal
2026-02-08 08:54:59.802367,Berlin-5827,-3,50,Normal
2026-02-08 08:55:00.802367,Berlin-5827,13,46,Normal
2026-02-08 08:55:01.802367,Berlin-5827,-10,70,Normal
2026-02-08 08:55:02.802367,Berlin-5827,40,93,Normal
2026-02-08 08:55:03.802367,Berlin-5827,4,26,Normal
2026-02-08 08:55:04.802367,Berlin-5827,20,84,Normal
2026-02-08 08:55:05.802367,Berlin-5827,31,61,Normal
2026-02-08 08:55:06.802367,Berlin-5827,29,41,Normal
2026-02-08 08:55:07.802367,Berlin-5827,43,64,Normal
2026-02-08 08:55:08.802367,Berlin-5827,-30,24,Normal
2026-02-08 08:55:09.802367,Berlin-5827,29,96,Normal
2026-02-08 08:55:10.802367,Berlin-5827,22,39,Normal
2026-02-08 08:55:11.802367,Berlin-5827,35,97,Normal
2026-02-08 08:55:12.802367,Berlin-5827,1,91,Normal
2026-02-08 08:55:13.802367,Berlin-5827,39,41,Normal
2026-02-08 08:55:14.802367,Berlin-5827,-13,85,Normal
2026-02-08 08:55:15.802367,Berlin-5827,31,46,Normal
2026-02-08 08:55:16.802367,Berlin-5827,1,15,Normal
2026-02-08 08:55:17.802367,Berlin-5827,34,14,Normal
2026-02-08 08:55:18.802367,Berlin-5827,5,89,Normal
2026-02-08 08:55:19.802367,Berlin-5827,13,55,Normal
2026-02-08 08:55:20.802367,Berlin-5827,32,38,Normal
2026-02-08 08:55:21.802367,Berlin-5827,-25,35,Normal
2026-02-08 08:55:22.802367,Berlin-5827,12,14,Normal
2026-02-08 08:55:23.802367,Berlin-5827,-4,49,Normal
2026-02-08 08:55:24.802367,Berlin-5827,31,50,Normal
2026-02-08 08:55:25.802367,Berlin-5827,-23,59,Normal
2026-02-08 08:55:26.802367,Berlin-5827,-19,74,Normal
2026-02-08 08:55:27.802367,Berlin-5827,33,72,Normal
2026-02-08 08:55:28.802367,Berlin-5827,-10,6,Normal
2026-02-08 08:55:29.802367,Berlin-5827,49,80,Normal
2026-02-08 08:55:30.802367,Berlin-5827,-17,66,Normal
2026-02-08 08:55:31.802367,Berlin-5827,-28,97,Normal
2026-02-08 08:55:32.802367,Berlin-5827,-24,59,Normal
2026-02-08 08:55:33.802367,Berlin-5827,-7,53,Normal
2026-02-08 08:55:34.802367,Berlin-5827,8,95,Normal
2026-02-08 08:55:35.802367,Berlin-5827,16,98,Normal
2026-02-08 08:55:36.802367,Berlin-5827,17,29,Normal
2026-02-08 08:55:37.802367,Berlin-5827,-5,52,Normal
2026-02-08 08:55:38.802367,Berlin-5827,-17,90,Normal
2026-02-08 08:55:39.802367,Berlin-5827,20,78,Normal
2026-02-08 08:55:40.802367,Berlin-5827,-14,54,Normal
2026-02-08 08:55:41.802367,Berlin-5827,46,79,Normal
2026-02-08 08:55:42.802367,Berlin-5827,5,19,Normal
2026-02-08 08:55:43.802367,Berlin-5827,29,67,Normal
2026-02-08 08:55:44.802367,Berlin-5827,35,63,Normal
2026-02-08 08:55:45.802367,Berlin-5827,29,68,Normal
2026-02-08 08:55:46.802367,Berlin-5827,44,54,Normal
2026-02-08 08:55:47.802367,Berlin-5827,4,100,Normal
2026-02-08 08:55:48.802367,Berlin-5827,50,16,Normal
2026-02-08 08:55:49.802367,Berlin-5827,12,73,Normal
2026-02-08 08:55:50.802367,Berlin-5827,50,16,Normal
2026-02-08 08:55:51.802367,Berlin-5827,39,86,Normal
2026-02-08 08:55:52.802367,Berlin-5827,28,53,Normal
2026-02-08 08:55:53.802367,Berlin-5827,-9,52,Normal
2026-02-08 08:55:54.802367,Berlin-5827,2,99,Normal
2026-02-08 08:55:55.802367,Berlin-5827,20,65,Normal
2026-02-08 08:55:56.802367,Berlin-5827,32,94,Normal
2026-02-08 08:55:57.802367,Berlin-5827,28,90,Normal
2026-02-08 08:55:58.802367,Berlin-5827,-27,74,Normal
2026-02-08 08:55:59.802367,Berlin-5827,-29,85,Normal
2026-02-08 08:56:00.802367,Berlin-5827,-18,86,Normal
2026-02-08 08:56:01.802367,Berlin-5827,25,77,Normal
2026-02-08 08:56:02.802367,Berlin-5827,-8,94,Normal
2026-02-08 08:56:03.802367,Berlin-5827,23,60,Normal
2026-02-08 08:56:04.802367,Berlin-5827,-1,70,Normal
2026-02-08 08:56:05.802367,Berlin-5827,-8,35,Normal
2026-02-08 08:56:06.802367,Berlin-5827,15,0,Normal
2026-02-08 08:56:07.802367,Berlin-5827,37,77,Normal
2026-02-08 08:56:08.802367,Berlin-5827,-24,68,Normal
2026-02-08 08:56:09.802367,Berlin-5827,19,51,Normal
2026-02-08 08:56:10.802367,Berlin-5827,35,74,Normal
2026-02-08 08:56:11.802367,Berlin-5827,26,38,Normal
2026-02-08 08:56:12.802367,Berlin-5827,-14,30,Normal
2026-02-08 08:56:13.802367,Berlin-5827,14,63,Normal
2026-02-08 08:56:14.802367,Berlin-5827,-7,23,Normal
2026-02-08 08:56:15.802367,Berlin-5827,41,75,Normal
2026-02-08 08:56:16.802367,Berlin-5827,25,37,Normal
2026-02-08 08:56:17.802367,Berlin-5827,-25,3,Normal
2026-02-08 08:56:18.802367,Berlin-5827,-5,56,Normal
2026-02-08 08:56:19.802367,Berlin-5827,14,83,Normal
2026-02-08 08:56:20.802367,Berlin-5827,-9,99,Normal
2026-02-08 08:56:21.802367,Berlin-5827,3,5,Normal
2026-02-08 08:56:22.802367,Berlin-5827,30,53,Normal
2026-02-08 08:56:23.802367,Berlin-5827,47,70,Normal
2026-02-08 08:56:24.802367,Berlin-5827,-2,51,Normal
2026-02-08 08:56:25.802367,Berlin-5827,13,51,Normal
2026-02-08 08:56:26.802367,Berlin-5827,-25,4,Normal
2026-02-08 08:56:27.802367,Berlin-5827,-23,6,Normal
2026-02-08 08:56:28.802367,Berlin-5827,34,34,Normal
2026-02-08 08:56:29.802367,Berlin-5827,37,76,Normal
2026-02-08 08:56:30.802367,Berlin-5827,-10,94,Normal
2026-02-08 08:56:31.802367,Berlin-5827,33,30,Normal
2026-02-08 08:56:32.802367,Berlin-5827,-5,16,Normal
2026-02-08 08:56:33.802367,Berlin-5827,6,72,Normal
2026-02-08 08:56:34.802367,Berlin-5827,38,59,Normal
2026-02-08 08:56:35.802367,Berlin-5827,-30,57,Normal
2026-02-08 08:56:36.802367,Berlin-5827,15,98,Normal
2026-02-08 08:56:37.802367,Berlin-5827,-2,70,Normal
2026-02-08 08:56:38.802367,Berlin-5827,-30,44,Normal
2026-02-08 08:56:39.802367,Berlin-5827,-26,86,Normal
2026-02-08 08:56:40.802367,Berlin-5827,47,84,Normal
2026-02-08 08:56:41.802367,Berlin-5827,15,20,Normal
2026-02-08 08:56:42.802367,Berlin-5827,-18,70,Normal
2026-02-08 08:56:43.802367,Berlin-5827,-7,34,Normal
2026-02-08 08:56:44.802367,Berlin-5827,39,96,Normal
2026-02-08 08:56:45.802367,Berlin-5827,26,49,Normal
2026-02-08 08:56:46.802367,Berlin-5827,17,54,Normal
2026-02-08 08:56:47.802367,Berlin-5827,-11,24,Normal
2026-02-08 08:56:48.802367,Berlin-5827,43,42,Normal
2026-02-08 08:56:49.802367,Berlin-5827,37,4,Normal
2026-02-08 08:56:50.802367,Berlin-5827,-7,28,Normal
2026-02-08 08:56:51.802367,Berlin-5827,31,74,Normal
2026-02-08 08:56:52.802367,Berlin-5827,-8,44,Normal
2026-02-08 08:56:53.802367,Berlin-5827,-16,90,Normal
2026-02-08 08:56:54.802367,Berlin-5827,-20,24,Normal
2026-02-08 08:56:55.802367,Berlin-5827,43,57,Normal
2026-02-08 08:56:56.802367,Berlin-5827,6,77,Normal
2026-02-08 08:56:57.802367,Berlin-5827,-29,39,Normal
2026-02-08 08:56:58.802367,Berlin-5827,8,80,Normal
2026-02-08 08:56:59.802367,Berlin-5827,19,93,Normal
2026-02-08 08:57:00.802367,Berlin-5827,5,83,Normal
2026-02-08 08:57:01.802367,Berlin-5827,0,71,Normal
2026-02-08 08:57:02.802367,Berlin-5827,-25,61,Normal
2026-02-08 08:57:03.802367,Berlin-5827,1,4,Normal
2026-02-08 08:57:04.802367,Berlin-5827,-16,5,Normal
2026-02-08 08:57:05.802367,Berlin-5827,26,13,Normal
2026-02-08 08:57:06.802367,Berlin-5827,14,24,Normal
2026-02-08 08:57:07.802367,Berlin-5827,-28,2,Normal
2026-02-08 08:57:08.802367,Berlin-5827,-16,92,Normal
2026-02-08 08:57:09.802367,Berlin-5827,-1,2,Normal
2026-02-08 08:57:10.802367,Berlin-5827,29,12,Normal
2026-02-08 08:57:11.802367,Berlin-5827,42,27,Normal
2026-02-08 08:57:12.802367,Berlin-5827,-14,9,Normal
2026-02-08 08:57:13.802367,Berlin-5827,-9,90,Normal
2026-02-08 08:57:14.802367,Berlin-5827,44,41,Normal
2026-02-08 08:57:15.802367,Berlin-5827,-23,34,Normal
2026-02-08 08:57:16.802367,Berlin-5827,40,99,Normal
2026-02-08 08:57:17.802367,Berlin-5827,11,19,Normal
2026-02-08 08:57:18.802367,Berlin-5827,37,71,Normal
2026-02-08 08:57:19.802367,Berlin-5827,48,45,Normal
2026-02-08 08:57:20.802367,Berlin-5827,13,3,Normal
2026-02-08 08:57:21.802367,Berlin-5827,48,99,Normal
2026-02-08 08:57:22.802367,Berlin-5827,-28,59,Normal
2026-02-08 08:57:23.802367,Berlin-5827,12,36,Normal
2026-02-08 08:57:24.802367,Berlin-5827,34,44,Normal
2026-02-08 08:57:25.802367,Berlin-5827,16,2,Normal
2026-02-08 08:57:26.802367,Berlin-5827,46,20,Normal
2026-02-08 08:57:27.802367,Berlin-5827,-3,58,Normal
2026-02-08 08:57:28.802367,Berlin-5827,26,98,Normal
2026-02-08 08:57:29.802367,Berlin-5827,19,37,Normal
2026-02-08 08:57:30.802367,Berlin-5827,-22,27,Normal
2026-02-08 08:57:31.802367,Berlin-5827,47,71,Normal
2026-02-08 08:57:32.802367,Berlin-5827,-25,51,Normal
2026-02-08 08:57:33.802367,Berlin-5827,37,28,Normal
2026-02-08 08:57:34.802367,Berlin-5827,-1,84,Normal
2026-02-08 08:57:35.802367,Berlin-5827,25,2,Normal
2026-02-08 08:57:36.802367,Berlin-5827,46,14,Normal
2026-02-08 08:57:37.802367,Berlin-5827,6,82,Normal
2026-02-08 08:57:38.802367,Berlin-5827,-8,50,Normal
2026-02-08 08:57:39.802367,Berlin-5827,19,64,Normal
2026-02-08 08:57:40.802367,Berlin-5827,4,71,Normal
2026-02-08 08:57:41.802367,Berlin-5827,13,71,Normal
2026-02-08 08:57:42.802367,Berlin-5827,-16,89,Normal
2026-02-08 08:57:43.802367,Berlin-5827,30,63,Normal
2026-02-08 08:57:44.802367,Berlin-5827,16,35,Normal
2026-02-08 08:57:45.802367,Berlin-5827,-29,27,Normal
2026-02-08 08:57:46.802367,Berlin-5827,5,39,Normal
2026-02-08 08:57:47.802367,Berlin-5827,43,18,Normal
2026-02-08 08:57:48.802367,Berlin-5827,3,96,Normal
2026-02-08 08:57:49.802367,Berlin-5827,-3,39,Normal
2026-02-08 08:57:50.802367,Berlin-5827,24,30,Normal
2026-02-08 08:57:51.802367,Berlin-5827,39,18,Normal
2026-02-08 08:57:52.802367,Berlin-5827,12,16,Normal
2026-02-08 08:57:53.802367,Berlin-5827,-17,0,Normal
2026-02-08 08:57:54.802367,Berlin-5827,15,6,Normal
2026-02-08 08:57:55.802367,Berlin-5827,-14,92,Normal
2026-02-08 08:57:56.802367,Berlin-5827,-5,96,Normal
2026-02-08 08:57:57.802367,Berlin-5827,12,25,Normal
2026-02-08 08:57:58.802367,Berlin-5827,-7,22,Normal
2026-02-08 08:57:59.802367,Berlin-5827,-22,3,Normal
2026-02-08 08:58:00.802367,Berlin-5827,16,43,Normal
2026-02-08 08:58:01.802367,Berlin-5827,-13,58,Normal
2026-02-08 08:58:02.802367,Berlin-5827,-17,73,Normal
2026-02-08 08:58:03.802367,Berlin-5827,-23,71,Normal
2026-02-08 08:58:04.802367,Berlin-5827,-6,84,Normal
2026-02-08 08:58:05.802367,Berlin-5827,-20,22,Normal
2026-02-08 08:58:06.802367,Berlin-5827,-11,91,Normal
2026-02-08 08:58:07.802367,Berlin-5827,10,71,Normal
2026-02-08 08:58:08.802367,Berlin-5827,-22,23,Normal
2026-02-08 08:58:09.802367,Berlin-5827,26,59,Normal
2026-02-08 08:58:10.802367,Berlin-5827,28,90,Normal
2026-02-08 08:58:11.802367,Berlin-5827,-3,84,Normal
2026-02-08 08:58:12.802367,Berlin-5827,32,4,Normal
2026-02-08 08:58:13.802367,Berlin-5827,5,57,Normal
2026-02-08 08:58:14.802367,Berlin-5827,29,54,Normal
2026-02-08 08:58:15.802367,Berlin-5827,-30,69,Normal
2026-02-08 08:58:16.802367,Berlin-5827,11,67,Normal
2026-02-08 08:58:17.802367,Berlin-5827,13,83,Normal
2026-02-08 08:58:18.802367,Berlin-5827,-27,48,Normal
2026-02-08 08:58:19.802367,Berlin-5827,11,48,Normal
2026-02-08 08:58:20.802367,Berlin-5827,30,57,Normal
2026-02-08 08:58:21.802367,Berlin-5827,3,94,Normal
2026-02-08 08:58:22.802367,Berlin-5827,-9,22,Normal
2026-02-08 08:58:23.802367,Berlin-5827,6,95,Normal
2026-02-08 08:58:24.802367,Berlin-5827,9,52,Normal
2026-02-08 08:58:25.802367,Berlin-5827,-18,21,Normal
2026-02-08 08:58:26.802367,Berlin-5827,31,18,Normal
2026-02-08 08:58:27.802367,Berlin-5827,7,73,Normal
2026-02-08 08:58:28.802367,Berlin-5827,23,45,Normal
2026-02-08 08:58:29.802367,Berlin-5827,11,27,Normal
2026-02-08 08:58:30.802367,Berlin-5827,15,94,Normal
2026-02-08 08:58:31.802367,Berlin-5827,21,92,Normal
2026-02-08 08:58:32.802367,Berlin-5827,39,64,Normal
2026-02-08 08:58:33.802367,Berlin-5827,-13,92,Normal
2026-02-08 08:58:34.802367,Berlin-5827,-27,63,Normal
2026-02-08 08:58:35.802367,Berlin-5827,-13,29,Normal
2026-02-08 08:58:36.802367,Berlin-5827,46,4,Normal
2026-02-08 08:58:37.802367,Berlin-5827,43,81,Normal
2026-02-08 08:58:38.802367,Berlin-5827,-4,13,Normal
2026-02-08 08:58:39.802367,Berlin-5827,31,86,Normal
2026-02-08 08:58:40.802367,Berlin-5827,47,23,Normal
2026-02-08 08:58:41.802367,Berlin-5827,-3,12,Normal
2026-02-08 08:58:42.802367,Berlin-5827,-30,85,Normal
2026-02-08 08:58:43.802367,Berlin-5827,38,82,Normal
2026-02-08 08:58:44.802367,Berlin-5827,18,11,Normal
2026-02-08 08:58:45.802367,Berlin-5827,-27,72,Normal
2026-02-08 08:58:46.802367,Berlin-5827,-4,89,Normal
2026-02-08 08:58:47.802367,Berlin-5827,40,60,Normal
2026-02-08 08:58:48.802367,Berlin-5827,48,93,Normal
2026-02-08 08:58:49.802367,Berlin-5827,10,57,Normal
2026-02-08 08:58:50.802367,Berlin-5827,23,0,Normal
2026-02-08 08:58:51.802367,Berlin-5827,-18,42,Normal
2026-02-08 08:58:52.802367,Berlin-5827,3,48,Normal
2026-02-08 08:58:53.802367,Berlin-5827,2,46,Normal
2026-02-08 08:58:54.802367,Berlin-5827,14,64,Normal
2026-02-08 08:58:55.802367,Berlin-5827,42,69,Normal
2026-02-08 08:58:56.802367,Berlin-5827,-14,72,Normal
2026-02-08 08:58:57.802367,Berlin-5827,4,49,Normal
2026-02-08 08:58:58.802367,Berlin-5827,6,0,Normal
2026-02-08 08:58:59.802367,Berlin-5827,-15,64,Normal
2026-02-08 08:59:00.802367,Berlin-5827,24,94,Normal
2026-02-08 08:59:01.802367,Berlin-5827,41,93,Normal
2026-02-08 08:59:02.802367,Berlin-5827,33,59,Normal
2026-02-08 08:59:03.802367,Berlin-5827,2,19,Normal
2026-02-08 08:59:04.802367,Berlin-5827,-13,68,Normal
2026-02-08 08:59:05.802367,Berlin-5827,43,49,Normal
2026-02-08 08:59:06.802367,Berlin-5827,46,95,Normal
2026-02-08 08:59:07.802367,Berlin-5827,44,73,Normal
2026-02-08 08:59:08.802367,Berlin-5827,-10,88,Normal
2026-02-08 08:59:09.802367,Berlin-5827,-8,19,Normal
2026-02-08 08:59:10.802367,Berlin-5827,31,85,Normal
2026-02-08 08:59:11.802367,Berlin-5827,-7,60,Normal
2026-02-08 08:59:12.802367,Berlin-5827,27,98,Normal
2026-02-08 08:59:13.802367,Berlin-5827,5,26,Normal
2026-02-08 08:59:14.802367,Berlin-5827,38,96,Normal
2026-02-08 08:59:15.802367,Berlin-5827,-10,31,Normal
2026-02-08 08:59:16.802367,Berlin-5827,13,93,Normal
2026-02-08 08:59:17.802367,Berlin-5827,25,72,Normal
2026-02-08 08:59:18.802367,Berlin-5827,-26,45,Normal
2026-02-08 08:59:19.802367,Berlin-5827,-21,30,Normal
2026-02-08 08:59:20.802367,Berlin-5827,-7,75,Normal
2026-02-08 08:59:21.802367,Berlin-5827,13,34,Normal
2026-02-08 08:59:22.802367,Berlin-5827,-30,89,Normal
2026-02-08 08:59:23.802367,Berlin-5827,-12,9,Normal
2026-02-08 08:59:24.802367,Berlin-5827,-24,70,Normal
2026-02-08 08:59:25.802367,Berlin-5827,19,65,Normal
2026-02-08 08:59:26.802367,Berlin-5827,10,70,Normal
2026-02-08 08:59:27.802367,Berlin-5827,-10,92,Normal
2026-02-08 08:59:28.802367,Berlin-5827,26,97,Normal
2026-02-08 08:59:29.802367,Berlin-5827,28,90,Normal
2026-02-08 08:59:30.802367,Berlin-5827,35,17,Normal
2026-02-08 08:59:31.802367,Berlin-5827,7,38,Normal
2026-02-08 08:59:32.802367,Berlin-5827,-27,24,Normal
2026-02-08 08:59:33.802367,Berlin-5827,12,45,Normal
2026-02-08 08:59:34.802367,Berlin-5827,-1,61,Normal
2026-02-08 08:59:35.802367,Berlin-5827,-26,43,Normal
2026-02-08 08:59:36.802367,Berlin-5827,0,93,Normal
2026-02-08 08:59:37.802367,Berlin-5827,45,27,Normal
2026-02-08 08:59:38.802367,Berlin-5827,15,10,Normal
2026-02-08 08:59:39.802367,Berlin-5827,-28,13,Normal
2026-02-08 08:59:40.802367,Berlin-5827,-13,36,Normal
2026-02-08 08:59:41.802367,Berlin-5827,-17,64,Normal
2026-02-08 08:59:42.802367,Berlin-5827,19,85,Normal
2026-02-08 08:59:43.802367,Berlin-5827,-13,0,Normal
2026-02-08 08:59:44.802367,Berlin-5827,10,30,Normal
2026-02-08 08:59:45.802367,Berlin-5827,36,52,Normal
2026-02-08 08:59:46.802367,Berlin-5827,-30,76,Normal
2026-02-08 08:59:47.802367,Berlin-5827,22,3,Normal
2026-02-08 08:59:48.802367,Berlin-5827,-23,26,Normal
2026-02-08 08:59:49.802367,Berlin-5827,28,9,Normal
2026-02-08 08:59:50.802367,Berlin-5827,3,24,Normal
2026-02-08 08:59:51.802367,Berlin-5827,42,27,Normal
2026-02-08 08:59:52.802367,Berlin-5827,19,56,Normal
2026-02-08 08:59:53.802367,Berlin-5827,12,9,Normal
2026-02-08 08:59:54.802367,Berlin-5827,40,47,Normal
2026-02-08 08:59:55.802367,Berlin-5827,42,68,Normal
2026-02-08 08:59:56.802367,Berlin-5827,-7,53,Normal
2026-02-08 08:59:57.802367,Berlin-5827,-15,63,Normal
2026-02-08 08:59:58.802367,Berlin-5827,1,39,Normal
2026-02-08 08:59:59.802367,Berlin-5827,3,13,Normal
2026-02-08 09:00:00.802367,Berlin-5827,0,32,Normal
2026-02-08 09:00:01.802367,Berlin-5827,1,51,Normal
2026-02-08 09:00:02.802367,Berlin-5827,-19,88,Normal
2026-02-08 09:00:03.802367,Berlin-5827,-25,58,Normal
2026-02-08 09:00:04.802367,Berlin-5827,-10,16,Normal
2026-02-08 09:00:05.802367,Berlin-5827,32,27,Normal
2026-02-08 09:00:06.802367,Berlin-5827,26,16,Normal
2026-02-08 09:00:07.802367,Berlin-5827,10,8,Normal
2026-02-08 09:00:08.802367,Berlin-5827,18,63,Normal
2026-02-08 09:00:09.802367,Berlin-5827,-28,76,Normal
2026-02-08 09:00:10.802367,Berlin-5827,36,67,Normal
2026-02-08 09:00:11.802367,Berlin-5827,44,40,Normal
2026-02-08 09:00:12.802367,Berlin-5827,25,42,Normal
2026-02-08 09:00:13.802367,Berlin-5827,31,23,Normal
2026-02-08 09:00:14.802367,Berlin-5827,22,83,Normal
2026-02-08 09:00:15.802367,Berlin-5827,-26,88,Normal
2026-02-08 09:00:16.802367,Berlin-5827,3,87,Normal
2026-02-08 09:00:17.802367,Berlin-5827,0,90,Normal
2026-02-08 09:00:18.802367,Berlin-5827,-7,14,Normal
2026-02-08 09:00:19.802367,Berlin-5827,46,6,Normal
2026-02-08 09:00:20.802367,Berlin-5827,-2,10,Normal
2026-02-08 09:00:21.802367,Berlin-5827,33,66,Normal
2026-02-08 09:00:22.802367,Berlin-5827,37,25,Normal
2026-02-08 09:00:23.802367,Berlin-5827,35,45,Normal
2026-02-08 09:00:24.802367,Berlin-5827,-17,35,Normal
2026-02-08 09:00:25.802367,Berlin-5827,-28,70,Normal
2026-02-08 09:00:26.802367,Berlin-5827,50,27,Normal
2026-02-08 09:00:27.802367,Berlin-5827,-25,38,Normal
2026-02-08 09:00:28.802367,Berlin-5827,46,79,Normal
2026-02-08 09:00:29.802367,Berlin-5827,-27,73,Normal
2026-02-08 09:00:30.802367,Berlin-5827,-5,17,Normal
2026-02-08 09:00:31.802367,Berlin-5827,16,50,Normal
2026-02-08 09:00:32.802367,Berlin-5827,8,82,Normal
2026-02-08 09:00:33.802367,Berlin-5827,-27,92,Normal
2026-02-08 09:00:34.802367,Berlin-5827,8,95,Normal
2026-02-08 09:00:35.802367,Berlin-5827,39,19,Normal
2026-02-08 09:00:36.802367,Berlin-5827,-14,47,Normal
2026-02-08 09:00:37.802367,Berlin-5827,38,51,Normal
2026-02-08 09:00:38.802367,Berlin-5827,-22,62,Normal
2026-02-08 09:00:39.802367,Berlin-5827,38,21,Normal
2026-02-08 09:00:40.802367,Berlin-5827,48,98,Normal
2026-02-08 09:00:41.802367,Berlin-5827,31,45,Normal
2026-02-08 09:00:42.802367,Berlin-5827,27,33,Normal
2026-02-08 09:00:43.802367,Berlin-5827,-6,35,Normal
2026-02-08 09:00:44.802367,Berlin-5827,39,90,Normal
2026-02-08 09:00:45.802367,Berlin-5827,11,10,Normal
2026-02-08 09:00:46.802367,Berlin-5827,42,54,Normal
2026-02-08 09:00:47.802367,Berlin-5827,-15,25,Normal
2026-02-08 09:00:48.802367,Berlin-5827,30,45,Normal
2026-02-08 09:00:49.802367,Berlin-5827,-24,27,Normal
2026-02-08 09:00:50.802367,Berlin-5827,50,65,Normal
2026-02-08 09:00:51.802367,Berlin-5827,15,34,Normal
2026-02-08 09:00:52.802367,Berlin-5827,47,99,Normal
2026-02-08 09:00:53.802367,Berlin-5827,-23,79,Normal
2026-02-08 09:00:54.802367,Berlin-5827,12,22,Normal
2026-02-08 09:00:55.802367,Berlin-5827,-5,20,Normal
2026-02-08 09:00:56.802367,Berlin-5827,13,19,Normal
2026-02-08 09:00:57.802367,Berlin-5827,10,86,Normal
2026-02-08 09:00:58.802367,Berlin-5827,22,19,Normal
2026-02-08 09:00:59.802367,Berlin-5827,-19,78,Normal
2026-02-08 09:01:00.802367,Berlin-5827,-9,76,Normal
2026-02-08 09:01:01.802367,Berlin-5827,23,59,Normal
2026-02-08 09:01:02.802367,Berlin-5827,-14,56,Normal
2026-02-08 09:01:03.802367,Berlin-5827,-22,31,Normal
2026-02-08 09:01:04.802367,Berlin-5827,-21,24,Normal
2026-02-08 09:01:05.802367,Berlin-5827,35,80,Normal
2026-02-08 09:01:06.802367,Berlin-5827,-22,40,Normal
2026-02-08 09:01:07.802367,Berlin-5827,17,91,Normal
2026-02-08 09:01:08.802367,Berlin-5827,30,100,Normal
2026-02-08 09:01:09.802367,Berlin-5827,32,36,Normal
2026-02-08 09:01:10.802367,Berlin-5827,5,51,Normal
2026-02-08 09:01:11.802367,Berlin-5827,42,0,Normal
2026-02-08 09:01:12.802367,Berlin-5827,43,42,Normal
2026-02-08 09:01:13.802367,Berlin-5827,3,81,Normal
2026-02-08 09:01:14.802367,Berlin-5827,-6,2,Normal
2026-02-08 09:01:15.802367,Berlin-5827,-26,58,Normal
2026-02-08 09:01:16.802367,Berlin-5827,36,85,Normal
2026-02-08 09:01:17.802367,Berlin-5827,46,78,Normal
2026-02-08 09:01:18.802367,Berlin-5827,50,55,Normal
2026-02-08 09:01:19.802367,Berlin-5827,4,71,Normal
2026-02-08 09:01:20.802367,Berlin-5827,-20,65,Normal
2026-02-08 09:01:21.802367,Berlin-5827,44,44,Normal
2026-02-08 09:01:22.802367,Berlin-5827,13,69,Normal
2026-02-08 09:01:23.802367,Berlin-5827,14,86,Normal
2026-02-08 09:01:24.802367,Berlin-5827,46,83,Normal
2026-02-08 09:01:25.802367,Berlin-5827,19,4,Normal
2026-02-08 09:01:26.802367,Berlin-5827,30,93,Normal
2026-02-08 09:01:27.802367,Berlin-5827,13,54,Normal
2026-02-08 09:01:28.802367,Berlin-5827,34,28,Normal
2026-02-08 09:01:29.802367,Berlin-5827,-3,50,Normal
2026-02-08 09:01:30.802367,Berlin-5827,-20,56,Normal
2026-02-08 09:01:31.802367,Berlin-5827,16,40,Normal
2026-02-08 09:01:32.802367,Berlin-5827,48,13,Normal
2026-02-08 09:01:33.802367,Berlin-5827,-26,7,Normal
2026-02-08 09:01:34.802367,Berlin-5827,-20,73,Normal
2026-02-08 09:01:35.802367,Berlin-5827,27,50,Normal
2026-02-08 09:01:36.802367,Berlin-5827,-21,63,Normal
2026-02-08 09:01:37.802367,Berlin-5827,-25,82,Normal
2026-02-08 09:01:38.802367,Berlin-5827,-24,26,Normal
2026-02-08 09:01:39.802367,Berlin-5827,15,19,Normal
2026-02-08 09:01:40.802367,Berlin-5827,36,91,Normal
2026-02-08 09:01:41.802367,Berlin-5827,19,80,Normal
2026-02-08 09:01:42.802367,Berlin-5827,18,75,Normal
2026-02-08 09:01:43.802367,Berlin-5827,-16,9,Normal
2026-02-08 09:01:44.802367,Berlin-5827,-23,91,Normal
2026-02-08 09:01:45.802367,Berlin-5827,-23,15,Normal
2026-02-08 09:01:46.802367,Berlin-5827,20,46,Normal
2026-02-08 09:01:47.802367,Berlin-5827,29,34,Normal
2026-02-08 09:01:48.802367,Berlin-5827,-28,25,Normal
2026-02-08 09:01:49.802367,Berlin-5827,-16,38,Normal
2026-02-08 09:01:50.802367,Berlin-5827,-8,69,Normal
2026-02-08 09:01:51.802367,Berlin-5827,32,53,Normal
2026-02-08 09:01:52.802367,Berlin-5827,-15,67,Normal
2026-02-08 09:01:53.802367,Berlin-5827,39,46,Normal
2026-02-08 09:01:54.802367,Berlin-5827,39,100,Normal
2026-02-08 09:01:55.802367,Berlin-5827,-10,90,Normal
2026-02-08 09:01:56.802367,Berlin-5827,-12,16,Normal
2026-02-08 09:01:57.802367,Berlin-5827,5,83,Normal
2026-02-08 09:01:58.802367,Berlin-5827,37,52,Normal
2026-02-08 09:01:59.802367,Berlin-5827,-18,72,Normal
2026-02-08 09:02:00.802367,Berlin-5827,45,81,Normal
2026-02-08 09:02:01.802367,Berlin-5827,25,57,Normal
2026-02-08 09:02:02.802367,Berlin-5827,9,0,Normal
2026-02-08 09:02:03.802367,Berlin-5827,23,21,Normal
2026-02-08 09:02:04.802367,Berlin-5827,-30,16,Normal
2026-02-08 09:02:05.802367,Berlin-5827,-30,11,Normal
2026-02-08 09:02:06.802367,Berlin-5827,2,68,Normal
2026-02-08 09:02:07.802367,Berlin-5827,30,50,Normal
2026-02-08 09:02:08.802367,Berlin-5827,48,54,Normal
2026-02-08 09:02:09.802367,Berlin-5827,43,70,Normal
2026-02-08 09:02:10.802367,Berlin-5827,-20,32,Normal
2026-02-08 09:02:11.802367,Berlin-5827,4,83,Normal
2026-02-08 09:02:12.802367,Berlin-5827,-12,39,Normal
2026-02-08 09:02:13.802367,Berlin-5827,18,20,Normal
2026-02-08 09:02:14.802367,Berlin-5827,39,4,Normal
2026-02-08 09:02:15.802367,Berlin-5827,38,71,Normal
2026-02-08 09:02:16.802367,Berlin-5827,10,91,Normal
2026-02-08 09:02:17.802367,Berlin-5827,15,20,Normal
2026-02-08 09:02:18.802367,Berlin-5827,21,71,Normal
2026-02-08 09:02:19.802367,Berlin-5827,43,50,Normal
2026-02-08 09:02:20.802367,Berlin-5827,26,96,Normal
2026-02-08 09:02:21.802367,Berlin-5827,-5,95,Normal
2026-02-08 09:02:22.802367,Berlin-5827,24,39,Normal
2026-02-08 09:02:23.802367,Berlin-5827,-22,31,Normal
2026-02-08 09:02:24.802367,Berlin-5827,12,43,Normal
2026-02-08 09:02:25.802367,Berlin-5827,36,64,Normal
2026-02-08 09:02:26.802367,Berlin-5827,-11,67,Normal
2026-02-08 09:02:27.802367,Berlin-5827,36,28,Normal
2026-02-08 09:02:28.802367,Berlin-5827,49,31,Normal
2026-02-08 09:02:29.802367,Berlin-5827,7,5,Normal
2026-02-08 09:02:30.802367,Berlin-5827,9,69,Normal
2026-02-08 09:02:31.802367,Berlin-5827,14,93,Normal
2026-02-08 09:02:32.802367,Berlin-5827,-17,52,Normal
2026-02-08 09:02:33.802367,Berlin-5827,4,58,Normal
2026-02-08 09:02:34.802367,Berlin-5827,-5,45,Normal
2026-02-08 09:02:35.802367,Berlin-5827,-19,55,Normal
2026-02-08 09:02:36.802367,Berlin-5827,36,45,Normal
2026-02-08 09:02:37.802367,Berlin-5827,-9,25,Normal
2026-02-08 09:02:38.802367,Berlin-5827,40,92,Normal
2026-02-08 09:02:39.802367,Berlin-5827,18,7,Normal
2026-02-08 09:02:40.802367,Berlin-5827,-6,66,Normal
2026-02-08 09:02:41.802367,Berlin-5827,-7,7,Normal
2026-02-08 09:02:42.802367,Berlin-5827,-27,64,Normal
2026-02-08 09:02:43.802367,Berlin-5827,-8,34,Normal
2026-02-08 09:02:44.802367,Berlin-5827,-9,93,Normal
2026-02-08 09:02:45.802367,Berlin-5827,18,20,Normal
2026-02-08 09:02:46.802367,Berlin-5827,8,9,Normal
2026-02-08 09:02:47.802367,Berlin-5827,-14,87,Normal
2026-02-08 09:02:48.802367,Berlin-5827,9,46,Normal
2026-02-08 09:02:49.802367,Berlin-5827,23,73,Normal
2026-02-08 09:02:50.802367,Berlin-5827,20,93,Normal
2026-02-08 09:02:51.802367,Berlin-5827,14,1,Normal
2026-02-08 09:02:52.802367,Berlin-5827,42,65,Normal
2026-02-08 09:02:53.802367,Berlin-5827,13,90,Normal
2026-02-08 09:02:54.802367,Berlin-5827,16,100,Normal
2026-02-08 09:02:55.802367,Berlin-5827,-2,41,Normal
2026-02-08 09:02:56.802367,Berlin-5827,48,18,Normal
2026-02-08 09:02:57.802367,Berlin-5827,-18,42,Normal
2026-02-08 09:02:58.802367,Berlin-5827,35,32,Normal
2026-02-08 09:02:59.802367,Berlin-5827,38,1,Normal
2026-02-08 09:03:00.802367,Berlin-5827,-4,85,Normal
2026-02-08 09:03:01.802367,Berlin-5827,48,84,Normal
2026-02-08 09:03:02.802367,Berlin-5827,32,44,Normal
2026-02-08 09:03:03.802367,Berlin-5827,4,44,Normal
2026-02-08 09:03:04.802367,Berlin-5827,4,50,Normal
2026-02-08 09:03:05.802367,Berlin-5827,0,72,Normal
2026-02-08 09:03:06.802367,Berlin-5827,47,75,Normal
2026-02-08 09:03:07.802367,Berlin-5827,30,9,Normal
2026-02-08 09:03:08.802367,Berlin-5827,39,87,Normal
2026-02-08 09:03:09.802367,Berlin-5827,35,97,Normal
2026-02-08 09:03:10.802367,Berlin-5827,14,89,Normal
2026-02-08 09:03:11.802367,Berlin-5827,-5,3,Normal
2026-02-08 09:03:12.802367,Berlin-5827,-12,48,Normal
2026-02-08 09:03:13.802367,Berlin-5827,45,70,Normal
2026-02-08 09:03:14.802367,Berlin-5827,19,48,Normal
2026-02-08 09:03:15.802367,Berlin-5827,27,84,Normal
2026-02-08 09:03:16.802367,Berlin-5827,29,88,Normal
2026-02-08 09:03:17.802367,Berlin-5827,-13,100,Normal
2026-02-08 09:03:18.802367,Berlin-5827,49,82,Normal
2026-02-08 09:03:19.802367,Berlin-5827,-28,68,Normal
2026-02-08 09:03:20.802367,Berlin-5827,-19,0,Normal
2026-02-08 09:03:21.802367,Berlin-5827,11,2,Normal
2026-02-08 09:03:22.802367,Berlin-5827,47,19,Normal
2026-02-08 09:03:23.802367,Berlin-5827,39,28,Normal
2026-02-08 09:03:24.802367,Berlin-5827,-3,81,Normal
2026-02-08 09:03:25.802367,Berlin-5827,41,44,Normal
2026-02-08 09:03:26.802367,Berlin-5827,-26,23,Normal
2026-02-08 09:03:27.802367,Berlin-5827,9,94,Normal
2026-02-08 09:03:28.802367,Berlin-5827,34,44,Normal
2026-02-08 09:03:29.802367,Berlin-5827,-30,39,Normal
2026-02-08 09:03:30.802367,Berlin-5827,-23,56,Normal
2026-02-08 09:03:31.802367,Berlin-5827,5,16,Normal
2026-02-08 09:03:32.802367,Berlin-5827,-30,16,Normal
2026-02-08 09:03:33.802367,Berlin-5827,-6,90,Normal
2026-02-08 09:03:34.802367,Berlin-5827,8,39,Normal
2026-02-08 09:03:35.802367,Berlin-5827,7,66,Normal
2026-02-08 09:03:36.802367,Berlin-5827,1,44,Normal
2026-02-08 09:03:37.802367,Berlin-5827,-14,67,Normal
2026-02-08 09:03:38.802367,Berlin-5827,14,61,Normal
2026-02-08 09:03:39.802367,Berlin-5827,-12,19,Normal
2026-02-08 09:03:40.802367,Berlin-5827,43,16,Normal
2026-02-08 09:03:41.802367,Berlin-5827,-18,56,Normal
2026-02-08 09:03:42.802367,Berlin-5827,-9,41,Normal
2026-02-08 09:03:43.802367,Berlin-5827,25,42,Normal
2026-02-08 09:03:44.802367,Berlin-5827,42,44,Normal
2026-02-08 09:03:45.802367,Berlin-5827,-17,77,Normal
2026-02-08 09:03:46.802367,Berlin-5827,-14,69,Normal
2026-02-08 09:03:47.802367,Berlin-5827,29,99,Normal
2026-02-08 09:03:48.802367,Berlin-5827,1,19,Normal
2026-02-08 09:03:49.802367,Berlin-5827,10,52,Normal
2026-02-08 09:03:50.802367,Berlin-5827,0,6,Normal
2026-02-08 09:03:51.802367,Berlin-5827,2,4,Normal
2026-02-08 09:03:52.802367,Berlin-5827,-28,9,Normal
2026-02-08 09:03:53.802367,Berlin-5827,32,87,Normal
2026-02-08 09:03:54.802367,Berlin-5827,-14,25,Normal
2026-02-08 09:03:55.802367,Berlin-5827,-19,96,Normal
2026-02-08 09:03:56.802367,Berlin-5827,8,70,Normal
2026-02-08 09:03:57.802367,Berlin-5827,-29,50,Normal
2026-02-08 09:03:58.802367,Berlin-5827,26,41,Normal
2026-02-08 09:03:59.802367,Berlin-5827,31,49,Normal
2026-02-08 09:04:00.802367,Berlin-5827,2,69,Normal
2026-02-08 09:04:01.802367,Berlin-5827,-13,57,Normal
2026-02-08 09:04:02.802367,Berlin-5827,8,66,Normal
2026-02-08 09:04:03.802367,Berlin-5827,-8,48,Normal
2026-02-08 09:04:04.802367,Berlin-5827,10,15,Normal
2026-02-08 09:04:05.802367,Berlin-5827,-5,80,Normal
2026-02-08 09:04:06.802367,Berlin-5827,26,77,Normal
2026-02-08 09:04:07.802367,Berlin-5827,21,7,Normal
2026-02-08 09:04:08.802367,Berlin-5827,13,93,Normal
2026-02-08 09:04:09.802367,Berlin-5827,19,78,Normal
2026-02-08 09:04:10.802367,Berlin-5827,-8,84,Normal
2026-02-08 09:04:11.802367,Berlin-5827,-29,44,Normal
2026-02-08 09:04:12.802367,Berlin-5827,9,70,Normal
2026-02-08 09:04:13.802367,Berlin-5827,33,58,Normal
2026-02-08 09:04:14.802367,Berlin-5827,11,2,Normal
2026-02-08 09:04:15.802367,Berlin-5827,27,23,Normal
2026-02-08 09:04:16.802367,Berlin-5827,15,78,Normal
2026-02-08 09:04:17.802367,Berlin-5827,-3,60,Normal
2026-02-08 09:04:18.802367,Berlin-5827,11,88,Normal
2026-02-08 09:04:19.802367,Berlin-5827,-29,72,Normal
2026-02-08 09:04:20.802367,Berlin-5827,18,73,Normal
2026-02-08 09:04:21.802367,Berlin-5827,-13,5,Normal
2026-02-08 09:04:22.802367,Berlin-5827,-12,33,Normal
2026-02-08 09:04:23.802367,Berlin-5827,-20,33,Normal
2026-02-08 09:04:24.802367,Berlin-5827,15,51,Normal
2026-02-08 09:04:25.802367,Berlin-5827,13,49,Normal
2026-02-08 09:04:26.802367,Berlin-5827,-6,28,Normal
2026-02-08 09:04:27.802367,Berlin-5827,-25,14,Normal
2026-02-08 09:04:28.802367,Berlin-5827,42,92,Normal
2026-02-08 09:04:29.802367,Berlin-5827,44,64,Normal
2026-02-08 09:04:30.802367,Berlin-5827,11,0,Normal
2026-02-08 09:04:31.802367,Berlin-5827,4,40,Normal
2026-02-08 09:04:32.802367,Berlin-5827,48,5,Normal
2026-02-08 09:04:33.802367,Berlin-5827,47,87,Normal
2026-02-08 09:04:34.802367,Berlin-5827,-17,81,Normal
2026-02-08 09:04:35.802367,Berlin-5827,21,73,Normal
2026-02-08 09:04:36.802367,Berlin-5827,-26,32,Normal
2026-02-08 09:04:37.802367,Berlin-5827,25,52,Normal
2026-02-08 09:04:38.802367,Berlin-5827,48,83,Normal
2026-02-08 09:04:39.802367,Berlin-5827,-26,77,Normal
2026-02-08 09:04:40.802367,Berlin-5827,5,36,Normal
2026-02-08 09:04:41.802367,Berlin-5827,12,48,Normal
2026-02-08 09:04:42.802367,Berlin-5827,17,56,Normal
2026-02-08 09:04:43.802367,Berlin-5827,5,43,Normal
2026-02-08 09:04:44.802367,Berlin-5827,17,22,Normal
2026-02-08 09:04:45.802367,Berlin-5827,41,39,Normal
2026-02-08 09:04:46.802367,Berlin-5827,4,93,Normal
2026-02-08 09:04:47.802367,Berlin-5827,-7,33,Normal
2026-02-08 09:04:48.802367,Berlin-5827,-30,32,Normal
2026-02-08 09:04:49.802367,Berlin-5827,-23,93,Normal
2026-02-08 09:04:50.802367,Berlin-5827,4,34,Normal
2026-02-08 09:04:51.802367,Berlin-5827,-3,0,Normal
2026-02-08 09:04:52.802367,Berlin-5827,46,56,Normal
2026-02-08 09:04:53.802367,Berlin-5827,-24,19,Normal
2026-02-08 09:04:54.802367,Berlin-5827,6,98,Normal
2026-02-08 09:04:55.802367,Berlin-5827,19,76,Normal
2026-02-08 09:04:56.802367,Berlin-5827,19,36,Normal
2026-02-08 09:04:57.802367,Berlin-5827,20,8,Normal
2026-02-08 09:04:58.802367,Berlin-5827,9,27,Normal
2026-02-08 09:04:59.802367,Berlin-5827,32,48,Normal
2026-02-08 09:05:00.802367,Berlin-5827,-26,10,Normal
2026-02-08 09:05:01.802367,Berlin-5827,40,17,Normal
2026-02-08 09:05:02.802367,Berlin-5827,-12,62,Normal
2026-02-08 09:05:03.802367,Berlin-5827,12,62,Normal
2026-02-08 09:05:04.802367,Berlin-5827,40,70,Normal
2026-02-08 09:05:05.802367,Berlin-5827,-28,48,Normal
2026-02-08 09:05:06.802367,Berlin-5827,35,79,Normal
2026-02-08 09:05:07.802367,Berlin-5827,40,59,Normal
2026-02-08 09:05:08.802367,Berlin-5827,40,62,Normal
2026-02-08 09:05:09.802367,Berlin-5827,14,15,Normal
2026-02-08 09:05:10.802367,Berlin-5827,46,6,Normal
2026-02-08 09:05:11.802367,Berlin-5827,10,70,Normal
2026-02-08 09:05:12.802367,Berlin-5827,-22,76,Normal
2026-02-08 09:05:13.802367,Berlin-5827,14,58,Normal
2026-02-08 09:05:14.802367,Berlin-5827,34,98,Normal
2026-02-08 09:05:15.802367,Berlin-5827,28,71,Normal
2026-02-08 09:05:16.802367,Berlin-5827,44,16,Normal
2026-02-08 09:05:17.802367,Berlin-5827,-6,50,Normal
2026-02-08 09:05:18.802367,Berlin-5827,21,61,Normal
2026-02-08 09:05:19.802367,Berlin-5827,2,42,Normal
2026-02-08 09:05:20.802367,Berlin-5827,42,53,Normal
2026-02-08 09:05:21.802367,Berlin-5827,-17,56,Normal
2026-02-08 09:05:22.802367,Berlin-5827,15,67,Normal
2026-02-08 09:05:23.802367,Berlin-5827,28,76,Normal
2026-02-08 09:05:24.802367,Berlin-5827,40,33,Normal
2026-02-08 09:05:25.802367,Berlin-5827,46,20,Normal
2026-02-08 09:05:26.802367,Berlin-5827,48,75,Normal
2026-02-08 09:05:27.802367,Berlin-5827,-9,8,Normal
2026-02-08 09:05:28.802367,Berlin-5827,-11,100,Normal
2026-02-08 09:05:29.802367,Berlin-5827,2,35,Normal
2026-02-08 09:05:30.802367,Berlin-5827,-6,34,Normal
2026-02-08 09:05:31.802367,Berlin-5827,-29,17,Normal
2026-02-08 09:05:32.802367,Berlin-5827,13,51,Normal
2026-02-08 09:05:33.802367,Berlin-5827,-27,81,Normal
2026-02-08 09:05:34.802367,Berlin-5827,38,28,Normal
2026-02-08 09:05:35.802367,Berlin-5827,-7,77,Normal
2026-02-08 09:05:36.802367,Berlin-5827,33,61,Normal
2026-02-08 09:05:37.802367,Berlin-5827,-28,68,Normal
2026-02-08 09:05:38.802367,Berlin-5827,45,2,Normal
2026-02-08 09:05:39.802367,Berlin-5827,-25,43,Normal
2026-02-08 09:05:40.802367,Berlin-5827,-10,50,Normal
2026-02-08 09:05:41.802367,Berlin-5827,-28,74,Normal
2026-02-08 09:05:42.802367,Berlin-5827,-14,66,Normal
2026-02-08 09:05:43.802367,Berlin-5827,-29,21,Normal
2026-02-08 09:05:44.802367,Berlin-5827,25,6,Normal
2026-02-08 09:05:45.802367,Berlin-5827,-22,64,Normal
2026-02-08 09:05:46.802367,Berlin-5827,19,45,Normal
2026-02-08 09:05:47.802367,Berlin-5827,-8,34,Normal
2026-02-08 09:05:48.802367,Berlin-5827,1,20,Normal
2026-02-08 09:05:49.802367,Berlin-5827,39,61,Normal
2026-02-08 09:05:50.802367,Berlin-5827,28,68,Normal
2026-02-08 09:05:51.802367,Berlin-5827,7,86,Normal
2026-02-08 09:05:52.802367,Berlin-5827,37,6,Normal
2026-02-08 09:05:53.802367,Berlin-5827,24,58,Normal
2026-02-08 09:05:54.802367,Berlin-5827,-19,39,Normal
2026-02-08 09:05:55.802367,Berlin-5827,-11,83,Normal
2026-02-08 09:05:56.802367,Berlin-5827,32,55,Normal
2026-02-08 09:05:57.802367,Berlin-5827,-18,3,Normal
2026-02-08 09:05:58.802367,Berlin-5827,-20,30,Normal
2026-02-08 09:05:59.802367,Berlin-5827,27,98,Normal
2026-02-08 09:06:00.802367,Berlin-5827,1,75,Normal
2026-02-08 09:06:01.802367,Berlin-5827,22,9,Normal
2026-02-08 09:06:02.802367,Berlin-5827,-9,75,Normal
2026-02-08 09:06:03.802367,Berlin-5827,-14,40,Normal
2026-02-08 09:06:04.802367,Berlin-5827,-14,54,Normal
2026-02-08 09:06:05.802367,Berlin-5827,2,10,Normal
2026-02-08 09:06:06.802367,Berlin-5827,40,70,Normal
2026-02-08 09:06:07.802367,Berlin-5827,-30,75,Normal
2026-02-08 09:06:08.802367,Berlin-5827,40,97,Normal
2026-02-08 09:06:09.802367,Berlin-5827,-17,53,Normal
2026-02-08 09:06:10.802367,Berlin-5827,14,9,Normal
2026-02-08 09:06:11.802367,Berlin-5827,17,1,Normal
2026-02-08 09:06:12.802367,Berlin-5827,-25,95,Normal
2026-02-08 09:06:13.802367,Berlin-5827,45,59,Normal
2026-02-08 09:06:14.802367,Berlin-5827,36,51,Normal
2026-02-08 09:06:15.802367,Berlin-5827,36,29,Normal
2026-02-08 09:06:16.802367,Berlin-5827,29,96,Normal
2026-02-08 09:06:17.802367,Berlin-5827,23,84,Normal
2026-02-08 09:06:18.802367,Berlin-5827,26,29,Normal
2026-02-08 09:06:19.802367,Berlin-5827,-24,89,Normal
2026-02-08 09:06:20.802367,Berlin-5827,0,77,Normal
2026-02-08 09:06:21.802367,Berlin-5827,22,11,Normal
2026-02-08 09:06:22.802367,Berlin-5827,17,13,Normal
2026-02-08 09:06:23.802367,Berlin-5827,39,13,Normal
2026-02-08 09:06:24.802367,Berlin-5827,-23,19,Normal
2026-02-08 09:06:25.802367,Berlin-5827,41,70,Normal
2026-02-08 09:06:26.802367,Berlin-5827,34,83,Normal
2026-02-08 09:06:27.802367,Berlin-5827,-12,58,Normal
2026-02-08 09:06:28.802367,Berlin-5827,20,1,Normal
2026-02-08 09:06:29.802367,Berlin-5827,21,43,Normal
2026-02-08 09:06:30.802367,Berlin-5827,-21,90,Normal
2026-02-08 09:06:31.802367,Berlin-5827,3,50,Normal
2026-02-08 09:06:32.802367,Berlin-5827,-24,59,Normal
2026-02-08 09:06:33.802367,Berlin-5827,37,70,Normal
2026-02-08 09:06:34.802367,Berlin-5827,11,15,Normal
2026-02-08 09:06:35.802367,Berlin-5827,-25,15,Normal
2026-02-08 09:06:36.802367,Berlin-5827,10,62,Normal
2026-02-08 09:06:37.802367,Berlin-5827,50,21,Normal
2026-02-08 09:06:38.802367,Berlin-5827,-25,71,Normal
2026-02-08 09:06:39.802367,Berlin-5827,26,74,Normal
2026-02-08 09:06:40.802367,Berlin-5827,-22,25,Normal
2026-02-08 09:06:41.802367,Berlin-5827,-21,37,Normal
2026-02-08 09:06:42.802367,Berlin-5827,47,11,Normal
2026-02-08 09:06:43.802367,Berlin-5827,-3,60,Normal
2026-02-08 09:06:44.802367,Berlin-5827,2,41,Normal
2026-02-08 09:06:45.802367,Berlin-5827,-24,65,Normal
2026-02-08 09:06:46.802367,Berlin-5827,4,51,Normal
2026-02-08 09:06:47.802367,Berlin-5827,-18,51,Normal
2026-02-08 09:06:48.802367,Berlin-5827,39,35,Normal
2026-02-08 09:06:49.802367,Berlin-5827,13,21,Normal
2026-02-08 09:06:50.802367,Berlin-5827,18,28,Normal
2026-02-08 09:06:51.802367,Berlin-5827,1,46,Normal
2026-02-08 09:06:52.802367,Berlin-5827,8,6,Normal
2026-02-08 09:06:53.802367,Berlin-5827,44,87,Normal
2026-02-08 09:06:54.802367,Berlin-5827,9,29,Normal
2026-02-08 09:06:55.802367,Berlin-5827,40,2,Normal
2026-02-08 09:06:56.802367,Berlin-5827,-27,55,Normal
2026-02-08 09:06:57.802367,Berlin-5827,11,25,Normal
2026-02-08 09:06:58.802367,Berlin-5827,9,62,Normal
2026-02-08 09:06:59.802367,Berlin-5827,24,61,Normal
2026-02-08 09:07:00.802367,Berlin-5827,-17,45,Normal
2026-02-08 09:07:01.802367,Berlin-5827,-9,61,Normal
2026-02-08 09:07:02.802367,Berlin-5827,45,59,Normal
2026-02-08 09:07:03.802367,Berlin-5827,-1,97,Normal
2026-02-08 09:07:04.802367,Berlin-5827,7,39,Normal
2026-02-08 09:07:05.802367,Berlin-5827,-15,92,Normal
2026-02-08 09:07:06.802367,Berlin-5827,35,35,Normal
2026-02-08 09:07:07.802367,Berlin-5827,17,88,Normal
2026-02-08 09:07:08.802367,Berlin-5827,-14,83,Normal
2026-02-08 09:07:09.802367,Berlin-5827,1,80,Normal
2026-02-08 09:07:10.802367,Berlin-5827,-10,82,Normal
2026-02-08 09:07:11.802367,Berlin-5827,-27,28,Normal
2026-02-08 09:07:12.802367,Berlin-5827,-6,82,Normal
2026-02-08 09:07:13.802367,Berlin-5827,-30,51,Normal
2026-02-08 09:07:14.802367,Berlin-5827,1,82,Normal
2026-02-08 09:07:15.802367,Berlin-5827,-22,90,Normal
2026-02-08 09:07:16.802367,Berlin-5827,-2,19,Normal
2026-02-08 09:07:17.802367,Berlin-5827,43,37,Normal
2026-02-08 09:07:18.802367,Berlin-5827,-29,22,Normal
2026-02-08 09:07:19.802367,Berlin-5827,2,20,Normal
2026-02-08 09:07:20.802367,Berlin-5827,47,72,Normal
2026-02-08 09:07:21.802367,Berlin-5827,0,68,Normal
2026-02-08 09:07:22.802367,Berlin-5827,-8,61,Normal
2026-02-08 09:07:23.802367,Berlin-5827,25,86,Normal
2026-02-08 09:07:24.802367,Berlin-5827,0,19,Normal
2026-02-08 09:07:25.802367,Berlin-5827,-24,99,Normal
2026-02-08 09:07:26.802367,Berlin-5827,46,70,Normal
2026-02-08 09:07:27.802367,Berlin-5827,25,55,Normal
2026-02-08 09:07:28.802367,Berlin-5827,19,86,Normal
2026-02-08 09:07:29.802367,Berlin-5827,22,9,Normal
2026-02-08 09:07:30.802367,Berlin-5827,47,38,Normal
2026-02-08 09:07:31.802367,Berlin-5827,-9,28,Normal
2026-02-08 09:07:32.802367,Berlin-5827,7,86,Normal
2026-02-08 09:07:33.802367,Berlin-5827,33,50,Normal
2026-02-08 09:07:34.802367,Berlin-5827,40,33,Normal
2026-02-08 09:07:35.802367,Berlin-5827,49,36,Normal
2026-02-08 09:07:36.802367,Berlin-5827,48,75,Normal
2026-02-08 09:07:37.802367,Berlin-5827,-1,17,Normal
2026-02-08 09:07:38.802367,Berlin-5827,4,20,Normal
2026-02-08 09:07:39.802367,Berlin-5827,-26,10,Normal
2026-02-08 09:07:40.802367,Berlin-5827,-7,8,Normal
2026-02-08 09:07:41.802367,Berlin-5827,39,40,Normal
2026-02-08 09:07:42.802367,Berlin-5827,-25,75,Normal
2026-02-08 09:07:43.802367,Berlin-5827,31,16,Normal
2026-02-08 09:07:44.802367,Berlin-5827,46,6,Normal
2026-02-08 09:07:45.802367,Berlin-5827,5,9,Normal
2026-02-08 09:07:46.802367,Berlin-5827,41,93,Normal
2026-02-08 09:07:47.802367,Berlin-5827,38,37,Normal
2026-02-08 09:07:48.802367,Berlin-5827,49,41,Normal
2026-02-08 09:07:49.802367,Berlin-5827,-7,74,Normal
2026-02-08 09:07:50.802367,Berlin-5827,26,75,Normal
2026-02-08 09:07:51.802367,Berlin-5827,38,42,Normal
2026-02-08 09:07:52.802367,Berlin-5827,48,62,Normal
2026-02-08 09:07:53.802367,Berlin-5827,-7,64,Normal
2026-02-08 09:07:54.802367,Berlin-5827,-24,97,Normal
2026-02-08 09:07:55.802367,Berlin-5827,-21,24,Normal
2026-02-08 09:07:56.802367,Berlin-5827,14,27,Normal
2026-02-08 09:07:57.802367,Berlin-5827,9,77,Normal
2026-02-08 09:07:58.802367,Berlin-5827,-22,66,Normal
2026-02-08 09:07:59.802367,Berlin-5827,-20,33,Normal
2026-02-08 09:08:00.802367,Berlin-5827,37,66,Normal
2026-02-08 09:08:01.802367,Berlin-5827,29,85,Normal
2026-02-08 09:08:02.802367,Berlin-5827,4,81,Normal
2026-02-08 09:08:03.802367,Berlin-5827,33,0,Normal
2026-02-08 09:08:04.802367,Berlin-5827,48,93,Normal
2026-02-08 09:08:05.802367,Berlin-5827,-2,53,Normal
2026-02-08 09:08:06.802367,Berlin-5827,4,0,Normal
2026-02-08 09:08:07.802367,Berlin-5827,36,52,Normal
2026-02-08 09:08:08.802367,Berlin-5827,-17,8,Normal
2026-02-08 09:08:09.802367,Berlin-5827,47,15,Normal
2026-02-08 09:08:10.802367,Berlin-5827,8,15,Normal
2026-02-08 09:08:11.802367,Berlin-5827,-10,34,Normal
2026-02-08 09:08:12.802367,Berlin-5827,38,24,Normal
2026-02-08 09:08:13.802367,Berlin-5827,-20,67,Normal
2026-02-08 09:08:14.802367,Berlin-5827,50,47,Normal
2026-02-08 09:08:15.802367,Berlin-5827,-23,46,Normal
2026-02-08 09:08:16.802367,Berlin-5827,-3,39,Normal
2026-02-08 09:08:17.802367,Berlin-5827,-21,94,Normal
2026-02-08 09:08:18.802367,Berlin-5827,-6,48,Normal
2026-02-08 09:08:19.802367,Berlin-5827,32,44,Normal
2026-02-08 09:08:20.802367,Berlin-5827,10,11,Normal
2026-02-08 09:08:21.802367,Berlin-5827,-12,31,Normal
2026-02-08 09:08:22.802367,Berlin-5827,5,19,Normal
2026-02-08 09:08:23.802367,Berlin-5827,22,41,Normal
2026-02-08 09:08:24.802367,Berlin-5827,48,91,Normal
2026-02-08 09:08:25.802367,Berlin-5827,30,20,Normal
2026-02-08 09:08:26.802367,Berlin-5827,39,15,Normal
2026-02-08 09:08:27.802367,Berlin-5827,-29,35,Normal
2026-02-08 09:08:28.802367,Berlin-5827,18,3,Normal
2026-02-08 09:08:29.802367,Berlin-5827,-7,53,Normal
2026-02-08 09:08:30.802367,Berlin-5827,21,7,Normal
2026-02-08 09:08:31.802367,Berlin-5827,-13,60,Normal
2026-02-08 09:08:32.802367,Berlin-5827,-28,20,Normal
2026-02-08 09:08:33.802367,Berlin-5827,30,36,Normal
2026-02-08 09:08:34.802367,Berlin-5827,45,22,Normal
2026-02-08 09:08:35.802367,Berlin-5827,35,69,Normal
2026-02-08 09:08:36.802367,Berlin-5827,5,74,Normal
2026-02-08 09:08:37.802367,Berlin-5827,37,76,Normal
2026-02-08 09:08:38.802367,Berlin-5827,34,47,Normal
2026-02-08 09:08:39.802367,Berlin-5827,4,20,Normal
2026-02-08 09:08:40.802367,Berlin-5827,39,58,Normal
2026-02-08 09:08:41.802367,Berlin-5827,37,44,Normal
2026-02-08 09:08:42.802367,Berlin-5827,38,12,Normal
2026-02-08 09:08:43.802367,Berlin-5827,13,49,Normal
2026-02-08 09:08:44.802367,Berlin-5827,26,47,Normal
2026-02-08 09:08:45.802367,Berlin-5827,-29,66,Normal
2026-02-08 09:08:46.802367,Berlin-5827,14,26,Normal
2026-02-08 09:08:47.802367,Berlin-5827,32,45,Normal
2026-02-08 09:08:48.802367,Berlin-5827,44,19,Normal
2026-02-08 09:08:49.802367,Berlin-5827,6,16,Normal
2026-02-08 09:08:50.802367,Berlin-5827,-29,39,Normal
2026-02-08 09:08:51.802367,Berlin-5827,20,58,Normal
2026-02-08 09:08:52.802367,Berlin-5827,-7,7,Normal
2026-02-08 09:08:53.802367,Berlin-5827,-4,78,Normal
2026-02-08 09:08:54.802367,Berlin-5827,47,60,Normal
2026-02-08 09:08:55.802367,Berlin-5827,16,84,Normal
2026-02-08 09:08:56.802367,Berlin-5827,-9,85,Normal
2026-02-08 09:08:57.802367,Berlin-5827,-29,0,Normal
2026-02-08 09:08:58.802367,Berlin-5827,40,99,Normal
2026-02-08 09:08:59.802367,Berlin-5827,1,17,Normal
2026-02-08 09:09:00.802367,Berlin-5827,2,99,Normal
2026-02-08 09:09:01.802367,Berlin-5827,34,4,Normal
2026-02-08 09:09:02.802367,Berlin-5827,4,32,Normal
2026-02-08 09:09:03.802367,Berlin-5827,26,93,Normal
2026-02-08 09:09:04.802367,Berlin-5827,10,17,Normal
2026-02-08 09:09:05.802367,Berlin-5827,14,48,Normal
2026-02-08 09:09:06.802367,Berlin-5827,1,73,Normal
2026-02-08 09:09:07.802367,Berlin-5827,17,2,Normal
2026-02-08 09:09:08.802367,Berlin-5827,9,52,Normal
2026-02-08 09:09:09.802367,Berlin-5827,38,20,Normal
2026-02-08 09:09:10.802367,Berlin-5827,2,50,Normal
2026-02-08 09:09:11.802367,Berlin-5827,43,96,Normal
2026-02-08 09:09:12.802367,Berlin-5827,-8,15,Normal
2026-02-08 09:09:13.802367,Berlin-5827,48,92,Normal
2026-02-08 09:09:14.802367,Berlin-5827,3,92,Normal
2026-02-08 09:09:15.802367,Berlin-5827,21,78,Normal
2026-02-08 09:09:16.802367,Berlin-5827,-19,90,Normal
2026-02-08 09:09:17.802367,Berlin-5827,-1,29,Normal
2026-02-08 09:09:18.802367,Berlin-5827,43,11,Normal
2026-02-08 09:09:19.802367,Berlin-5827,-4,70,Normal
2026-02-08 09:09:20.802367,Berlin-5827,-5,34,Normal
2026-02-08 09:09:21.802367,Berlin-5827,8,50,Normal
2026-02-08 09:09:22.802367,Berlin-5827,16,90,Normal
2026-02-08 09:09:23.802367,Berlin-5827,45,94,Normal
2026-02-08 09:09:24.802367,Berlin-5827,36,64,Normal
2026-02-08 09:09:25.802367,Berlin-5827,44,11,Normal
2026-02-08 09:09:26.802367,Berlin-5827,-16,66,Normal
2026-02-08 09:09:27.802367,Berlin-5827,27,92,Normal
2026-02-08 09:09:28.802367,Berlin-5827,17,86,Normal
2026-02-08 09:09:29.802367,Berlin-5827,-26,5,Normal
2026-02-08 09:09:30.802367,Berlin-5827,23,38,Normal
2026-02-08 09:09:31.802367,Berlin-5827,12,10,Normal
2026-02-08 09:09:32.802367,Berlin-5827,22,67,Normal
2026-02-08 09:09:33.802367,Berlin-5827,7,16,Normal
2026-02-08 09:09:34.802367,Berlin-5827,18,42,Normal
2026-02-08 09:09:35.802367,Berlin-5827,36,37,Normal
2026-02-08 09:09:36.802367,Berlin-5827,39,5,Normal
2026-02-08 09:09:37.802367,Berlin-5827,34,49,Normal
2026-02-08 09:09:38.802367,Berlin-5827,3,54,Normal
2026-02-08 09:09:39.802367,Berlin-5827,-27,81,Normal
2026-02-08 09:09:40.802367,Berlin-5827,-15,85,Normal
2026-02-08 09:09:41.802367,Berlin-5827,3,82,Normal
2026-02-08 09:09:42.802367,Berlin-5827,-8,17,Normal
2026-02-08 09:09:43.802367,Berlin-5827,37,59,Normal
2026-02-08 09:09:44.802367,Berlin-5827,24,79,Normal
2026-02-08 09:09:45.802367,Berlin-5827,-30,38,Normal
2026-02-08 09:09:46.802367,Berlin-5827,3,89,Normal
2026-02-08 09:09:47.802367,Berlin-5827,-15,55,Normal
2026-02-08 09:09:48.802367,Berlin-5827,15,27,Normal
2026-02-08 09:09:49.802367,Berlin-5827,1,85,Normal
2026-02-08 09:09:50.802367,Berlin-5827,-4,88,Normal
2026-02-08 09:09:51.802367,Berlin-5827,50,68,Normal
2026-02-08 09:09:52.802367,Berlin-5827,14,2,Normal
2026-02-08 09:09:53.802367,Berlin-5827,-6,65,Normal
2026-02-08 09:09:54.802367,Berlin-5827,-4,21,Normal
2026-02-08 09:09:55.802367,Berlin-5827,0,38,Normal
2026-02-08 09:09:56.802367,Berlin-5827,-30,60,Normal
2026-02-08 09:09:57.802367,Berlin-5827,-29,82,Normal
2026-02-08 09:09:58.802367,Berlin-5827,45,60,Normal
2026-02-08 09:09:59.802367,Berlin-5827,-21,67,Normal
2026-02-08 09:10:00.802367,Berlin-5827,-14,8,Normal
2026-02-08 09:10:01.802367,Berlin-5827,-16,63,Normal
2026-02-08 09:10:02.802367,Berlin-5827,-26,1,Normal
2026-02-08 09:10:03.802367,Berlin-5827,-19,72,Normal
2026-02-08 09:10:04.802367,Berlin-5827,34,38,Normal
2026-02-08 09:10:05.802367,Berlin-5827,47,65,Normal
2026-02-08 09:10:06.802367,Berlin-5827,5,26,Normal
2026-02-08 09:10:07.802367,Berlin-5827,7,80,Normal
2026-02-08 09:10:08.802367,Berlin-5827,50,26,Normal
2026-02-08 09:10:09.802367,Berlin-5827,-18,2,Normal
2026-02-08 09:10:10.802367,Berlin-5827,23,58,Normal
2026-02-08 09:10:11.802367,Berlin-5827,1,32,Normal
2026-02-08 09:10:12.802367,Berlin-5827,-8,47,Normal
2026-02-08 09:10:13.802367,Berlin-5827,13,88,Normal
2026-02-08 09:10:14.802367,Berlin-5827,-10,75,Normal
2026-02-08 09:10:15.802367,Berlin-5827,-11,39,Normal
2026-02-08 09:10:16.802367,Berlin-5827,5,79,Normal
2026-02-08 09:10:17.802367,Berlin-5827,38,83,Normal
2026-02-08 09:10:18.802367,Berlin-5827,-3,46,Normal
2026-02-08 09:10:19.802367,Berlin-5827,8,48,Normal
2026-02-08 09:10:20.802367,Berlin-5827,25,47,Normal
2026-02-08 09:10:21.802367,Berlin-5827,12,98,Normal
2026-02-08 09:10:22.802367,Berlin-5827,-4,21,Normal
2026-02-08 09:10:23.802367,Berlin-5827,29,75,Normal
2026-02-08 09:10:24.802367,Berlin-5827,5,48,Normal
2026-02-08 09:10:25.802367,Berlin-5827,46,27,Normal
2026-02-08 09:10:26.802367,Berlin-5827,31,72,Normal
2026-02-08 09:10:27.802367,Berlin-5827,-10,72,Normal
2026-02-08 09:10:28.802367,Berlin-5827,5,46,Normal
2026-02-08 09:10:29.802367,Berlin-5827,-16,8,Normal
2026-02-08 09:10:30.802367,Berlin-5827,34,24,Normal
2026-02-08 09:10:31.802367,Berlin-5827,39,18,Normal
2026-02-08 09:10:32.802367,Berlin-5827,23,21,Normal
2026-02-08 09:10:33.802367,Berlin-5827,-29,95,Normal
2026-02-08 09:10:34.802367,Berlin-5827,-8,56,Normal
2026-02-08 09:10:35.802367,Berlin-5827,33,54,Normal
2026-02-08 09:10:36.802367,Berlin-5827,-21,34,Normal
2026-02-08 09:10:37.802367,Berlin-5827,35,84,Normal
2026-02-08 09:10:38.802367,Berlin-5827,30,41,Normal
2026-02-08 09:10:39.802367,Berlin-5827,32,57,Normal
2026-02-08 09:10:40.802367,Berlin-5827,-23,1,Normal
2026-02-08 09:10:41.802367,Berlin-5827,-10,14,Normal
2026-02-08 09:10:42.802367,Berlin-5827,-8,72,Normal
2026-02-08 09:10:43.802367,Berlin-5827,29,1,Normal
2026-02-08 09:10:44.802367,Berlin-5827,1,17,Normal
2026-02-08 09:10:45.802367,Berlin-5827,50,55,Normal
2026-02-08 09:10:46.802367,Berlin-5827,-14,82,Normal
2026-02-08 09:10:47.802367,Berlin-5827,30,21,Normal
2026-02-08 09:10:48.802367,Berlin-5827,33,10,Normal
2026-02-08 09:10:49.802367,Berlin-5827,4,58,Normal
2026-02-08 09:10:50.802367,Berlin-5827,-10,52,Normal
2026-02-08 09:10:51.802367,Berlin-5827,47,71,Normal
2026-02-08 09:10:52.802367,Berlin-5827,50,31,Normal
2026-02-08 09:10:53.802367,Berlin-5827,33,44,Normal
2026-02-08 09:10:54.802367,Berlin-5827,38,9,Normal
2026-02-08 09:10:55.802367,Berlin-5827,-24,41,Normal
2026-02-08 09:10:56.802367,Berlin-5827,7,52,Normal
2026-02-08 09:10:57.802367,Berlin-5827,6,6,Normal
2026-02-08 09:10:58.802367,Berlin-5827,-28,17,Normal
2026-02-08 09:10:59.802367,Berlin-5827,13,92,Normal
2026-02-08 09:11:00.802367,Berlin-5827,-28,32,Normal
2026-02-08 09:11:01.802367,Berlin-5827,-4,18,Normal
2026-02-08 09:11:02.802367,Berlin-5827,16,58,Normal
2026-02-08 09:11:03.802367,Berlin-5827,25,37,Normal
2026-02-08 09:11:04.802367,Berlin-5827,7,98,Normal
2026-02-08 09:11:05.802367,Berlin-5827,38,55,Normal
2026-02-08 09:11:06.802367,Berlin-5827,-18,60,Normal
2026-02-08 09:11:07.802367,Berlin-5827,-7,50,Normal
2026-02-08 09:11:08.802367,Berlin-5827,16,81,Normal
2026-02-08 09:11:09.802367,Berlin-5827,11,61,Normal
2026-02-08 09:11:10.802367,Berlin-5827,48,80,Normal
2026-02-08 09:11:11.802367,Berlin-5827,-4,75,Normal
2026-02-08 09:11:12.802367,Berlin-5827,37,87,Normal
2026-02-08 09:11:13.802367,Berlin-5827,37,62,Normal
2026-02-08 09:11:14.802367,Berlin-5827,-10,88,Normal
2026-02-08 09:11:15.802367,Berlin-5827,16,15,Normal
2026-02-08 09:11:16.802367,Berlin-5827,-16,78,Normal
2026-02-08 09:11:17.802367,Berlin-5827,28,10,Normal
2026-02-08 09:11:18.802367,Berlin-5827,24,1,Normal
2026-02-08 09:11:19.802367,Berlin-5827,37,10,Normal
2026-02-08 09:11:20.802367,Berlin-5827,14,63,Normal
2026-02-08 09:11:21.802367,Berlin-5827,-17,19,Normal
2026-02-08 09:11:22.802367,Berlin-5827,11,87,Normal
2026-02-08 09:11:23.802367,Berlin-5827,33,0,Normal
2026-02-08 09:11:24.802367,Berlin-5827,33,8,Normal
2026-02-08 09:11:25.802367,Berlin-5827,29,9,Normal
2026-02-08 09:11:26.802367,Berlin-5827,-27,16,Normal
2026-02-08 09:11:27.802367,Berlin-5827,30,26,Normal
2026-02-08 09:11:28.802367,Berlin-5827,14,48,Normal
2026-02-08 09:11:29.802367,Berlin-5827,34,7,Normal
2026-02-08 09:11:30.802367,Berlin-5827,39,33,Normal
2026-02-08 09:11:31.802367,Berlin-5827,4,69,Normal
2026-02-08 09:11:32.802367,Berlin-5827,37,98,Normal
2026-02-08 09:11:33.802367,Berlin-5827,6,13,Normal
2026-02-08 09:11:34.802367,Berlin-5827,-19,5,Normal
2026-02-08 09:11:35.802367,Berlin-5827,27,11,Normal
2026-02-08 09:11:36.802367,Berlin-5827,4,85,Normal
2026-02-08 09:11:37.802367,Berlin-5827,36,42,Normal
2026-02-08 09:11:38.802367,Berlin-5827,21,9,Normal
2026-02-08 09:11:39.802367,Berlin-5827,13,30,Normal
2026-02-08 09:11:40.802367,Berlin-5827,27,84,Normal
2026-02-08 09:11:41.802367,Berlin-5827,21,9,Normal
2026-02-08 09:11:42.802367,Berlin-5827,-30,18,Normal
2026-02-08 09:11:43.802367,Berlin-5827,-26,44,Normal
2026-02-08 09:11:44.802367,Berlin-5827,41,15,Normal
2026-02-08 09:11:45.802367,Berlin-5827,-24,27,Normal
2026-02-08 09:11:46.802367,Berlin-5827,-14,84,Normal
2026-02-08 09:11:47.802367,Berlin-5827,-25,22,Normal
2026-02-08 09:11:48.802367,Berlin-5827,23,41,Normal
2026-02-08 09:11:49.802367,Berlin-5827,2,70,Normal
2026-02-08 09:11:50.802367,Berlin-5827,46,55,Normal
2026-02-08 09:11:51.802367,Berlin-5827,-30,49,Normal
2026-02-08 09:11:52.802367,Berlin-5827,38,27,Normal
2026-02-08 09:11:53.802367,Berlin-5827,11,36,Normal
2026-02-08 09:11:54.802367,Berlin-5827,27,43,Normal
2026-02-08 09:11:55.802367,Berlin-5827,29,96,Normal
2026-02-08 09:11:56.802367,Berlin-5827,39,31,Normal
2026-02-08 09:11:57.802367,Berlin-5827,9,46,Normal
2026-02-08 09:11:58.802367,Berlin-5827,33,9,Normal
2026-02-08 09:11:59.802367,Berlin-5827,49,17,Normal
2026-02-08 09:12:00.802367,Berlin-5827,-9,50,Normal
2026-02-08 09:12:01.802367,Berlin-5827,45,83,Normal
2026-02-08 09:12:02.802367,Berlin-5827,49,13,Normal
2026-02-08 09:12:03.802367,Berlin-5827,37,23,Normal
2026-02-08 09:12:04.802367,Berlin-5827,10,74,Normal
2026-02-08 09:12:05.802367,Berlin-5827,38,79,Normal
2026-02-08 09:12:06.802367,Berlin-5827,44,15,Normal
2026-02-08 09:12:07.802367,Berlin-5827,1,7,Normal
2026-02-08 09:12:08.802367,Berlin-5827,5,68,Normal
2026-02-08 09:12:09.802367,Berlin-5827,-1,0,Normal
2026-02-08 09:12:10.802367,Berlin-5827,-25,32,Normal
2026-02-08 09:12:11.802367,Berlin-5827,43,86,Normal
2026-02-08 09:12:12.802367,Berlin-5827,-18,31,Normal
2026-02-08 09:12:13.802367,Berlin-5827,0,21,Normal
2026-02-08 09:12:14.802367,Berlin-5827,0,93,Normal
2026-02-08 09:12:15.802367,Berlin-5827,27,51,Normal
2026-02-08 09:12:16.802367,Berlin-5827,20,9,Normal
2026-02-08 09:12:17.802367,Berlin-5827,4,48,Normal
2026-02-08 09:12:18.802367,Berlin-5827,38,98,Normal
2026-02-08 09:12:19.802367,Berlin-5827,14,29,Normal
2026-02-08 09:12:20.802367,Berlin-5827,-9,82,Normal
2026-02-08 09:12:21.802367,Berlin-5827,22,78,Normal
2026-02-08 09:12:22.802367,Berlin-5827,-21,34,Normal
2026-02-08 09:12:23.802367,Berlin-5827,13,49,Normal
2026-02-08 09:12:24.802367,Berlin-5827,7,22,Normal
2026-02-08 09:12:25.802367,Berlin-5827,-21,54,Normal
2026-02-08 09:12:26.802367,Berlin-5827,41,96,Normal
2026-02-08 09:12:27.802367,Berlin-5827,50,77,Normal
2026-02-08 09:12:28.802367,Berlin-5827,-16,37,Normal
2026-02-08 09:12:29.802367,Berlin-5827,8,70,Normal
2026-02-08 09:12:30.802367,Berlin-5827,28,65,Normal
2026-02-08 09:12:31.802367,Berlin-5827,27,11,Normal
2026-02-08 09:12:32.802367,Berlin-5827,49,66,Normal
2026-02-08 09:12:33.802367,Berlin-5827,18,99,Normal
2026-02-08 09:12:34.802367,Berlin-5827,49,17,Normal
2026-02-08 09:12:35.802367,Berlin-5827,-1,87,Normal
2026-02-08 09:12:36.802367,Berlin-5827,-9,60,Normal
2026-02-08 09:12:37.802367,Berlin-5827,7,4,Normal
2026-02-08 09:12:38.802367,Berlin-5827,10,32,Normal
2026-02-08 09:12:39.802367,Berlin-5827,20,32,Normal
2026-02-08 09:12:40.802367,Berlin-5827,-29,10,Normal
2026-02-08 09:12:41.802367,Berlin-5827,28,29,Normal
2026-02-08 09:12:42.802367,Berlin-5827,21,71,Normal
2026-02-08 09:12:43.802367,Berlin-5827,-17,16,Normal
2026-02-08 09:12:44.802367,Berlin-5827,19,63,Normal
2026-02-08 09:12:45.802367,Berlin-5827,-19,90,Normal
2026-02-08 09:12:46.802367,Berlin-5827,4,90,Normal
2026-02-08 09:12:47.802367,Berlin-5827,-5,37,Normal
2026-02-08 09:12:48.802367,Berlin-5827,19,1,Normal
2026-02-08 09:12:49.802367,Berlin-5827,45,24,Normal
2026-02-08 09:12:50.802367,Berlin-5827,20,74,Normal
2026-02-08 09:12:51.802367,Berlin-5827,40,75,Normal
2026-02-08 09:12:52.802367,Berlin-5827,40,23,Normal
2026-02-08 09:12:53.802367,Berlin-5827,36,41,Normal
2026-02-08 09:12:54.802367,Berlin-5827,42,67,Normal
2026-02-08 09:12:55.802367,Berlin-5827,-28,2,Normal
2026-02-08 09:12:56.802367,Berlin-5827,21,42,Normal
2026-02-08 09:12:57.802367,Berlin-5827,40,89,Normal
2026-02-08 09:12:58.802367,Berlin-5827,20,67,Normal
2026-02-08 09:12:59.802367,Berlin-5827,-18,51,Normal
2026-02-08 09:13:00.802367,Berlin-5827,-5,97,Normal
2026-02-08 09:13:01.802367,Berlin-5827,25,40,Normal
2026-02-08 09:13:02.802367,Berlin-5827,-21,9,Normal
2026-02-08 09:13:03.802367,Berlin-5827,-22,4,Normal
2026-02-08 09:13:04.802367,Berlin-5827,47,19,Normal
2026-02-08 09:13:05.802367,Berlin-5827,-21,54,Normal
2026-02-08 09:13:06.802367,Berlin-5827,-13,81,Normal
2026-02-08 09:13:07.802367,Berlin-5827,-4,36,Normal
2026-02-08 09:13:08.802367,Berlin-5827,39,82,Normal
2026-02-08 09:13:09.802367,Berlin-5827,-1,62,Normal
2026-02-08 09:13:10.802367,Berlin-5827,6,84,Normal
2026-02-08 09:13:11.802367,Berlin-5827,15,44,Normal
2026-02-08 09:13:12.802367,Berlin-5827,2,10,Normal
2026-02-08 09:13:13.802367,Berlin-5827,-12,60,Normal
2026-02-08 09:13:14.802367,Berlin-5827,-22,59,Normal
2026-02-08 09:13:15.802367,Berlin-5827,7,34,Normal
2026-02-08 09:13:16.802367,Berlin-5827,-22,98,Normal
2026-02-08 09:13:17.802367,Berlin-5827,-25,49,Normal
2026-02-08 09:13:18.802367,Berlin-5827,-1,11,Normal
2026-02-08 09:13:19.802367,Berlin-5827,-11,53,Normal
2026-02-08 09:13:20.802367,Berlin-5827,-2,14,Normal
2026-02-08 09:13:21.802367,Berlin-5827,-19,18,Normal
2026-02-08 09:13:22.802367,Berlin-5827,47,91,Normal
2026-02-08 09:13:23.802367,Berlin-5827,27,49,Normal
2026-02-08 09:13:24.802367,Berlin-5827,22,71,Normal
2026-02-08 09:13:25.802367,Berlin-5827,28,3,Normal
2026-02-08 09:13:26.802367,Berlin-5827,-3,94,Normal
2026-02-08 09:13:27.802367,Berlin-5827,29,44,Normal
2026-02-08 09:13:28.802367,Berlin-5827,49,8,Normal
2026-02-08 09:13:29.802367,Berlin-5827,49,63,Normal
2026-02-08 09:13:30.802367,Berlin-5827,-19,39,Normal
2026-02-08 09:13:31.802367,Berlin-5827,13,14,Normal
2026-02-08 09:13:32.802367,Berlin-5827,10,30,Normal
2026-02-08 09:13:33.802367,Berlin-5827,-28,45,Normal
2026-02-08 09:13:34.802367,Berlin-5827,36,75,Normal
2026-02-08 09:13:35.802367,Berlin-5827,6,64,Normal
2026-02-08 09:13:36.802367,Berlin-5827,44,2,Normal
2026-02-08 09:13:37.802367,Berlin-5827,5,52,Normal
2026-02-08 09:13:38.802367,Berlin-5827,-8,17,Normal
2026-02-08 09:13:39.802367,Berlin-5827,10,68,Normal
2026-02-08 09:13:40.802367,Berlin-5827,47,60,Normal
2026-02-08 09:13:41.802367,Berlin-5827,49,54,Normal
2026-02-08 09:13:42.802367,Berlin-5827,22,44,Normal
2026-02-08 09:13:43.802367,Berlin-5827,9,48,Normal
2026-02-08 09:13:44.802367,Berlin-5827,19,27,Normal
2026-02-08 09:13:45.802367,Berlin-5827,29,92,Normal
2026-02-08 09:13:46.802367,Berlin-5827,-17,97,Normal
2026-02-08 09:13:47.802367,Berlin-5827,30,28,Normal
2026-02-08 09:13:48.802367,Berlin-5827,31,86,Normal
2026-02-08 09:13:49.802367,Berlin-5827,30,0,Normal
2026-02-08 09:13:50.802367,Berlin-5827,14,26,Normal
2026-02-08 09:13:51.802367,Berlin-5827,-9,22,Normal
2026-02-08 09:13:52.802367,Berlin-5827,44,30,Normal
2026-02-08 09:13:53.802367,Berlin-5827,30,35,Normal
2026-02-08 09:13:54.802367,Berlin-5827,-16,55,Normal
2026-02-08 09:13:55.802367,Berlin-5827,-1,77,Normal
2026-02-08 09:13:56.802367,Berlin-5827,-9,49,Normal
2026-02-08 09:13:57.802367,Berlin-5827,-7,18,Normal
2026-02-08 09:13:58.802367,Berlin-5827,30,59,Normal
2026-02-08 09:13:59.802367,Berlin-5827,17,23,Normal
2026-02-08 09:14:00.802367,Berlin-5827,36,38,Normal
2026-02-08 09:14:01.802367,Berlin-5827,15,93,Normal
2026-02-08 09:14:02.802367,Berlin-5827,-27,44,Normal
2026-02-08 09:14:03.802367,Berlin-5827,-21,88,Normal
2026-02-08 09:14:04.802367,Berlin-5827,-12,46,Normal
2026-02-08 09:14:05.802367,Berlin-5827,49,56,Normal
2026-02-08 09:14:06.802367,Berlin-5827,42,31,Normal
2026-02-08 09:14:07.802367,Berlin-5827,20,44,Normal
2026-02-08 09:14:08.802367,Berlin-5827,45,80,Normal
2026-02-08 09:14:09.802367,Berlin-5827,-5,36,Normal
2026-02-08 09:14:10.802367,Berlin-5827,29,87,Normal
2026-02-08 09:14:11.802367,Berlin-5827,20,14,Normal
2026-02-08 09:14:12.802367,Berlin-5827,14,49,Normal
2026-02-08 09:14:13.802367,Berlin-5827,44,17,Normal
2026-02-08 09:14:14.802367,Berlin-5827,22,46,Normal
2026-02-08 09:14:15.802367,Berlin-5827,-3,40,Normal
2026-02-08 09:14:16.802367,Berlin-5827,13,50,Normal
2026-02-08 09:14:17.802367,Berlin-5827,20,75,Normal
2026-02-08 09:14:18.802367,Berlin-5827,35,99,Normal
2026-02-08 09:14:19.802367,Berlin-5827,-13,70,Normal
2026-02-08 09:14:20.802367,Berlin-5827,10,10,Normal
2026-02-08 09:14:21.802367,Berlin-5827,15,41,Normal
2026-02-08 09:14:22.802367,Berlin-5827,7,36,Normal
2026-02-08 09:14:23.802367,Berlin-5827,33,31,Normal
2026-02-08 09:14:24.802367,Berlin-5827,-18,25,Normal
2026-02-08 09:14:25.802367,Berlin-5827,46,96,Normal
2026-02-08 09:14:26.802367,Berlin-5827,32,56,Normal
2026-02-08 09:14:27.802367,Berlin-5827,-21,59,Normal
2026-02-08 09:14:28.802367,Berlin-5827,-11,82,Normal
2026-02-08 09:14:29.802367,Berlin-5827,-9,63,Normal
2026-02-08 09:14:30.802367,Berlin-5827,14,45,Normal
2026-02-08 09:14:31.802367,Berlin-5827,39,67,Normal
2026-02-08 09:14:32.802367,Berlin-5827,-14,89,Normal
2026-02-08 09:14:33.802367,Berlin-5827,-30,48,Normal
2026-02-08 09:14:34.802367,Berlin-5827,-4,39,Normal
2026-02-08 09:14:35.802367,Berlin-5827,-1,61,Normal
2026-02-08 09:14:36.802367,Berlin-5827,29,56,Normal
2026-02-08 09:14:37.802367,Berlin-5827,34,17,Normal
2026-02-08 09:14:38.802367,Berlin-5827,22,53,Normal
2026-02-08 09:14:39.802367,Berlin-5827,47,75,Normal
2026-02-08 09:14:40.802367,Berlin-5827,8,2,Normal
2026-02-08 09:14:41.802367,Berlin-5827,47,21,Normal
2026-02-08 09:14:42.802367,Berlin-5827,-6,15,Normal
2026-02-08 09:14:43.802367,Berlin-5827,38,29,Normal
2026-02-08 09:14:44.802367,Berlin-5827,4,57,Normal
2026-02-08 09:14:45.802367,Berlin-5827,22,39,Normal
2026-02-08 09:14:46.802367,Berlin-5827,49,33,Normal
2026-02-08 09:14:47.802367,Berlin-5827,-28,29,Normal
2026-02-08 09:14:48.802367,Berlin-5827,-22,83,Normal
2026-02-08 09:14:49.802367,Berlin-5827,1,20,Normal
2026-02-08 09:14:50.802367,Berlin-5827,-30,97,Normal
2026-02-08 09:14:51.802367,Berlin-5827,36,15,Normal
2026-02-08 09:14:52.802367,Berlin-5827,32,12,Normal
2026-02-08 09:14:53.802367,Berlin-5827,2,22,Normal
2026-02-08 09:14:54.802367,Berlin-5827,25,64,Normal
2026-02-08 09:14:55.802367,Berlin-5827,-22,8,Normal
2026-02-08 09:14:56.802367,Berlin-5827,48,37,Normal
2026-02-08 09:14:57.802367,Berlin-5827,12,30,Normal
2026-02-08 09:14:58.802367,Berlin-5827,36,43,Normal
2026-02-08 09:14:59.802367,Berlin-5827,4,92,Normal
2026-02-08 09:15:00.802367,Berlin-5827,10,66,Normal
2026-02-08 09:15:01.802367,Berlin-5827,-30,12,Normal
2026-02-08 09:15:02.802367,Berlin-5827,34,35,Normal
2026-02-08 09:15:03.802367,Berlin-5827,16,18,Normal
2026-02-08 09:15:04.802367,Berlin-5827,1,38,Normal
2026-02-08 09:15:05.802367,Berlin-5827,40,79,Normal
2026-02-08 09:15:06.802367,Berlin-5827,-1,96,Normal
2026-02-08 09:15:07.802367,Berlin-5827,19,3,Normal
2026-02-08 09:15:08.802367,Berlin-5827,16,94,Normal
2026-02-08 09:15:09.802367,Berlin-5827,0,84,Normal
2026-02-08 09:15:10.802367,Berlin-5827,18,62,Normal
2026-02-08 09:15:11.802367,Berlin-5827,32,47,Normal
2026-02-08 09:15:12.802367,Berlin-5827,35,85,Normal
2026-02-08 09:15:13.802367,Berlin-5827,16,30,Normal
2026-02-08 09:15:14.802367,Berlin-5827,15,16,Normal
2026-02-08 09:15:15.802367,Berlin-5827,-22,7,Normal
2026-02-08 09:15:16.802367,Berlin-5827,12,26,Normal
2026-02-08 09:15:17.802367,Berlin-5827,15,5,Normal
2026-02-08 09:15:18.802367,Berlin-5827,17,45,Normal
2026-02-08 09:15:19.802367,Berlin-5827,40,94,Normal
2026-02-08 09:15:20.802367,Berlin-5827,-23,93,Normal
2026-02-08 09:15:21.802367,Berlin-5827,-6,21,Normal
2026-02-08 09:15:22.802367,Berlin-5827,27,64,Normal
2026-02-08 09:15:23.802367,Berlin-5827,-16,37,Normal
2026-02-08 09:15:24.802367,Berlin-5827,19,64,Normal
2026-02-08 09:15:25.802367,Berlin-5827,-2,45,Normal
2026-02-08 09:15:26.802367,Berlin-5827,-2,18,Normal
2026-02-08 09:15:27.802367,Berlin-5827,6,85,Normal
2026-02-08 09:15:28.802367,Berlin-5827,28,94,Normal
2026-02-08 09:15:29.802367,Berlin-5827,-11,31,Normal
2026-02-08 09:15:30.802367,Berlin-5827,-16,97,Normal
2026-02-08 09:15:31.802367,Berlin-5827,32,48,Normal
2026-02-08 09:15:32.802367,Berlin-5827,-29,37,Normal
2026-02-08 09:15:33.802367,Berlin-5827,-22,24,Normal
2026-02-08 09:15:34.802367,Berlin-5827,45,78,Normal
2026-02-08 09:15:35.802367,Berlin-5827,-23,33,Normal
2026-02-08 09:15:36.802367,Berlin-5827,23,71,Normal
2026-02-08 09:15:37.802367,Berlin-5827,18,17,Normal
2026-02-08 09:15:38.802367,Berlin-5827,-10,72,Normal
2026-02-08 09:15:39.802367,Berlin-5827,29,100,Normal
2026-02-08 09:15:40.802367,Berlin-5827,33,23,Normal
2026-02-08 09:15:41.802367,Berlin-5827,35,44,Normal
2026-02-08 09:15:42.802367,Berlin-5827,-30,23,Normal
2026-02-08 09:15:43.802367,Berlin-5827,-12,47,Normal
2026-02-08 09:15:44.802367,Berlin-5827,15,89,Normal
2026-02-08 09:15:45.802367,Berlin-5827,-19,45,Normal
2026-02-08 09:15:46.802367,Berlin-5827,5,43,Normal
2026-02-08 09:15:47.802367,Berlin-5827,5,57,Normal
2026-02-08 09:15:48.802367,Berlin-5827,47,94,Normal
2026-02-08 09:15:49.802367,Berlin-5827,20,8,Normal
2026-02-08 09:15:50.802367,Berlin-5827,-10,73,Normal
2026-02-08 09:15:51.802367,Berlin-5827,12,47,Normal
2026-02-08 09:15:52.802367,Berlin-5827,25,52,Normal
2026-02-08 09:15:53.802367,Berlin-5827,24,37,Normal
2026-02-08 09:15:54.802367,Berlin-5827,6,73,Normal
2026-02-08 09:15:55.802367,Berlin-5827,18,27,Normal
2026-02-08 09:15:56.802367,Berlin-5827,21,6,Normal
2026-02-08 09:15:57.802367,Berlin-5827,26,21,Normal
2026-02-08 09:15:58.802367,Berlin-5827,6,72,Normal
2026-02-08 09:15:59.802367,Berlin-5827,24,88,Normal
2026-02-08 09:16:00.802367,Berlin-5827,12,31,Normal
2026-02-08 09:16:01.802367,Berlin-5827,-15,66,Normal
2026-02-08 09:16:02.802367,Berlin-5827,14,30,Normal
2026-02-08 09:16:03.802367,Berlin-5827,-10,81,Normal
2026-02-08 09:16:04.802367,Berlin-5827,28,34,Normal
2026-02-08 09:16:05.802367,Berlin-5827,0,96,Normal
2026-02-08 09:16:06.802367,Berlin-5827,36,81,Normal
2026-02-08 09:16:07.802367,Berlin-5827,27,80,Normal
2026-02-08 09:16:08.802367,Berlin-5827,-17,39,Normal
2026-02-08 09:16:09.802367,Berlin-5827,42,84,Normal
2026-02-08 09:16:10.802367,Berlin-5827,3,90,Normal
2026-02-08 09:16:11.802367,Berlin-5827,24,45,Normal
2026-02-08 09:16:12.802367,Berlin-5827,0,65,Normal
2026-02-08 09:16:13.802367,Berlin-5827,-1,88,Normal
2026-02-08 09:16:14.802367,Berlin-5827,2,20,Normal
2026-02-08 09:16:15.802367,Berlin-5827,12,9,Normal
2026-02-08 09:16:16.802367,Berlin-5827,-2,31,Normal
2026-02-08 09:16:17.802367,Berlin-5827,41,11,Normal
2026-02-08 09:16:18.802367,Berlin-5827,-9,18,Normal
2026-02-08 09:16:19.802367,Berlin-5827,-11,5,Normal
2026-02-08 09:16:20.802367,Berlin-5827,-9,85,Normal
2026-02-08 09:16:21.802367,Berlin-5827,-24,12,Normal
2026-02-08 09:16:22.802367,Berlin-5827,12,30,Normal
2026-02-08 09:16:23.802367,Berlin-5827,23,57,Normal
2026-02-08 09:16:24.802367,Berlin-5827,42,12,Normal
2026-02-08 09:16:25.802367,Berlin-5827,17,29,Normal
2026-02-08 09:16:26.802367,Berlin-5827,-7,13,Normal
2026-02-08 09:16:27.802367,Berlin-5827,30,44,Normal
2026-02-08 09:16:28.802367,Berlin-5827,6,33,Normal
2026-02-08 09:16:29.802367,Berlin-5827,33,14,Normal
2026-02-08 09:16:30.802367,Berlin-5827,18,59,Normal
2026-02-08 09:16:31.802367,Berlin-5827,16,49,Normal
2026-02-08 09:16:32.802367,Berlin-5827,-4,42,Normal
2026-02-08 09:16:33.802367,Berlin-5827,39,16,Normal
2026-02-08 09:16:34.802367,Berlin-5827,26,68,Normal
2026-02-08 09:16:35.802367,Berlin-5827,-22,90,Normal
2026-02-08 09:16:36.802367,Berlin-5827,25,74,Normal
2026-02-08 09:16:37.802367,Berlin-5827,4,66,Normal
2026-02-08 09:16:38.802367,Berlin-5827,-15,99,Normal
2026-02-08 09:16:39.802367,Berlin-5827,36,88,Normal
2026-02-08 09:16:40.802367,Berlin-5827,16,11,Normal
2026-02-08 09:16:41.802367,Berlin-5827,-29,100,Normal
2026-02-08 09:16:42.802367,Berlin-5827,23,23,Normal
2026-02-08 09:16:43.802367,Berlin-5827,-2,100,Normal
2026-02-08 09:16:44.802367,Berlin-5827,-29,12,Normal
2026-02-08 09:16:45.802367,Berlin-5827,-10,3,Normal
2026-02-08 09:16:46.802367,Berlin-5827,38,25,Normal
2026-02-08 09:16:47.802367,Berlin-5827,-14,16,Normal
2026-02-08 09:16:48.802367,Berlin-5827,26,90,Normal
2026-02-08 09:16:49.802367,Berlin-5827,-2,77,Normal
2026-02-08 09:16:50.802367,Berlin-5827,1,26,Normal
2026-02-08 09:16:51.802367,Berlin-5827,34,97,Normal
2026-02-08 09:16:52.802367,Berlin-5827,34,28,Normal
2026-02-08 09:16:53.802367,Berlin-5827,14,45,Normal
2026-02-08 09:16:54.802367,Berlin-5827,31,0,Normal
2026-02-08 09:16:55.802367,Berlin-5827,34,17,Normal
2026-02-08 09:16:56.802367,Berlin-5827,-17,10,Normal
2026-02-08 09:16:57.802367,Berlin-5827,39,66,Normal
2026-02-08 09:16:58.802367,Berlin-5827,46,49,Normal
2026-02-08 09:16:59.802367,Berlin-5827,48,29,Normal
2026-02-08 09:17:00.802367,Berlin-5827,-14,71,Normal
2026-02-08 09:17:01.802367,Berlin-5827,-4,44,Normal
2026-02-08 09:17:02.802367,Berlin-5827,-30,12,Normal
2026-02-08 09:17:03.802367,Berlin-5827,-9,84,Normal
2026-02-08 09:17:04.802367,Berlin-5827,34,89,Normal
2026-02-08 09:17:05.802367,Berlin-5827,38,54,Normal
2026-02-08 09:17:06.802367,Berlin-5827,-6,32,Normal
2026-02-08 09:17:07.802367,Berlin-5827,27,98,Normal
2026-02-08 09:17:08.802367,Berlin-5827,28,7,Normal
2026-02-08 09:17:09.802367,Berlin-5827,48,73,Normal
2026-02-08 09:17:10.802367,Berlin-5827,23,12,Normal
2026-02-08 09:17:11.802367,Berlin-5827,22,90,Normal
2026-02-08 09:17:12.802367,Berlin-5827,47,43,Normal
2026-02-08 09:17:13.802367,Berlin-5827,4,79,Normal
2026-02-08 09:17:14.802367,Berlin-5827,1,24,Normal
2026-02-08 09:17:15.802367,Berlin-5827,-8,59,Normal
2026-02-08 09:17:16.802367,Berlin-5827,-9,80,Normal
2026-02-08 09:17:17.802367,Berlin-5827,-23,94,Normal
2026-02-08 09:17:18.802367,Berlin-5827,20,47,Normal
2026-02-08 09:17:19.802367,Berlin-5827,30,100,Normal
2026-02-08 09:17:20.802367,Berlin-5827,34,48,Normal
2026-02-08 09:17:21.802367,Berlin-5827,28,33,Normal
2026-02-08 09:17:22.802367,Berlin-5827,-27,71,Normal
2026-02-08 09:17:23.802367,Berlin-5827,-6,29,Normal
2026-02-08 09:17:24.802367,Berlin-5827,31,47,Normal
2026-02-08 09:17:25.802367,Berlin-5827,9,50,Normal
2026-02-08 09:17:26.802367,Berlin-5827,25,26,Normal
2026-02-08 09:17:27.802367,Berlin-5827,11,20,Normal
2026-02-08 09:17:28.802367,Berlin-5827,-19,30,Normal
2026-02-08 09:17:29.802367,Berlin-5827,-14,28,Normal
2026-02-08 09:17:30.802367,Berlin-5827,46,12,Normal
2026-02-08 09:17:31.802367,Berlin-5827,-28,2,Normal
2026-02-08 09:17:32.802367,Berlin-5827,-3,45,Normal
2026-02-08 09:17:33.802367,Berlin-5827,-5,23,Normal
2026-02-08 09:17:34.802367,Berlin-5827,-25,71,Normal
2026-02-08 09:17:35.802367,Berlin-5827,3,72,Normal
2026-02-08 09:17:36.802367,Berlin-5827,-11,10,Normal
2026-02-08 09:17:37.802367,Berlin-5827,-2,45,Normal
2026-02-08 09:17:38.802367,Berlin-5827,38,30,Normal
2026-02-08 09:17:39.802367,Berlin-5827,-2,1,Normal
2026-02-08 09:17:40.802367,Berlin-5827,14,68,Normal
2026-02-08 09:17:41.802367,Berlin-5827,41,92,Normal
2026-02-08 09:17:42.802367,Berlin-5827,1,26,Normal
2026-02-08 09:17:43.802367,Berlin-5827,18,95,Normal
2026-02-08 09:17:44.802367,Berlin-5827,-22,94,Normal
2026-02-08 09:17:45.802367,Berlin-5827,19,10,Normal
2026-02-08 09:17:46.802367,Berlin-5827,-30,48,Normal
2026-02-08 09:17:47.802367,Berlin-5827,-1,37,Normal
2026-02-08 09:17:48.802367,Berlin-5827,18,52,Normal
2026-02-08 09:17:49.802367,Berlin-5827,-1,7,Normal
2026-02-08 09:17:50.802367,Berlin-5827,39,9,Normal
2026-02-08 09:17:51.802367,Berlin-5827,40,60,Normal
2026-02-08 09:17:52.802367,Berlin-5827,49,4,Normal
2026-02-08 09:17:53.802367,Berlin-5827,31,39,Normal
2026-02-08 09:17:54.802367,Berlin-5827,-26,3,Normal
2026-02-08 09:17:55.802367,Berlin-5827,3,67,Normal
2026-02-08 09:17:56.802367,Berlin-5827,4,42,Normal
2026-02-08 09:17:57.802367,Berlin-5827,-4,15,Normal
2026-02-08 09:17:58.802367,Berlin-5827,11,65,Normal
2026-02-08 09:17:59.802367,Berlin-5827,-15,91,Normal
2026-02-08 09:18:00.802367,Berlin-5827,20,90,Normal
2026-02-08 09:18:01.802367,Berlin-5827,-15,11,Normal
2026-02-08 09:18:02.802367,Berlin-5827,9,3,Normal
2026-02-08 09:18:03.802367,Berlin-5827,10,15,Normal
2026-02-08 09:18:04.802367,Berlin-5827,33,66,Normal
2026-02-08 09:18:05.802367,Berlin-5827,46,59,Normal
2026-02-08 09:18:06.802367,Berlin-5827,47,91,Normal
2026-02-08 09:18:07.802367,Berlin-5827,37,43,Normal
2026-02-08 09:18:08.802367,Berlin-5827,31,7,Normal
2026-02-08 09:18:09.802367,Berlin-5827,-16,97,Normal
2026-02-08 09:18:10.802367,Berlin-5827,27,19,Normal
2026-02-08 09:18:11.802367,Berlin-5827,-25,22,Normal
2026-02-08 09:18:12.802367,Berlin-5827,14,23,Normal
2026-02-08 09:18:13.802367,Berlin-5827,27,53,Normal
2026-02-08 09:18:14.802367,Berlin-5827,21,98,Normal
2026-02-08 09:18:15.802367,Berlin-5827,-6,21,Normal
2026-02-08 09:18:16.802367,Berlin-5827,-28,70,Normal
2026-02-08 09:18:17.802367,Berlin-5827,29,55,Normal
2026-02-08 09:18:18.802367,Berlin-5827,-16,92,Normal
2026-02-08 09:18:19.802367,Berlin-5827,23,40,Normal
2026-02-08 09:18:20.802367,Berlin-5827,47,88,Normal
2026-02-08 09:18:21.802367,Berlin-5827,22,37,Normal
2026-02-08 09:18:22.802367,Berlin-5827,-30,28,Normal
2026-02-08 09:18:23.802367,Berlin-5827,17,78,Normal
2026-02-08 09:18:24.802367,Berlin-5827,50,40,Normal
2026-02-08 09:18:25.802367,Berlin-5827,24,23,Normal
2026-02-08 09:18:26.802367,Berlin-5827,-15,25,Normal
2026-02-08 09:18:27.802367,Berlin-5827,-19,73,Normal
2026-02-08 09:18:28.802367,Berlin-5827,35,30,Normal
2026-02-08 09:18:29.802367,Berlin-5827,17,84,Normal
2026-02-08 09:18:30.802367,Berlin-5827,8,81,Normal
2026-02-08 09:18:31.802367,Berlin-5827,1,87,Normal
2026-02-08 09:18:32.802367,Berlin-5827,28,12,Normal
2026-02-08 09:18:33.802367,Berlin-5827,21,74,Normal
2026-02-08 09:18:34.802367,Berlin-5827,-25,75,Normal
2026-02-08 09:18:35.802367,Berlin-5827,-23,65,Normal
2026-02-08 09:18:36.802367,Berlin-5827,31,44,Normal
2026-02-08 09:18:37.802367,Berlin-5827,4,52,Normal
2026-02-08 09:18:38.802367,Berlin-5827,-20,22,Normal
2026-02-08 09:18:39.802367,Berlin-5827,50,93,Normal
2026-02-08 09:18:40.802367,Berlin-5827,29,11,Normal
2026-02-08 09:18:41.802367,Berlin-5827,42,30,Normal
2026-02-08 09:18:42.802367,Berlin-5827,-18,37,Normal
2026-02-08 09:18:43.802367,Berlin-5827,20,79,Normal
2026-02-08 09:18:44.802367,Berlin-5827,27,86,Normal
2026-02-08 09:18:45.802367,Berlin-5827,16,79,Normal
2026-02-08 09:18:46.802367,Berlin-5827,-11,22,Normal
2026-02-08 09:18:47.802367,Berlin-5827,-11,84,Normal
2026-02-08 09:18:48.802367,Berlin-5827,35,88,Normal
2026-02-08 09:18:49.802367,Berlin-5827,42,73,Normal
2026-02-08 09:18:50.802367,Berlin-5827,31,29,Normal
2026-02-08 09:18:51.802367,Berlin-5827,0,98,Normal
2026-02-08 09:18:52.802367,Berlin-5827,13,9,Normal
2026-02-08 09:18:53.802367,Berlin-5827,6,65,Normal
2026-02-08 09:18:54.802367,Berlin-5827,21,13,Normal
2026-02-08 09:18:55.802367,Berlin-5827,-26,66,Normal
2026-02-08 09:18:56.802367,Berlin-5827,34,44,Normal
2026-02-08 09:18:57.802367,Berlin-5827,-10,72,Normal
2026-02-08 09:18:58.802367,Berlin-5827,-16,7,Normal
2026-02-08 09:18:59.802367,Berlin-5827,-27,47,Normal
2026-02-08 09:19:00.802367,Berlin-5827,47,65,Normal
2026-02-08 09:19:01.802367,Berlin-5827,30,49,Normal
2026-02-08 09:19:02.802367,Berlin-5827,-23,19,Normal
2026-02-08 09:19:03.802367,Berlin-5827,-28,58,Normal
2026-02-08 09:19:04.802367,Berlin-5827,36,7,Normal
2026-02-08 09:19:05.802367,Berlin-5827,31,10,Normal
2026-02-08 09:19:06.802367,Berlin-5827,11,89,Normal
2026-02-08 09:19:07.802367,Berlin-5827,-18,75,Normal
2026-02-08 09:19:08.802367,Berlin-5827,-11,52,Normal
2026-02-08 09:19:09.802367,Berlin-5827,44,37,Normal
2026-02-08 09:19:10.802367,Berlin-5827,4,55,Normal
2026-02-08 09:19:11.802367,Berlin-5827,44,18,Normal
2026-02-08 09:19:12.802367,Berlin-5827,-21,97,Normal
2026-02-08 09:19:13.802367,Berlin-5827,34,17,Normal
2026-02-08 09:19:14.802367,Berlin-5827,7,18,Normal
2026-02-08 09:19:15.802367,Berlin-5827,-28,54,Normal
2026-02-08 09:19:16.802367,Berlin-5827,-27,100,Normal
2026-02-08 09:19:17.802367,Berlin-5827,-27,38,Normal
2026-02-08 09:19:18.802367,Berlin-5827,48,63,Normal
2026-02-08 09:19:19.802367,Berlin-5827,-17,95,Normal
2026-02-08 09:19:20.802367,Berlin-5827,25,77,Normal
2026-02-08 09:19:21.802367,Berlin-5827,4,0,Normal
2026-02-08 09:19:22.802367,Berlin-5827,29,69,Normal
2026-02-08 09:19:23.802367,Berlin-5827,48,5,Normal
2026-02-08 09:19:24.802367,Berlin-5827,45,62,Normal
2026-02-08 09:19:25.802367,Berlin-5827,22,66,Normal
2026-02-08 09:19:26.802367,Berlin-5827,24,86,Normal
2026-02-08 09:19:27.802367,Berlin-5827,11,42,Normal
2026-02-08 09:19:28.802367,Berlin-5827,26,77,Normal
2026-02-08 09:19:29.802367,Berlin-5827,-14,21,Normal
2026-02-08 09:19:30.802367,Berlin-5827,47,47,Normal
2026-02-08 09:19:31.802367,Berlin-5827,-15,69,Normal
2026-02-08 09:19:32.802367,Berlin-5827,33,18,Normal
2026-02-08 09:19:33.802367,Berlin-5827,-5,33,Normal
2026-02-08 09:19:34.802367,Berlin-5827,45,81,Normal
2026-02-08 09:19:35.802367,Berlin-5827,34,84,Normal
2026-02-08 09:19:36.802367,Berlin-5827,-24,62,Normal
2026-02-08 09:19:37.802367,Berlin-5827,1,82,Normal
2026-02-08 09:19:38.802367,Berlin-5827,20,52,Normal
2026-02-08 09:19:39.802367,Berlin-5827,-18,44,Normal
2026-02-08 09:19:40.802367,Berlin-5827,22,71,Normal
2026-02-08 09:19:41.802367,Berlin-5827,50,82,Normal
2026-02-08 09:19:42.802367,Berlin-5827,28,71,Normal
2026-02-08 09:19:43.802367,Berlin-5827,20,32,Normal
2026-02-08 09:19:44.802367,Berlin-5827,-7,45,Normal
2026-02-08 09:19:45.802367,Berlin-5827,-25,18,Normal
2026-02-08 09:19:46.802367,Berlin-5827,-20,29,Normal
2026-02-08 09:19:47.802367,Berlin-5827,47,29,Normal
2026-02-08 09:19:48.802367,Berlin-5827,7,99,Normal
2026-02-08 09:19:49.802367,Berlin-5827,36,64,Normal
2026-02-08 09:19:50.802367,Berlin-5827,10,67,Normal
2026-02-08 09:19:51.802367,Berlin-5827,23,94,Normal
2026-02-08 09:19:52.802367,Berlin-5827,-14,2,Normal
2026-02-08 09:19:53.802367,Berlin-5827,-10,98,Normal
2026-02-08 09:19:54.802367,Berlin-5827,42,72,Normal
2026-02-08 09:19:55.802367,Berlin-5827,43,93,Normal
2026-02-08 09:19:56.802367,Berlin-5827,49,32,Normal
2026-02-08 09:19:57.802367,Berlin-5827,46,30,Normal
2026-02-08 09:19:58.802367,Berlin-5827,-29,32,Normal
2026-02-08 09:19:59.802367,Berlin-5827,-18,18,Normal
2026-02-08 09:20:00.802367,Berlin-5827,42,51,Normal
2026-02-08 09:20:01.802367,Berlin-5827,40,47,Normal
2026-02-08 09:20:02.802367,Berlin-5827,38,49,Normal
2026-02-08 09:20:03.802367,Berlin-5827,26,44,Normal
2026-02-08 09:20:04.802367,Berlin-5827,49,80,Normal
2026-02-08 09:20:05.802367,Berlin-5827,34,73,Normal
2026-02-08 09:20:06.802367,Berlin-5827,-14,53,Normal
2026-02-08 09:20:07.802367,Berlin-5827,-8,31,Normal
2026-02-08 09:20:08.802367,Berlin-5827,-19,79,Normal
2026-02-08 09:20:09.802367,Berlin-5827,-1,1,Normal
2026-02-08 09:20:10.802367,Berlin-5827,49,86,Normal
2026-02-08 09:20:11.802367,Berlin-5827,35,92,Normal
2026-02-08 09:20:12.802367,Berlin-5827,4,87,Normal
2026-02-08 09:20:13.802367,Berlin-5827,-15,30,Normal
2026-02-08 09:20:14.802367,Berlin-5827,19,80,Normal
2026-02-08 09:20:15.802367,Berlin-5827,4,81,Normal
2026-02-08 09:20:16.802367,Berlin-5827,7,39,Normal
2026-02-08 09:20:17.802367,Berlin-5827,-14,14,Normal
2026-02-08 09:20:18.802367,Berlin-5827,-14,40,Normal
2026-02-08 09:20:19.802367,Berlin-5827,25,30,Normal
2026-02-08 09:20:20.802367,Berlin-5827,-13,25,Normal
2026-02-08 09:20:21.802367,Berlin-5827,-12,54,Normal
2026-02-08 09:20:22.802367,Berlin-5827,13,31,Normal
2026-02-08 09:20:23.802367,Berlin-5827,-2,6,Normal
2026-02-08 09:20:24.802367,Berlin-5827,32,54,Normal
2026-02-08 09:20:25.802367,Berlin-5827,25,34,Normal
2026-02-08 09:20:26.802367,Berlin-5827,-5,63,Normal
2026-02-08 09:20:27.802367,Berlin-5827,-26,88,Normal
2026-02-08 09:20:28.802367,Berlin-5827,-23,69,Normal
2026-02-08 09:20:29.802367,Berlin-5827,50,52,Normal
2026-02-08 09:20:30.802367,Berlin-5827,-28,10,Normal
2026-02-08 09:20:31.802367,Berlin-5827,18,73,Normal
2026-02-08 09:20:32.802367,Berlin-5827,45,41,Normal
2026-02-08 09:20:33.802367,Berlin-5827,33,47,Normal
2026-02-08 09:20:34.802367,Berlin-5827,41,1,Normal
2026-02-08 09:20:35.802367,Berlin-5827,23,90,Normal
2026-02-08 09:20:36.802367,Berlin-5827,33,51,Normal
2026-02-08 09:20:37.802367,Berlin-5827,45,9,Normal
2026-02-08 09:20:38.802367,Berlin-5827,13,64,Normal
2026-02-08 09:20:39.802367,Berlin-5827,3,17,Normal
2026-02-08 09:20:40.802367,Berlin-5827,-26,24,Normal
2026-02-08 09:20:41.802367,Berlin-5827,-24,34,Normal
2026-02-08 09:20:42.802367,Berlin-5827,42,1,Normal
2026-02-08 09:20:43.802367,Berlin-5827,-6,80,Normal
2026-02-08 09:20:44.802367,Berlin-5827,36,70,Normal
2026-02-08 09:20:45.802367,Berlin-5827,4,76,Normal
2026-02-08 09:20:46.802367,Berlin-5827,34,18,Normal
2026-02-08 09:20:47.802367,Berlin-5827,27,6,Normal
2026-02-08 09:20:48.802367,Berlin-5827,20,15,Normal
2026-02-08 09:20:49.802367,Berlin-5827,-17,2,Normal
2026-02-08 09:20:50.802367,Berlin-5827,12,86,Normal
2026-02-08 09:20:51.802367,Berlin-5827,4,70,Normal
2026-02-08 09:20:52.802367,Berlin-5827,-26,0,Normal
2026-02-08 09:20:53.802367,Berlin-5827,21,29,Normal
2026-02-08 09:20:54.802367,Berlin-5827,-10,30,Normal
2026-02-08 09:20:55.802367,Berlin-5827,16,97,Normal
2026-02-08 09:20:56.802367,Berlin-5827,24,1,Normal
2026-02-08 09:20:57.802367,Berlin-5827,10,21,Normal
2026-02-08 09:20:58.802367,Berlin-5827,24,4,Normal
2026-02-08 09:20:59.802367,Berlin-5827,47,38,Normal
2026-02-08 09:21:00.802367,Berlin-5827,15,3,Normal
2026-02-08 09:21:01.802367,Berlin-5827,14,51,Normal
2026-02-08 09:21:02.802367,Berlin-5827,9,25,Normal
2026-02-08 09:21:03.802367,Berlin-5827,42,44,Normal
2026-02-08 09:21:04.802367,Berlin-5827,15,26,Normal
2026-02-08 09:21:05.802367,Berlin-5827,-6,65,Normal
2026-02-08 09:21:06.802367,Berlin-5827,13,20,Normal
2026-02-08 09:21:07.802367,Berlin-5827,48,31,Normal
2026-02-08 09:21:08.802367,Berlin-5827,27,87,Normal
2026-02-08 09:21:09.802367,Berlin-5827,19,86,Normal
2026-02-08 09:21:10.802367,Berlin-5827,-5,10,Normal
2026-02-08 09:21:11.802367,Berlin-5827,0,79,Normal
2026-02-08 09:21:12.802367,Berlin-5827,-4,27,Normal
2026-02-08 09:21:13.802367,Berlin-5827,47,41,Normal
2026-02-08 09:21:14.802367,Berlin-5827,37,63,Normal
2026-02-08 09:21:15.802367,Berlin-5827,44,55,Normal
2026-02-08 09:21:16.802367,Berlin-5827,8,51,Normal
2026-02-08 09:21:17.802367,Berlin-5827,36,20,Normal
2026-02-08 09:21:18.802367,Berlin-5827,-16,79,Normal
2026-02-08 09:21:19.802367,Berlin-5827,7,82,Normal
2026-02-08 09:21:20.802367,Berlin-5827,20,54,Normal
2026-02-08 09:21:21.802367,Berlin-5827,-30,42,Normal
2026-02-08 09:21:22.802367,Berlin-5827,18,100,Normal
2026-02-08 09:21:23.802367,Berlin-5827,17,22,Normal
2026-02-08 09:21:24.802367,Berlin-5827,-8,23,Normal
2026-02-08 09:21:25.802367,Berlin-5827,28,7,Normal
2026-02-08 09:21:26.802367,Berlin-5827,49,74,Normal
2026-02-08 09:21:27.802367,Berlin-5827,39,100,Normal
2026-02-08 09:21:28.802367,Berlin-5827,31,1,Normal
2026-02-08 09:21:29.802367,Berlin-5827,-17,76,Normal
2026-02-08 09:21:30.802367,Berlin-5827,11,71,Normal
2026-02-08 09:21:31.802367,Berlin-5827,36,95,Normal
2026-02-08 09:21:32.802367,Berlin-5827,15,45,Normal
2026-02-08 09:21:33.802367,Berlin-5827,3,93,Normal
2026-02-08 09:21:34.802367,Berlin-5827,-9,21,Normal
2026-02-08 09:21:35.802367,Berlin-5827,47,2,Normal
2026-02-08 09:21:36.802367,Berlin-5827,-5,45,Normal
2026-02-08 09:21:37.802367,Berlin-5827,15,95,Normal
2026-02-08 09:21:38.802367,Berlin-5827,0,8,Normal
2026-02-08 09:21:39.802367,Berlin-5827,-30,78,Normal
2026-02-08 09:21:40.802367,Berlin-5827,-16,4,Normal
2026-02-08 09:21:41.802367,Berlin-5827,-19,10,Normal
2026-02-08 09:21:42.802367,Berlin-5827,24,88,Normal
2026-02-08 09:21:43.802367,Berlin-5827,-13,74,Normal
2026-02-08 09:21:44.802367,Berlin-5827,12,61,Normal
2026-02-08 09:21:45.802367,Berlin-5827,5,88,Normal
2026-02-08 09:21:46.802367,Berlin-5827,-12,98,Normal
2026-02-08 09:21:47.802367,Berlin-5827,21,8,Normal
2026-02-08 09:21:48.802367,Berlin-5827,18,10,Normal
2026-02-08 09:21:49.802367,Berlin-5827,-22,87,Normal
2026-02-08 09:21:50.802367,Berlin-5827,-26,75,Normal
2026-02-08 09:21:51.802367,Berlin-5827,-8,35,Normal
2026-02-08 09:21:52.802367,Berlin-5827,-1,0,Normal
2026-02-08 09:21:53.802367,Berlin-5827,16,19,Normal
2026-02-08 09:21:54.802367,Berlin-5827,11,51,Normal
2026-02-08 09:21:55.802367,Berlin-5827,12,30,Normal
2026-02-08 09:21:56.802367,Berlin-5827,48,79,Normal
2026-02-08 09:21:57.802367,Berlin-5827,-14,53,Normal
2026-02-08 09:21:58.802367,Berlin-5827,-9,0,Normal
2026-02-08 09:21:59.802367,Berlin-5827,-11,73,Normal
2026-02-08 09:22:00.802367,Berlin-5827,42,33,Normal
2026-02-08 09:22:01.802367,Berlin-5827,3,94,Normal
2026-02-08 09:22:02.802367,Berlin-5827,19,25,Normal
2026-02-08 09:22:03.802367,Berlin-5827,-3,4,Normal
2026-02-08 09:22:04.802367,Berlin-5827,6,2,Normal
2026-02-08 09:22:05.802367,Berlin-5827,46,72,Normal
2026-02-08 09:22:06.802367,Berlin-5827,6,95,Normal
2026-02-08 09:22:07.802367,Berlin-5827,26,60,Normal
2026-02-08 09:22:08.802367,Berlin-5827,46,34,Normal
2026-02-08 09:22:09.802367,Berlin-5827,6,58,Normal
2026-02-08 09:22:10.802367,Berlin-5827,41,82,Normal
2026-02-08 09:22:11.802367,Berlin-5827,-3,22,Normal
2026-02-08 09:22:12.802367,Berlin-5827,23,20,Normal
2026-02-08 09:22:13.802367,Berlin-5827,-14,91,Normal
2026-02-08 09:22:14.802367,Berlin-5827,43,78,Normal
2026-02-08 09:22:15.802367,Berlin-5827,-7,67,Normal
2026-02-08 09:22:16.802367,Berlin-5827,35,6,Normal
2026-02-08 09:22:17.802367,Berlin-5827,20,22,Normal
2026-02-08 09:22:18.802367,Berlin-5827,42,25,Normal
2026-02-08 09:22:19.802367,Berlin-5827,41,49,Normal
2026-02-08 09:22:20.802367,Berlin-5827,1,56,Normal
2026-02-08 09:22:21.802367,Berlin-5827,9,0,Normal
2026-02-08 09:22:22.802367,Berlin-5827,0,49,Normal
2026-02-08 09:22:23.802367,Berlin-5827,25,1,Normal
2026-02-08 09:22:24.802367,Berlin-5827,2,65,Normal
2026-02-08 09:22:25.802367,Berlin-5827,13,73,Normal
2026-02-08 09:22:26.802367,Berlin-5827,-7,68,Normal
2026-02-08 09:22:27.802367,Berlin-5827,14,26,Normal
2026-02-08 09:22:28.802367,Berlin-5827,-11,90,Normal
2026-02-08 09:22:29.802367,Berlin-5827,2,79,Normal
2026-02-08 09:22:30.802367,Berlin-5827,-24,29,Normal
2026-02-08 09:22:31.802367,Berlin-5827,-7,66,Normal
2026-02-08 09:22:32.802367,Berlin-5827,-1,27,Normal
2026-02-08 09:22:33.802367,Berlin-5827,-8,2,Normal
2026-02-08 09:22:34.802367,Berlin-5827,28,85,Normal
2026-02-08 09:22:35.802367,Berlin-5827,-24,46,Normal
2026-02-08 09:22:36.802367,Berlin-5827,45,96,Normal
2026-02-08 09:22:37.802367,Berlin-5827,47,58,Normal
2026-02-08 09:22:38.802367,Berlin-5827,29,73,Normal
2026-02-08 09:22:39.802367,Berlin-5827,17,42,Normal
2026-02-08 09:22:40.802367,Berlin-5827,42,97,Normal
2026-02-08 09:22:41.802367,Berlin-5827,-18,2,Normal
2026-02-08 09:22:42.802367,Berlin-5827,50,52,Normal
2026-02-08 09:22:43.802367,Berlin-5827,26,62,Normal
2026-02-08 09:22:44.802367,Berlin-5827,-24,76,Normal
2026-02-08 09:22:45.802367,Berlin-5827,-14,83,Normal
2026-02-08 09:22:46.802367,Berlin-5827,15,76,Normal
2026-02-08 09:22:47.802367,Berlin-5827,-27,53,Normal
2026-02-08 09:22:48.802367,Berlin-5827,15,97,Normal
2026-02-08 09:22:49.802367,Berlin-5827,22,18,Normal
2026-02-08 09:22:50.802367,Berlin-5827,44,2,Normal
2026-02-08 09:22:51.802367,Berlin-5827,-3,74,Normal
