timestamp,station_id,temp,humid,condition
2026-02-16 07:46:07.840611,Paris-61c3,-4,40,Normal
2026-02-16 07:46:08.840611,Paris-61c3,-24,43,Normal
2026-02-16 07:46:09.840611,Paris-61c3,19,49,Normal
2026-02-16 07:46:10.840611,Paris-61c3,-5,31,Normal
2026-02-16 07:46:11.840611,Paris-61c3,32,99,Normal
2026-02-16 07:46:12.840611,Paris-61c3,-6,50,Normal
2026-02-16 07:46:13.840611,Paris-61c3,4,49,Normal
2026-02-16 07:46:14.840611,Paris-61c3,-11,33,Normal
2026-02-16 07:46:15.840611,Paris-61c3,-9,35,Normal
2026-02-16 07:46:16.840611,Paris-61c3,-17,74,Normal
2026-02-16 07:46:17.840611,Paris-61c3,36,67,Normal
2026-02-16 07:46:18.840611,Paris-61c3,19,30,Normal
2026-02-16 07:46:19.840611,Paris-61c3,41,75,Normal
2026-02-16 07:46:20.840611,Paris-61c3,20,95,Normal
2026-02-16 07:46:21.840611,Paris-61c3,-13,86,Normal
2026-02-16 07:46:22.840611,Paris-61c3,-1,86,Normal
2026-02-16 07:46:23.840611,Paris-61c3,-12,18,Normal
2026-02-16 07:46:24.840611,Paris-61c3,30,1,Normal
2026-02-16 07:46:25.840611,Paris-61c3,49,30,Normal
2026-02-16 07:46:26.840611,Paris-61c3,-19,60,Normal
2026-02-16 07:46:27.840611,Paris-61c3,27,3,Normal
2026-02-16 07:46:28.840611,Paris-61c3,39,75,Normal
2026-02-16 07:46:29.840611,Paris-61c3,-7,87,Normal
2026-02-16 07:46:30.840611,Paris-61c3,9,96,Normal
2026-02-16 07:46:31.840611,Paris-61c3,26,70,Normal
2026-02-16 07:46:32.840611,Paris-61c3,-22,73,Normal
2026-02-16 07:46:33.840611,Paris-61c3,-28,78,Normal
2026-02-16 07:46:34.840611,Paris-61c3,14,53,Normal
2026-02-16 07:46:35.840611,Paris-61c3,-15,90,Normal
2026-02-16 07:46:36.840611,Paris-61c3,28,57,Normal
2026-02-16 07:46:37.840611,Paris-61c3,19,57,Normal
2026-02-16 07:46:38.840611,Paris-61c3,50,90,Normal
2026-02-16 07:46:39.840611,Paris-61c3,13,97,Normal
2026-02-16 07:46:40.840611,Paris-61c3,-17,47,Normal
2026-02-16 07:46:41.840611,Paris-61c3,26,26,Normal
2026-02-16 07:46:42.840611,Paris-61c3,8,74,Normal
2026-02-16 07:46:43.840611,Paris-61c3,6,8,Normal
2026-02-16 07:46:44.840611,Paris-61c3,44,4,Normal
2026-02-16 07:46:45.840611,Paris-61c3,-27,32,Normal
2026-02-16 07:46:46.840611,Paris-61c3,10,26,Normal
2026-02-16 07:46:47.840611,Paris-61c3,43,8,Normal
2026-02-16 07:46:48.840611,Paris-61c3,29,54,Normal
2026-02-16 07:46:49.840611,Paris-61c3,-8,13,Normal
2026-02-16 07:46:50.840611,Paris-61c3,24,68,Normal
2026-02-16 07:46:51.840611,Paris-61c3,-5,87,Normal
2026-02-16 07:46:52.840611,Paris-61c3,15,56,Normal
2026-02-16 07:46:53.840611,Paris-61c3,-11,84,Normal
2026-02-16 07:46:54.840611,Paris-61c3,50,81,Normal
2026-02-16 07:46:55.840611,Paris-61c3,23,0,Normal
2026-02-16 07:46:56.840611,Paris-61c3,23,9,Normal
2026-02-16 07:46:57.840611,Paris-61c3,44,50,Normal
2026-02-16 07:46:58.840611,Paris-61c3,9,1,Normal
2026-02-16 07:46:59.840611,Paris-61c3,-23,42,Normal
2026-02-16 07:47:00.840611,Paris-61c3,43,52,Normal
2026-02-16 07:47:01.840611,Paris-61c3,25,68,Normal
2026-02-16 07:47:02.840611,Paris-61c3,-6,23,Normal
2026-02-16 07:47:03.840611,Paris-61c3,4,73,Normal
2026-02-16 07:47:04.840611,Paris-61c3,-20,0,Normal
2026-02-16 07:47:05.840611,Paris-61c3,9,41,Normal
2026-02-16 07:47:06.840611,Paris-61c3,-28,81,Normal
2026-02-16 07:47:07.840611,Paris-61c3,-30,6,Normal
2026-02-16 07:47:08.840611,Paris-61c3,23,52,Normal
2026-02-16 07:47:09.840611,Paris-61c3,-27,46,Normal
2026-02-16 07:47:10.840611,Paris-61c3,-5,100,Normal
2026-02-16 07:47:11.840611,Paris-61c3,20,44,Normal
2026-02-16 07:47:12.840611,Paris-61c3,-27,39,Normal
2026-02-16 07:47:13.840611,Paris-61c3,1,44,Normal
2026-02-16 07:47:14.840611,Paris-61c3,-29,47,Normal
2026-02-16 07:47:15.840611,Paris-61c3,-18,84,Normal
2026-02-16 07:47:16.840611,Paris-61c3,-22,44,Normal
2026-02-16 07:47:17.840611,Paris-61c3,0,18,Normal
2026-02-16 07:47:18.840611,Paris-61c3,-10,42,Normal
2026-02-16 07:47:19.840611,Paris-61c3,49,73,Normal
2026-02-16 07:47:20.840611,Paris-61c3,-30,51,Normal
2026-02-16 07:47:21.840611,Paris-61c3,26,91,Normal
2026-02-16 07:47:22.840611,Paris-61c3,-4,89,Normal
2026-02-16 07:47:23.840611,Paris-61c3,37,10,Normal
2026-02-16 07:47:24.840611,Paris-61c3,3,53,Normal
2026-02-16 07:47:25.840611,Paris-61c3,-6,93,Normal
2026-02-16 07:47:26.840611,Paris-61c3,-9,71,Normal
2026-02-16 07:47:27.840611,Paris-61c3,5,16,Normal
2026-02-16 07:47:28.840611,Paris-61c3,37,14,Normal
2026-02-16 07:47:29.840611,Paris-61c3,-30,99,Normal
2026-02-16 07:47:30.840611,Paris-61c3,16,84,Normal
2026-02-16 07:47:31.840611,Paris-61c3,3,88,Normal
2026-02-16 07:47:32.840611,Paris-61c3,37,37,Normal
2026-02-16 07:47:33.840611,Paris-61c3,-6,43,Normal
2026-02-16 07:47:34.840611,Paris-61c3,-7,2,Normal
2026-02-16 07:47:35.840611,Paris-61c3,-1,8,Normal
2026-02-16 07:47:36.840611,Paris-61c3,29,32,Normal
2026-02-16 07:47:37.840611,Paris-61c3,-22,39,Normal
2026-02-16 07:47:38.840611,Paris-61c3,23,2,Normal
2026-02-16 07:47:39.840611,Paris-61c3,-29,13,Normal
2026-02-16 07:47:40.840611,Paris-61c3,26,93,Normal
2026-02-16 07:47:41.840611,Paris-61c3,40,16,Normal
2026-02-16 07:47:42.840611,Paris-61c3,23,79,Normal
2026-02-16 07:47:43.840611,Paris-61c3,-25,79,Normal
2026-02-16 07:47:44.840611,Paris-61c3,-16,66,Normal
2026-02-16 07:47:45.840611,Paris-61c3,-19,48,Normal
2026-02-16 07:47:46.840611,Paris-61c3,30,60,Normal
2026-02-16 07:47:47.840611,Paris-61c3,-1,69,Normal
2026-02-16 07:47:48.840611,Paris-61c3,2,80,Normal
2026-02-16 07:47:49.840611,Paris-61c3,41,23,Normal
2026-02-16 07:47:50.840611,Paris-61c3,30,61,Normal
2026-02-16 07:47:51.840611,Paris-61c3,-19,82,Normal
2026-02-16 07:47:52.840611,Paris-61c3,21,66,Normal
2026-02-16 07:47:53.840611,Paris-61c3,-2,80,Normal
2026-02-16 07:47:54.840611,Paris-61c3,30,80,Normal
2026-02-16 07:47:55.840611,Paris-61c3,4,5,Normal
2026-02-16 07:47:56.840611,Paris-61c3,44,62,Normal
2026-02-16 07:47:57.840611,Paris-61c3,50,18,Normal
2026-02-16 07:47:58.840611,Paris-61c3,-19,8,Normal
2026-02-16 07:47:59.840611,Paris-61c3,-29,98,Normal
2026-02-16 07:48:00.840611,Paris-61c3,-13,68,Normal
2026-02-16 07:48:01.840611,Paris-61c3,-3,84,Normal
2026-02-16 07:48:02.840611,Paris-61c3,-23,28,Normal
2026-02-16 07:48:03.840611,Paris-61c3,-7,35,Normal
2026-02-16 07:48:04.840611,Paris-61c3,-25,99,Normal
2026-02-16 07:48:05.840611,Paris-61c3,-22,30,Normal
2026-02-16 07:48:06.840611,Paris-61c3,-12,40,Normal
2026-02-16 07:48:07.840611,Paris-61c3,4,46,Normal
2026-02-16 07:48:08.840611,Paris-61c3,14,77,Normal
2026-02-16 07:48:09.840611,Paris-61c3,0,4,Normal
2026-02-16 07:48:10.840611,Paris-61c3,-16,64,Normal
2026-02-16 07:48:11.840611,Paris-61c3,21,49,Normal
2026-02-16 07:48:12.840611,Paris-61c3,37,69,Normal
2026-02-16 07:48:13.840611,Paris-61c3,12,80,Normal
2026-02-16 07:48:14.840611,Paris-61c3,-6,37,Normal
2026-02-16 07:48:15.840611,Paris-61c3,19,10,Normal
2026-02-16 07:48:16.840611,Paris-61c3,-18,85,Normal
2026-02-16 07:48:17.840611,Paris-61c3,2,28,Normal
2026-02-16 07:48:18.840611,Paris-61c3,39,29,Normal
2026-02-16 07:48:19.840611,Paris-61c3,27,35,Normal
2026-02-16 07:48:20.840611,Paris-61c3,-24,46,Normal
2026-02-16 07:48:21.840611,Paris-61c3,28,46,Normal
2026-02-16 07:48:22.840611,Paris-61c3,40,58,Normal
2026-02-16 07:48:23.840611,Paris-61c3,10,19,Normal
2026-02-16 07:48:24.840611,Paris-61c3,19,91,Normal
2026-02-16 07:48:25.840611,Paris-61c3,-18,41,Normal
2026-02-16 07:48:26.840611,Paris-61c3,6,65,Normal
2026-02-16 07:48:27.840611,Paris-61c3,-30,43,Normal
2026-02-16 07:48:28.840611,Paris-61c3,21,91,Normal
2026-02-16 07:48:29.840611,Paris-61c3,22,30,Normal
2026-02-16 07:48:30.840611,Paris-61c3,36,65,Normal
2026-02-16 07:48:31.840611,Paris-61c3,21,10,Normal
2026-02-16 07:48:32.840611,Paris-61c3,29,49,Normal
2026-02-16 07:48:33.840611,Paris-61c3,-2,45,Normal
2026-02-16 07:48:34.840611,Paris-61c3,-28,82,Normal
2026-02-16 07:48:35.840611,Paris-61c3,11,63,Normal
2026-02-16 07:48:36.840611,Paris-61c3,-21,24,Normal
2026-02-16 07:48:37.840611,Paris-61c3,-21,94,Normal
2026-02-16 07:48:38.840611,Paris-61c3,15,0,Normal
2026-02-16 07:48:39.840611,Paris-61c3,25,17,Normal
2026-02-16 07:48:40.840611,Paris-61c3,-18,53,Normal
2026-02-16 07:48:41.840611,Paris-61c3,44,8,Normal
2026-02-16 07:48:42.840611,Paris-61c3,-2,68,Normal
2026-02-16 07:48:43.840611,Paris-61c3,1,35,Normal
2026-02-16 07:48:44.840611,Paris-61c3,4,62,Normal
2026-02-16 07:48:45.840611,Paris-61c3,0,81,Normal
2026-02-16 07:48:46.840611,Paris-61c3,4,42,Normal
2026-02-16 07:48:47.840611,Paris-61c3,34,51,Normal
2026-02-16 07:48:48.840611,Paris-61c3,6,46,Normal
2026-02-16 07:48:49.840611,Paris-61c3,48,74,Normal
2026-02-16 07:48:50.840611,Paris-61c3,-12,90,Normal
2026-02-16 07:48:51.840611,Paris-61c3,22,81,Normal
2026-02-16 07:48:52.840611,Paris-61c3,27,100,Normal
2026-02-16 07:48:53.840611,Paris-61c3,8,49,Normal
2026-02-16 07:48:54.840611,Paris-61c3,-9,60,Normal
2026-02-16 07:48:55.840611,Paris-61c3,11,20,Normal
2026-02-16 07:48:56.840611,Paris-61c3,-10,31,Normal
2026-02-16 07:48:57.840611,Paris-61c3,-21,97,Normal
2026-02-16 07:48:58.840611,Paris-61c3,41,20,Normal
2026-02-16 07:48:59.840611,Paris-61c3,20,33,Normal
2026-02-16 07:49:00.840611,Paris-61c3,21,89,Normal
2026-02-16 07:49:01.840611,Paris-61c3,50,79,Normal
2026-02-16 07:49:02.840611,Paris-61c3,-18,14,Normal
2026-02-16 07:49:03.840611,Paris-61c3,-29,67,Normal
2026-02-16 07:49:04.840611,Paris-61c3,-16,97,Normal
2026-02-16 07:49:05.840611,Paris-61c3,7,55,Normal
2026-02-16 07:49:06.840611,Paris-61c3,-6,52,Normal
2026-02-16 07:49:07.840611,Paris-61c3,-30,65,Normal
2026-02-16 07:49:08.840611,Paris-61c3,-16,47,Normal
2026-02-16 07:49:09.840611,Paris-61c3,-11,88,Normal
2026-02-16 07:49:10.840611,Paris-61c3,-9,5,Normal
2026-02-16 07:49:11.840611,Paris-61c3,39,75,Normal
2026-02-16 07:49:12.840611,Paris-61c3,-12,0,Normal
2026-02-16 07:49:13.840611,Paris-61c3,44,21,Normal
2026-02-16 07:49:14.840611,Paris-61c3,-13,25,Normal
2026-02-16 07:49:15.840611,Paris-61c3,20,23,Normal
2026-02-16 07:49:16.840611,Paris-61c3,-8,11,Normal
2026-02-16 07:49:17.840611,Paris-61c3,19,87,Normal
2026-02-16 07:49:18.840611,Paris-61c3,42,95,Normal
2026-02-16 07:49:19.840611,Paris-61c3,45,92,Normal
2026-02-16 07:49:20.840611,Paris-61c3,-13,68,Normal
2026-02-16 07:49:21.840611,Paris-61c3,8,23,Normal
2026-02-16 07:49:22.840611,Paris-61c3,4,46,Normal
2026-02-16 07:49:23.840611,Paris-61c3,-21,61,Normal
2026-02-16 07:49:24.840611,Paris-61c3,-7,69,Normal
2026-02-16 07:49:25.840611,Paris-61c3,-17,36,Normal
2026-02-16 07:49:26.840611,Paris-61c3,26,33,Normal
2026-02-16 07:49:27.840611,Paris-61c3,-27,2,Normal
2026-02-16 07:49:28.840611,Paris-61c3,-10,73,Normal
2026-02-16 07:49:29.840611,Paris-61c3,-7,78,Normal
2026-02-16 07:49:30.840611,Paris-61c3,2,27,Normal
2026-02-16 07:49:31.840611,Paris-61c3,-14,46,Normal
2026-02-16 07:49:32.840611,Paris-61c3,-26,68,Normal
2026-02-16 07:49:33.840611,Paris-61c3,-17,59,Normal
2026-02-16 07:49:34.840611,Paris-61c3,-10,42,Normal
2026-02-16 07:49:35.840611,Paris-61c3,17,85,Normal
2026-02-16 07:49:36.840611,Paris-61c3,44,3,Normal
2026-02-16 07:49:37.840611,Paris-61c3,29,41,Normal
2026-02-16 07:49:38.840611,Paris-61c3,27,73,Normal
2026-02-16 07:49:39.840611,Paris-61c3,46,79,Normal
2026-02-16 07:49:40.840611,Paris-61c3,-30,25,Normal
2026-02-16 07:49:41.840611,Paris-61c3,40,51,Normal
2026-02-16 07:49:42.840611,Paris-61c3,38,62,Normal
2026-02-16 07:49:43.840611,Paris-61c3,16,10,Normal
2026-02-16 07:49:44.840611,Paris-61c3,2,29,Normal
2026-02-16 07:49:45.840611,Paris-61c3,-9,6,Normal
2026-02-16 07:49:46.840611,Paris-61c3,-2,15,Normal
2026-02-16 07:49:47.840611,Paris-61c3,-11,43,Normal
2026-02-16 07:49:48.840611,Paris-61c3,-22,38,Normal
2026-02-16 07:49:49.840611,Paris-61c3,-16,76,Normal
2026-02-16 07:49:50.840611,Paris-61c3,-14,81,Normal
2026-02-16 07:49:51.840611,Paris-61c3,15,63,Normal
2026-02-16 07:49:52.840611,Paris-61c3,-21,50,Normal
2026-02-16 07:49:53.840611,Paris-61c3,-17,41,Normal
2026-02-16 07:49:54.840611,Paris-61c3,-2,85,Normal
2026-02-16 07:49:55.840611,Paris-61c3,-15,95,Normal
2026-02-16 07:49:56.840611,Paris-61c3,42,62,Normal
2026-02-16 07:49:57.840611,Paris-61c3,-11,20,Normal
2026-02-16 07:49:58.840611,Paris-61c3,40,51,Normal
2026-02-16 07:49:59.840611,Paris-61c3,46,21,Normal
2026-02-16 07:50:00.840611,Paris-61c3,18,70,Normal
2026-02-16 07:50:01.840611,Paris-61c3,19,55,Normal
2026-02-16 07:50:02.840611,Paris-61c3,32,90,Normal
2026-02-16 07:50:03.840611,Paris-61c3,30,93,Normal
2026-02-16 07:50:04.840611,Paris-61c3,-13,56,Normal
2026-02-16 07:50:05.840611,Paris-61c3,20,6,Normal
2026-02-16 07:50:06.840611,Paris-61c3,23,94,Normal
2026-02-16 07:50:07.840611,Paris-61c3,-17,10,Normal
2026-02-16 07:50:08.840611,Paris-61c3,6,68,Normal
2026-02-16 07:50:09.840611,Paris-61c3,22,60,Normal
2026-02-16 07:50:10.840611,Paris-61c3,3,82,Normal
2026-02-16 07:50:11.840611,Paris-61c3,8,3,Normal
2026-02-16 07:50:12.840611,Paris-61c3,-8,82,Normal
2026-02-16 07:50:13.840611,Paris-61c3,-5,5,Normal
2026-02-16 07:50:14.840611,Paris-61c3,22,16,Normal
2026-02-16 07:50:15.840611,Paris-61c3,23,71,Normal
2026-02-16 07:50:16.840611,Paris-61c3,-12,69,Normal
2026-02-16 07:50:17.840611,Paris-61c3,-21,77,Normal
2026-02-16 07:50:18.840611,Paris-61c3,-17,4,Normal
2026-02-16 07:50:19.840611,Paris-61c3,8,65,Normal
2026-02-16 07:50:20.840611,Paris-61c3,43,38,Normal
2026-02-16 07:50:21.840611,Paris-61c3,25,62,Normal
2026-02-16 07:50:22.840611,Paris-61c3,-28,67,Normal
2026-02-16 07:50:23.840611,Paris-61c3,31,40,Normal
2026-02-16 07:50:24.840611,Paris-61c3,45,74,Normal
2026-02-16 07:50:25.840611,Paris-61c3,-24,83,Normal
2026-02-16 07:50:26.840611,Paris-61c3,11,73,Normal
2026-02-16 07:50:27.840611,Paris-61c3,7,3,Normal
2026-02-16 07:50:28.840611,Paris-61c3,8,84,Normal
2026-02-16 07:50:29.840611,Paris-61c3,1,56,Normal
2026-02-16 07:50:30.840611,Paris-61c3,-12,20,Normal
2026-02-16 07:50:31.840611,Paris-61c3,17,41,Normal
2026-02-16 07:50:32.840611,Paris-61c3,45,49,Normal
2026-02-16 07:50:33.840611,Paris-61c3,-9,52,Normal
2026-02-16 07:50:34.840611,Paris-61c3,34,42,Normal
2026-02-16 07:50:35.840611,Paris-61c3,7,65,Normal
2026-02-16 07:50:36.840611,Paris-61c3,11,42,Normal
2026-02-16 07:50:37.840611,Paris-61c3,6,60,Normal
2026-02-16 07:50:38.840611,Paris-61c3,5,42,Normal
2026-02-16 07:50:39.840611,Paris-61c3,6,83,Normal
2026-02-16 07:50:40.840611,Paris-61c3,-24,65,Normal
2026-02-16 07:50:41.840611,Paris-61c3,31,50,Normal
2026-02-16 07:50:42.840611,Paris-61c3,36,40,Normal
2026-02-16 07:50:43.840611,Paris-61c3,3,52,Normal
2026-02-16 07:50:44.840611,Paris-61c3,36,71,Normal
2026-02-16 07:50:45.840611,Paris-61c3,17,66,Normal
2026-02-16 07:50:46.840611,Paris-61c3,26,89,Normal
2026-02-16 07:50:47.840611,Paris-61c3,1,57,Normal
2026-02-16 07:50:48.840611,Paris-61c3,-13,36,Normal
2026-02-16 07:50:49.840611,Paris-61c3,33,63,Normal
2026-02-16 07:50:50.840611,Paris-61c3,-17,49,Normal
2026-02-16 07:50:51.840611,Paris-61c3,2,70,Normal
2026-02-16 07:50:52.840611,Paris-61c3,-15,13,Normal
2026-02-16 07:50:53.840611,Paris-61c3,41,45,Normal
2026-02-16 07:50:54.840611,Paris-61c3,32,43,Normal
2026-02-16 07:50:55.840611,Paris-61c3,31,0,Normal
2026-02-16 07:50:56.840611,Paris-61c3,-26,8,Normal
2026-02-16 07:50:57.840611,Paris-61c3,-23,29,Normal
2026-02-16 07:50:58.840611,Paris-61c3,-19,93,Normal
2026-02-16 07:50:59.840611,Paris-61c3,-8,51,Normal
2026-02-16 07:51:00.840611,Paris-61c3,40,59,Normal
2026-02-16 07:51:01.840611,Paris-61c3,-23,42,Normal
2026-02-16 07:51:02.840611,Paris-61c3,-2,18,Normal
2026-02-16 07:51:03.840611,Paris-61c3,37,78,Normal
2026-02-16 07:51:04.840611,Paris-61c3,-12,86,Normal
2026-02-16 07:51:05.840611,Paris-61c3,49,84,Normal
2026-02-16 07:51:06.840611,Paris-61c3,-25,63,Normal
2026-02-16 07:51:07.840611,Paris-61c3,-13,66,Normal
2026-02-16 07:51:08.840611,Paris-61c3,39,12,Normal
2026-02-16 07:51:09.840611,Paris-61c3,-16,27,Normal
2026-02-16 07:51:10.840611,Paris-61c3,27,70,Normal
2026-02-16 07:51:11.840611,Paris-61c3,-9,71,Normal
2026-02-16 07:51:12.840611,Paris-61c3,28,89,Normal
2026-02-16 07:51:13.840611,Paris-61c3,-8,69,Normal
2026-02-16 07:51:14.840611,Paris-61c3,8,5,Normal
2026-02-16 07:51:15.840611,Paris-61c3,44,47,Normal
2026-02-16 07:51:16.840611,Paris-61c3,4,12,Normal
2026-02-16 07:51:17.840611,Paris-61c3,0,42,Normal
2026-02-16 07:51:18.840611,Paris-61c3,-13,58,Normal
2026-02-16 07:51:19.840611,Paris-61c3,10,50,Normal
2026-02-16 07:51:20.840611,Paris-61c3,11,51,Normal
2026-02-16 07:51:21.840611,Paris-61c3,-26,54,Normal
2026-02-16 07:51:22.840611,Paris-61c3,47,29,Normal
2026-02-16 07:51:23.840611,Paris-61c3,44,89,Normal
2026-02-16 07:51:24.840611,Paris-61c3,-1,44,Normal
2026-02-16 07:51:25.840611,Paris-61c3,-26,50,Normal
2026-02-16 07:51:26.840611,Paris-61c3,33,87,Normal
2026-02-16 07:51:27.840611,Paris-61c3,11,55,Normal
2026-02-16 07:51:28.840611,Paris-61c3,-12,76,Normal
2026-02-16 07:51:29.840611,Paris-61c3,-9,71,Normal
2026-02-16 07:51:30.840611,Paris-61c3,-8,59,Normal
2026-02-16 07:51:31.840611,Paris-61c3,1,52,Normal
2026-02-16 07:51:32.840611,Paris-61c3,32,34,Normal
2026-02-16 07:51:33.840611,Paris-61c3,38,55,Normal
2026-02-16 07:51:34.840611,Paris-61c3,-8,21,Normal
2026-02-16 07:51:35.840611,Paris-61c3,46,66,Normal
2026-02-16 07:51:36.840611,Paris-61c3,-24,21,Normal
2026-02-16 07:51:37.840611,Paris-61c3,31,60,Normal
2026-02-16 07:51:38.840611,Paris-61c3,24,68,Normal
2026-02-16 07:51:39.840611,Paris-61c3,21,65,Normal
2026-02-16 07:51:40.840611,Paris-61c3,-4,65,Normal
2026-02-16 07:51:41.840611,Paris-61c3,-30,8,Normal
2026-02-16 07:51:42.840611,Paris-61c3,-17,98,Normal
2026-02-16 07:51:43.840611,Paris-61c3,39,50,Normal
2026-02-16 07:51:44.840611,Paris-61c3,-2,29,Normal
2026-02-16 07:51:45.840611,Paris-61c3,26,88,Normal
2026-02-16 07:51:46.840611,Paris-61c3,3,70,Normal
2026-02-16 07:51:47.840611,Paris-61c3,13,30,Normal
2026-02-16 07:51:48.840611,Paris-61c3,-3,28,Normal
2026-02-16 07:51:49.840611,Paris-61c3,-29,61,Normal
2026-02-16 07:51:50.840611,Paris-61c3,9,55,Normal
2026-02-16 07:51:51.840611,Paris-61c3,12,32,Normal
2026-02-16 07:51:52.840611,Paris-61c3,37,73,Normal
2026-02-16 07:51:53.840611,Paris-61c3,-22,99,Normal
2026-02-16 07:51:54.840611,Paris-61c3,40,62,Normal
2026-02-16 07:51:55.840611,Paris-61c3,38,34,Normal
2026-02-16 07:51:56.840611,Paris-61c3,15,78,Normal
2026-02-16 07:51:57.840611,Paris-61c3,19,40,Normal
2026-02-16 07:51:58.840611,Paris-61c3,-29,44,Normal
2026-02-16 07:51:59.840611,Paris-61c3,42,21,Normal
2026-02-16 07:52:00.840611,Paris-61c3,-7,29,Normal
2026-02-16 07:52:01.840611,Paris-61c3,-22,26,Normal
2026-02-16 07:52:02.840611,Paris-61c3,6,22,Normal
2026-02-16 07:52:03.840611,Paris-61c3,12,41,Normal
2026-02-16 07:52:04.840611,Paris-61c3,33,44,Normal
2026-02-16 07:52:05.840611,Paris-61c3,28,83,Normal
2026-02-16 07:52:06.840611,Paris-61c3,3,47,Normal
2026-02-16 07:52:07.840611,Paris-61c3,11,12,Normal
2026-02-16 07:52:08.840611,Paris-61c3,16,5,Normal
2026-02-16 07:52:09.840611,Paris-61c3,-5,87,Normal
2026-02-16 07:52:10.840611,Paris-61c3,34,50,Normal
2026-02-16 07:52:11.840611,Paris-61c3,25,79,Normal
2026-02-16 07:52:12.840611,Paris-61c3,8,40,Normal
2026-02-16 07:52:13.840611,Paris-61c3,-20,41,Normal
2026-02-16 07:52:14.840611,Paris-61c3,41,48,Normal
2026-02-16 07:52:15.840611,Paris-61c3,16,96,Normal
2026-02-16 07:52:16.840611,Paris-61c3,26,62,Normal
2026-02-16 07:52:17.840611,Paris-61c3,4,31,Normal
2026-02-16 07:52:18.840611,Paris-61c3,-23,71,Normal
2026-02-16 07:52:19.840611,Paris-61c3,28,47,Normal
2026-02-16 07:52:20.840611,Paris-61c3,14,31,Normal
2026-02-16 07:52:21.840611,Paris-61c3,-11,85,Normal
2026-02-16 07:52:22.840611,Paris-61c3,23,31,Normal
2026-02-16 07:52:23.840611,Paris-61c3,-16,67,Normal
2026-02-16 07:52:24.840611,Paris-61c3,-25,49,Normal
2026-02-16 07:52:25.840611,Paris-61c3,-27,25,Normal
2026-02-16 07:52:26.840611,Paris-61c3,21,84,Normal
2026-02-16 07:52:27.840611,Paris-61c3,-14,49,Normal
2026-02-16 07:52:28.840611,Paris-61c3,33,14,Normal
2026-02-16 07:52:29.840611,Paris-61c3,46,34,Normal
2026-02-16 07:52:30.840611,Paris-61c3,-25,1,Normal
2026-02-16 07:52:31.840611,Paris-61c3,-9,70,Normal
2026-02-16 07:52:32.840611,Paris-61c3,42,73,Normal
2026-02-16 07:52:33.840611,Paris-61c3,21,66,Normal
2026-02-16 07:52:34.840611,Paris-61c3,2,52,Normal
2026-02-16 07:52:35.840611,Paris-61c3,-8,3,Normal
2026-02-16 07:52:36.840611,Paris-61c3,16,81,Normal
2026-02-16 07:52:37.840611,Paris-61c3,-21,64,Normal
2026-02-16 07:52:38.840611,Paris-61c3,37,38,Normal
2026-02-16 07:52:39.840611,Paris-61c3,4,11,Normal
2026-02-16 07:52:40.840611,Paris-61c3,35,7,Normal
2026-02-16 07:52:41.840611,Paris-61c3,46,4,Normal
2026-02-16 07:52:42.840611,Paris-61c3,-26,3,Normal
2026-02-16 07:52:43.840611,Paris-61c3,31,15,Normal
2026-02-16 07:52:44.840611,Paris-61c3,21,59,Normal
2026-02-16 07:52:45.840611,Paris-61c3,0,15,Normal
2026-02-16 07:52:46.840611,Paris-61c3,6,14,Normal
2026-02-16 07:52:47.840611,Paris-61c3,20,97,Normal
2026-02-16 07:52:48.840611,Paris-61c3,34,9,Normal
2026-02-16 07:52:49.840611,Paris-61c3,-22,38,Normal
2026-02-16 07:52:50.840611,Paris-61c3,45,22,Normal
2026-02-16 07:52:51.840611,Paris-61c3,44,63,Normal
2026-02-16 07:52:52.840611,Paris-61c3,11,74,Normal
2026-02-16 07:52:53.840611,Paris-61c3,14,59,Normal
2026-02-16 07:52:54.840611,Paris-61c3,11,61,Normal
2026-02-16 07:52:55.840611,Paris-61c3,7,17,Normal
2026-02-16 07:52:56.840611,Paris-61c3,43,2,Normal
2026-02-16 07:52:57.840611,Paris-61c3,34,28,Normal
2026-02-16 07:52:58.840611,Paris-61c3,38,37,Normal
2026-02-16 07:52:59.840611,Paris-61c3,-11,49,Normal
2026-02-16 07:53:00.840611,Paris-61c3,-30,54,Normal
2026-02-16 07:53:01.840611,Paris-61c3,21,52,Normal
2026-02-16 07:53:02.840611,Paris-61c3,17,23,Normal
2026-02-16 07:53:03.840611,Paris-61c3,33,14,Normal
2026-02-16 07:53:04.840611,Paris-61c3,23,56,Normal
2026-02-16 07:53:05.840611,Paris-61c3,-28,19,Normal
2026-02-16 07:53:06.840611,Paris-61c3,27,51,Normal
2026-02-16 07:53:07.840611,Paris-61c3,-18,44,Normal
2026-02-16 07:53:08.840611,Paris-61c3,43,22,Normal
2026-02-16 07:53:09.840611,Paris-61c3,-9,13,Normal
2026-02-16 07:53:10.840611,Paris-61c3,25,34,Normal
2026-02-16 07:53:11.840611,Paris-61c3,24,39,Normal
2026-02-16 07:53:12.840611,Paris-61c3,-27,28,Normal
2026-02-16 07:53:13.840611,Paris-61c3,5,86,Normal
2026-02-16 07:53:14.840611,Paris-61c3,-25,26,Normal
2026-02-16 07:53:15.840611,Paris-61c3,15,28,Normal
2026-02-16 07:53:16.840611,Paris-61c3,-2,48,Normal
2026-02-16 07:53:17.840611,Paris-61c3,-23,24,Normal
2026-02-16 07:53:18.840611,Paris-61c3,-13,14,Normal
2026-02-16 07:53:19.840611,Paris-61c3,44,80,Normal
2026-02-16 07:53:20.840611,Paris-61c3,32,99,Normal
2026-02-16 07:53:21.840611,Paris-61c3,-26,1,Normal
2026-02-16 07:53:22.840611,Paris-61c3,0,43,Normal
2026-02-16 07:53:23.840611,Paris-61c3,-30,64,Normal
2026-02-16 07:53:24.840611,Paris-61c3,-10,53,Normal
2026-02-16 07:53:25.840611,Paris-61c3,-7,79,Normal
2026-02-16 07:53:26.840611,Paris-61c3,38,2,Normal
2026-02-16 07:53:27.840611,Paris-61c3,-2,63,Normal
2026-02-16 07:53:28.840611,Paris-61c3,38,3,Normal
2026-02-16 07:53:29.840611,Paris-61c3,21,23,Normal
2026-02-16 07:53:30.840611,Paris-61c3,16,75,Normal
2026-02-16 07:53:31.840611,Paris-61c3,27,16,Normal
2026-02-16 07:53:32.840611,Paris-61c3,-7,36,Normal
2026-02-16 07:53:33.840611,Paris-61c3,2,59,Normal
2026-02-16 07:53:34.840611,Paris-61c3,19,95,Normal
2026-02-16 07:53:35.840611,Paris-61c3,22,11,Normal
2026-02-16 07:53:36.840611,Paris-61c3,41,23,Normal
2026-02-16 07:53:37.840611,Paris-61c3,39,16,Normal
2026-02-16 07:53:38.840611,Paris-61c3,-12,87,Normal
2026-02-16 07:53:39.840611,Paris-61c3,-24,57,Normal
2026-02-16 07:53:40.840611,Paris-61c3,10,19,Normal
2026-02-16 07:53:41.840611,Paris-61c3,-12,46,Normal
2026-02-16 07:53:42.840611,Paris-61c3,-3,77,Normal
2026-02-16 07:53:43.840611,Paris-61c3,-30,24,Normal
2026-02-16 07:53:44.840611,Paris-61c3,13,4,Normal
2026-02-16 07:53:45.840611,Paris-61c3,4,29,Normal
2026-02-16 07:53:46.840611,Paris-61c3,9,25,Normal
2026-02-16 07:53:47.840611,Paris-61c3,-1,88,Normal
2026-02-16 07:53:48.840611,Paris-61c3,46,77,Normal
2026-02-16 07:53:49.840611,Paris-61c3,18,100,Normal
2026-02-16 07:53:50.840611,Paris-61c3,38,82,Normal
2026-02-16 07:53:51.840611,Paris-61c3,-4,40,Normal
2026-02-16 07:53:52.840611,Paris-61c3,38,56,Normal
2026-02-16 07:53:53.840611,Paris-61c3,-14,46,Normal
2026-02-16 07:53:54.840611,Paris-61c3,23,69,Normal
2026-02-16 07:53:55.840611,Paris-61c3,37,22,Normal
2026-02-16 07:53:56.840611,Paris-61c3,33,38,Normal
2026-02-16 07:53:57.840611,Paris-61c3,17,83,Normal
2026-02-16 07:53:58.840611,Paris-61c3,-9,90,Normal
2026-02-16 07:53:59.840611,Paris-61c3,28,45,Normal
2026-02-16 07:54:00.840611,Paris-61c3,-1,25,Normal
2026-02-16 07:54:01.840611,Paris-61c3,-27,90,Normal
2026-02-16 07:54:02.840611,Paris-61c3,22,14,Normal
2026-02-16 07:54:03.840611,Paris-61c3,-2,14,Normal
2026-02-16 07:54:04.840611,Paris-61c3,20,13,Normal
2026-02-16 07:54:05.840611,Paris-61c3,17,27,Normal
2026-02-16 07:54:06.840611,Paris-61c3,43,68,Normal
2026-02-16 07:54:07.840611,Paris-61c3,-7,15,Normal
2026-02-16 07:54:08.840611,Paris-61c3,8,48,Normal
2026-02-16 07:54:09.840611,Paris-61c3,35,24,Normal
2026-02-16 07:54:10.840611,Paris-61c3,-15,40,Normal
2026-02-16 07:54:11.840611,Paris-61c3,22,29,Normal
2026-02-16 07:54:12.840611,Paris-61c3,44,4,Normal
2026-02-16 07:54:13.840611,Paris-61c3,-29,77,Normal
2026-02-16 07:54:14.840611,Paris-61c3,-15,41,Normal
2026-02-16 07:54:15.840611,Paris-61c3,-6,9,Normal
2026-02-16 07:54:16.840611,Paris-61c3,35,40,Normal
2026-02-16 07:54:17.840611,Paris-61c3,0,11,Normal
2026-02-16 07:54:18.840611,Paris-61c3,9,94,Normal
2026-02-16 07:54:19.840611,Paris-61c3,6,75,Normal
2026-02-16 07:54:20.840611,Paris-61c3,-28,24,Normal
2026-02-16 07:54:21.840611,Paris-61c3,28,31,Normal
2026-02-16 07:54:22.840611,Paris-61c3,-26,29,Normal
2026-02-16 07:54:23.840611,Paris-61c3,7,67,Normal
2026-02-16 07:54:24.840611,Paris-61c3,19,3,Normal
2026-02-16 07:54:25.840611,Paris-61c3,24,90,Normal
2026-02-16 07:54:26.840611,Paris-61c3,3,73,Normal
2026-02-16 07:54:27.840611,Paris-61c3,-25,54,Normal
2026-02-16 07:54:28.840611,Paris-61c3,43,38,Normal
2026-02-16 07:54:29.840611,Paris-61c3,17,89,Normal
2026-02-16 07:54:30.840611,Paris-61c3,-30,45,Normal
2026-02-16 07:54:31.840611,Paris-61c3,18,89,Normal
2026-02-16 07:54:32.840611,Paris-61c3,46,10,Normal
2026-02-16 07:54:33.840611,Paris-61c3,-29,38,Normal
2026-02-16 07:54:34.840611,Paris-61c3,-4,62,Normal
2026-02-16 07:54:35.840611,Paris-61c3,-29,39,Normal
2026-02-16 07:54:36.840611,Paris-61c3,-17,88,Normal
2026-02-16 07:54:37.840611,Paris-61c3,-11,76,Normal
2026-02-16 07:54:38.840611,Paris-61c3,6,96,Normal
2026-02-16 07:54:39.840611,Paris-61c3,-22,69,Normal
2026-02-16 07:54:40.840611,Paris-61c3,6,92,Normal
2026-02-16 07:54:41.840611,Paris-61c3,40,2,Normal
2026-02-16 07:54:42.840611,Paris-61c3,1,22,Normal
2026-02-16 07:54:43.840611,Paris-61c3,-13,62,Normal
2026-02-16 07:54:44.840611,Paris-61c3,10,17,Normal
2026-02-16 07:54:45.840611,Paris-61c3,-25,59,Normal
2026-02-16 07:54:46.840611,Paris-61c3,2,99,Normal
2026-02-16 07:54:47.840611,Paris-61c3,39,28,Normal
2026-02-16 07:54:48.840611,Paris-61c3,40,49,Normal
2026-02-16 07:54:49.840611,Paris-61c3,-17,91,Normal
2026-02-16 07:54:50.840611,Paris-61c3,15,20,Normal
2026-02-16 07:54:51.840611,Paris-61c3,3,46,Normal
2026-02-16 07:54:52.840611,Paris-61c3,40,96,Normal
2026-02-16 07:54:53.840611,Paris-61c3,32,90,Normal
2026-02-16 07:54:54.840611,Paris-61c3,25,99,Normal
2026-02-16 07:54:55.840611,Paris-61c3,46,18,Normal
2026-02-16 07:54:56.840611,Paris-61c3,0,75,Normal
2026-02-16 07:54:57.840611,Paris-61c3,8,53,Normal
2026-02-16 07:54:58.840611,Paris-61c3,30,52,Normal
2026-02-16 07:54:59.840611,Paris-61c3,3,82,Normal
2026-02-16 07:55:00.840611,Paris-61c3,4,27,Normal
2026-02-16 07:55:01.840611,Paris-61c3,36,64,Normal
2026-02-16 07:55:02.840611,Paris-61c3,-30,78,Normal
2026-02-16 07:55:03.840611,Paris-61c3,39,47,Normal
2026-02-16 07:55:04.840611,Paris-61c3,35,92,Normal
2026-02-16 07:55:05.840611,Paris-61c3,29,79,Normal
2026-02-16 07:55:06.840611,Paris-61c3,-18,12,Normal
2026-02-16 07:55:07.840611,Paris-61c3,26,68,Normal
2026-02-16 07:55:08.840611,Paris-61c3,-17,68,Normal
2026-02-16 07:55:09.840611,Paris-61c3,-16,97,Normal
2026-02-16 07:55:10.840611,Paris-61c3,-27,44,Normal
2026-02-16 07:55:11.840611,Paris-61c3,-10,15,Normal
2026-02-16 07:55:12.840611,Paris-61c3,-9,82,Normal
2026-02-16 07:55:13.840611,Paris-61c3,-28,99,Normal
2026-02-16 07:55:14.840611,Paris-61c3,9,91,Normal
2026-02-16 07:55:15.840611,Paris-61c3,6,33,Normal
2026-02-16 07:55:16.840611,Paris-61c3,41,97,Normal
2026-02-16 07:55:17.840611,Paris-61c3,-23,40,Normal
2026-02-16 07:55:18.840611,Paris-61c3,4,100,Normal
2026-02-16 07:55:19.840611,Paris-61c3,12,88,Normal
2026-02-16 07:55:20.840611,Paris-61c3,34,7,Normal
2026-02-16 07:55:21.840611,Paris-61c3,9,85,Normal
2026-02-16 07:55:22.840611,Paris-61c3,-25,82,Normal
2026-02-16 07:55:23.840611,Paris-61c3,5,55,Normal
2026-02-16 07:55:24.840611,Paris-61c3,-2,37,Normal
2026-02-16 07:55:25.840611,Paris-61c3,-26,46,Normal
2026-02-16 07:55:26.840611,Paris-61c3,38,100,Normal
2026-02-16 07:55:27.840611,Paris-61c3,-6,79,Normal
2026-02-16 07:55:28.840611,Paris-61c3,16,76,Normal
2026-02-16 07:55:29.840611,Paris-61c3,-7,26,Normal
2026-02-16 07:55:30.840611,Paris-61c3,25,68,Normal
2026-02-16 07:55:31.840611,Paris-61c3,-3,67,Normal
2026-02-16 07:55:32.840611,Paris-61c3,28,28,Normal
2026-02-16 07:55:33.840611,Paris-61c3,-20,7,Normal
2026-02-16 07:55:34.840611,Paris-61c3,-3,99,Normal
2026-02-16 07:55:35.840611,Paris-61c3,50,29,Normal
2026-02-16 07:55:36.840611,Paris-61c3,35,49,Normal
2026-02-16 07:55:37.840611,Paris-61c3,-12,31,Normal
2026-02-16 07:55:38.840611,Paris-61c3,38,72,Normal
2026-02-16 07:55:39.840611,Paris-61c3,32,96,Normal
2026-02-16 07:55:40.840611,Paris-61c3,-25,87,Normal
2026-02-16 07:55:41.840611,Paris-61c3,3,4,Normal
2026-02-16 07:55:42.840611,Paris-61c3,25,37,Normal
2026-02-16 07:55:43.840611,Paris-61c3,10,66,Normal
2026-02-16 07:55:44.840611,Paris-61c3,-8,98,Normal
2026-02-16 07:55:45.840611,Paris-61c3,20,7,Normal
2026-02-16 07:55:46.840611,Paris-61c3,9,11,Normal
2026-02-16 07:55:47.840611,Paris-61c3,-23,17,Normal
2026-02-16 07:55:48.840611,Paris-61c3,9,11,Normal
2026-02-16 07:55:49.840611,Paris-61c3,17,99,Normal
2026-02-16 07:55:50.840611,Paris-61c3,-22,42,Normal
2026-02-16 07:55:51.840611,Paris-61c3,48,23,Normal
2026-02-16 07:55:52.840611,Paris-61c3,39,30,Normal
2026-02-16 07:55:53.840611,Paris-61c3,22,34,Normal
2026-02-16 07:55:54.840611,Paris-61c3,25,21,Normal
2026-02-16 07:55:55.840611,Paris-61c3,32,15,Normal
2026-02-16 07:55:56.840611,Paris-61c3,-13,24,Normal
2026-02-16 07:55:57.840611,Paris-61c3,24,53,Normal
2026-02-16 07:55:58.840611,Paris-61c3,0,4,Normal
2026-02-16 07:55:59.840611,Paris-61c3,14,79,Normal
2026-02-16 07:56:00.840611,Paris-61c3,-14,94,Normal
2026-02-16 07:56:01.840611,Paris-61c3,-25,57,Normal
2026-02-16 07:56:02.840611,Paris-61c3,-25,32,Normal
2026-02-16 07:56:03.840611,Paris-61c3,48,55,Normal
2026-02-16 07:56:04.840611,Paris-61c3,15,48,Normal
2026-02-16 07:56:05.840611,Paris-61c3,8,43,Normal
2026-02-16 07:56:06.840611,Paris-61c3,19,65,Normal
2026-02-16 07:56:07.840611,Paris-61c3,6,47,Normal
2026-02-16 07:56:08.840611,Paris-61c3,48,88,Normal
2026-02-16 07:56:09.840611,Paris-61c3,30,73,Normal
2026-02-16 07:56:10.840611,Paris-61c3,21,56,Normal
2026-02-16 07:56:11.840611,Paris-61c3,38,46,Normal
2026-02-16 07:56:12.840611,Paris-61c3,39,15,Normal
2026-02-16 07:56:13.840611,Paris-61c3,15,3,Normal
2026-02-16 07:56:14.840611,Paris-61c3,18,3,Normal
2026-02-16 07:56:15.840611,Paris-61c3,-4,14,Normal
2026-02-16 07:56:16.840611,Paris-61c3,37,83,Normal
2026-02-16 07:56:17.840611,Paris-61c3,37,80,Normal
2026-02-16 07:56:18.840611,Paris-61c3,5,4,Normal
2026-02-16 07:56:19.840611,Paris-61c3,0,52,Normal
2026-02-16 07:56:20.840611,Paris-61c3,2,15,Normal
2026-02-16 07:56:21.840611,Paris-61c3,-6,17,Normal
2026-02-16 07:56:22.840611,Paris-61c3,29,24,Normal
2026-02-16 07:56:23.840611,Paris-61c3,-9,44,Normal
2026-02-16 07:56:24.840611,Paris-61c3,19,57,Normal
2026-02-16 07:56:25.840611,Paris-61c3,-2,66,Normal
2026-02-16 07:56:26.840611,Paris-61c3,-23,73,Normal
2026-02-16 07:56:27.840611,Paris-61c3,35,6,Normal
2026-02-16 07:56:28.840611,Paris-61c3,34,77,Normal
2026-02-16 07:56:29.840611,Paris-61c3,-23,79,Normal
2026-02-16 07:56:30.840611,Paris-61c3,6,36,Normal
2026-02-16 07:56:31.840611,Paris-61c3,7,96,Normal
2026-02-16 07:56:32.840611,Paris-61c3,22,22,Normal
2026-02-16 07:56:33.840611,Paris-61c3,-15,56,Normal
2026-02-16 07:56:34.840611,Paris-61c3,31,71,Normal
2026-02-16 07:56:35.840611,Paris-61c3,25,65,Normal
2026-02-16 07:56:36.840611,Paris-61c3,8,75,Normal
2026-02-16 07:56:37.840611,Paris-61c3,32,51,Normal
2026-02-16 07:56:38.840611,Paris-61c3,50,3,Normal
2026-02-16 07:56:39.840611,Paris-61c3,-14,18,Normal
2026-02-16 07:56:40.840611,Paris-61c3,-6,40,Normal
2026-02-16 07:56:41.840611,Paris-61c3,24,60,Normal
2026-02-16 07:56:42.840611,Paris-61c3,33,61,Normal
2026-02-16 07:56:43.840611,Paris-61c3,-13,65,Normal
2026-02-16 07:56:44.840611,Paris-61c3,38,78,Normal
2026-02-16 07:56:45.840611,Paris-61c3,18,20,Normal
2026-02-16 07:56:46.840611,Paris-61c3,28,86,Normal
2026-02-16 07:56:47.840611,Paris-61c3,-18,55,Normal
2026-02-16 07:56:48.840611,Paris-61c3,42,63,Normal
2026-02-16 07:56:49.840611,Paris-61c3,18,28,Normal
2026-02-16 07:56:50.840611,Paris-61c3,-5,29,Normal
2026-02-16 07:56:51.840611,Paris-61c3,-19,22,Normal
2026-02-16 07:56:52.840611,Paris-61c3,-6,6,Normal
2026-02-16 07:56:53.840611,Paris-61c3,28,92,Normal
2026-02-16 07:56:54.840611,Paris-61c3,-2,1,Normal
2026-02-16 07:56:55.840611,Paris-61c3,-23,71,Normal
2026-02-16 07:56:56.840611,Paris-61c3,-1,57,Normal
2026-02-16 07:56:57.840611,Paris-61c3,45,7,Normal
2026-02-16 07:56:58.840611,Paris-61c3,7,44,Normal
2026-02-16 07:56:59.840611,Paris-61c3,45,75,Normal
2026-02-16 07:57:00.840611,Paris-61c3,-19,95,Normal
2026-02-16 07:57:01.840611,Paris-61c3,35,66,Normal
2026-02-16 07:57:02.840611,Paris-61c3,19,90,Normal
2026-02-16 07:57:03.840611,Paris-61c3,32,1,Normal
2026-02-16 07:57:04.840611,Paris-61c3,19,79,Normal
2026-02-16 07:57:05.840611,Paris-61c3,39,67,Normal
2026-02-16 07:57:06.840611,Paris-61c3,5,53,Normal
2026-02-16 07:57:07.840611,Paris-61c3,37,99,Normal
2026-02-16 07:57:08.840611,Paris-61c3,5,57,Normal
2026-02-16 07:57:09.840611,Paris-61c3,-17,90,Normal
2026-02-16 07:57:10.840611,Paris-61c3,48,55,Normal
2026-02-16 07:57:11.840611,Paris-61c3,-6,73,Normal
2026-02-16 07:57:12.840611,Paris-61c3,-20,43,Normal
2026-02-16 07:57:13.840611,Paris-61c3,45,93,Normal
2026-02-16 07:57:14.840611,Paris-61c3,32,79,Normal
2026-02-16 07:57:15.840611,Paris-61c3,28,18,Normal
2026-02-16 07:57:16.840611,Paris-61c3,4,44,Normal
2026-02-16 07:57:17.840611,Paris-61c3,-16,73,Normal
2026-02-16 07:57:18.840611,Paris-61c3,18,36,Normal
2026-02-16 07:57:19.840611,Paris-61c3,13,87,Normal
2026-02-16 07:57:20.840611,Paris-61c3,41,79,Normal
2026-02-16 07:57:21.840611,Paris-61c3,6,26,Normal
2026-02-16 07:57:22.840611,Paris-61c3,31,27,Normal
2026-02-16 07:57:23.840611,Paris-61c3,-26,26,Normal
2026-02-16 07:57:24.840611,Paris-61c3,-20,75,Normal
2026-02-16 07:57:25.840611,Paris-61c3,-15,85,Normal
2026-02-16 07:57:26.840611,Paris-61c3,29,82,Normal
2026-02-16 07:57:27.840611,Paris-61c3,0,33,Normal
2026-02-16 07:57:28.840611,Paris-61c3,45,45,Normal
2026-02-16 07:57:29.840611,Paris-61c3,34,11,Normal
2026-02-16 07:57:30.840611,Paris-61c3,-22,16,Normal
2026-02-16 07:57:31.840611,Paris-61c3,7,96,Normal
2026-02-16 07:57:32.840611,Paris-61c3,-26,10,Normal
2026-02-16 07:57:33.840611,Paris-61c3,-6,93,Normal
2026-02-16 07:57:34.840611,Paris-61c3,-1,35,Normal
2026-02-16 07:57:35.840611,Paris-61c3,-14,47,Normal
2026-02-16 07:57:36.840611,Paris-61c3,20,82,Normal
2026-02-16 07:57:37.840611,Paris-61c3,-21,99,Normal
2026-02-16 07:57:38.840611,Paris-61c3,-26,18,Normal
2026-02-16 07:57:39.840611,Paris-61c3,-12,78,Normal
2026-02-16 07:57:40.840611,Paris-61c3,-27,19,Normal
2026-02-16 07:57:41.840611,Paris-61c3,42,62,Normal
2026-02-16 07:57:42.840611,Paris-61c3,19,19,Normal
2026-02-16 07:57:43.840611,Paris-61c3,16,75,Normal
2026-02-16 07:57:44.840611,Paris-61c3,31,49,Normal
2026-02-16 07:57:45.840611,Paris-61c3,26,52,Normal
2026-02-16 07:57:46.840611,Paris-61c3,17,98,Normal
2026-02-16 07:57:47.840611,Paris-61c3,43,83,Normal
2026-02-16 07:57:48.840611,Paris-61c3,34,99,Normal
2026-02-16 07:57:49.840611,Paris-61c3,-13,4,Normal
2026-02-16 07:57:50.840611,Paris-61c3,32,56,Normal
2026-02-16 07:57:51.840611,Paris-61c3,47,55,Normal
2026-02-16 07:57:52.840611,Paris-61c3,-29,76,Normal
2026-02-16 07:57:53.840611,Paris-61c3,-15,86,Normal
2026-02-16 07:57:54.840611,Paris-61c3,27,7,Normal
2026-02-16 07:57:55.840611,Paris-61c3,35,54,Normal
2026-02-16 07:57:56.840611,Paris-61c3,30,55,Normal
2026-02-16 07:57:57.840611,Paris-61c3,2,73,Normal
2026-02-16 07:57:58.840611,Paris-61c3,5,73,Normal
2026-02-16 07:57:59.840611,Paris-61c3,-10,76,Normal
2026-02-16 07:58:00.840611,Paris-61c3,34,99,Normal
2026-02-16 07:58:01.840611,Paris-61c3,42,31,Normal
2026-02-16 07:58:02.840611,Paris-61c3,26,26,Normal
2026-02-16 07:58:03.840611,Paris-61c3,-15,38,Normal
2026-02-16 07:58:04.840611,Paris-61c3,-11,39,Normal
2026-02-16 07:58:05.840611,Paris-61c3,15,36,Normal
2026-02-16 07:58:06.840611,Paris-61c3,11,48,Normal
2026-02-16 07:58:07.840611,Paris-61c3,-14,56,Normal
2026-02-16 07:58:08.840611,Paris-61c3,-14,88,Normal
2026-02-16 07:58:09.840611,Paris-61c3,13,81,Normal
2026-02-16 07:58:10.840611,Paris-61c3,-5,67,Normal
2026-02-16 07:58:11.840611,Paris-61c3,18,32,Normal
2026-02-16 07:58:12.840611,Paris-61c3,-22,54,Normal
2026-02-16 07:58:13.840611,Paris-61c3,-7,61,Normal
2026-02-16 07:58:14.840611,Paris-61c3,34,1,Normal
2026-02-16 07:58:15.840611,Paris-61c3,32,49,Normal
2026-02-16 07:58:16.840611,Paris-61c3,47,71,Normal
2026-02-16 07:58:17.840611,Paris-61c3,40,59,Normal
2026-02-16 07:58:18.840611,Paris-61c3,-13,37,Normal
2026-02-16 07:58:19.840611,Paris-61c3,-18,33,Normal
2026-02-16 07:58:20.840611,Paris-61c3,-5,14,Normal
2026-02-16 07:58:21.840611,Paris-61c3,17,24,Normal
2026-02-16 07:58:22.840611,Paris-61c3,-24,52,Normal
2026-02-16 07:58:23.840611,Paris-61c3,4,81,Normal
2026-02-16 07:58:24.840611,Paris-61c3,9,90,Normal
2026-02-16 07:58:25.840611,Paris-61c3,-27,25,Normal
2026-02-16 07:58:26.840611,Paris-61c3,30,20,Normal
2026-02-16 07:58:27.840611,Paris-61c3,20,55,Normal
2026-02-16 07:58:28.840611,Paris-61c3,35,44,Normal
2026-02-16 07:58:29.840611,Paris-61c3,41,94,Normal
2026-02-16 07:58:30.840611,Paris-61c3,-28,35,Normal
2026-02-16 07:58:31.840611,Paris-61c3,23,23,Normal
2026-02-16 07:58:32.840611,Paris-61c3,-9,64,Normal
2026-02-16 07:58:33.840611,Paris-61c3,36,39,Normal
2026-02-16 07:58:34.840611,Paris-61c3,-10,80,Normal
2026-02-16 07:58:35.840611,Paris-61c3,-1,84,Normal
2026-02-16 07:58:36.840611,Paris-61c3,-6,78,Normal
2026-02-16 07:58:37.840611,Paris-61c3,-19,73,Normal
2026-02-16 07:58:38.840611,Paris-61c3,-16,45,Normal
2026-02-16 07:58:39.840611,Paris-61c3,-12,82,Normal
2026-02-16 07:58:40.840611,Paris-61c3,1,33,Normal
2026-02-16 07:58:41.840611,Paris-61c3,-15,78,Normal
2026-02-16 07:58:42.840611,Paris-61c3,0,76,Normal
2026-02-16 07:58:43.840611,Paris-61c3,-3,67,Normal
2026-02-16 07:58:44.840611,Paris-61c3,15,65,Normal
2026-02-16 07:58:45.840611,Paris-61c3,10,27,Normal
2026-02-16 07:58:46.840611,Paris-61c3,2,27,Normal
2026-02-16 07:58:47.840611,Paris-61c3,-22,55,Normal
2026-02-16 07:58:48.840611,Paris-61c3,-8,72,Normal
2026-02-16 07:58:49.840611,Paris-61c3,47,87,Normal
2026-02-16 07:58:50.840611,Paris-61c3,49,52,Normal
2026-02-16 07:58:51.840611,Paris-61c3,-8,54,Normal
2026-02-16 07:58:52.840611,Paris-61c3,42,96,Normal
2026-02-16 07:58:53.840611,Paris-61c3,15,23,Normal
2026-02-16 07:58:54.840611,Paris-61c3,21,42,Normal
2026-02-16 07:58:55.840611,Paris-61c3,34,79,Normal
2026-02-16 07:58:56.840611,Paris-61c3,-27,94,Normal
2026-02-16 07:58:57.840611,Paris-61c3,0,9,Normal
2026-02-16 07:58:58.840611,Paris-61c3,-8,70,Normal
2026-02-16 07:58:59.840611,Paris-61c3,50,23,Normal
2026-02-16 07:59:00.840611,Paris-61c3,-13,13,Normal
2026-02-16 07:59:01.840611,Paris-61c3,34,12,Normal
2026-02-16 07:59:02.840611,Paris-61c3,12,8,Normal
2026-02-16 07:59:03.840611,Paris-61c3,7,34,Normal
2026-02-16 07:59:04.840611,Paris-61c3,13,45,Normal
2026-02-16 07:59:05.840611,Paris-61c3,-2,95,Normal
2026-02-16 07:59:06.840611,Paris-61c3,-6,46,Normal
2026-02-16 07:59:07.840611,Paris-61c3,-26,37,Normal
2026-02-16 07:59:08.840611,Paris-61c3,17,62,Normal
2026-02-16 07:59:09.840611,Paris-61c3,26,35,Normal
2026-02-16 07:59:10.840611,Paris-61c3,43,5,Normal
2026-02-16 07:59:11.840611,Paris-61c3,30,59,Normal
2026-02-16 07:59:12.840611,Paris-61c3,-29,32,Normal
2026-02-16 07:59:13.840611,Paris-61c3,40,98,Normal
2026-02-16 07:59:14.840611,Paris-61c3,32,5,Normal
2026-02-16 07:59:15.840611,Paris-61c3,-27,70,Normal
2026-02-16 07:59:16.840611,Paris-61c3,49,95,Normal
2026-02-16 07:59:17.840611,Paris-61c3,41,7,Normal
2026-02-16 07:59:18.840611,Paris-61c3,16,84,Normal
2026-02-16 07:59:19.840611,Paris-61c3,6,90,Normal
2026-02-16 07:59:20.840611,Paris-61c3,-4,25,Normal
2026-02-16 07:59:21.840611,Paris-61c3,48,61,Normal
2026-02-16 07:59:22.840611,Paris-61c3,-4,19,Normal
2026-02-16 07:59:23.840611,Paris-61c3,50,72,Normal
2026-02-16 07:59:24.840611,Paris-61c3,18,40,Normal
2026-02-16 07:59:25.840611,Paris-61c3,43,58,Normal
2026-02-16 07:59:26.840611,Paris-61c3,42,75,Normal
2026-02-16 07:59:27.840611,Paris-61c3,-19,91,Normal
2026-02-16 07:59:28.840611,Paris-61c3,18,12,Normal
2026-02-16 07:59:29.840611,Paris-61c3,42,72,Normal
2026-02-16 07:59:30.840611,Paris-61c3,46,43,Normal
2026-02-16 07:59:31.840611,Paris-61c3,32,56,Normal
2026-02-16 07:59:32.840611,Paris-61c3,-5,90,Normal
2026-02-16 07:59:33.840611,Paris-61c3,49,57,Normal
2026-02-16 07:59:34.840611,Paris-61c3,9,67,Normal
2026-02-16 07:59:35.840611,Paris-61c3,9,11,Normal
2026-02-16 07:59:36.840611,Paris-61c3,8,4,Normal
2026-02-16 07:59:37.840611,Paris-61c3,-22,6,Normal
2026-02-16 07:59:38.840611,Paris-61c3,38,54,Normal
2026-02-16 07:59:39.840611,Paris-61c3,50,98,Normal
2026-02-16 07:59:40.840611,Paris-61c3,1,47,Normal
2026-02-16 07:59:41.840611,Paris-61c3,-9,36,Normal
2026-02-16 07:59:42.840611,Paris-61c3,19,76,Normal
2026-02-16 07:59:43.840611,Paris-61c3,50,28,Normal
2026-02-16 07:59:44.840611,Paris-61c3,19,14,Normal
2026-02-16 07:59:45.840611,Paris-61c3,-10,86,Normal
2026-02-16 07:59:46.840611,Paris-61c3,40,6,Normal
2026-02-16 07:59:47.840611,Paris-61c3,-26,37,Normal
2026-02-16 07:59:48.840611,Paris-61c3,4,28,Normal
2026-02-16 07:59:49.840611,Paris-61c3,-19,26,Normal
2026-02-16 07:59:50.840611,Paris-61c3,24,77,Normal
2026-02-16 07:59:51.840611,Paris-61c3,50,64,Normal
2026-02-16 07:59:52.840611,Paris-61c3,47,25,Normal
2026-02-16 07:59:53.840611,Paris-61c3,-25,64,Normal
2026-02-16 07:59:54.840611,Paris-61c3,30,14,Normal
2026-02-16 07:59:55.840611,Paris-61c3,43,4,Normal
2026-02-16 07:59:56.840611,Paris-61c3,39,5,Normal
2026-02-16 07:59:57.840611,Paris-61c3,8,48,Normal
2026-02-16 07:59:58.840611,Paris-61c3,25,47,Normal
2026-02-16 07:59:59.840611,Paris-61c3,6,79,Normal
2026-02-16 08:00:00.840611,Paris-61c3,-7,44,Normal
2026-02-16 08:00:01.840611,Paris-61c3,12,29,Normal
2026-02-16 08:00:02.840611,Paris-61c3,-20,64,Normal
2026-02-16 08:00:03.840611,Paris-61c3,-18,45,Normal
2026-02-16 08:00:04.840611,Paris-61c3,-21,66,Normal
2026-02-16 08:00:05.840611,Paris-61c3,-27,4,Normal
2026-02-16 08:00:06.840611,Paris-61c3,-6,8,Normal
2026-02-16 08:00:07.840611,Paris-61c3,47,89,Normal
2026-02-16 08:00:08.840611,Paris-61c3,-7,27,Normal
2026-02-16 08:00:09.840611,Paris-61c3,37,50,Normal
2026-02-16 08:00:10.840611,Paris-61c3,34,86,Normal
2026-02-16 08:00:11.840611,Paris-61c3,29,31,Normal
2026-02-16 08:00:12.840611,Paris-61c3,25,90,Normal
2026-02-16 08:00:13.840611,Paris-61c3,32,24,Normal
2026-02-16 08:00:14.840611,Paris-61c3,41,71,Normal
2026-02-16 08:00:15.840611,Paris-61c3,-22,39,Normal
2026-02-16 08:00:16.840611,Paris-61c3,-28,77,Normal
2026-02-16 08:00:17.840611,Paris-61c3,12,65,Normal
2026-02-16 08:00:18.840611,Paris-61c3,14,84,Normal
2026-02-16 08:00:19.840611,Paris-61c3,13,9,Normal
2026-02-16 08:00:20.840611,Paris-61c3,15,28,Normal
2026-02-16 08:00:21.840611,Paris-61c3,-28,70,Normal
2026-02-16 08:00:22.840611,Paris-61c3,20,64,Normal
2026-02-16 08:00:23.840611,Paris-61c3,39,81,Normal
2026-02-16 08:00:24.840611,Paris-61c3,35,34,Normal
2026-02-16 08:00:25.840611,Paris-61c3,48,26,Normal
2026-02-16 08:00:26.840611,Paris-61c3,18,70,Normal
2026-02-16 08:00:27.840611,Paris-61c3,-2,10,Normal
2026-02-16 08:00:28.840611,Paris-61c3,-28,74,Normal
2026-02-16 08:00:29.840611,Paris-61c3,23,76,Normal
2026-02-16 08:00:30.840611,Paris-61c3,4,32,Normal
2026-02-16 08:00:31.840611,Paris-61c3,26,83,Normal
2026-02-16 08:00:32.840611,Paris-61c3,46,97,Normal
2026-02-16 08:00:33.840611,Paris-61c3,-6,84,Normal
2026-02-16 08:00:34.840611,Paris-61c3,42,25,Normal
2026-02-16 08:00:35.840611,Paris-61c3,11,82,Normal
2026-02-16 08:00:36.840611,Paris-61c3,11,68,Normal
2026-02-16 08:00:37.840611,Paris-61c3,-26,0,Normal
2026-02-16 08:00:38.840611,Paris-61c3,26,35,Normal
2026-02-16 08:00:39.840611,Paris-61c3,-23,54,Normal
2026-02-16 08:00:40.840611,Paris-61c3,4,1,Normal
2026-02-16 08:00:41.840611,Paris-61c3,23,32,Normal
2026-02-16 08:00:42.840611,Paris-61c3,22,16,Normal
2026-02-16 08:00:43.840611,Paris-61c3,-1,9,Normal
2026-02-16 08:00:44.840611,Paris-61c3,12,69,Normal
2026-02-16 08:00:45.840611,Paris-61c3,3,9,Normal
2026-02-16 08:00:46.840611,Paris-61c3,7,90,Normal
2026-02-16 08:00:47.840611,Paris-61c3,45,94,Normal
2026-02-16 08:00:48.840611,Paris-61c3,5,91,Normal
2026-02-16 08:00:49.840611,Paris-61c3,12,84,Normal
2026-02-16 08:00:50.840611,Paris-61c3,21,84,Normal
2026-02-16 08:00:51.840611,Paris-61c3,50,51,Normal
2026-02-16 08:00:52.840611,Paris-61c3,-8,23,Normal
2026-02-16 08:00:53.840611,Paris-61c3,-10,56,Normal
2026-02-16 08:00:54.840611,Paris-61c3,22,12,Normal
2026-02-16 08:00:55.840611,Paris-61c3,50,59,Normal
2026-02-16 08:00:56.840611,Paris-61c3,20,32,Normal
2026-02-16 08:00:57.840611,Paris-61c3,13,52,Normal
2026-02-16 08:00:58.840611,Paris-61c3,12,45,Normal
2026-02-16 08:00:59.840611,Paris-61c3,-11,88,Normal
2026-02-16 08:01:00.840611,Paris-61c3,-9,3,Normal
2026-02-16 08:01:01.840611,Paris-61c3,-26,19,Normal
2026-02-16 08:01:02.840611,Paris-61c3,-21,19,Normal
2026-02-16 08:01:03.840611,Paris-61c3,23,1,Normal
2026-02-16 08:01:04.840611,Paris-61c3,-2,48,Normal
2026-02-16 08:01:05.840611,Paris-61c3,-29,71,Normal
2026-02-16 08:01:06.840611,Paris-61c3,-5,89,Normal
2026-02-16 08:01:07.840611,Paris-61c3,7,45,Normal
2026-02-16 08:01:08.840611,Paris-61c3,34,53,Normal
2026-02-16 08:01:09.840611,Paris-61c3,-13,90,Normal
2026-02-16 08:01:10.840611,Paris-61c3,-12,8,Normal
2026-02-16 08:01:11.840611,Paris-61c3,-7,34,Normal
2026-02-16 08:01:12.840611,Paris-61c3,11,55,Normal
2026-02-16 08:01:13.840611,Paris-61c3,40,81,Normal
2026-02-16 08:01:14.840611,Paris-61c3,-3,1,Normal
2026-02-16 08:01:15.840611,Paris-61c3,23,27,Normal
2026-02-16 08:01:16.840611,Paris-61c3,4,47,Normal
2026-02-16 08:01:17.840611,Paris-61c3,50,99,Normal
2026-02-16 08:01:18.840611,Paris-61c3,41,57,Normal
2026-02-16 08:01:19.840611,Paris-61c3,-23,61,Normal
2026-02-16 08:01:20.840611,Paris-61c3,23,64,Normal
2026-02-16 08:01:21.840611,Paris-61c3,14,24,Normal
2026-02-16 08:01:22.840611,Paris-61c3,27,28,Normal
2026-02-16 08:01:23.840611,Paris-61c3,-19,60,Normal
2026-02-16 08:01:24.840611,Paris-61c3,12,72,Normal
2026-02-16 08:01:25.840611,Paris-61c3,-22,70,Normal
2026-02-16 08:01:26.840611,Paris-61c3,36,60,Normal
2026-02-16 08:01:27.840611,Paris-61c3,5,26,Normal
2026-02-16 08:01:28.840611,Paris-61c3,-4,65,Normal
2026-02-16 08:01:29.840611,Paris-61c3,-26,8,Normal
2026-02-16 08:01:30.840611,Paris-61c3,-6,79,Normal
2026-02-16 08:01:31.840611,Paris-61c3,-19,11,Normal
2026-02-16 08:01:32.840611,Paris-61c3,-22,8,Normal
2026-02-16 08:01:33.840611,Paris-61c3,17,13,Normal
2026-02-16 08:01:34.840611,Paris-61c3,-12,71,Normal
2026-02-16 08:01:35.840611,Paris-61c3,45,49,Normal
2026-02-16 08:01:36.840611,Paris-61c3,-12,92,Normal
2026-02-16 08:01:37.840611,Paris-61c3,-10,13,Normal
2026-02-16 08:01:38.840611,Paris-61c3,-28,71,Normal
2026-02-16 08:01:39.840611,Paris-61c3,-3,32,Normal
2026-02-16 08:01:40.840611,Paris-61c3,19,95,Normal
2026-02-16 08:01:41.840611,Paris-61c3,-20,93,Normal
2026-02-16 08:01:42.840611,Paris-61c3,-9,43,Normal
2026-02-16 08:01:43.840611,Paris-61c3,41,5,Normal
2026-02-16 08:01:44.840611,Paris-61c3,36,50,Normal
2026-02-16 08:01:45.840611,Paris-61c3,13,47,Normal
2026-02-16 08:01:46.840611,Paris-61c3,19,75,Normal
2026-02-16 08:01:47.840611,Paris-61c3,25,9,Normal
2026-02-16 08:01:48.840611,Paris-61c3,13,97,Normal
2026-02-16 08:01:49.840611,Paris-61c3,-20,68,Normal
2026-02-16 08:01:50.840611,Paris-61c3,-2,67,Normal
2026-02-16 08:01:51.840611,Paris-61c3,13,89,Normal
2026-02-16 08:01:52.840611,Paris-61c3,28,74,Normal
2026-02-16 08:01:53.840611,Paris-61c3,18,26,Normal
2026-02-16 08:01:54.840611,Paris-61c3,34,45,Normal
2026-02-16 08:01:55.840611,Paris-61c3,30,19,Normal
2026-02-16 08:01:56.840611,Paris-61c3,12,66,Normal
2026-02-16 08:01:57.840611,Paris-61c3,-13,39,Normal
2026-02-16 08:01:58.840611,Paris-61c3,26,4,Normal
2026-02-16 08:01:59.840611,Paris-61c3,4,93,Normal
2026-02-16 08:02:00.840611,Paris-61c3,48,94,Normal
2026-02-16 08:02:01.840611,Paris-61c3,3,55,Normal
2026-02-16 08:02:02.840611,Paris-61c3,45,90,Normal
2026-02-16 08:02:03.840611,Paris-61c3,-8,29,Normal
2026-02-16 08:02:04.840611,Paris-61c3,-13,69,Normal
2026-02-16 08:02:05.840611,Paris-61c3,1,13,Normal
2026-02-16 08:02:06.840611,Paris-61c3,-8,27,Normal
2026-02-16 08:02:07.840611,Paris-61c3,43,85,Normal
2026-02-16 08:02:08.840611,Paris-61c3,-9,3,Normal
2026-02-16 08:02:09.840611,Paris-61c3,-14,5,Normal
2026-02-16 08:02:10.840611,Paris-61c3,-2,27,Normal
2026-02-16 08:02:11.840611,Paris-61c3,-18,83,Normal
2026-02-16 08:02:12.840611,Paris-61c3,-27,35,Normal
2026-02-16 08:02:13.840611,Paris-61c3,20,10,Normal
2026-02-16 08:02:14.840611,Paris-61c3,16,88,Normal
2026-02-16 08:02:15.840611,Paris-61c3,9,95,Normal
2026-02-16 08:02:16.840611,Paris-61c3,-4,26,Normal
2026-02-16 08:02:17.840611,Paris-61c3,-26,17,Normal
2026-02-16 08:02:18.840611,Paris-61c3,42,39,Normal
2026-02-16 08:02:19.840611,Paris-61c3,-3,24,Normal
2026-02-16 08:02:20.840611,Paris-61c3,5,96,Normal
2026-02-16 08:02:21.840611,Paris-61c3,-5,6,Normal
2026-02-16 08:02:22.840611,Paris-61c3,-19,94,Normal
2026-02-16 08:02:23.840611,Paris-61c3,-15,56,Normal
2026-02-16 08:02:24.840611,Paris-61c3,9,12,Normal
2026-02-16 08:02:25.840611,Paris-61c3,-15,47,Normal
2026-02-16 08:02:26.840611,Paris-61c3,7,95,Normal
2026-02-16 08:02:27.840611,Paris-61c3,12,13,Normal
2026-02-16 08:02:28.840611,Paris-61c3,2,57,Normal
2026-02-16 08:02:29.840611,Paris-61c3,6,69,Normal
2026-02-16 08:02:30.840611,Paris-61c3,49,61,Normal
2026-02-16 08:02:31.840611,Paris-61c3,-27,75,Normal
2026-02-16 08:02:32.840611,Paris-61c3,39,65,Normal
2026-02-16 08:02:33.840611,Paris-61c3,8,6,Normal
2026-02-16 08:02:34.840611,Paris-61c3,-13,22,Normal
2026-02-16 08:02:35.840611,Paris-61c3,15,50,Normal
2026-02-16 08:02:36.840611,Paris-61c3,-26,44,Normal
2026-02-16 08:02:37.840611,Paris-61c3,22,77,Normal
2026-02-16 08:02:38.840611,Paris-61c3,12,74,Normal
2026-02-16 08:02:39.840611,Paris-61c3,-7,51,Normal
2026-02-16 08:02:40.840611,Paris-61c3,20,7,Normal
2026-02-16 08:02:41.840611,Paris-61c3,13,26,Normal
2026-02-16 08:02:42.840611,Paris-61c3,13,57,Normal
2026-02-16 08:02:43.840611,Paris-61c3,-20,76,Normal
2026-02-16 08:02:44.840611,Paris-61c3,10,49,Normal
2026-02-16 08:02:45.840611,Paris-61c3,12,12,Normal
2026-02-16 08:02:46.840611,Paris-61c3,-19,4,Normal
2026-02-16 08:02:47.840611,Paris-61c3,27,66,Normal
2026-02-16 08:02:48.840611,Paris-61c3,-12,36,Normal
2026-02-16 08:02:49.840611,Paris-61c3,22,6,Normal
2026-02-16 08:02:50.840611,Paris-61c3,46,97,Normal
2026-02-16 08:02:51.840611,Paris-61c3,-20,65,Normal
2026-02-16 08:02:52.840611,Paris-61c3,29,5,Normal
2026-02-16 08:02:53.840611,Paris-61c3,5,36,Normal
2026-02-16 08:02:54.840611,Paris-61c3,8,59,Normal
2026-02-16 08:02:55.840611,Paris-61c3,17,21,Normal
2026-02-16 08:02:56.840611,Paris-61c3,8,5,Normal
2026-02-16 08:02:57.840611,Paris-61c3,30,14,Normal
2026-02-16 08:02:58.840611,Paris-61c3,-13,52,Normal
2026-02-16 08:02:59.840611,Paris-61c3,48,54,Normal
2026-02-16 08:03:00.840611,Paris-61c3,6,67,Normal
2026-02-16 08:03:01.840611,Paris-61c3,-14,85,Normal
2026-02-16 08:03:02.840611,Paris-61c3,28,93,Normal
2026-02-16 08:03:03.840611,Paris-61c3,50,85,Normal
2026-02-16 08:03:04.840611,Paris-61c3,24,79,Normal
2026-02-16 08:03:05.840611,Paris-61c3,-23,49,Normal
2026-02-16 08:03:06.840611,Paris-61c3,-23,30,Normal
2026-02-16 08:03:07.840611,Paris-61c3,-2,71,Normal
2026-02-16 08:03:08.840611,Paris-61c3,-14,84,Normal
2026-02-16 08:03:09.840611,Paris-61c3,-16,12,Normal
2026-02-16 08:03:10.840611,Paris-61c3,32,30,Normal
2026-02-16 08:03:11.840611,Paris-61c3,11,69,Normal
2026-02-16 08:03:12.840611,Paris-61c3,48,75,Normal
2026-02-16 08:03:13.840611,Paris-61c3,-27,77,Normal
2026-02-16 08:03:14.840611,Paris-61c3,34,100,Normal
2026-02-16 08:03:15.840611,Paris-61c3,29,17,Normal
2026-02-16 08:03:16.840611,Paris-61c3,11,62,Normal
2026-02-16 08:03:17.840611,Paris-61c3,-9,72,Normal
2026-02-16 08:03:18.840611,Paris-61c3,33,19,Normal
2026-02-16 08:03:19.840611,Paris-61c3,27,72,Normal
2026-02-16 08:03:20.840611,Paris-61c3,-22,57,Normal
2026-02-16 08:03:21.840611,Paris-61c3,0,90,Normal
2026-02-16 08:03:22.840611,Paris-61c3,14,67,Normal
2026-02-16 08:03:23.840611,Paris-61c3,9,91,Normal
2026-02-16 08:03:24.840611,Paris-61c3,-30,25,Normal
2026-02-16 08:03:25.840611,Paris-61c3,48,10,Normal
2026-02-16 08:03:26.840611,Paris-61c3,-2,1,Normal
2026-02-16 08:03:27.840611,Paris-61c3,18,85,Normal
2026-02-16 08:03:28.840611,Paris-61c3,-5,13,Normal
2026-02-16 08:03:29.840611,Paris-61c3,6,65,Normal
2026-02-16 08:03:30.840611,Paris-61c3,-8,86,Normal
2026-02-16 08:03:31.840611,Paris-61c3,50,59,Normal
2026-02-16 08:03:32.840611,Paris-61c3,10,96,Normal
2026-02-16 08:03:33.840611,Paris-61c3,47,51,Normal
2026-02-16 08:03:34.840611,Paris-61c3,-28,36,Normal
2026-02-16 08:03:35.840611,Paris-61c3,-7,86,Normal
2026-02-16 08:03:36.840611,Paris-61c3,-7,21,Normal
2026-02-16 08:03:37.840611,Paris-61c3,-28,85,Normal
2026-02-16 08:03:38.840611,Paris-61c3,-22,6,Normal
2026-02-16 08:03:39.840611,Paris-61c3,-11,60,Normal
2026-02-16 08:03:40.840611,Paris-61c3,4,7,Normal
2026-02-16 08:03:41.840611,Paris-61c3,-27,66,Normal
2026-02-16 08:03:42.840611,Paris-61c3,0,93,Normal
2026-02-16 08:03:43.840611,Paris-61c3,-4,93,Normal
2026-02-16 08:03:44.840611,Paris-61c3,14,11,Normal
2026-02-16 08:03:45.840611,Paris-61c3,-23,48,Normal
2026-02-16 08:03:46.840611,Paris-61c3,26,3,Normal
2026-02-16 08:03:47.840611,Paris-61c3,35,27,Normal
2026-02-16 08:03:48.840611,Paris-61c3,32,61,Normal
2026-02-16 08:03:49.840611,Paris-61c3,-17,89,Normal
2026-02-16 08:03:50.840611,Paris-61c3,32,59,Normal
2026-02-16 08:03:51.840611,Paris-61c3,-4,88,Normal
2026-02-16 08:03:52.840611,Paris-61c3,-3,4,Normal
2026-02-16 08:03:53.840611,Paris-61c3,38,47,Normal
2026-02-16 08:03:54.840611,Paris-61c3,-13,19,Normal
2026-02-16 08:03:55.840611,Paris-61c3,13,5,Normal
2026-02-16 08:03:56.840611,Paris-61c3,40,57,Normal
2026-02-16 08:03:57.840611,Paris-61c3,-30,51,Normal
2026-02-16 08:03:58.840611,Paris-61c3,50,63,Normal
2026-02-16 08:03:59.840611,Paris-61c3,9,3,Normal
2026-02-16 08:04:00.840611,Paris-61c3,20,10,Normal
2026-02-16 08:04:01.840611,Paris-61c3,39,84,Normal
2026-02-16 08:04:02.840611,Paris-61c3,37,60,Normal
2026-02-16 08:04:03.840611,Paris-61c3,-22,86,Normal
2026-02-16 08:04:04.840611,Paris-61c3,25,41,Normal
2026-02-16 08:04:05.840611,Paris-61c3,-16,100,Normal
2026-02-16 08:04:06.840611,Paris-61c3,1,5,Normal
2026-02-16 08:04:07.840611,Paris-61c3,29,70,Normal
2026-02-16 08:04:08.840611,Paris-61c3,44,35,Normal
2026-02-16 08:04:09.840611,Paris-61c3,33,30,Normal
2026-02-16 08:04:10.840611,Paris-61c3,44,18,Normal
2026-02-16 08:04:11.840611,Paris-61c3,41,80,Normal
2026-02-16 08:04:12.840611,Paris-61c3,9,25,Normal
2026-02-16 08:04:13.840611,Paris-61c3,15,41,Normal
2026-02-16 08:04:14.840611,Paris-61c3,-10,62,Normal
2026-02-16 08:04:15.840611,Paris-61c3,33,29,Normal
2026-02-16 08:04:16.840611,Paris-61c3,12,90,Normal
2026-02-16 08:04:17.840611,Paris-61c3,7,80,Normal
2026-02-16 08:04:18.840611,Paris-61c3,3,32,Normal
2026-02-16 08:04:19.840611,Paris-61c3,-26,2,Normal
2026-02-16 08:04:20.840611,Paris-61c3,45,73,Normal
2026-02-16 08:04:21.840611,Paris-61c3,28,56,Normal
2026-02-16 08:04:22.840611,Paris-61c3,-15,65,Normal
2026-02-16 08:04:23.840611,Paris-61c3,-25,41,Normal
2026-02-16 08:04:24.840611,Paris-61c3,25,28,Normal
2026-02-16 08:04:25.840611,Paris-61c3,-11,82,Normal
2026-02-16 08:04:26.840611,Paris-61c3,5,94,Normal
2026-02-16 08:04:27.840611,Paris-61c3,0,20,Normal
2026-02-16 08:04:28.840611,Paris-61c3,32,86,Normal
2026-02-16 08:04:29.840611,Paris-61c3,44,32,Normal
2026-02-16 08:04:30.840611,Paris-61c3,-11,11,Normal
2026-02-16 08:04:31.840611,Paris-61c3,32,81,Normal
2026-02-16 08:04:32.840611,Paris-61c3,-4,66,Normal
2026-02-16 08:04:33.840611,Paris-61c3,33,6,Normal
2026-02-16 08:04:34.840611,Paris-61c3,18,72,Normal
2026-02-16 08:04:35.840611,Paris-61c3,50,37,Normal
2026-02-16 08:04:36.840611,Paris-61c3,-14,93,Normal
2026-02-16 08:04:37.840611,Paris-61c3,-28,8,Normal
2026-02-16 08:04:38.840611,Paris-61c3,31,80,Normal
2026-02-16 08:04:39.840611,Paris-61c3,26,22,Normal
2026-02-16 08:04:40.840611,Paris-61c3,36,86,Normal
2026-02-16 08:04:41.840611,Paris-61c3,30,4,Normal
2026-02-16 08:04:42.840611,Paris-61c3,14,80,Normal
2026-02-16 08:04:43.840611,Paris-61c3,34,27,Normal
2026-02-16 08:04:44.840611,Paris-61c3,32,28,Normal
2026-02-16 08:04:45.840611,Paris-61c3,14,53,Normal
2026-02-16 08:04:46.840611,Paris-61c3,-11,6,Normal
2026-02-16 08:04:47.840611,Paris-61c3,30,96,Normal
2026-02-16 08:04:48.840611,Paris-61c3,25,84,Normal
2026-02-16 08:04:49.840611,Paris-61c3,32,29,Normal
2026-02-16 08:04:50.840611,Paris-61c3,-18,13,Normal
2026-02-16 08:04:51.840611,Paris-61c3,34,54,Normal
2026-02-16 08:04:52.840611,Paris-61c3,18,44,Normal
2026-02-16 08:04:53.840611,Paris-61c3,50,96,Normal
2026-02-16 08:04:54.840611,Paris-61c3,-12,57,Normal
2026-02-16 08:04:55.840611,Paris-61c3,12,87,Normal
2026-02-16 08:04:56.840611,Paris-61c3,-13,39,Normal
2026-02-16 08:04:57.840611,Paris-61c3,0,56,Normal
2026-02-16 08:04:58.840611,Paris-61c3,-2,95,Normal
2026-02-16 08:04:59.840611,Paris-61c3,13,87,Normal
2026-02-16 08:05:00.840611,Paris-61c3,7,16,Normal
2026-02-16 08:05:01.840611,Paris-61c3,-9,76,Normal
2026-02-16 08:05:02.840611,Paris-61c3,5,95,Normal
2026-02-16 08:05:03.840611,Paris-61c3,6,3,Normal
2026-02-16 08:05:04.840611,Paris-61c3,0,23,Normal
2026-02-16 08:05:05.840611,Paris-61c3,-1,84,Normal
2026-02-16 08:05:06.840611,Paris-61c3,47,8,Normal
2026-02-16 08:05:07.840611,Paris-61c3,23,50,Normal
2026-02-16 08:05:08.840611,Paris-61c3,13,15,Normal
2026-02-16 08:05:09.840611,Paris-61c3,40,17,Normal
2026-02-16 08:05:10.840611,Paris-61c3,-8,14,Normal
2026-02-16 08:05:11.840611,Paris-61c3,30,14,Normal
2026-02-16 08:05:12.840611,Paris-61c3,13,54,Normal
2026-02-16 08:05:13.840611,Paris-61c3,15,3,Normal
2026-02-16 08:05:14.840611,Paris-61c3,50,29,Normal
2026-02-16 08:05:15.840611,Paris-61c3,21,25,Normal
2026-02-16 08:05:16.840611,Paris-61c3,-1,30,Normal
2026-02-16 08:05:17.840611,Paris-61c3,-6,78,Normal
2026-02-16 08:05:18.840611,Paris-61c3,48,47,Normal
2026-02-16 08:05:19.840611,Paris-61c3,15,15,Normal
2026-02-16 08:05:20.840611,Paris-61c3,-9,29,Normal
2026-02-16 08:05:21.840611,Paris-61c3,34,21,Normal
2026-02-16 08:05:22.840611,Paris-61c3,-9,23,Normal
2026-02-16 08:05:23.840611,Paris-61c3,1,28,Normal
2026-02-16 08:05:24.840611,Paris-61c3,-18,82,Normal
2026-02-16 08:05:25.840611,Paris-61c3,2,5,Normal
2026-02-16 08:05:26.840611,Paris-61c3,-18,64,Normal
2026-02-16 08:05:27.840611,Paris-61c3,35,4,Normal
2026-02-16 08:05:28.840611,Paris-61c3,-24,84,Normal
2026-02-16 08:05:29.840611,Paris-61c3,1,51,Normal
2026-02-16 08:05:30.840611,Paris-61c3,41,65,Normal
2026-02-16 08:05:31.840611,Paris-61c3,20,22,Normal
2026-02-16 08:05:32.840611,Paris-61c3,43,65,Normal
2026-02-16 08:05:33.840611,Paris-61c3,39,68,Normal
2026-02-16 08:05:34.840611,Paris-61c3,-21,17,Normal
2026-02-16 08:05:35.840611,Paris-61c3,-17,75,Normal
2026-02-16 08:05:36.840611,Paris-61c3,18,48,Normal
2026-02-16 08:05:37.840611,Paris-61c3,21,74,Normal
2026-02-16 08:05:38.840611,Paris-61c3,15,36,Normal
2026-02-16 08:05:39.840611,Paris-61c3,13,52,Normal
2026-02-16 08:05:40.840611,Paris-61c3,33,65,Normal
2026-02-16 08:05:41.840611,Paris-61c3,25,30,Normal
2026-02-16 08:05:42.840611,Paris-61c3,9,62,Normal
2026-02-16 08:05:43.840611,Paris-61c3,29,63,Normal
2026-02-16 08:05:44.840611,Paris-61c3,11,73,Normal
2026-02-16 08:05:45.840611,Paris-61c3,3,45,Normal
2026-02-16 08:05:46.840611,Paris-61c3,-22,27,Normal
2026-02-16 08:05:47.840611,Paris-61c3,12,56,Normal
2026-02-16 08:05:48.840611,Paris-61c3,30,11,Normal
2026-02-16 08:05:49.840611,Paris-61c3,16,83,Normal
2026-02-16 08:05:50.840611,Paris-61c3,18,26,Normal
2026-02-16 08:05:51.840611,Paris-61c3,18,27,Normal
2026-02-16 08:05:52.840611,Paris-61c3,-17,87,Normal
2026-02-16 08:05:53.840611,Paris-61c3,-15,45,Normal
2026-02-16 08:05:54.840611,Paris-61c3,6,20,Normal
2026-02-16 08:05:55.840611,Paris-61c3,13,38,Normal
2026-02-16 08:05:56.840611,Paris-61c3,-18,12,Normal
2026-02-16 08:05:57.840611,Paris-61c3,-7,19,Normal
2026-02-16 08:05:58.840611,Paris-61c3,28,53,Normal
2026-02-16 08:05:59.840611,Paris-61c3,43,36,Normal
2026-02-16 08:06:00.840611,Paris-61c3,-20,72,Normal
2026-02-16 08:06:01.840611,Paris-61c3,46,77,Normal
2026-02-16 08:06:02.840611,Paris-61c3,-22,1,Normal
2026-02-16 08:06:03.840611,Paris-61c3,-14,46,Normal
2026-02-16 08:06:04.840611,Paris-61c3,-30,71,Normal
2026-02-16 08:06:05.840611,Paris-61c3,-13,24,Normal
2026-02-16 08:06:06.840611,Paris-61c3,-13,35,Normal
2026-02-16 08:06:07.840611,Paris-61c3,26,70,Normal
2026-02-16 08:06:08.840611,Paris-61c3,15,98,Normal
2026-02-16 08:06:09.840611,Paris-61c3,-19,50,Normal
2026-02-16 08:06:10.840611,Paris-61c3,-1,17,Normal
2026-02-16 08:06:11.840611,Paris-61c3,47,53,Normal
2026-02-16 08:06:12.840611,Paris-61c3,16,53,Normal
2026-02-16 08:06:13.840611,Paris-61c3,-20,62,Normal
2026-02-16 08:06:14.840611,Paris-61c3,20,94,Normal
2026-02-16 08:06:15.840611,Paris-61c3,5,35,Normal
2026-02-16 08:06:16.840611,Paris-61c3,16,10,Normal
2026-02-16 08:06:17.840611,Paris-61c3,10,52,Normal
2026-02-16 08:06:18.840611,Paris-61c3,-19,3,Normal
2026-02-16 08:06:19.840611,Paris-61c3,7,27,Normal
2026-02-16 08:06:20.840611,Paris-61c3,3,3,Normal
2026-02-16 08:06:21.840611,Paris-61c3,21,48,Normal
2026-02-16 08:06:22.840611,Paris-61c3,-20,16,Normal
2026-02-16 08:06:23.840611,Paris-61c3,33,30,Normal
2026-02-16 08:06:24.840611,Paris-61c3,42,11,Normal
2026-02-16 08:06:25.840611,Paris-61c3,22,78,Normal
2026-02-16 08:06:26.840611,Paris-61c3,50,66,Normal
2026-02-16 08:06:27.840611,Paris-61c3,-27,95,Normal
2026-02-16 08:06:28.840611,Paris-61c3,-9,30,Normal
2026-02-16 08:06:29.840611,Paris-61c3,17,54,Normal
2026-02-16 08:06:30.840611,Paris-61c3,22,96,Normal
2026-02-16 08:06:31.840611,Paris-61c3,-11,37,Normal
2026-02-16 08:06:32.840611,Paris-61c3,-22,48,Normal
2026-02-16 08:06:33.840611,Paris-61c3,38,20,Normal
2026-02-16 08:06:34.840611,Paris-61c3,9,39,Normal
2026-02-16 08:06:35.840611,Paris-61c3,19,49,Normal
2026-02-16 08:06:36.840611,Paris-61c3,13,83,Normal
2026-02-16 08:06:37.840611,Paris-61c3,31,79,Normal
2026-02-16 08:06:38.840611,Paris-61c3,-14,31,Normal
2026-02-16 08:06:39.840611,Paris-61c3,32,45,Normal
2026-02-16 08:06:40.840611,Paris-61c3,2,22,Normal
2026-02-16 08:06:41.840611,Paris-61c3,-13,60,Normal
2026-02-16 08:06:42.840611,Paris-61c3,32,48,Normal
2026-02-16 08:06:43.840611,Paris-61c3,-19,88,Normal
2026-02-16 08:06:44.840611,Paris-61c3,-24,69,Normal
2026-02-16 08:06:45.840611,Paris-61c3,32,35,Normal
2026-02-16 08:06:46.840611,Paris-61c3,-2,69,Normal
2026-02-16 08:06:47.840611,Paris-61c3,11,38,Normal
2026-02-16 08:06:48.840611,Paris-61c3,9,29,Normal
2026-02-16 08:06:49.840611,Paris-61c3,40,30,Normal
2026-02-16 08:06:50.840611,Paris-61c3,-28,100,Normal
2026-02-16 08:06:51.840611,Paris-61c3,20,73,Normal
2026-02-16 08:06:52.840611,Paris-61c3,19,50,Normal
2026-02-16 08:06:53.840611,Paris-61c3,28,48,Normal
2026-02-16 08:06:54.840611,Paris-61c3,44,95,Normal
2026-02-16 08:06:55.840611,Paris-61c3,8,51,Normal
2026-02-16 08:06:56.840611,Paris-61c3,22,84,Normal
2026-02-16 08:06:57.840611,Paris-61c3,16,70,Normal
2026-02-16 08:06:58.840611,Paris-61c3,3,39,Normal
2026-02-16 08:06:59.840611,Paris-61c3,19,63,Normal
2026-02-16 08:07:00.840611,Paris-61c3,-25,4,Normal
2026-02-16 08:07:01.840611,Paris-61c3,-13,67,Normal
2026-02-16 08:07:02.840611,Paris-61c3,43,15,Normal
2026-02-16 08:07:03.840611,Paris-61c3,35,40,Normal
2026-02-16 08:07:04.840611,Paris-61c3,-24,21,Normal
2026-02-16 08:07:05.840611,Paris-61c3,-15,42,Normal
2026-02-16 08:07:06.840611,Paris-61c3,41,8,Normal
2026-02-16 08:07:07.840611,Paris-61c3,21,86,Normal
2026-02-16 08:07:08.840611,Paris-61c3,50,100,Normal
2026-02-16 08:07:09.840611,Paris-61c3,-22,35,Normal
2026-02-16 08:07:10.840611,Paris-61c3,44,85,Normal
2026-02-16 08:07:11.840611,Paris-61c3,44,56,Normal
2026-02-16 08:07:12.840611,Paris-61c3,-18,72,Normal
2026-02-16 08:07:13.840611,Paris-61c3,22,10,Normal
2026-02-16 08:07:14.840611,Paris-61c3,12,34,Normal
2026-02-16 08:07:15.840611,Paris-61c3,18,39,Normal
2026-02-16 08:07:16.840611,Paris-61c3,-20,39,Normal
2026-02-16 08:07:17.840611,Paris-61c3,14,66,Normal
2026-02-16 08:07:18.840611,Paris-61c3,37,25,Normal
2026-02-16 08:07:19.840611,Paris-61c3,44,15,Normal
2026-02-16 08:07:20.840611,Paris-61c3,13,53,Normal
2026-02-16 08:07:21.840611,Paris-61c3,-5,24,Normal
2026-02-16 08:07:22.840611,Paris-61c3,2,58,Normal
2026-02-16 08:07:23.840611,Paris-61c3,22,82,Normal
2026-02-16 08:07:24.840611,Paris-61c3,47,59,Normal
2026-02-16 08:07:25.840611,Paris-61c3,25,65,Normal
2026-02-16 08:07:26.840611,Paris-61c3,24,44,Normal
2026-02-16 08:07:27.840611,Paris-61c3,-27,90,Normal
2026-02-16 08:07:28.840611,Paris-61c3,-25,17,Normal
2026-02-16 08:07:29.840611,Paris-61c3,32,46,Normal
2026-02-16 08:07:30.840611,Paris-61c3,16,21,Normal
2026-02-16 08:07:31.840611,Paris-61c3,13,4,Normal
2026-02-16 08:07:32.840611,Paris-61c3,26,81,Normal
2026-02-16 08:07:33.840611,Paris-61c3,-27,64,Normal
2026-02-16 08:07:34.840611,Paris-61c3,-9,98,Normal
2026-02-16 08:07:35.840611,Paris-61c3,-6,62,Normal
2026-02-16 08:07:36.840611,Paris-61c3,-28,55,Normal
2026-02-16 08:07:37.840611,Paris-61c3,-3,55,Normal
2026-02-16 08:07:38.840611,Paris-61c3,24,97,Normal
2026-02-16 08:07:39.840611,Paris-61c3,41,47,Normal
2026-02-16 08:07:40.840611,Paris-61c3,26,8,Normal
2026-02-16 08:07:41.840611,Paris-61c3,-24,7,Normal
2026-02-16 08:07:42.840611,Paris-61c3,22,79,Normal
2026-02-16 08:07:43.840611,Paris-61c3,11,21,Normal
2026-02-16 08:07:44.840611,Paris-61c3,-10,50,Normal
2026-02-16 08:07:45.840611,Paris-61c3,8,61,Normal
2026-02-16 08:07:46.840611,Paris-61c3,31,46,Normal
2026-02-16 08:07:47.840611,Paris-61c3,-10,63,Normal
2026-02-16 08:07:48.840611,Paris-61c3,-29,64,Normal
2026-02-16 08:07:49.840611,Paris-61c3,18,98,Normal
2026-02-16 08:07:50.840611,Paris-61c3,31,29,Normal
2026-02-16 08:07:51.840611,Paris-61c3,-8,0,Normal
2026-02-16 08:07:52.840611,Paris-61c3,-24,9,Normal
2026-02-16 08:07:53.840611,Paris-61c3,44,18,Normal
2026-02-16 08:07:54.840611,Paris-61c3,-21,39,Normal
2026-02-16 08:07:55.840611,Paris-61c3,-6,43,Normal
2026-02-16 08:07:56.840611,Paris-61c3,-5,64,Normal
2026-02-16 08:07:57.840611,Paris-61c3,6,15,Normal
2026-02-16 08:07:58.840611,Paris-61c3,-8,68,Normal
2026-02-16 08:07:59.840611,Paris-61c3,-30,24,Normal
2026-02-16 08:08:00.840611,Paris-61c3,1,32,Normal
2026-02-16 08:08:01.840611,Paris-61c3,37,13,Normal
2026-02-16 08:08:02.840611,Paris-61c3,-25,89,Normal
2026-02-16 08:08:03.840611,Paris-61c3,8,29,Normal
2026-02-16 08:08:04.840611,Paris-61c3,-10,31,Normal
2026-02-16 08:08:05.840611,Paris-61c3,20,74,Normal
2026-02-16 08:08:06.840611,Paris-61c3,43,39,Normal
2026-02-16 08:08:07.840611,Paris-61c3,7,24,Normal
2026-02-16 08:08:08.840611,Paris-61c3,35,68,Normal
2026-02-16 08:08:09.840611,Paris-61c3,2,8,Normal
2026-02-16 08:08:10.840611,Paris-61c3,9,75,Normal
2026-02-16 08:08:11.840611,Paris-61c3,44,46,Normal
2026-02-16 08:08:12.840611,Paris-61c3,12,12,Normal
2026-02-16 08:08:13.840611,Paris-61c3,10,23,Normal
2026-02-16 08:08:14.840611,Paris-61c3,4,87,Normal
2026-02-16 08:08:15.840611,Paris-61c3,24,70,Normal
2026-02-16 08:08:16.840611,Paris-61c3,25,5,Normal
2026-02-16 08:08:17.840611,Paris-61c3,10,53,Normal
2026-02-16 08:08:18.840611,Paris-61c3,4,88,Normal
2026-02-16 08:08:19.840611,Paris-61c3,10,16,Normal
2026-02-16 08:08:20.840611,Paris-61c3,6,5,Normal
2026-02-16 08:08:21.840611,Paris-61c3,20,52,Normal
2026-02-16 08:08:22.840611,Paris-61c3,48,34,Normal
2026-02-16 08:08:23.840611,Paris-61c3,31,89,Normal
2026-02-16 08:08:24.840611,Paris-61c3,20,0,Normal
2026-02-16 08:08:25.840611,Paris-61c3,26,84,Normal
2026-02-16 08:08:26.840611,Paris-61c3,22,70,Normal
2026-02-16 08:08:27.840611,Paris-61c3,-29,78,Normal
2026-02-16 08:08:28.840611,Paris-61c3,-8,50,Normal
2026-02-16 08:08:29.840611,Paris-61c3,3,55,Normal
2026-02-16 08:08:30.840611,Paris-61c3,26,7,Normal
2026-02-16 08:08:31.840611,Paris-61c3,-17,100,Normal
2026-02-16 08:08:32.840611,Paris-61c3,47,57,Normal
2026-02-16 08:08:33.840611,Paris-61c3,-14,9,Normal
2026-02-16 08:08:34.840611,Paris-61c3,21,59,Normal
2026-02-16 08:08:35.840611,Paris-61c3,7,56,Normal
2026-02-16 08:08:36.840611,Paris-61c3,21,0,Normal
2026-02-16 08:08:37.840611,Paris-61c3,35,98,Normal
2026-02-16 08:08:38.840611,Paris-61c3,37,0,Normal
2026-02-16 08:08:39.840611,Paris-61c3,-3,14,Normal
2026-02-16 08:08:40.840611,Paris-61c3,-11,41,Normal
2026-02-16 08:08:41.840611,Paris-61c3,-17,49,Normal
2026-02-16 08:08:42.840611,Paris-61c3,41,54,Normal
2026-02-16 08:08:43.840611,Paris-61c3,32,58,Normal
2026-02-16 08:08:44.840611,Paris-61c3,2,24,Normal
2026-02-16 08:08:45.840611,Paris-61c3,-27,83,Normal
2026-02-16 08:08:46.840611,Paris-61c3,1,10,Normal
2026-02-16 08:08:47.840611,Paris-61c3,10,17,Normal
2026-02-16 08:08:48.840611,Paris-61c3,23,33,Normal
2026-02-16 08:08:49.840611,Paris-61c3,21,59,Normal
2026-02-16 08:08:50.840611,Paris-61c3,-30,38,Normal
2026-02-16 08:08:51.840611,Paris-61c3,-29,46,Normal
2026-02-16 08:08:52.840611,Paris-61c3,-25,79,Normal
2026-02-16 08:08:53.840611,Paris-61c3,39,27,Normal
2026-02-16 08:08:54.840611,Paris-61c3,30,56,Normal
2026-02-16 08:08:55.840611,Paris-61c3,46,51,Normal
2026-02-16 08:08:56.840611,Paris-61c3,7,36,Normal
2026-02-16 08:08:57.840611,Paris-61c3,-30,81,Normal
2026-02-16 08:08:58.840611,Paris-61c3,40,47,Normal
2026-02-16 08:08:59.840611,Paris-61c3,-27,8,Normal
2026-02-16 08:09:00.840611,Paris-61c3,-25,67,Normal
2026-02-16 08:09:01.840611,Paris-61c3,-2,70,Normal
2026-02-16 08:09:02.840611,Paris-61c3,-30,85,Normal
2026-02-16 08:09:03.840611,Paris-61c3,-3,7,Normal
2026-02-16 08:09:04.840611,Paris-61c3,-23,15,Normal
2026-02-16 08:09:05.840611,Paris-61c3,-10,63,Normal
2026-02-16 08:09:06.840611,Paris-61c3,46,6,Normal
2026-02-16 08:09:07.840611,Paris-61c3,-24,92,Normal
2026-02-16 08:09:08.840611,Paris-61c3,34,98,Normal
2026-02-16 08:09:09.840611,Paris-61c3,-3,83,Normal
2026-02-16 08:09:10.840611,Paris-61c3,-27,33,Normal
2026-02-16 08:09:11.840611,Paris-61c3,-19,55,Normal
2026-02-16 08:09:12.840611,Paris-61c3,-21,0,Normal
2026-02-16 08:09:13.840611,Paris-61c3,-12,57,Normal
2026-02-16 08:09:14.840611,Paris-61c3,33,50,Normal
2026-02-16 08:09:15.840611,Paris-61c3,45,42,Normal
2026-02-16 08:09:16.840611,Paris-61c3,25,89,Normal
2026-02-16 08:09:17.840611,Paris-61c3,-29,17,Normal
2026-02-16 08:09:18.840611,Paris-61c3,32,90,Normal
2026-02-16 08:09:19.840611,Paris-61c3,-17,67,Normal
2026-02-16 08:09:20.840611,Paris-61c3,45,63,Normal
2026-02-16 08:09:21.840611,Paris-61c3,46,44,Normal
2026-02-16 08:09:22.840611,Paris-61c3,31,99,Normal
2026-02-16 08:09:23.840611,Paris-61c3,2,84,Normal
2026-02-16 08:09:24.840611,Paris-61c3,0,68,Normal
2026-02-16 08:09:25.840611,Paris-61c3,20,93,Normal
2026-02-16 08:09:26.840611,Paris-61c3,14,1,Normal
2026-02-16 08:09:27.840611,Paris-61c3,16,5,Normal
2026-02-16 08:09:28.840611,Paris-61c3,0,19,Normal
2026-02-16 08:09:29.840611,Paris-61c3,36,97,Normal
2026-02-16 08:09:30.840611,Paris-61c3,42,3,Normal
2026-02-16 08:09:31.840611,Paris-61c3,-6,81,Normal
2026-02-16 08:09:32.840611,Paris-61c3,-7,62,Normal
2026-02-16 08:09:33.840611,Paris-61c3,0,60,Normal
2026-02-16 08:09:34.840611,Paris-61c3,39,69,Normal
2026-02-16 08:09:35.840611,Paris-61c3,17,11,Normal
2026-02-16 08:09:36.840611,Paris-61c3,26,19,Normal
2026-02-16 08:09:37.840611,Paris-61c3,0,76,Normal
2026-02-16 08:09:38.840611,Paris-61c3,-13,73,Normal
2026-02-16 08:09:39.840611,Paris-61c3,-25,54,Normal
2026-02-16 08:09:40.840611,Paris-61c3,16,54,Normal
2026-02-16 08:09:41.840611,Paris-61c3,-30,62,Normal
2026-02-16 08:09:42.840611,Paris-61c3,-6,46,Normal
2026-02-16 08:09:43.840611,Paris-61c3,33,77,Normal
2026-02-16 08:09:44.840611,Paris-61c3,-9,70,Normal
2026-02-16 08:09:45.840611,Paris-61c3,12,81,Normal
2026-02-16 08:09:46.840611,Paris-61c3,-1,43,Normal
2026-02-16 08:09:47.840611,Paris-61c3,44,97,Normal
2026-02-16 08:09:48.840611,Paris-61c3,23,31,Normal
2026-02-16 08:09:49.840611,Paris-61c3,4,10,Normal
2026-02-16 08:09:50.840611,Paris-61c3,-11,48,Normal
2026-02-16 08:09:51.840611,Paris-61c3,-21,8,Normal
2026-02-16 08:09:52.840611,Paris-61c3,1,22,Normal
2026-02-16 08:09:53.840611,Paris-61c3,-19,2,Normal
2026-02-16 08:09:54.840611,Paris-61c3,-10,98,Normal
2026-02-16 08:09:55.840611,Paris-61c3,8,100,Normal
2026-02-16 08:09:56.840611,Paris-61c3,-3,39,Normal
2026-02-16 08:09:57.840611,Paris-61c3,25,52,Normal
2026-02-16 08:09:58.840611,Paris-61c3,-21,94,Normal
2026-02-16 08:09:59.840611,Paris-61c3,-4,38,Normal
2026-02-16 08:10:00.840611,Paris-61c3,7,51,Normal
2026-02-16 08:10:01.840611,Paris-61c3,-26,51,Normal
2026-02-16 08:10:02.840611,Paris-61c3,-15,74,Normal
2026-02-16 08:10:03.840611,Paris-61c3,-26,6,Normal
2026-02-16 08:10:04.840611,Paris-61c3,35,86,Normal
2026-02-16 08:10:05.840611,Paris-61c3,31,32,Normal
2026-02-16 08:10:06.840611,Paris-61c3,48,36,Normal
2026-02-16 08:10:07.840611,Paris-61c3,-23,1,Normal
2026-02-16 08:10:08.840611,Paris-61c3,-29,31,Normal
2026-02-16 08:10:09.840611,Paris-61c3,-30,50,Normal
2026-02-16 08:10:10.840611,Paris-61c3,-8,80,Normal
2026-02-16 08:10:11.840611,Paris-61c3,-18,47,Normal
2026-02-16 08:10:12.840611,Paris-61c3,47,10,Normal
2026-02-16 08:10:13.840611,Paris-61c3,49,71,Normal
2026-02-16 08:10:14.840611,Paris-61c3,22,1,Normal
2026-02-16 08:10:15.840611,Paris-61c3,35,29,Normal
2026-02-16 08:10:16.840611,Paris-61c3,-4,21,Normal
2026-02-16 08:10:17.840611,Paris-61c3,22,49,Normal
2026-02-16 08:10:18.840611,Paris-61c3,35,15,Normal
2026-02-16 08:10:19.840611,Paris-61c3,11,90,Normal
2026-02-16 08:10:20.840611,Paris-61c3,-21,82,Normal
2026-02-16 08:10:21.840611,Paris-61c3,-20,47,Normal
2026-02-16 08:10:22.840611,Paris-61c3,1,73,Normal
2026-02-16 08:10:23.840611,Paris-61c3,2,31,Normal
2026-02-16 08:10:24.840611,Paris-61c3,26,34,Normal
2026-02-16 08:10:25.840611,Paris-61c3,20,4,Normal
2026-02-16 08:10:26.840611,Paris-61c3,35,47,Normal
2026-02-16 08:10:27.840611,Paris-61c3,8,82,Normal
2026-02-16 08:10:28.840611,Paris-61c3,-17,51,Normal
2026-02-16 08:10:29.840611,Paris-61c3,4,1,Normal
2026-02-16 08:10:30.840611,Paris-61c3,-16,94,Normal
2026-02-16 08:10:31.840611,Paris-61c3,26,83,Normal
2026-02-16 08:10:32.840611,Paris-61c3,36,68,Normal
2026-02-16 08:10:33.840611,Paris-61c3,34,27,Normal
2026-02-16 08:10:34.840611,Paris-61c3,-21,76,Normal
2026-02-16 08:10:35.840611,Paris-61c3,19,97,Normal
2026-02-16 08:10:36.840611,Paris-61c3,15,2,Normal
2026-02-16 08:10:37.840611,Paris-61c3,-13,53,Normal
2026-02-16 08:10:38.840611,Paris-61c3,42,24,Normal
2026-02-16 08:10:39.840611,Paris-61c3,-5,10,Normal
2026-02-16 08:10:40.840611,Paris-61c3,-16,18,Normal
2026-02-16 08:10:41.840611,Paris-61c3,-23,71,Normal
2026-02-16 08:10:42.840611,Paris-61c3,30,8,Normal
2026-02-16 08:10:43.840611,Paris-61c3,-9,56,Normal
2026-02-16 08:10:44.840611,Paris-61c3,23,42,Normal
2026-02-16 08:10:45.840611,Paris-61c3,-17,67,Normal
2026-02-16 08:10:46.840611,Paris-61c3,-26,4,Normal
2026-02-16 08:10:47.840611,Paris-61c3,-5,50,Normal
2026-02-16 08:10:48.840611,Paris-61c3,-15,75,Normal
2026-02-16 08:10:49.840611,Paris-61c3,-12,24,Normal
2026-02-16 08:10:50.840611,Paris-61c3,13,3,Normal
2026-02-16 08:10:51.840611,Paris-61c3,16,72,Normal
2026-02-16 08:10:52.840611,Paris-61c3,14,79,Normal
2026-02-16 08:10:53.840611,Paris-61c3,-12,27,Normal
2026-02-16 08:10:54.840611,Paris-61c3,-16,73,Normal
2026-02-16 08:10:55.840611,Paris-61c3,38,81,Normal
2026-02-16 08:10:56.840611,Paris-61c3,35,74,Normal
2026-02-16 08:10:57.840611,Paris-61c3,23,9,Normal
2026-02-16 08:10:58.840611,Paris-61c3,-1,14,Normal
2026-02-16 08:10:59.840611,Paris-61c3,1,25,Normal
2026-02-16 08:11:00.840611,Paris-61c3,30,32,Normal
2026-02-16 08:11:01.840611,Paris-61c3,40,43,Normal
2026-02-16 08:11:02.840611,Paris-61c3,-8,4,Normal
2026-02-16 08:11:03.840611,Paris-61c3,-23,5,Normal
2026-02-16 08:11:04.840611,Paris-61c3,46,37,Normal
2026-02-16 08:11:05.840611,Paris-61c3,12,72,Normal
2026-02-16 08:11:06.840611,Paris-61c3,49,11,Normal
2026-02-16 08:11:07.840611,Paris-61c3,48,26,Normal
2026-02-16 08:11:08.840611,Paris-61c3,-2,65,Normal
2026-02-16 08:11:09.840611,Paris-61c3,47,33,Normal
2026-02-16 08:11:10.840611,Paris-61c3,-17,4,Normal
2026-02-16 08:11:11.840611,Paris-61c3,-1,44,Normal
2026-02-16 08:11:12.840611,Paris-61c3,29,97,Normal
2026-02-16 08:11:13.840611,Paris-61c3,-24,30,Normal
2026-02-16 08:11:14.840611,Paris-61c3,24,62,Normal
2026-02-16 08:11:15.840611,Paris-61c3,22,98,Normal
2026-02-16 08:11:16.840611,Paris-61c3,36,49,Normal
2026-02-16 08:11:17.840611,Paris-61c3,9,32,Normal
2026-02-16 08:11:18.840611,Paris-61c3,44,34,Normal
2026-02-16 08:11:19.840611,Paris-61c3,17,36,Normal
2026-02-16 08:11:20.840611,Paris-61c3,10,38,Normal
2026-02-16 08:11:21.840611,Paris-61c3,-1,65,Normal
2026-02-16 08:11:22.840611,Paris-61c3,-3,88,Normal
2026-02-16 08:11:23.840611,Paris-61c3,29,61,Normal
2026-02-16 08:11:24.840611,Paris-61c3,38,46,Normal
2026-02-16 08:11:25.840611,Paris-61c3,38,89,Normal
2026-02-16 08:11:26.840611,Paris-61c3,42,1,Normal
2026-02-16 08:11:27.840611,Paris-61c3,27,98,Normal
2026-02-16 08:11:28.840611,Paris-61c3,-2,7,Normal
2026-02-16 08:11:29.840611,Paris-61c3,14,49,Normal
2026-02-16 08:11:30.840611,Paris-61c3,33,78,Normal
2026-02-16 08:11:31.840611,Paris-61c3,-23,83,Normal
2026-02-16 08:11:32.840611,Paris-61c3,23,45,Normal
2026-02-16 08:11:33.840611,Paris-61c3,-7,2,Normal
2026-02-16 08:11:34.840611,Paris-61c3,-30,3,Normal
2026-02-16 08:11:35.840611,Paris-61c3,23,40,Normal
2026-02-16 08:11:36.840611,Paris-61c3,-23,15,Normal
2026-02-16 08:11:37.840611,Paris-61c3,-19,14,Normal
2026-02-16 08:11:38.840611,Paris-61c3,28,98,Normal
2026-02-16 08:11:39.840611,Paris-61c3,-16,19,Normal
2026-02-16 08:11:40.840611,Paris-61c3,25,47,Normal
2026-02-16 08:11:41.840611,Paris-61c3,45,15,Normal
2026-02-16 08:11:42.840611,Paris-61c3,-2,41,Normal
2026-02-16 08:11:43.840611,Paris-61c3,26,99,Normal
2026-02-16 08:11:44.840611,Paris-61c3,-24,77,Normal
2026-02-16 08:11:45.840611,Paris-61c3,-18,63,Normal
2026-02-16 08:11:46.840611,Paris-61c3,5,2,Normal
2026-02-16 08:11:47.840611,Paris-61c3,-16,88,Normal
2026-02-16 08:11:48.840611,Paris-61c3,28,33,Normal
2026-02-16 08:11:49.840611,Paris-61c3,27,33,Normal
2026-02-16 08:11:50.840611,Paris-61c3,-16,27,Normal
2026-02-16 08:11:51.840611,Paris-61c3,-15,61,Normal
2026-02-16 08:11:52.840611,Paris-61c3,36,31,Normal
2026-02-16 08:11:53.840611,Paris-61c3,39,86,Normal
2026-02-16 08:11:54.840611,Paris-61c3,12,39,Normal
2026-02-16 08:11:55.840611,Paris-61c3,-17,11,Normal
2026-02-16 08:11:56.840611,Paris-61c3,32,61,Normal
2026-02-16 08:11:57.840611,Paris-61c3,-19,14,Normal
2026-02-16 08:11:58.840611,Paris-61c3,-30,23,Normal
2026-02-16 08:11:59.840611,Paris-61c3,44,10,Normal
2026-02-16 08:12:00.840611,Paris-61c3,44,76,Normal
2026-02-16 08:12:01.840611,Paris-61c3,33,99,Normal
2026-02-16 08:12:02.840611,Paris-61c3,49,18,Normal
2026-02-16 08:12:03.840611,Paris-61c3,32,76,Normal
2026-02-16 08:12:04.840611,Paris-61c3,1,4,Normal
2026-02-16 08:12:05.840611,Paris-61c3,41,74,Normal
2026-02-16 08:12:06.840611,Paris-61c3,-12,9,Normal
2026-02-16 08:12:07.840611,Paris-61c3,-4,28,Normal
2026-02-16 08:12:08.840611,Paris-61c3,-16,60,Normal
2026-02-16 08:12:09.840611,Paris-61c3,25,80,Normal
2026-02-16 08:12:10.840611,Paris-61c3,-2,59,Normal
2026-02-16 08:12:11.840611,Paris-61c3,35,12,Normal
2026-02-16 08:12:12.840611,Paris-61c3,30,23,Normal
2026-02-16 08:12:13.840611,Paris-61c3,-5,81,Normal
2026-02-16 08:12:14.840611,Paris-61c3,22,18,Normal
2026-02-16 08:12:15.840611,Paris-61c3,43,33,Normal
2026-02-16 08:12:16.840611,Paris-61c3,-4,94,Normal
2026-02-16 08:12:17.840611,Paris-61c3,26,29,Normal
2026-02-16 08:12:18.840611,Paris-61c3,-10,21,Normal
2026-02-16 08:12:19.840611,Paris-61c3,-2,81,Normal
2026-02-16 08:12:20.840611,Paris-61c3,-25,87,Normal
2026-02-16 08:12:21.840611,Paris-61c3,-30,80,Normal
2026-02-16 08:12:22.840611,Paris-61c3,29,1,Normal
2026-02-16 08:12:23.840611,Paris-61c3,31,45,Normal
2026-02-16 08:12:24.840611,Paris-61c3,2,8,Normal
2026-02-16 08:12:25.840611,Paris-61c3,32,97,Normal
2026-02-16 08:12:26.840611,Paris-61c3,18,75,Normal
2026-02-16 08:12:27.840611,Paris-61c3,26,83,Normal
2026-02-16 08:12:28.840611,Paris-61c3,-26,45,Normal
2026-02-16 08:12:29.840611,Paris-61c3,24,39,Normal
2026-02-16 08:12:30.840611,Paris-61c3,40,87,Normal
2026-02-16 08:12:31.840611,Paris-61c3,48,48,Normal
2026-02-16 08:12:32.840611,Paris-61c3,-21,11,Normal
2026-02-16 08:12:33.840611,Paris-61c3,-29,67,Normal
2026-02-16 08:12:34.840611,Paris-61c3,46,28,Normal
2026-02-16 08:12:35.840611,Paris-61c3,-4,77,Normal
2026-02-16 08:12:36.840611,Paris-61c3,17,45,Normal
2026-02-16 08:12:37.840611,Paris-61c3,27,92,Normal
2026-02-16 08:12:38.840611,Paris-61c3,26,100,Normal
2026-02-16 08:12:39.840611,Paris-61c3,6,95,Normal
2026-02-16 08:12:40.840611,Paris-61c3,-30,69,Normal
2026-02-16 08:12:41.840611,Paris-61c3,9,39,Normal
2026-02-16 08:12:42.840611,Paris-61c3,49,47,Normal
2026-02-16 08:12:43.840611,Paris-61c3,49,70,Normal
2026-02-16 08:12:44.840611,Paris-61c3,-21,27,Normal
2026-02-16 08:12:45.840611,Paris-61c3,32,80,Normal
2026-02-16 08:12:46.840611,Paris-61c3,39,46,Normal
2026-02-16 08:12:47.840611,Paris-61c3,-24,9,Normal
2026-02-16 08:12:48.840611,Paris-61c3,32,21,Normal
2026-02-16 08:12:49.840611,Paris-61c3,4,86,Normal
2026-02-16 08:12:50.840611,Paris-61c3,-12,3,Normal
2026-02-16 08:12:51.840611,Paris-61c3,-2,16,Normal
2026-02-16 08:12:52.840611,Paris-61c3,39,17,Normal
2026-02-16 08:12:53.840611,Paris-61c3,-5,10,Normal
2026-02-16 08:12:54.840611,Paris-61c3,31,34,Normal
2026-02-16 08:12:55.840611,Paris-61c3,35,72,Normal
2026-02-16 08:12:56.840611,Paris-61c3,-26,84,Normal
2026-02-16 08:12:57.840611,Paris-61c3,-8,25,Normal
2026-02-16 08:12:58.840611,Paris-61c3,1,68,Normal
2026-02-16 08:12:59.840611,Paris-61c3,14,74,Normal
2026-02-16 08:13:00.840611,Paris-61c3,1,21,Normal
2026-02-16 08:13:01.840611,Paris-61c3,13,97,Normal
2026-02-16 08:13:02.840611,Paris-61c3,29,7,Normal
2026-02-16 08:13:03.840611,Paris-61c3,40,84,Normal
2026-02-16 08:13:04.840611,Paris-61c3,-10,14,Normal
2026-02-16 08:13:05.840611,Paris-61c3,33,98,Normal
2026-02-16 08:13:06.840611,Paris-61c3,7,9,Normal
2026-02-16 08:13:07.840611,Paris-61c3,27,44,Normal
2026-02-16 08:13:08.840611,Paris-61c3,-29,85,Normal
2026-02-16 08:13:09.840611,Paris-61c3,-28,62,Normal
2026-02-16 08:13:10.840611,Paris-61c3,-5,86,Normal
2026-02-16 08:13:11.840611,Paris-61c3,22,0,Normal
2026-02-16 08:13:12.840611,Paris-61c3,12,92,Normal
2026-02-16 08:13:13.840611,Paris-61c3,8,81,Normal
2026-02-16 08:13:14.840611,Paris-61c3,22,75,Normal
2026-02-16 08:13:15.840611,Paris-61c3,8,78,Normal
2026-02-16 08:13:16.840611,Paris-61c3,46,55,Normal
2026-02-16 08:13:17.840611,Paris-61c3,7,71,Normal
2026-02-16 08:13:18.840611,Paris-61c3,47,38,Normal
2026-02-16 08:13:19.840611,Paris-61c3,-20,94,Normal
2026-02-16 08:13:20.840611,Paris-61c3,49,78,Normal
2026-02-16 08:13:21.840611,Paris-61c3,-17,12,Normal
2026-02-16 08:13:22.840611,Paris-61c3,14,29,Normal
2026-02-16 08:13:23.840611,Paris-61c3,15,51,Normal
2026-02-16 08:13:24.840611,Paris-61c3,-14,5,Normal
2026-02-16 08:13:25.840611,Paris-61c3,24,57,Normal
2026-02-16 08:13:26.840611,Paris-61c3,0,86,Normal
2026-02-16 08:13:27.840611,Paris-61c3,41,78,Normal
2026-02-16 08:13:28.840611,Paris-61c3,0,70,Normal
2026-02-16 08:13:29.840611,Paris-61c3,-24,50,Normal
2026-02-16 08:13:30.840611,Paris-61c3,-23,16,Normal
2026-02-16 08:13:31.840611,Paris-61c3,-15,99,Normal
2026-02-16 08:13:32.840611,Paris-61c3,14,51,Normal
2026-02-16 08:13:33.840611,Paris-61c3,39,68,Normal
2026-02-16 08:13:34.840611,Paris-61c3,-20,38,Normal
2026-02-16 08:13:35.840611,Paris-61c3,10,50,Normal
2026-02-16 08:13:36.840611,Paris-61c3,30,100,Normal
2026-02-16 08:13:37.840611,Paris-61c3,-16,52,Normal
2026-02-16 08:13:38.840611,Paris-61c3,42,49,Normal
2026-02-16 08:13:39.840611,Paris-61c3,-25,56,Normal
2026-02-16 08:13:40.840611,Paris-61c3,3,27,Normal
2026-02-16 08:13:41.840611,Paris-61c3,-6,70,Normal
2026-02-16 08:13:42.840611,Paris-61c3,19,86,Normal
2026-02-16 08:13:43.840611,Paris-61c3,47,28,Normal
2026-02-16 08:13:44.840611,Paris-61c3,-21,31,Normal
2026-02-16 08:13:45.840611,Paris-61c3,-27,25,Normal
2026-02-16 08:13:46.840611,Paris-61c3,7,52,Normal
2026-02-16 08:13:47.840611,Paris-61c3,25,79,Normal
2026-02-16 08:13:48.840611,Paris-61c3,12,20,Normal
2026-02-16 08:13:49.840611,Paris-61c3,18,81,Normal
2026-02-16 08:13:50.840611,Paris-61c3,45,68,Normal
2026-02-16 08:13:51.840611,Paris-61c3,15,44,Normal
2026-02-16 08:13:52.840611,Paris-61c3,50,81,Normal
2026-02-16 08:13:53.840611,Paris-61c3,-18,47,Normal
2026-02-16 08:13:54.840611,Paris-61c3,16,13,Normal
2026-02-16 08:13:55.840611,Paris-61c3,-22,48,Normal
2026-02-16 08:13:56.840611,Paris-61c3,-18,5,Normal
2026-02-16 08:13:57.840611,Paris-61c3,-7,92,Normal
2026-02-16 08:13:58.840611,Paris-61c3,-18,7,Normal
2026-02-16 08:13:59.840611,Paris-61c3,-12,78,Normal
2026-02-16 08:14:00.840611,Paris-61c3,-18,37,Normal
2026-02-16 08:14:01.840611,Paris-61c3,44,57,Normal
2026-02-16 08:14:02.840611,Paris-61c3,48,4,Normal
2026-02-16 08:14:03.840611,Paris-61c3,23,32,Normal
2026-02-16 08:14:04.840611,Paris-61c3,38,39,Normal
2026-02-16 08:14:05.840611,Paris-61c3,8,23,Normal
2026-02-16 08:14:06.840611,Paris-61c3,-15,88,Normal
2026-02-16 08:14:07.840611,Paris-61c3,-17,70,Normal
2026-02-16 08:14:08.840611,Paris-61c3,42,34,Normal
2026-02-16 08:14:09.840611,Paris-61c3,8,69,Normal
2026-02-16 08:14:10.840611,Paris-61c3,16,13,Normal
2026-02-16 08:14:11.840611,Paris-61c3,15,19,Normal
2026-02-16 08:14:12.840611,Paris-61c3,-16,75,Normal
2026-02-16 08:14:13.840611,Paris-61c3,39,99,Normal
2026-02-16 08:14:14.840611,Paris-61c3,50,97,Normal
2026-02-16 08:14:15.840611,Paris-61c3,26,80,Normal
2026-02-16 08:14:16.840611,Paris-61c3,38,87,Normal
2026-02-16 08:14:17.840611,Paris-61c3,40,22,Normal
2026-02-16 08:14:18.840611,Paris-61c3,-18,75,Normal
2026-02-16 08:14:19.840611,Paris-61c3,4,36,Normal
2026-02-16 08:14:20.840611,Paris-61c3,-18,67,Normal
2026-02-16 08:14:21.840611,Paris-61c3,-24,2,Normal
2026-02-16 08:14:22.840611,Paris-61c3,47,8,Normal
2026-02-16 08:14:23.840611,Paris-61c3,24,19,Normal
2026-02-16 08:14:24.840611,Paris-61c3,24,17,Normal
2026-02-16 08:14:25.840611,Paris-61c3,25,89,Normal
2026-02-16 08:14:26.840611,Paris-61c3,-13,65,Normal
2026-02-16 08:14:27.840611,Paris-61c3,-24,77,Normal
2026-02-16 08:14:28.840611,Paris-61c3,19,74,Normal
2026-02-16 08:14:29.840611,Paris-61c3,3,26,Normal
2026-02-16 08:14:30.840611,Paris-61c3,27,9,Normal
2026-02-16 08:14:31.840611,Paris-61c3,-10,46,Normal
2026-02-16 08:14:32.840611,Paris-61c3,-22,66,Normal
2026-02-16 08:14:33.840611,Paris-61c3,-7,43,Normal
2026-02-16 08:14:34.840611,Paris-61c3,-8,66,Normal
2026-02-16 08:14:35.840611,Paris-61c3,2,34,Normal
2026-02-16 08:14:36.840611,Paris-61c3,29,48,Normal
2026-02-16 08:14:37.840611,Paris-61c3,50,2,Normal
2026-02-16 08:14:38.840611,Paris-61c3,24,61,Normal
2026-02-16 08:14:39.840611,Paris-61c3,7,76,Normal
2026-02-16 08:14:40.840611,Paris-61c3,-12,0,Normal
2026-02-16 08:14:41.840611,Paris-61c3,-10,46,Normal
2026-02-16 08:14:42.840611,Paris-61c3,-10,6,Normal
2026-02-16 08:14:43.840611,Paris-61c3,5,11,Normal
2026-02-16 08:14:44.840611,Paris-61c3,6,84,Normal
2026-02-16 08:14:45.840611,Paris-61c3,-19,42,Normal
2026-02-16 08:14:46.840611,Paris-61c3,-2,36,Normal
2026-02-16 08:14:47.840611,Paris-61c3,24,50,Normal
2026-02-16 08:14:48.840611,Paris-61c3,13,20,Normal
2026-02-16 08:14:49.840611,Paris-61c3,-14,54,Normal
2026-02-16 08:14:50.840611,Paris-61c3,29,27,Normal
2026-02-16 08:14:51.840611,Paris-61c3,-22,15,Normal
2026-02-16 08:14:52.840611,Paris-61c3,31,45,Normal
2026-02-16 08:14:53.840611,Paris-61c3,24,58,Normal
2026-02-16 08:14:54.840611,Paris-61c3,24,3,Normal
2026-02-16 08:14:55.840611,Paris-61c3,41,88,Normal
2026-02-16 08:14:56.840611,Paris-61c3,29,12,Normal
2026-02-16 08:14:57.840611,Paris-61c3,7,13,Normal
2026-02-16 08:14:58.840611,Paris-61c3,11,74,Normal
2026-02-16 08:14:59.840611,Paris-61c3,50,11,Normal
2026-02-16 08:15:00.840611,Paris-61c3,-3,89,Normal
2026-02-16 08:15:01.840611,Paris-61c3,-1,6,Normal
2026-02-16 08:15:02.840611,Paris-61c3,28,69,Normal
2026-02-16 08:15:03.840611,Paris-61c3,-6,26,Normal
2026-02-16 08:15:04.840611,Paris-61c3,50,75,Normal
2026-02-16 08:15:05.840611,Paris-61c3,6,40,Normal
2026-02-16 08:15:06.840611,Paris-61c3,5,37,Normal
2026-02-16 08:15:07.840611,Paris-61c3,-14,53,Normal
2026-02-16 08:15:08.840611,Paris-61c3,2,67,Normal
2026-02-16 08:15:09.840611,Paris-61c3,12,32,Normal
2026-02-16 08:15:10.840611,Paris-61c3,43,96,Normal
2026-02-16 08:15:11.840611,Paris-61c3,-11,62,Normal
2026-02-16 08:15:12.840611,Paris-61c3,41,68,Normal
2026-02-16 08:15:13.840611,Paris-61c3,15,93,Normal
2026-02-16 08:15:14.840611,Paris-61c3,48,68,Normal
2026-02-16 08:15:15.840611,Paris-61c3,44,80,Normal
2026-02-16 08:15:16.840611,Paris-61c3,12,2,Normal
2026-02-16 08:15:17.840611,Paris-61c3,24,21,Normal
2026-02-16 08:15:18.840611,Paris-61c3,43,57,Normal
2026-02-16 08:15:19.840611,Paris-61c3,40,46,Normal
2026-02-16 08:15:20.840611,Paris-61c3,-20,2,Normal
2026-02-16 08:15:21.840611,Paris-61c3,-12,96,Normal
2026-02-16 08:15:22.840611,Paris-61c3,-15,97,Normal
2026-02-16 08:15:23.840611,Paris-61c3,41,2,Normal
2026-02-16 08:15:24.840611,Paris-61c3,7,99,Normal
2026-02-16 08:15:25.840611,Paris-61c3,33,51,Normal
2026-02-16 08:15:26.840611,Paris-61c3,10,65,Normal
2026-02-16 08:15:27.840611,Paris-61c3,8,73,Normal
2026-02-16 08:15:28.840611,Paris-61c3,15,97,Normal
2026-02-16 08:15:29.840611,Paris-61c3,5,11,Normal
2026-02-16 08:15:30.840611,Paris-61c3,3,78,Normal
2026-02-16 08:15:31.840611,Paris-61c3,-18,55,Normal
2026-02-16 08:15:32.840611,Paris-61c3,-30,87,Normal
2026-02-16 08:15:33.840611,Paris-61c3,0,11,Normal
2026-02-16 08:15:34.840611,Paris-61c3,7,53,Normal
2026-02-16 08:15:35.840611,Paris-61c3,11,11,Normal
2026-02-16 08:15:36.840611,Paris-61c3,41,69,Normal
2026-02-16 08:15:37.840611,Paris-61c3,2,52,Normal
2026-02-16 08:15:38.840611,Paris-61c3,-21,18,Normal
2026-02-16 08:15:39.840611,Paris-61c3,37,25,Normal
2026-02-16 08:15:40.840611,Paris-61c3,38,46,Normal
2026-02-16 08:15:41.840611,Paris-61c3,32,42,Normal
2026-02-16 08:15:42.840611,Paris-61c3,26,18,Normal
2026-02-16 08:15:43.840611,Paris-61c3,-6,57,Normal
2026-02-16 08:15:44.840611,Paris-61c3,32,35,Normal
2026-02-16 08:15:45.840611,Paris-61c3,-6,22,Normal
2026-02-16 08:15:46.840611,Paris-61c3,47,100,Normal
2026-02-16 08:15:47.840611,Paris-61c3,29,86,Normal
2026-02-16 08:15:48.840611,Paris-61c3,-18,49,Normal
2026-02-16 08:15:49.840611,Paris-61c3,1,7,Normal
2026-02-16 08:15:50.840611,Paris-61c3,-27,22,Normal
2026-02-16 08:15:51.840611,Paris-61c3,-15,61,Normal
2026-02-16 08:15:52.840611,Paris-61c3,37,26,Normal
2026-02-16 08:15:53.840611,Paris-61c3,39,62,Normal
2026-02-16 08:15:54.840611,Paris-61c3,-24,33,Normal
2026-02-16 08:15:55.840611,Paris-61c3,-12,62,Normal
2026-02-16 08:15:56.840611,Paris-61c3,-30,67,Normal
2026-02-16 08:15:57.840611,Paris-61c3,-8,3,Normal
2026-02-16 08:15:58.840611,Paris-61c3,19,32,Normal
2026-02-16 08:15:59.840611,Paris-61c3,-23,53,Normal
2026-02-16 08:16:00.840611,Paris-61c3,47,46,Normal
2026-02-16 08:16:01.840611,Paris-61c3,-25,94,Normal
2026-02-16 08:16:02.840611,Paris-61c3,48,65,Normal
2026-02-16 08:16:03.840611,Paris-61c3,40,84,Normal
2026-02-16 08:16:04.840611,Paris-61c3,-2,50,Normal
2026-02-16 08:16:05.840611,Paris-61c3,-29,67,Normal
2026-02-16 08:16:06.840611,Paris-61c3,15,35,Normal
2026-02-16 08:16:07.840611,Paris-61c3,-22,48,Normal
2026-02-16 08:16:08.840611,Paris-61c3,4,56,Normal
2026-02-16 08:16:09.840611,Paris-61c3,-23,66,Normal
2026-02-16 08:16:10.840611,Paris-61c3,25,40,Normal
2026-02-16 08:16:11.840611,Paris-61c3,18,10,Normal
2026-02-16 08:16:12.840611,Paris-61c3,40,91,Normal
2026-02-16 08:16:13.840611,Paris-61c3,43,3,Normal
2026-02-16 08:16:14.840611,Paris-61c3,29,20,Normal
2026-02-16 08:16:15.840611,Paris-61c3,30,93,Normal
2026-02-16 08:16:16.840611,Paris-61c3,29,17,Normal
2026-02-16 08:16:17.840611,Paris-61c3,-4,49,Normal
2026-02-16 08:16:18.840611,Paris-61c3,-15,68,Normal
2026-02-16 08:16:19.840611,Paris-61c3,24,6,Normal
2026-02-16 08:16:20.840611,Paris-61c3,-29,28,Normal
2026-02-16 08:16:21.840611,Paris-61c3,13,95,Normal
2026-02-16 08:16:22.840611,Paris-61c3,-20,17,Normal
2026-02-16 08:16:23.840611,Paris-61c3,45,52,Normal
2026-02-16 08:16:24.840611,Paris-61c3,46,22,Normal
2026-02-16 08:16:25.840611,Paris-61c3,-4,80,Normal
2026-02-16 08:16:26.840611,Paris-61c3,25,22,Normal
2026-02-16 08:16:27.840611,Paris-61c3,27,75,Normal
2026-02-16 08:16:28.840611,Paris-61c3,27,50,Normal
2026-02-16 08:16:29.840611,Paris-61c3,35,91,Normal
2026-02-16 08:16:30.840611,Paris-61c3,-7,80,Normal
2026-02-16 08:16:31.840611,Paris-61c3,12,28,Normal
2026-02-16 08:16:32.840611,Paris-61c3,-2,26,Normal
2026-02-16 08:16:33.840611,Paris-61c3,49,78,Normal
2026-02-16 08:16:34.840611,Paris-61c3,-6,8,Normal
2026-02-16 08:16:35.840611,Paris-61c3,7,38,Normal
2026-02-16 08:16:36.840611,Paris-61c3,9,7,Normal
2026-02-16 08:16:37.840611,Paris-61c3,-5,85,Normal
2026-02-16 08:16:38.840611,Paris-61c3,-28,98,Normal
2026-02-16 08:16:39.840611,Paris-61c3,28,93,Normal
2026-02-16 08:16:40.840611,Paris-61c3,1,36,Normal
2026-02-16 08:16:41.840611,Paris-61c3,-23,73,Normal
2026-02-16 08:16:42.840611,Paris-61c3,-25,43,Normal
2026-02-16 08:16:43.840611,Paris-61c3,49,73,Normal
2026-02-16 08:16:44.840611,Paris-61c3,26,60,Normal
2026-02-16 08:16:45.840611,Paris-61c3,19,50,Normal
2026-02-16 08:16:46.840611,Paris-61c3,17,98,Normal
2026-02-16 08:16:47.840611,Paris-61c3,14,53,Normal
2026-02-16 08:16:48.840611,Paris-61c3,-6,17,Normal
2026-02-16 08:16:49.840611,Paris-61c3,1,60,Normal
2026-02-16 08:16:50.840611,Paris-61c3,29,91,Normal
2026-02-16 08:16:51.840611,Paris-61c3,26,32,Normal
2026-02-16 08:16:52.840611,Paris-61c3,14,84,Normal
2026-02-16 08:16:53.840611,Paris-61c3,-1,32,Normal
2026-02-16 08:16:54.840611,Paris-61c3,44,97,Normal
2026-02-16 08:16:55.840611,Paris-61c3,12,21,Normal
2026-02-16 08:16:56.840611,Paris-61c3,26,42,Normal
2026-02-16 08:16:57.840611,Paris-61c3,47,91,Normal
2026-02-16 08:16:58.840611,Paris-61c3,21,26,Normal
2026-02-16 08:16:59.840611,Paris-61c3,-2,53,Normal
2026-02-16 08:17:00.840611,Paris-61c3,49,0,Normal
2026-02-16 08:17:01.840611,Paris-61c3,5,71,Normal
2026-02-16 08:17:02.840611,Paris-61c3,-14,0,Normal
2026-02-16 08:17:03.840611,Paris-61c3,34,99,Normal
2026-02-16 08:17:04.840611,Paris-61c3,50,78,Normal
2026-02-16 08:17:05.840611,Paris-61c3,-23,76,Normal
2026-02-16 08:17:06.840611,Paris-61c3,33,62,Normal
2026-02-16 08:17:07.840611,Paris-61c3,41,13,Normal
2026-02-16 08:17:08.840611,Paris-61c3,7,95,Normal
2026-02-16 08:17:09.840611,Paris-61c3,23,83,Normal
2026-02-16 08:17:10.840611,Paris-61c3,35,87,Normal
2026-02-16 08:17:11.840611,Paris-61c3,6,2,Normal
2026-02-16 08:17:12.840611,Paris-61c3,32,90,Normal
2026-02-16 08:17:13.840611,Paris-61c3,-22,59,Normal
2026-02-16 08:17:14.840611,Paris-61c3,19,2,Normal
2026-02-16 08:17:15.840611,Paris-61c3,26,72,Normal
2026-02-16 08:17:16.840611,Paris-61c3,-3,87,Normal
2026-02-16 08:17:17.840611,Paris-61c3,-18,71,Normal
2026-02-16 08:17:18.840611,Paris-61c3,44,49,Normal
2026-02-16 08:17:19.840611,Paris-61c3,25,61,Normal
2026-02-16 08:17:20.840611,Paris-61c3,40,15,Normal
2026-02-16 08:17:21.840611,Paris-61c3,14,57,Normal
2026-02-16 08:17:22.840611,Paris-61c3,46,97,Normal
2026-02-16 08:17:23.840611,Paris-61c3,-27,25,Normal
2026-02-16 08:17:24.840611,Paris-61c3,49,91,Normal
2026-02-16 08:17:25.840611,Paris-61c3,-13,73,Normal
2026-02-16 08:17:26.840611,Paris-61c3,-16,59,Normal
2026-02-16 08:17:27.840611,Paris-61c3,-15,45,Normal
2026-02-16 08:17:28.840611,Paris-61c3,24,1,Normal
2026-02-16 08:17:29.840611,Paris-61c3,-27,56,Normal
2026-02-16 08:17:30.840611,Paris-61c3,37,80,Normal
2026-02-16 08:17:31.840611,Paris-61c3,-23,73,Normal
2026-02-16 08:17:32.840611,Paris-61c3,35,2,Normal
2026-02-16 08:17:33.840611,Paris-61c3,41,16,Normal
2026-02-16 08:17:34.840611,Paris-61c3,-6,99,Normal
2026-02-16 08:17:35.840611,Paris-61c3,-19,79,Normal
2026-02-16 08:17:36.840611,Paris-61c3,23,72,Normal
2026-02-16 08:17:37.840611,Paris-61c3,25,31,Normal
2026-02-16 08:17:38.840611,Paris-61c3,-12,31,Normal
2026-02-16 08:17:39.840611,Paris-61c3,40,91,Normal
2026-02-16 08:17:40.840611,Paris-61c3,4,31,Normal
2026-02-16 08:17:41.840611,Paris-61c3,6,50,Normal
2026-02-16 08:17:42.840611,Paris-61c3,-7,27,Normal
2026-02-16 08:17:43.840611,Paris-61c3,41,16,Normal
2026-02-16 08:17:44.840611,Paris-61c3,43,5,Normal
2026-02-16 08:17:45.840611,Paris-61c3,46,75,Normal
2026-02-16 08:17:46.840611,Paris-61c3,-20,78,Normal
2026-02-16 08:17:47.840611,Paris-61c3,11,100,Normal
2026-02-16 08:17:48.840611,Paris-61c3,21,69,Normal
2026-02-16 08:17:49.840611,Paris-61c3,40,88,Normal
2026-02-16 08:17:50.840611,Paris-61c3,11,37,Normal
2026-02-16 08:17:51.840611,Paris-61c3,-24,70,Normal
2026-02-16 08:17:52.840611,Paris-61c3,23,72,Normal
2026-02-16 08:17:53.840611,Paris-61c3,27,85,Normal
2026-02-16 08:17:54.840611,Paris-61c3,50,31,Normal
2026-02-16 08:17:55.840611,Paris-61c3,12,76,Normal
2026-02-16 08:17:56.840611,Paris-61c3,42,48,Normal
2026-02-16 08:17:57.840611,Paris-61c3,-23,40,Normal
2026-02-16 08:17:58.840611,Paris-61c3,-25,95,Normal
2026-02-16 08:17:59.840611,Paris-61c3,32,98,Normal
2026-02-16 08:18:00.840611,Paris-61c3,39,38,Normal
2026-02-16 08:18:01.840611,Paris-61c3,-28,78,Normal
2026-02-16 08:18:02.840611,Paris-61c3,-14,53,Normal
2026-02-16 08:18:03.840611,Paris-61c3,0,90,Normal
2026-02-16 08:18:04.840611,Paris-61c3,-6,18,Normal
2026-02-16 08:18:05.840611,Paris-61c3,15,71,Normal
2026-02-16 08:18:06.840611,Paris-61c3,-30,56,Normal
2026-02-16 08:18:07.840611,Paris-61c3,11,92,Normal
2026-02-16 08:18:08.840611,Paris-61c3,24,39,Normal
2026-02-16 08:18:09.840611,Paris-61c3,28,8,Normal
2026-02-16 08:18:10.840611,Paris-61c3,-22,68,Normal
2026-02-16 08:18:11.840611,Paris-61c3,49,16,Normal
2026-02-16 08:18:12.840611,Paris-61c3,18,13,Normal
2026-02-16 08:18:13.840611,Paris-61c3,19,43,Normal
2026-02-16 08:18:14.840611,Paris-61c3,16,100,Normal
2026-02-16 08:18:15.840611,Paris-61c3,-28,56,Normal
2026-02-16 08:18:16.840611,Paris-61c3,41,1,Normal
2026-02-16 08:18:17.840611,Paris-61c3,32,6,Normal
2026-02-16 08:18:18.840611,Paris-61c3,48,99,Normal
2026-02-16 08:18:19.840611,Paris-61c3,19,93,Normal
2026-02-16 08:18:20.840611,Paris-61c3,-16,31,Normal
2026-02-16 08:18:21.840611,Paris-61c3,6,11,Normal
2026-02-16 08:18:22.840611,Paris-61c3,12,4,Normal
2026-02-16 08:18:23.840611,Paris-61c3,15,90,Normal
2026-02-16 08:18:24.840611,Paris-61c3,-3,91,Normal
2026-02-16 08:18:25.840611,Paris-61c3,-11,22,Normal
2026-02-16 08:18:26.840611,Paris-61c3,-29,33,Normal
2026-02-16 08:18:27.840611,Paris-61c3,-3,72,Normal
2026-02-16 08:18:28.840611,Paris-61c3,18,44,Normal
2026-02-16 08:18:29.840611,Paris-61c3,4,36,Normal
2026-02-16 08:18:30.840611,Paris-61c3,-11,71,Normal
2026-02-16 08:18:31.840611,Paris-61c3,28,58,Normal
2026-02-16 08:18:32.840611,Paris-61c3,-17,66,Normal
2026-02-16 08:18:33.840611,Paris-61c3,-10,58,Normal
2026-02-16 08:18:34.840611,Paris-61c3,15,87,Normal
2026-02-16 08:18:35.840611,Paris-61c3,14,12,Normal
2026-02-16 08:18:36.840611,Paris-61c3,-24,16,Normal
2026-02-16 08:18:37.840611,Paris-61c3,-26,64,Normal
2026-02-16 08:18:38.840611,Paris-61c3,31,22,Normal
2026-02-16 08:18:39.840611,Paris-61c3,26,33,Normal
2026-02-16 08:18:40.840611,Paris-61c3,-6,38,Normal
2026-02-16 08:18:41.840611,Paris-61c3,39,80,Normal
2026-02-16 08:18:42.840611,Paris-61c3,11,29,Normal
2026-02-16 08:18:43.840611,Paris-61c3,4,45,Normal
2026-02-16 08:18:44.840611,Paris-61c3,25,19,Normal
2026-02-16 08:18:45.840611,Paris-61c3,-2,64,Normal
2026-02-16 08:18:46.840611,Paris-61c3,2,71,Normal
2026-02-16 08:18:47.840611,Paris-61c3,6,42,Normal
2026-02-16 08:18:48.840611,Paris-61c3,34,74,Normal
2026-02-16 08:18:49.840611,Paris-61c3,24,62,Normal
2026-02-16 08:18:50.840611,Paris-61c3,11,29,Normal
2026-02-16 08:18:51.840611,Paris-61c3,-17,54,Normal
2026-02-16 08:18:52.840611,Paris-61c3,-20,19,Normal
2026-02-16 08:18:53.840611,Paris-61c3,16,78,Normal
2026-02-16 08:18:54.840611,Paris-61c3,5,49,Normal
2026-02-16 08:18:55.840611,Paris-61c3,-7,25,Normal
2026-02-16 08:18:56.840611,Paris-61c3,32,28,Normal
2026-02-16 08:18:57.840611,Paris-61c3,32,6,Normal
2026-02-16 08:18:58.840611,Paris-61c3,6,74,Normal
2026-02-16 08:18:59.840611,Paris-61c3,50,13,Normal
2026-02-16 08:19:00.840611,Paris-61c3,15,97,Normal
2026-02-16 08:19:01.840611,Paris-61c3,-3,63,Normal
2026-02-16 08:19:02.840611,Paris-61c3,-5,98,Normal
2026-02-16 08:19:03.840611,Paris-61c3,-2,76,Normal
2026-02-16 08:19:04.840611,Paris-61c3,14,29,Normal
2026-02-16 08:19:05.840611,Paris-61c3,-13,39,Normal
2026-02-16 08:19:06.840611,Paris-61c3,44,50,Normal
2026-02-16 08:19:07.840611,Paris-61c3,-12,96,Normal
2026-02-16 08:19:08.840611,Paris-61c3,9,95,Normal
2026-02-16 08:19:09.840611,Paris-61c3,-7,24,Normal
2026-02-16 08:19:10.840611,Paris-61c3,0,3,Normal
2026-02-16 08:19:11.840611,Paris-61c3,42,92,Normal
2026-02-16 08:19:12.840611,Paris-61c3,31,1,Normal
2026-02-16 08:19:13.840611,Paris-61c3,9,1,Normal
2026-02-16 08:19:14.840611,Paris-61c3,49,68,Normal
2026-02-16 08:19:15.840611,Paris-61c3,38,36,Normal
2026-02-16 08:19:16.840611,Paris-61c3,32,48,Normal
2026-02-16 08:19:17.840611,Paris-61c3,29,64,Normal
2026-02-16 08:19:18.840611,Paris-61c3,18,87,Normal
2026-02-16 08:19:19.840611,Paris-61c3,-16,40,Normal
2026-02-16 08:19:20.840611,Paris-61c3,1,33,Normal
2026-02-16 08:19:21.840611,Paris-61c3,6,81,Normal
2026-02-16 08:19:22.840611,Paris-61c3,-26,7,Normal
2026-02-16 08:19:23.840611,Paris-61c3,41,42,Normal
2026-02-16 08:19:24.840611,Paris-61c3,11,76,Normal
2026-02-16 08:19:25.840611,Paris-61c3,47,80,Normal
2026-02-16 08:19:26.840611,Paris-61c3,39,24,Normal
