timestamp,station_id,temp,humid,condition
2026-02-10 15:48:42.805125,Seoul-44cc,22,82,Normal
2026-02-10 15:48:43.805125,Seoul-44cc,2,39,Normal
2026-02-10 15:48:44.805125,Seoul-44cc,1,47,Normal
2026-02-10 15:48:45.805125,Seoul-44cc,11,55,Normal
2026-02-10 15:48:46.805125,Seoul-44cc,-4,15,Normal
2026-02-10 15:48:47.805125,Seoul-44cc,36,29,Normal
2026-02-10 15:48:48.805125,Seoul-44cc,-27,43,Normal
2026-02-10 15:48:49.805125,Seoul-44cc,-2,33,Normal
2026-02-10 15:48:50.805125,Seoul-44cc,19,33,Normal
2026-02-10 15:48:51.805125,Seoul-44cc,-23,7,Normal
2026-02-10 15:48:52.805125,Seoul-44cc,-11,67,Normal
2026-02-10 15:48:53.805125,Seoul-44cc,7,64,Normal
2026-02-10 15:48:54.805125,Seoul-44cc,6,30,Normal
2026-02-10 15:48:55.805125,Seoul-44cc,4,10,Normal
2026-02-10 15:48:56.805125,Seoul-44cc,-3,20,Normal
2026-02-10 15:48:57.805125,Seoul-44cc,-18,60,Normal
2026-02-10 15:48:58.805125,Seoul-44cc,17,43,Normal
2026-02-10 15:48:59.805125,Seoul-44cc,-15,80,Normal
2026-02-10 15:49:00.805125,Seoul-44cc,16,42,Normal
2026-02-10 15:49:01.805125,Seoul-44cc,21,47,Normal
2026-02-10 15:49:02.805125,Seoul-44cc,-6,3,Normal
2026-02-10 15:49:03.805125,Seoul-44cc,-27,22,Normal
2026-02-10 15:49:04.805125,Seoul-44cc,-6,53,Normal
2026-02-10 15:49:05.805125,Seoul-44cc,-12,45,Normal
2026-02-10 15:49:06.805125,Seoul-44cc,-15,94,Normal
2026-02-10 15:49:07.805125,Seoul-44cc,-6,85,Normal
2026-02-10 15:49:08.805125,Seoul-44cc,42,88,Normal
2026-02-10 15:49:09.805125,Seoul-44cc,21,83,Normal
2026-02-10 15:49:10.805125,Seoul-44cc,-16,21,Normal
2026-02-10 15:49:11.805125,Seoul-44cc,13,19,Normal
2026-02-10 15:49:12.805125,Seoul-44cc,41,34,Normal
2026-02-10 15:49:13.805125,Seoul-44cc,6,64,Normal
2026-02-10 15:49:14.805125,Seoul-44cc,35,94,Normal
2026-02-10 15:49:15.805125,Seoul-44cc,-27,92,Normal
2026-02-10 15:49:16.805125,Seoul-44cc,5,81,Normal
2026-02-10 15:49:17.805125,Seoul-44cc,15,7,Normal
2026-02-10 15:49:18.805125,Seoul-44cc,39,39,Normal
2026-02-10 15:49:19.805125,Seoul-44cc,-22,73,Normal
2026-02-10 15:49:20.805125,Seoul-44cc,32,13,Normal
2026-02-10 15:49:21.805125,Seoul-44cc,46,4,Normal
2026-02-10 15:49:22.805125,Seoul-44cc,-9,50,Normal
2026-02-10 15:49:23.805125,Seoul-44cc,32,89,Normal
2026-02-10 15:49:24.805125,Seoul-44cc,22,56,Normal
2026-02-10 15:49:25.805125,Seoul-44cc,29,13,Normal
2026-02-10 15:49:26.805125,Seoul-44cc,-23,60,Normal
2026-02-10 15:49:27.805125,Seoul-44cc,35,45,Normal
2026-02-10 15:49:28.805125,Seoul-44cc,-30,95,Normal
2026-02-10 15:49:29.805125,Seoul-44cc,-24,100,Normal
2026-02-10 15:49:30.805125,Seoul-44cc,22,90,Normal
2026-02-10 15:49:31.805125,Seoul-44cc,1,81,Normal
2026-02-10 15:49:32.805125,Seoul-44cc,25,32,Normal
2026-02-10 15:49:33.805125,Seoul-44cc,-7,81,Normal
2026-02-10 15:49:34.805125,Seoul-44cc,48,73,Normal
2026-02-10 15:49:35.805125,Seoul-44cc,48,65,Normal
2026-02-10 15:49:36.805125,Seoul-44cc,22,99,Normal
2026-02-10 15:49:37.805125,Seoul-44cc,-18,74,Normal
2026-02-10 15:49:38.805125,Seoul-44cc,-1,17,Normal
2026-02-10 15:49:39.805125,Seoul-44cc,-21,45,Normal
2026-02-10 15:49:40.805125,Seoul-44cc,46,59,Normal
2026-02-10 15:49:41.805125,Seoul-44cc,15,79,Normal
2026-02-10 15:49:42.805125,Seoul-44cc,2,89,Normal
2026-02-10 15:49:43.805125,Seoul-44cc,25,62,Normal
2026-02-10 15:49:44.805125,Seoul-44cc,-23,76,Normal
2026-02-10 15:49:45.805125,Seoul-44cc,35,0,Normal
2026-02-10 15:49:46.805125,Seoul-44cc,-7,79,Normal
2026-02-10 15:49:47.805125,Seoul-44cc,29,73,Normal
2026-02-10 15:49:48.805125,Seoul-44cc,39,36,Normal
2026-02-10 15:49:49.805125,Seoul-44cc,44,26,Normal
2026-02-10 15:49:50.805125,Seoul-44cc,26,28,Normal
2026-02-10 15:49:51.805125,Seoul-44cc,-30,53,Normal
2026-02-10 15:49:52.805125,Seoul-44cc,9,82,Normal
2026-02-10 15:49:53.805125,Seoul-44cc,-9,56,Normal
2026-02-10 15:49:54.805125,Seoul-44cc,39,70,Normal
2026-02-10 15:49:55.805125,Seoul-44cc,34,29,Normal
2026-02-10 15:49:56.805125,Seoul-44cc,-11,76,Normal
2026-02-10 15:49:57.805125,Seoul-44cc,-1,55,Normal
2026-02-10 15:49:58.805125,Seoul-44cc,-17,79,Normal
2026-02-10 15:49:59.805125,Seoul-44cc,44,4,Normal
2026-02-10 15:50:00.805125,Seoul-44cc,34,74,Normal
2026-02-10 15:50:01.805125,Seoul-44cc,-23,69,Normal
2026-02-10 15:50:02.805125,Seoul-44cc,40,81,Normal
2026-02-10 15:50:03.805125,Seoul-44cc,40,85,Normal
2026-02-10 15:50:04.805125,Seoul-44cc,12,3,Normal
2026-02-10 15:50:05.805125,Seoul-44cc,-16,13,Normal
2026-02-10 15:50:06.805125,Seoul-44cc,7,22,Normal
2026-02-10 15:50:07.805125,Seoul-44cc,28,79,Normal
2026-02-10 15:50:08.805125,Seoul-44cc,-18,10,Normal
2026-02-10 15:50:09.805125,Seoul-44cc,36,56,Normal
2026-02-10 15:50:10.805125,Seoul-44cc,37,58,Normal
2026-02-10 15:50:11.805125,Seoul-44cc,-17,58,Normal
2026-02-10 15:50:12.805125,Seoul-44cc,-23,9,Normal
2026-02-10 15:50:13.805125,Seoul-44cc,22,12,Normal
2026-02-10 15:50:14.805125,Seoul-44cc,38,69,Normal
2026-02-10 15:50:15.805125,Seoul-44cc,24,33,Normal
2026-02-10 15:50:16.805125,Seoul-44cc,41,35,Normal
2026-02-10 15:50:17.805125,Seoul-44cc,-16,81,Normal
2026-02-10 15:50:18.805125,Seoul-44cc,-27,89,Normal
2026-02-10 15:50:19.805125,Seoul-44cc,-3,19,Normal
2026-02-10 15:50:20.805125,Seoul-44cc,26,55,Normal
2026-02-10 15:50:21.805125,Seoul-44cc,13,66,Normal
2026-02-10 15:50:22.805125,Seoul-44cc,-18,100,Normal
2026-02-10 15:50:23.805125,Seoul-44cc,29,8,Normal
2026-02-10 15:50:24.805125,Seoul-44cc,-2,92,Normal
2026-02-10 15:50:25.805125,Seoul-44cc,-28,86,Normal
2026-02-10 15:50:26.805125,Seoul-44cc,39,59,Normal
2026-02-10 15:50:27.805125,Seoul-44cc,-26,18,Normal
2026-02-10 15:50:28.805125,Seoul-44cc,39,60,Normal
2026-02-10 15:50:29.805125,Seoul-44cc,25,82,Normal
2026-02-10 15:50:30.805125,Seoul-44cc,5,93,Normal
2026-02-10 15:50:31.805125,Seoul-44cc,46,13,Normal
2026-02-10 15:50:32.805125,Seoul-44cc,34,80,Normal
2026-02-10 15:50:33.805125,Seoul-44cc,-12,12,Normal
2026-02-10 15:50:34.805125,Seoul-44cc,24,54,Normal
2026-02-10 15:50:35.805125,Seoul-44cc,29,16,Normal
2026-02-10 15:50:36.805125,Seoul-44cc,26,95,Normal
2026-02-10 15:50:37.805125,Seoul-44cc,0,98,Normal
2026-02-10 15:50:38.805125,Seoul-44cc,44,43,Normal
2026-02-10 15:50:39.805125,Seoul-44cc,36,99,Normal
2026-02-10 15:50:40.805125,Seoul-44cc,-27,99,Normal
2026-02-10 15:50:41.805125,Seoul-44cc,40,43,Normal
2026-02-10 15:50:42.805125,Seoul-44cc,-23,69,Normal
2026-02-10 15:50:43.805125,Seoul-44cc,-22,46,Normal
2026-02-10 15:50:44.805125,Seoul-44cc,-15,10,Normal
2026-02-10 15:50:45.805125,Seoul-44cc,24,60,Normal
2026-02-10 15:50:46.805125,Seoul-44cc,40,82,Normal
2026-02-10 15:50:47.805125,Seoul-44cc,-19,33,Normal
2026-02-10 15:50:48.805125,Seoul-44cc,-12,54,Normal
2026-02-10 15:50:49.805125,Seoul-44cc,-20,45,Normal
2026-02-10 15:50:50.805125,Seoul-44cc,20,71,Normal
2026-02-10 15:50:51.805125,Seoul-44cc,-24,3,Normal
2026-02-10 15:50:52.805125,Seoul-44cc,-25,79,Normal
2026-02-10 15:50:53.805125,Seoul-44cc,30,53,Normal
2026-02-10 15:50:54.805125,Seoul-44cc,23,58,Normal
2026-02-10 15:50:55.805125,Seoul-44cc,26,56,Normal
2026-02-10 15:50:56.805125,Seoul-44cc,1,76,Normal
2026-02-10 15:50:57.805125,Seoul-44cc,4,38,Normal
2026-02-10 15:50:58.805125,Seoul-44cc,8,15,Normal
2026-02-10 15:50:59.805125,Seoul-44cc,16,58,Normal
2026-02-10 15:51:00.805125,Seoul-44cc,31,95,Normal
2026-02-10 15:51:01.805125,Seoul-44cc,14,6,Normal
2026-02-10 15:51:02.805125,Seoul-44cc,24,21,Normal
2026-02-10 15:51:03.805125,Seoul-44cc,30,22,Normal
2026-02-10 15:51:04.805125,Seoul-44cc,-21,90,Normal
2026-02-10 15:51:05.805125,Seoul-44cc,7,46,Normal
2026-02-10 15:51:06.805125,Seoul-44cc,47,14,Normal
2026-02-10 15:51:07.805125,Seoul-44cc,-25,84,Normal
2026-02-10 15:51:08.805125,Seoul-44cc,50,32,Normal
2026-02-10 15:51:09.805125,Seoul-44cc,-1,13,Normal
2026-02-10 15:51:10.805125,Seoul-44cc,-19,90,Normal
2026-02-10 15:51:11.805125,Seoul-44cc,-8,39,Normal
2026-02-10 15:51:12.805125,Seoul-44cc,8,22,Normal
2026-02-10 15:51:13.805125,Seoul-44cc,18,39,Normal
2026-02-10 15:51:14.805125,Seoul-44cc,4,41,Normal
2026-02-10 15:51:15.805125,Seoul-44cc,-11,64,Normal
2026-02-10 15:51:16.805125,Seoul-44cc,13,61,Normal
2026-02-10 15:51:17.805125,Seoul-44cc,39,65,Normal
2026-02-10 15:51:18.805125,Seoul-44cc,-15,22,Normal
2026-02-10 15:51:19.805125,Seoul-44cc,26,48,Normal
2026-02-10 15:51:20.805125,Seoul-44cc,-20,100,Normal
2026-02-10 15:51:21.805125,Seoul-44cc,50,82,Normal
2026-02-10 15:51:22.805125,Seoul-44cc,39,3,Normal
2026-02-10 15:51:23.805125,Seoul-44cc,-17,25,Normal
2026-02-10 15:51:24.805125,Seoul-44cc,-24,72,Normal
2026-02-10 15:51:25.805125,Seoul-44cc,-27,68,Normal
2026-02-10 15:51:26.805125,Seoul-44cc,38,2,Normal
2026-02-10 15:51:27.805125,Seoul-44cc,22,47,Normal
2026-02-10 15:51:28.805125,Seoul-44cc,42,14,Normal
2026-02-10 15:51:29.805125,Seoul-44cc,-25,32,Normal
2026-02-10 15:51:30.805125,Seoul-44cc,-10,58,Normal
2026-02-10 15:51:31.805125,Seoul-44cc,4,83,Normal
2026-02-10 15:51:32.805125,Seoul-44cc,-4,71,Normal
2026-02-10 15:51:33.805125,Seoul-44cc,-21,0,Normal
2026-02-10 15:51:34.805125,Seoul-44cc,21,20,Normal
2026-02-10 15:51:35.805125,Seoul-44cc,19,15,Normal
2026-02-10 15:51:36.805125,Seoul-44cc,-17,34,Normal
2026-02-10 15:51:37.805125,Seoul-44cc,35,99,Normal
2026-02-10 15:51:38.805125,Seoul-44cc,-13,14,Normal
2026-02-10 15:51:39.805125,Seoul-44cc,1,18,Normal
2026-02-10 15:51:40.805125,Seoul-44cc,37,5,Normal
2026-02-10 15:51:41.805125,Seoul-44cc,-22,41,Normal
2026-02-10 15:51:42.805125,Seoul-44cc,27,41,Normal
2026-02-10 15:51:43.805125,Seoul-44cc,-17,34,Normal
2026-02-10 15:51:44.805125,Seoul-44cc,43,1,Normal
2026-02-10 15:51:45.805125,Seoul-44cc,-14,32,Normal
2026-02-10 15:51:46.805125,Seoul-44cc,-21,26,Normal
2026-02-10 15:51:47.805125,Seoul-44cc,9,17,Normal
2026-02-10 15:51:48.805125,Seoul-44cc,49,91,Normal
2026-02-10 15:51:49.805125,Seoul-44cc,-15,46,Normal
2026-02-10 15:51:50.805125,Seoul-44cc,9,97,Normal
2026-02-10 15:51:51.805125,Seoul-44cc,-25,42,Normal
2026-02-10 15:51:52.805125,Seoul-44cc,-2,75,Normal
2026-02-10 15:51:53.805125,Seoul-44cc,32,73,Normal
2026-02-10 15:51:54.805125,Seoul-44cc,34,50,Normal
2026-02-10 15:51:55.805125,Seoul-44cc,37,29,Normal
2026-02-10 15:51:56.805125,Seoul-44cc,50,70,Normal
2026-02-10 15:51:57.805125,Seoul-44cc,-17,71,Normal
2026-02-10 15:51:58.805125,Seoul-44cc,-3,29,Normal
2026-02-10 15:51:59.805125,Seoul-44cc,20,48,Normal
2026-02-10 15:52:00.805125,Seoul-44cc,13,10,Normal
2026-02-10 15:52:01.805125,Seoul-44cc,26,26,Normal
2026-02-10 15:52:02.805125,Seoul-44cc,-26,48,Normal
2026-02-10 15:52:03.805125,Seoul-44cc,32,57,Normal
2026-02-10 15:52:04.805125,Seoul-44cc,-5,33,Normal
2026-02-10 15:52:05.805125,Seoul-44cc,-16,74,Normal
2026-02-10 15:52:06.805125,Seoul-44cc,-30,39,Normal
2026-02-10 15:52:07.805125,Seoul-44cc,3,6,Normal
2026-02-10 15:52:08.805125,Seoul-44cc,35,76,Normal
2026-02-10 15:52:09.805125,Seoul-44cc,-26,53,Normal
2026-02-10 15:52:10.805125,Seoul-44cc,-4,71,Normal
2026-02-10 15:52:11.805125,Seoul-44cc,-5,71,Normal
2026-02-10 15:52:12.805125,Seoul-44cc,1,88,Normal
2026-02-10 15:52:13.805125,Seoul-44cc,4,9,Normal
2026-02-10 15:52:14.805125,Seoul-44cc,-20,32,Normal
2026-02-10 15:52:15.805125,Seoul-44cc,8,88,Normal
2026-02-10 15:52:16.805125,Seoul-44cc,37,8,Normal
2026-02-10 15:52:17.805125,Seoul-44cc,15,94,Normal
2026-02-10 15:52:18.805125,Seoul-44cc,1,48,Normal
2026-02-10 15:52:19.805125,Seoul-44cc,39,46,Normal
2026-02-10 15:52:20.805125,Seoul-44cc,43,8,Normal
2026-02-10 15:52:21.805125,Seoul-44cc,-11,32,Normal
2026-02-10 15:52:22.805125,Seoul-44cc,18,84,Normal
2026-02-10 15:52:23.805125,Seoul-44cc,42,92,Normal
2026-02-10 15:52:24.805125,Seoul-44cc,18,43,Normal
2026-02-10 15:52:25.805125,Seoul-44cc,11,28,Normal
2026-02-10 15:52:26.805125,Seoul-44cc,-9,62,Normal
2026-02-10 15:52:27.805125,Seoul-44cc,0,13,Normal
2026-02-10 15:52:28.805125,Seoul-44cc,44,37,Normal
2026-02-10 15:52:29.805125,Seoul-44cc,32,39,Normal
2026-02-10 15:52:30.805125,Seoul-44cc,0,67,Normal
2026-02-10 15:52:31.805125,Seoul-44cc,-25,22,Normal
2026-02-10 15:52:32.805125,Seoul-44cc,-2,27,Normal
2026-02-10 15:52:33.805125,Seoul-44cc,2,56,Normal
2026-02-10 15:52:34.805125,Seoul-44cc,42,55,Normal
2026-02-10 15:52:35.805125,Seoul-44cc,-21,97,Normal
2026-02-10 15:52:36.805125,Seoul-44cc,19,70,Normal
2026-02-10 15:52:37.805125,Seoul-44cc,40,32,Normal
2026-02-10 15:52:38.805125,Seoul-44cc,-12,40,Normal
2026-02-10 15:52:39.805125,Seoul-44cc,-18,42,Normal
2026-02-10 15:52:40.805125,Seoul-44cc,33,90,Normal
2026-02-10 15:52:41.805125,Seoul-44cc,-14,84,Normal
2026-02-10 15:52:42.805125,Seoul-44cc,-22,46,Normal
2026-02-10 15:52:43.805125,Seoul-44cc,-4,43,Normal
2026-02-10 15:52:44.805125,Seoul-44cc,2,18,Normal
2026-02-10 15:52:45.805125,Seoul-44cc,34,98,Normal
2026-02-10 15:52:46.805125,Seoul-44cc,-4,58,Normal
2026-02-10 15:52:47.805125,Seoul-44cc,-23,89,Normal
2026-02-10 15:52:48.805125,Seoul-44cc,23,82,Normal
2026-02-10 15:52:49.805125,Seoul-44cc,19,30,Normal
2026-02-10 15:52:50.805125,Seoul-44cc,27,63,Normal
2026-02-10 15:52:51.805125,Seoul-44cc,-12,1,Normal
2026-02-10 15:52:52.805125,Seoul-44cc,19,41,Normal
2026-02-10 15:52:53.805125,Seoul-44cc,-8,89,Normal
2026-02-10 15:52:54.805125,Seoul-44cc,-18,73,Normal
2026-02-10 15:52:55.805125,Seoul-44cc,-18,27,Normal
2026-02-10 15:52:56.805125,Seoul-44cc,21,46,Normal
2026-02-10 15:52:57.805125,Seoul-44cc,-24,23,Normal
2026-02-10 15:52:58.805125,Seoul-44cc,-9,50,Normal
2026-02-10 15:52:59.805125,Seoul-44cc,-17,67,Normal
2026-02-10 15:53:00.805125,Seoul-44cc,-25,58,Normal
2026-02-10 15:53:01.805125,Seoul-44cc,13,1,Normal
2026-02-10 15:53:02.805125,Seoul-44cc,36,19,Normal
2026-02-10 15:53:03.805125,Seoul-44cc,19,98,Normal
2026-02-10 15:53:04.805125,Seoul-44cc,2,7,Normal
2026-02-10 15:53:05.805125,Seoul-44cc,4,23,Normal
2026-02-10 15:53:06.805125,Seoul-44cc,2,46,Normal
2026-02-10 15:53:07.805125,Seoul-44cc,45,34,Normal
2026-02-10 15:53:08.805125,Seoul-44cc,-14,8,Normal
2026-02-10 15:53:09.805125,Seoul-44cc,-25,48,Normal
2026-02-10 15:53:10.805125,Seoul-44cc,27,9,Normal
2026-02-10 15:53:11.805125,Seoul-44cc,9,100,Normal
2026-02-10 15:53:12.805125,Seoul-44cc,41,59,Normal
2026-02-10 15:53:13.805125,Seoul-44cc,16,16,Normal
2026-02-10 15:53:14.805125,Seoul-44cc,-1,38,Normal
2026-02-10 15:53:15.805125,Seoul-44cc,9,38,Normal
2026-02-10 15:53:16.805125,Seoul-44cc,-1,61,Normal
2026-02-10 15:53:17.805125,Seoul-44cc,-9,14,Normal
2026-02-10 15:53:18.805125,Seoul-44cc,-26,39,Normal
2026-02-10 15:53:19.805125,Seoul-44cc,28,31,Normal
2026-02-10 15:53:20.805125,Seoul-44cc,35,26,Normal
2026-02-10 15:53:21.805125,Seoul-44cc,-23,69,Normal
2026-02-10 15:53:22.805125,Seoul-44cc,19,74,Normal
2026-02-10 15:53:23.805125,Seoul-44cc,-18,16,Normal
2026-02-10 15:53:24.805125,Seoul-44cc,9,44,Normal
2026-02-10 15:53:25.805125,Seoul-44cc,-30,53,Normal
2026-02-10 15:53:26.805125,Seoul-44cc,38,17,Normal
2026-02-10 15:53:27.805125,Seoul-44cc,29,42,Normal
2026-02-10 15:53:28.805125,Seoul-44cc,50,28,Normal
2026-02-10 15:53:29.805125,Seoul-44cc,-23,77,Normal
2026-02-10 15:53:30.805125,Seoul-44cc,15,53,Normal
2026-02-10 15:53:31.805125,Seoul-44cc,-24,4,Normal
2026-02-10 15:53:32.805125,Seoul-44cc,24,57,Normal
2026-02-10 15:53:33.805125,Seoul-44cc,36,93,Normal
2026-02-10 15:53:34.805125,Seoul-44cc,9,50,Normal
2026-02-10 15:53:35.805125,Seoul-44cc,-3,10,Normal
2026-02-10 15:53:36.805125,Seoul-44cc,20,52,Normal
2026-02-10 15:53:37.805125,Seoul-44cc,-22,2,Normal
2026-02-10 15:53:38.805125,Seoul-44cc,-25,50,Normal
2026-02-10 15:53:39.805125,Seoul-44cc,-19,23,Normal
2026-02-10 15:53:40.805125,Seoul-44cc,41,58,Normal
2026-02-10 15:53:41.805125,Seoul-44cc,-21,44,Normal
2026-02-10 15:53:42.805125,Seoul-44cc,33,26,Normal
2026-02-10 15:53:43.805125,Seoul-44cc,8,98,Normal
2026-02-10 15:53:44.805125,Seoul-44cc,-21,94,Normal
2026-02-10 15:53:45.805125,Seoul-44cc,-27,89,Normal
2026-02-10 15:53:46.805125,Seoul-44cc,-19,64,Normal
2026-02-10 15:53:47.805125,Seoul-44cc,33,36,Normal
2026-02-10 15:53:48.805125,Seoul-44cc,26,53,Normal
2026-02-10 15:53:49.805125,Seoul-44cc,0,49,Normal
2026-02-10 15:53:50.805125,Seoul-44cc,-16,53,Normal
2026-02-10 15:53:51.805125,Seoul-44cc,-20,18,Normal
2026-02-10 15:53:52.805125,Seoul-44cc,6,85,Normal
2026-02-10 15:53:53.805125,Seoul-44cc,-13,91,Normal
2026-02-10 15:53:54.805125,Seoul-44cc,-5,65,Normal
2026-02-10 15:53:55.805125,Seoul-44cc,46,75,Normal
2026-02-10 15:53:56.805125,Seoul-44cc,28,96,Normal
2026-02-10 15:53:57.805125,Seoul-44cc,41,28,Normal
2026-02-10 15:53:58.805125,Seoul-44cc,18,75,Normal
2026-02-10 15:53:59.805125,Seoul-44cc,-6,70,Normal
2026-02-10 15:54:00.805125,Seoul-44cc,10,25,Normal
2026-02-10 15:54:01.805125,Seoul-44cc,24,87,Normal
2026-02-10 15:54:02.805125,Seoul-44cc,-7,7,Normal
2026-02-10 15:54:03.805125,Seoul-44cc,12,38,Normal
2026-02-10 15:54:04.805125,Seoul-44cc,-17,64,Normal
2026-02-10 15:54:05.805125,Seoul-44cc,26,68,Normal
2026-02-10 15:54:06.805125,Seoul-44cc,10,47,Normal
2026-02-10 15:54:07.805125,Seoul-44cc,-27,75,Normal
2026-02-10 15:54:08.805125,Seoul-44cc,4,92,Normal
2026-02-10 15:54:09.805125,Seoul-44cc,9,61,Normal
2026-02-10 15:54:10.805125,Seoul-44cc,-24,58,Normal
2026-02-10 15:54:11.805125,Seoul-44cc,14,22,Normal
2026-02-10 15:54:12.805125,Seoul-44cc,-5,1,Normal
2026-02-10 15:54:13.805125,Seoul-44cc,17,37,Normal
2026-02-10 15:54:14.805125,Seoul-44cc,4,18,Normal
2026-02-10 15:54:15.805125,Seoul-44cc,-15,32,Normal
2026-02-10 15:54:16.805125,Seoul-44cc,-16,58,Normal
2026-02-10 15:54:17.805125,Seoul-44cc,18,47,Normal
2026-02-10 15:54:18.805125,Seoul-44cc,45,82,Normal
2026-02-10 15:54:19.805125,Seoul-44cc,10,46,Normal
2026-02-10 15:54:20.805125,Seoul-44cc,-16,40,Normal
2026-02-10 15:54:21.805125,Seoul-44cc,32,16,Normal
2026-02-10 15:54:22.805125,Seoul-44cc,34,63,Normal
2026-02-10 15:54:23.805125,Seoul-44cc,28,44,Normal
2026-02-10 15:54:24.805125,Seoul-44cc,-28,96,Normal
2026-02-10 15:54:25.805125,Seoul-44cc,-11,27,Normal
2026-02-10 15:54:26.805125,Seoul-44cc,45,56,Normal
2026-02-10 15:54:27.805125,Seoul-44cc,-17,89,Normal
2026-02-10 15:54:28.805125,Seoul-44cc,47,19,Normal
2026-02-10 15:54:29.805125,Seoul-44cc,4,80,Normal
2026-02-10 15:54:30.805125,Seoul-44cc,0,14,Normal
2026-02-10 15:54:31.805125,Seoul-44cc,22,92,Normal
2026-02-10 15:54:32.805125,Seoul-44cc,5,81,Normal
2026-02-10 15:54:33.805125,Seoul-44cc,39,84,Normal
2026-02-10 15:54:34.805125,Seoul-44cc,39,86,Normal
2026-02-10 15:54:35.805125,Seoul-44cc,-23,63,Normal
2026-02-10 15:54:36.805125,Seoul-44cc,-25,69,Normal
2026-02-10 15:54:37.805125,Seoul-44cc,-23,16,Normal
2026-02-10 15:54:38.805125,Seoul-44cc,28,92,Normal
2026-02-10 15:54:39.805125,Seoul-44cc,9,54,Normal
2026-02-10 15:54:40.805125,Seoul-44cc,-14,21,Normal
2026-02-10 15:54:41.805125,Seoul-44cc,44,24,Normal
2026-02-10 15:54:42.805125,Seoul-44cc,20,16,Normal
2026-02-10 15:54:43.805125,Seoul-44cc,16,6,Normal
2026-02-10 15:54:44.805125,Seoul-44cc,2,80,Normal
2026-02-10 15:54:45.805125,Seoul-44cc,28,15,Normal
2026-02-10 15:54:46.805125,Seoul-44cc,28,67,Normal
2026-02-10 15:54:47.805125,Seoul-44cc,-26,68,Normal
2026-02-10 15:54:48.805125,Seoul-44cc,24,3,Normal
2026-02-10 15:54:49.805125,Seoul-44cc,8,59,Normal
2026-02-10 15:54:50.805125,Seoul-44cc,-11,19,Normal
2026-02-10 15:54:51.805125,Seoul-44cc,-6,78,Normal
2026-02-10 15:54:52.805125,Seoul-44cc,-3,62,Normal
2026-02-10 15:54:53.805125,Seoul-44cc,38,66,Normal
2026-02-10 15:54:54.805125,Seoul-44cc,1,18,Normal
2026-02-10 15:54:55.805125,Seoul-44cc,47,34,Normal
2026-02-10 15:54:56.805125,Seoul-44cc,11,98,Normal
2026-02-10 15:54:57.805125,Seoul-44cc,33,3,Normal
2026-02-10 15:54:58.805125,Seoul-44cc,31,71,Normal
2026-02-10 15:54:59.805125,Seoul-44cc,-6,53,Normal
2026-02-10 15:55:00.805125,Seoul-44cc,-10,91,Normal
2026-02-10 15:55:01.805125,Seoul-44cc,-24,93,Normal
2026-02-10 15:55:02.805125,Seoul-44cc,-12,72,Normal
2026-02-10 15:55:03.805125,Seoul-44cc,19,31,Normal
2026-02-10 15:55:04.805125,Seoul-44cc,15,9,Normal
2026-02-10 15:55:05.805125,Seoul-44cc,34,43,Normal
2026-02-10 15:55:06.805125,Seoul-44cc,9,38,Normal
2026-02-10 15:55:07.805125,Seoul-44cc,-14,67,Normal
2026-02-10 15:55:08.805125,Seoul-44cc,-14,2,Normal
2026-02-10 15:55:09.805125,Seoul-44cc,-7,84,Normal
2026-02-10 15:55:10.805125,Seoul-44cc,-18,28,Normal
2026-02-10 15:55:11.805125,Seoul-44cc,48,39,Normal
2026-02-10 15:55:12.805125,Seoul-44cc,23,9,Normal
2026-02-10 15:55:13.805125,Seoul-44cc,-30,2,Normal
2026-02-10 15:55:14.805125,Seoul-44cc,-18,95,Normal
2026-02-10 15:55:15.805125,Seoul-44cc,-30,87,Normal
2026-02-10 15:55:16.805125,Seoul-44cc,38,66,Normal
2026-02-10 15:55:17.805125,Seoul-44cc,29,71,Normal
2026-02-10 15:55:18.805125,Seoul-44cc,1,51,Normal
2026-02-10 15:55:19.805125,Seoul-44cc,19,81,Normal
2026-02-10 15:55:20.805125,Seoul-44cc,-11,68,Normal
2026-02-10 15:55:21.805125,Seoul-44cc,10,75,Normal
2026-02-10 15:55:22.805125,Seoul-44cc,1,10,Normal
2026-02-10 15:55:23.805125,Seoul-44cc,-10,35,Normal
2026-02-10 15:55:24.805125,Seoul-44cc,9,23,Normal
2026-02-10 15:55:25.805125,Seoul-44cc,45,13,Normal
2026-02-10 15:55:26.805125,Seoul-44cc,-1,25,Normal
2026-02-10 15:55:27.805125,Seoul-44cc,50,52,Normal
2026-02-10 15:55:28.805125,Seoul-44cc,32,66,Normal
2026-02-10 15:55:29.805125,Seoul-44cc,25,48,Normal
2026-02-10 15:55:30.805125,Seoul-44cc,3,62,Normal
2026-02-10 15:55:31.805125,Seoul-44cc,1,92,Normal
2026-02-10 15:55:32.805125,Seoul-44cc,37,38,Normal
2026-02-10 15:55:33.805125,Seoul-44cc,-26,37,Normal
2026-02-10 15:55:34.805125,Seoul-44cc,18,8,Normal
2026-02-10 15:55:35.805125,Seoul-44cc,7,30,Normal
2026-02-10 15:55:36.805125,Seoul-44cc,-24,48,Normal
2026-02-10 15:55:37.805125,Seoul-44cc,-23,36,Normal
2026-02-10 15:55:38.805125,Seoul-44cc,5,63,Normal
2026-02-10 15:55:39.805125,Seoul-44cc,10,53,Normal
2026-02-10 15:55:40.805125,Seoul-44cc,-5,47,Normal
2026-02-10 15:55:41.805125,Seoul-44cc,15,76,Normal
2026-02-10 15:55:42.805125,Seoul-44cc,28,81,Normal
2026-02-10 15:55:43.805125,Seoul-44cc,0,59,Normal
2026-02-10 15:55:44.805125,Seoul-44cc,13,51,Normal
2026-02-10 15:55:45.805125,Seoul-44cc,21,45,Normal
2026-02-10 15:55:46.805125,Seoul-44cc,-30,93,Normal
2026-02-10 15:55:47.805125,Seoul-44cc,46,22,Normal
2026-02-10 15:55:48.805125,Seoul-44cc,7,47,Normal
2026-02-10 15:55:49.805125,Seoul-44cc,-14,58,Normal
2026-02-10 15:55:50.805125,Seoul-44cc,-28,23,Normal
2026-02-10 15:55:51.805125,Seoul-44cc,34,19,Normal
2026-02-10 15:55:52.805125,Seoul-44cc,17,38,Normal
2026-02-10 15:55:53.805125,Seoul-44cc,22,9,Normal
2026-02-10 15:55:54.805125,Seoul-44cc,-2,99,Normal
2026-02-10 15:55:55.805125,Seoul-44cc,-29,76,Normal
2026-02-10 15:55:56.805125,Seoul-44cc,-18,25,Normal
2026-02-10 15:55:57.805125,Seoul-44cc,-15,72,Normal
2026-02-10 15:55:58.805125,Seoul-44cc,1,23,Normal
2026-02-10 15:55:59.805125,Seoul-44cc,4,49,Normal
2026-02-10 15:56:00.805125,Seoul-44cc,15,38,Normal
2026-02-10 15:56:01.805125,Seoul-44cc,35,56,Normal
2026-02-10 15:56:02.805125,Seoul-44cc,17,28,Normal
2026-02-10 15:56:03.805125,Seoul-44cc,-17,57,Normal
2026-02-10 15:56:04.805125,Seoul-44cc,-10,49,Normal
2026-02-10 15:56:05.805125,Seoul-44cc,8,10,Normal
2026-02-10 15:56:06.805125,Seoul-44cc,42,42,Normal
2026-02-10 15:56:07.805125,Seoul-44cc,39,25,Normal
2026-02-10 15:56:08.805125,Seoul-44cc,21,0,Normal
2026-02-10 15:56:09.805125,Seoul-44cc,4,26,Normal
2026-02-10 15:56:10.805125,Seoul-44cc,32,87,Normal
2026-02-10 15:56:11.805125,Seoul-44cc,38,31,Normal
2026-02-10 15:56:12.805125,Seoul-44cc,-9,91,Normal
2026-02-10 15:56:13.805125,Seoul-44cc,42,87,Normal
2026-02-10 15:56:14.805125,Seoul-44cc,-21,5,Normal
2026-02-10 15:56:15.805125,Seoul-44cc,-25,37,Normal
2026-02-10 15:56:16.805125,Seoul-44cc,23,67,Normal
2026-02-10 15:56:17.805125,Seoul-44cc,44,52,Normal
2026-02-10 15:56:18.805125,Seoul-44cc,-2,70,Normal
2026-02-10 15:56:19.805125,Seoul-44cc,-8,54,Normal
2026-02-10 15:56:20.805125,Seoul-44cc,-18,92,Normal
2026-02-10 15:56:21.805125,Seoul-44cc,15,26,Normal
2026-02-10 15:56:22.805125,Seoul-44cc,-9,10,Normal
2026-02-10 15:56:23.805125,Seoul-44cc,43,7,Normal
2026-02-10 15:56:24.805125,Seoul-44cc,1,53,Normal
2026-02-10 15:56:25.805125,Seoul-44cc,29,62,Normal
2026-02-10 15:56:26.805125,Seoul-44cc,16,4,Normal
2026-02-10 15:56:27.805125,Seoul-44cc,36,20,Normal
2026-02-10 15:56:28.805125,Seoul-44cc,15,63,Normal
2026-02-10 15:56:29.805125,Seoul-44cc,-9,38,Normal
2026-02-10 15:56:30.805125,Seoul-44cc,13,39,Normal
2026-02-10 15:56:31.805125,Seoul-44cc,4,21,Normal
2026-02-10 15:56:32.805125,Seoul-44cc,34,82,Normal
2026-02-10 15:56:33.805125,Seoul-44cc,34,4,Normal
2026-02-10 15:56:34.805125,Seoul-44cc,37,90,Normal
2026-02-10 15:56:35.805125,Seoul-44cc,10,100,Normal
2026-02-10 15:56:36.805125,Seoul-44cc,-3,78,Normal
2026-02-10 15:56:37.805125,Seoul-44cc,5,96,Normal
2026-02-10 15:56:38.805125,Seoul-44cc,17,46,Normal
2026-02-10 15:56:39.805125,Seoul-44cc,-7,17,Normal
2026-02-10 15:56:40.805125,Seoul-44cc,-23,6,Normal
2026-02-10 15:56:41.805125,Seoul-44cc,4,84,Normal
2026-02-10 15:56:42.805125,Seoul-44cc,47,14,Normal
2026-02-10 15:56:43.805125,Seoul-44cc,6,76,Normal
2026-02-10 15:56:44.805125,Seoul-44cc,8,44,Normal
2026-02-10 15:56:45.805125,Seoul-44cc,31,82,Normal
2026-02-10 15:56:46.805125,Seoul-44cc,6,74,Normal
2026-02-10 15:56:47.805125,Seoul-44cc,-17,62,Normal
2026-02-10 15:56:48.805125,Seoul-44cc,42,54,Normal
2026-02-10 15:56:49.805125,Seoul-44cc,-29,66,Normal
2026-02-10 15:56:50.805125,Seoul-44cc,4,74,Normal
2026-02-10 15:56:51.805125,Seoul-44cc,-15,67,Normal
2026-02-10 15:56:52.805125,Seoul-44cc,32,94,Normal
2026-02-10 15:56:53.805125,Seoul-44cc,-24,24,Normal
2026-02-10 15:56:54.805125,Seoul-44cc,36,11,Normal
2026-02-10 15:56:55.805125,Seoul-44cc,25,10,Normal
2026-02-10 15:56:56.805125,Seoul-44cc,45,30,Normal
2026-02-10 15:56:57.805125,Seoul-44cc,14,23,Normal
2026-02-10 15:56:58.805125,Seoul-44cc,-5,87,Normal
2026-02-10 15:56:59.805125,Seoul-44cc,-10,38,Normal
2026-02-10 15:57:00.805125,Seoul-44cc,-9,34,Normal
2026-02-10 15:57:01.805125,Seoul-44cc,-24,20,Normal
2026-02-10 15:57:02.805125,Seoul-44cc,-18,97,Normal
2026-02-10 15:57:03.805125,Seoul-44cc,27,76,Normal
2026-02-10 15:57:04.805125,Seoul-44cc,19,67,Normal
2026-02-10 15:57:05.805125,Seoul-44cc,39,99,Normal
2026-02-10 15:57:06.805125,Seoul-44cc,-21,48,Normal
2026-02-10 15:57:07.805125,Seoul-44cc,-3,41,Normal
2026-02-10 15:57:08.805125,Seoul-44cc,4,20,Normal
2026-02-10 15:57:09.805125,Seoul-44cc,9,10,Normal
2026-02-10 15:57:10.805125,Seoul-44cc,-3,8,Normal
2026-02-10 15:57:11.805125,Seoul-44cc,34,67,Normal
2026-02-10 15:57:12.805125,Seoul-44cc,14,34,Normal
2026-02-10 15:57:13.805125,Seoul-44cc,33,35,Normal
2026-02-10 15:57:14.805125,Seoul-44cc,-22,10,Normal
2026-02-10 15:57:15.805125,Seoul-44cc,-24,48,Normal
2026-02-10 15:57:16.805125,Seoul-44cc,6,36,Normal
2026-02-10 15:57:17.805125,Seoul-44cc,-17,86,Normal
2026-02-10 15:57:18.805125,Seoul-44cc,-4,85,Normal
2026-02-10 15:57:19.805125,Seoul-44cc,22,1,Normal
2026-02-10 15:57:20.805125,Seoul-44cc,45,13,Normal
2026-02-10 15:57:21.805125,Seoul-44cc,-11,66,Normal
2026-02-10 15:57:22.805125,Seoul-44cc,27,46,Normal
2026-02-10 15:57:23.805125,Seoul-44cc,25,16,Normal
2026-02-10 15:57:24.805125,Seoul-44cc,26,25,Normal
2026-02-10 15:57:25.805125,Seoul-44cc,-2,59,Normal
2026-02-10 15:57:26.805125,Seoul-44cc,23,37,Normal
2026-02-10 15:57:27.805125,Seoul-44cc,20,91,Normal
2026-02-10 15:57:28.805125,Seoul-44cc,0,3,Normal
2026-02-10 15:57:29.805125,Seoul-44cc,3,55,Normal
2026-02-10 15:57:30.805125,Seoul-44cc,19,22,Normal
2026-02-10 15:57:31.805125,Seoul-44cc,44,70,Normal
2026-02-10 15:57:32.805125,Seoul-44cc,46,91,Normal
2026-02-10 15:57:33.805125,Seoul-44cc,44,78,Normal
2026-02-10 15:57:34.805125,Seoul-44cc,27,19,Normal
2026-02-10 15:57:35.805125,Seoul-44cc,-28,94,Normal
2026-02-10 15:57:36.805125,Seoul-44cc,-29,18,Normal
2026-02-10 15:57:37.805125,Seoul-44cc,-21,69,Normal
2026-02-10 15:57:38.805125,Seoul-44cc,-20,16,Normal
2026-02-10 15:57:39.805125,Seoul-44cc,10,67,Normal
2026-02-10 15:57:40.805125,Seoul-44cc,4,37,Normal
2026-02-10 15:57:41.805125,Seoul-44cc,27,8,Normal
2026-02-10 15:57:42.805125,Seoul-44cc,-14,19,Normal
2026-02-10 15:57:43.805125,Seoul-44cc,32,23,Normal
2026-02-10 15:57:44.805125,Seoul-44cc,-30,96,Normal
2026-02-10 15:57:45.805125,Seoul-44cc,-21,2,Normal
2026-02-10 15:57:46.805125,Seoul-44cc,8,58,Normal
2026-02-10 15:57:47.805125,Seoul-44cc,-6,71,Normal
2026-02-10 15:57:48.805125,Seoul-44cc,6,88,Normal
2026-02-10 15:57:49.805125,Seoul-44cc,10,82,Normal
2026-02-10 15:57:50.805125,Seoul-44cc,-23,11,Normal
2026-02-10 15:57:51.805125,Seoul-44cc,41,73,Normal
2026-02-10 15:57:52.805125,Seoul-44cc,50,55,Normal
2026-02-10 15:57:53.805125,Seoul-44cc,44,10,Normal
2026-02-10 15:57:54.805125,Seoul-44cc,19,78,Normal
2026-02-10 15:57:55.805125,Seoul-44cc,-18,67,Normal
2026-02-10 15:57:56.805125,Seoul-44cc,-26,34,Normal
2026-02-10 15:57:57.805125,Seoul-44cc,-27,45,Normal
2026-02-10 15:57:58.805125,Seoul-44cc,35,1,Normal
2026-02-10 15:57:59.805125,Seoul-44cc,46,12,Normal
2026-02-10 15:58:00.805125,Seoul-44cc,-16,90,Normal
2026-02-10 15:58:01.805125,Seoul-44cc,-13,98,Normal
2026-02-10 15:58:02.805125,Seoul-44cc,42,12,Normal
2026-02-10 15:58:03.805125,Seoul-44cc,13,84,Normal
2026-02-10 15:58:04.805125,Seoul-44cc,12,99,Normal
2026-02-10 15:58:05.805125,Seoul-44cc,39,44,Normal
2026-02-10 15:58:06.805125,Seoul-44cc,-3,69,Normal
2026-02-10 15:58:07.805125,Seoul-44cc,24,54,Normal
2026-02-10 15:58:08.805125,Seoul-44cc,38,97,Normal
2026-02-10 15:58:09.805125,Seoul-44cc,-11,63,Normal
2026-02-10 15:58:10.805125,Seoul-44cc,-7,10,Normal
2026-02-10 15:58:11.805125,Seoul-44cc,24,25,Normal
2026-02-10 15:58:12.805125,Seoul-44cc,47,32,Normal
2026-02-10 15:58:13.805125,Seoul-44cc,-2,41,Normal
2026-02-10 15:58:14.805125,Seoul-44cc,44,59,Normal
2026-02-10 15:58:15.805125,Seoul-44cc,-17,100,Normal
2026-02-10 15:58:16.805125,Seoul-44cc,50,66,Normal
2026-02-10 15:58:17.805125,Seoul-44cc,25,91,Normal
2026-02-10 15:58:18.805125,Seoul-44cc,3,29,Normal
2026-02-10 15:58:19.805125,Seoul-44cc,6,62,Normal
2026-02-10 15:58:20.805125,Seoul-44cc,28,13,Normal
2026-02-10 15:58:21.805125,Seoul-44cc,25,57,Normal
2026-02-10 15:58:22.805125,Seoul-44cc,40,30,Normal
2026-02-10 15:58:23.805125,Seoul-44cc,30,67,Normal
2026-02-10 15:58:24.805125,Seoul-44cc,50,71,Normal
2026-02-10 15:58:25.805125,Seoul-44cc,-26,3,Normal
2026-02-10 15:58:26.805125,Seoul-44cc,-2,35,Normal
2026-02-10 15:58:27.805125,Seoul-44cc,50,37,Normal
2026-02-10 15:58:28.805125,Seoul-44cc,23,0,Normal
2026-02-10 15:58:29.805125,Seoul-44cc,3,45,Normal
2026-02-10 15:58:30.805125,Seoul-44cc,-8,92,Normal
2026-02-10 15:58:31.805125,Seoul-44cc,18,37,Normal
2026-02-10 15:58:32.805125,Seoul-44cc,-27,25,Normal
2026-02-10 15:58:33.805125,Seoul-44cc,2,28,Normal
2026-02-10 15:58:34.805125,Seoul-44cc,-18,39,Normal
2026-02-10 15:58:35.805125,Seoul-44cc,8,97,Normal
2026-02-10 15:58:36.805125,Seoul-44cc,20,61,Normal
2026-02-10 15:58:37.805125,Seoul-44cc,-29,88,Normal
2026-02-10 15:58:38.805125,Seoul-44cc,-29,81,Normal
2026-02-10 15:58:39.805125,Seoul-44cc,-12,0,Normal
2026-02-10 15:58:40.805125,Seoul-44cc,-27,6,Normal
2026-02-10 15:58:41.805125,Seoul-44cc,-13,96,Normal
2026-02-10 15:58:42.805125,Seoul-44cc,-29,91,Normal
2026-02-10 15:58:43.805125,Seoul-44cc,-23,28,Normal
2026-02-10 15:58:44.805125,Seoul-44cc,20,30,Normal
2026-02-10 15:58:45.805125,Seoul-44cc,32,54,Normal
2026-02-10 15:58:46.805125,Seoul-44cc,6,48,Normal
2026-02-10 15:58:47.805125,Seoul-44cc,25,88,Normal
2026-02-10 15:58:48.805125,Seoul-44cc,21,90,Normal
2026-02-10 15:58:49.805125,Seoul-44cc,11,63,Normal
2026-02-10 15:58:50.805125,Seoul-44cc,18,72,Normal
2026-02-10 15:58:51.805125,Seoul-44cc,12,7,Normal
2026-02-10 15:58:52.805125,Seoul-44cc,-8,75,Normal
2026-02-10 15:58:53.805125,Seoul-44cc,-19,60,Normal
2026-02-10 15:58:54.805125,Seoul-44cc,-15,78,Normal
2026-02-10 15:58:55.805125,Seoul-44cc,18,0,Normal
2026-02-10 15:58:56.805125,Seoul-44cc,20,32,Normal
2026-02-10 15:58:57.805125,Seoul-44cc,15,64,Normal
2026-02-10 15:58:58.805125,Seoul-44cc,19,56,Normal
2026-02-10 15:58:59.805125,Seoul-44cc,11,13,Normal
2026-02-10 15:59:00.805125,Seoul-44cc,-18,19,Normal
2026-02-10 15:59:01.805125,Seoul-44cc,-25,33,Normal
2026-02-10 15:59:02.805125,Seoul-44cc,50,95,Normal
2026-02-10 15:59:03.805125,Seoul-44cc,-11,7,Normal
2026-02-10 15:59:04.805125,Seoul-44cc,-7,76,Normal
2026-02-10 15:59:05.805125,Seoul-44cc,18,29,Normal
2026-02-10 15:59:06.805125,Seoul-44cc,6,98,Normal
2026-02-10 15:59:07.805125,Seoul-44cc,-25,97,Normal
2026-02-10 15:59:08.805125,Seoul-44cc,18,22,Normal
2026-02-10 15:59:09.805125,Seoul-44cc,14,50,Normal
2026-02-10 15:59:10.805125,Seoul-44cc,-29,47,Normal
2026-02-10 15:59:11.805125,Seoul-44cc,-14,65,Normal
2026-02-10 15:59:12.805125,Seoul-44cc,33,9,Normal
2026-02-10 15:59:13.805125,Seoul-44cc,15,69,Normal
2026-02-10 15:59:14.805125,Seoul-44cc,-19,16,Normal
2026-02-10 15:59:15.805125,Seoul-44cc,1,79,Normal
2026-02-10 15:59:16.805125,Seoul-44cc,-28,28,Normal
2026-02-10 15:59:17.805125,Seoul-44cc,-1,44,Normal
2026-02-10 15:59:18.805125,Seoul-44cc,29,62,Normal
2026-02-10 15:59:19.805125,Seoul-44cc,20,89,Normal
2026-02-10 15:59:20.805125,Seoul-44cc,37,8,Normal
2026-02-10 15:59:21.805125,Seoul-44cc,17,3,Normal
2026-02-10 15:59:22.805125,Seoul-44cc,-3,88,Normal
2026-02-10 15:59:23.805125,Seoul-44cc,37,77,Normal
2026-02-10 15:59:24.805125,Seoul-44cc,25,52,Normal
2026-02-10 15:59:25.805125,Seoul-44cc,-9,76,Normal
2026-02-10 15:59:26.805125,Seoul-44cc,-15,25,Normal
2026-02-10 15:59:27.805125,Seoul-44cc,4,88,Normal
2026-02-10 15:59:28.805125,Seoul-44cc,-16,98,Normal
2026-02-10 15:59:29.805125,Seoul-44cc,-12,10,Normal
2026-02-10 15:59:30.805125,Seoul-44cc,-26,15,Normal
2026-02-10 15:59:31.805125,Seoul-44cc,-4,80,Normal
2026-02-10 15:59:32.805125,Seoul-44cc,39,35,Normal
2026-02-10 15:59:33.805125,Seoul-44cc,43,31,Normal
2026-02-10 15:59:34.805125,Seoul-44cc,-25,75,Normal
2026-02-10 15:59:35.805125,Seoul-44cc,40,100,Normal
2026-02-10 15:59:36.805125,Seoul-44cc,14,29,Normal
2026-02-10 15:59:37.805125,Seoul-44cc,42,28,Normal
2026-02-10 15:59:38.805125,Seoul-44cc,-6,38,Normal
2026-02-10 15:59:39.805125,Seoul-44cc,31,78,Normal
2026-02-10 15:59:40.805125,Seoul-44cc,20,15,Normal
2026-02-10 15:59:41.805125,Seoul-44cc,-27,50,Normal
2026-02-10 15:59:42.805125,Seoul-44cc,-5,35,Normal
2026-02-10 15:59:43.805125,Seoul-44cc,49,92,Normal
2026-02-10 15:59:44.805125,Seoul-44cc,46,60,Normal
2026-02-10 15:59:45.805125,Seoul-44cc,7,52,Normal
2026-02-10 15:59:46.805125,Seoul-44cc,41,40,Normal
2026-02-10 15:59:47.805125,Seoul-44cc,11,87,Normal
2026-02-10 15:59:48.805125,Seoul-44cc,-15,9,Normal
2026-02-10 15:59:49.805125,Seoul-44cc,37,60,Normal
2026-02-10 15:59:50.805125,Seoul-44cc,42,86,Normal
2026-02-10 15:59:51.805125,Seoul-44cc,-12,38,Normal
2026-02-10 15:59:52.805125,Seoul-44cc,-28,84,Normal
2026-02-10 15:59:53.805125,Seoul-44cc,-4,98,Normal
2026-02-10 15:59:54.805125,Seoul-44cc,50,96,Normal
2026-02-10 15:59:55.805125,Seoul-44cc,-12,54,Normal
2026-02-10 15:59:56.805125,Seoul-44cc,2,21,Normal
2026-02-10 15:59:57.805125,Seoul-44cc,16,94,Normal
2026-02-10 15:59:58.805125,Seoul-44cc,35,79,Normal
2026-02-10 15:59:59.805125,Seoul-44cc,-14,19,Normal
2026-02-10 16:00:00.805125,Seoul-44cc,-4,94,Normal
2026-02-10 16:00:01.805125,Seoul-44cc,27,93,Normal
2026-02-10 16:00:02.805125,Seoul-44cc,-8,49,Normal
2026-02-10 16:00:03.805125,Seoul-44cc,-19,78,Normal
2026-02-10 16:00:04.805125,Seoul-44cc,-10,99,Normal
2026-02-10 16:00:05.805125,Seoul-44cc,35,34,Normal
2026-02-10 16:00:06.805125,Seoul-44cc,37,4,Normal
2026-02-10 16:00:07.805125,Seoul-44cc,13,71,Normal
2026-02-10 16:00:08.805125,Seoul-44cc,-20,10,Normal
2026-02-10 16:00:09.805125,Seoul-44cc,-7,68,Normal
2026-02-10 16:00:10.805125,Seoul-44cc,34,64,Normal
2026-02-10 16:00:11.805125,Seoul-44cc,9,66,Normal
2026-02-10 16:00:12.805125,Seoul-44cc,-27,24,Normal
2026-02-10 16:00:13.805125,Seoul-44cc,3,17,Normal
2026-02-10 16:00:14.805125,Seoul-44cc,31,79,Normal
2026-02-10 16:00:15.805125,Seoul-44cc,19,80,Normal
2026-02-10 16:00:16.805125,Seoul-44cc,4,95,Normal
2026-02-10 16:00:17.805125,Seoul-44cc,-12,55,Normal
2026-02-10 16:00:18.805125,Seoul-44cc,5,22,Normal
2026-02-10 16:00:19.805125,Seoul-44cc,11,36,Normal
2026-02-10 16:00:20.805125,Seoul-44cc,29,94,Normal
2026-02-10 16:00:21.805125,Seoul-44cc,-19,30,Normal
2026-02-10 16:00:22.805125,Seoul-44cc,17,20,Normal
2026-02-10 16:00:23.805125,Seoul-44cc,10,60,Normal
2026-02-10 16:00:24.805125,Seoul-44cc,7,24,Normal
2026-02-10 16:00:25.805125,Seoul-44cc,-30,55,Normal
2026-02-10 16:00:26.805125,Seoul-44cc,50,47,Normal
2026-02-10 16:00:27.805125,Seoul-44cc,40,72,Normal
2026-02-10 16:00:28.805125,Seoul-44cc,20,74,Normal
2026-02-10 16:00:29.805125,Seoul-44cc,-16,24,Normal
2026-02-10 16:00:30.805125,Seoul-44cc,38,71,Normal
2026-02-10 16:00:31.805125,Seoul-44cc,-19,46,Normal
2026-02-10 16:00:32.805125,Seoul-44cc,45,82,Normal
2026-02-10 16:00:33.805125,Seoul-44cc,24,10,Normal
2026-02-10 16:00:34.805125,Seoul-44cc,11,44,Normal
2026-02-10 16:00:35.805125,Seoul-44cc,1,81,Normal
2026-02-10 16:00:36.805125,Seoul-44cc,-15,51,Normal
2026-02-10 16:00:37.805125,Seoul-44cc,0,49,Normal
2026-02-10 16:00:38.805125,Seoul-44cc,-25,94,Normal
2026-02-10 16:00:39.805125,Seoul-44cc,-11,72,Normal
2026-02-10 16:00:40.805125,Seoul-44cc,-27,73,Normal
2026-02-10 16:00:41.805125,Seoul-44cc,27,29,Normal
2026-02-10 16:00:42.805125,Seoul-44cc,7,85,Normal
2026-02-10 16:00:43.805125,Seoul-44cc,17,38,Normal
2026-02-10 16:00:44.805125,Seoul-44cc,-28,33,Normal
2026-02-10 16:00:45.805125,Seoul-44cc,-17,62,Normal
2026-02-10 16:00:46.805125,Seoul-44cc,46,50,Normal
2026-02-10 16:00:47.805125,Seoul-44cc,46,51,Normal
2026-02-10 16:00:48.805125,Seoul-44cc,39,26,Normal
2026-02-10 16:00:49.805125,Seoul-44cc,-20,34,Normal
2026-02-10 16:00:50.805125,Seoul-44cc,12,86,Normal
2026-02-10 16:00:51.805125,Seoul-44cc,-4,12,Normal
2026-02-10 16:00:52.805125,Seoul-44cc,21,51,Normal
2026-02-10 16:00:53.805125,Seoul-44cc,-24,75,Normal
2026-02-10 16:00:54.805125,Seoul-44cc,-11,36,Normal
2026-02-10 16:00:55.805125,Seoul-44cc,11,64,Normal
2026-02-10 16:00:56.805125,Seoul-44cc,-21,49,Normal
2026-02-10 16:00:57.805125,Seoul-44cc,-24,95,Normal
2026-02-10 16:00:58.805125,Seoul-44cc,0,21,Normal
2026-02-10 16:00:59.805125,Seoul-44cc,31,17,Normal
2026-02-10 16:01:00.805125,Seoul-44cc,24,69,Normal
2026-02-10 16:01:01.805125,Seoul-44cc,-26,78,Normal
2026-02-10 16:01:02.805125,Seoul-44cc,25,10,Normal
2026-02-10 16:01:03.805125,Seoul-44cc,-20,84,Normal
2026-02-10 16:01:04.805125,Seoul-44cc,46,77,Normal
2026-02-10 16:01:05.805125,Seoul-44cc,20,50,Normal
2026-02-10 16:01:06.805125,Seoul-44cc,11,39,Normal
2026-02-10 16:01:07.805125,Seoul-44cc,16,53,Normal
2026-02-10 16:01:08.805125,Seoul-44cc,9,75,Normal
2026-02-10 16:01:09.805125,Seoul-44cc,21,57,Normal
2026-02-10 16:01:10.805125,Seoul-44cc,14,43,Normal
2026-02-10 16:01:11.805125,Seoul-44cc,-25,38,Normal
2026-02-10 16:01:12.805125,Seoul-44cc,32,23,Normal
2026-02-10 16:01:13.805125,Seoul-44cc,39,10,Normal
2026-02-10 16:01:14.805125,Seoul-44cc,-3,96,Normal
2026-02-10 16:01:15.805125,Seoul-44cc,11,2,Normal
2026-02-10 16:01:16.805125,Seoul-44cc,41,37,Normal
2026-02-10 16:01:17.805125,Seoul-44cc,-9,69,Normal
2026-02-10 16:01:18.805125,Seoul-44cc,-5,52,Normal
2026-02-10 16:01:19.805125,Seoul-44cc,-20,93,Normal
2026-02-10 16:01:20.805125,Seoul-44cc,-29,62,Normal
2026-02-10 16:01:21.805125,Seoul-44cc,10,24,Normal
2026-02-10 16:01:22.805125,Seoul-44cc,-17,77,Normal
2026-02-10 16:01:23.805125,Seoul-44cc,35,98,Normal
2026-02-10 16:01:24.805125,Seoul-44cc,-25,80,Normal
2026-02-10 16:01:25.805125,Seoul-44cc,1,32,Normal
2026-02-10 16:01:26.805125,Seoul-44cc,21,47,Normal
2026-02-10 16:01:27.805125,Seoul-44cc,45,7,Normal
2026-02-10 16:01:28.805125,Seoul-44cc,1,55,Normal
2026-02-10 16:01:29.805125,Seoul-44cc,44,31,Normal
2026-02-10 16:01:30.805125,Seoul-44cc,49,59,Normal
2026-02-10 16:01:31.805125,Seoul-44cc,50,0,Normal
2026-02-10 16:01:32.805125,Seoul-44cc,-5,98,Normal
2026-02-10 16:01:33.805125,Seoul-44cc,19,90,Normal
2026-02-10 16:01:34.805125,Seoul-44cc,44,85,Normal
2026-02-10 16:01:35.805125,Seoul-44cc,-13,35,Normal
2026-02-10 16:01:36.805125,Seoul-44cc,42,28,Normal
2026-02-10 16:01:37.805125,Seoul-44cc,44,89,Normal
2026-02-10 16:01:38.805125,Seoul-44cc,-15,1,Normal
2026-02-10 16:01:39.805125,Seoul-44cc,-10,95,Normal
2026-02-10 16:01:40.805125,Seoul-44cc,-13,6,Normal
2026-02-10 16:01:41.805125,Seoul-44cc,34,17,Normal
2026-02-10 16:01:42.805125,Seoul-44cc,-3,6,Normal
2026-02-10 16:01:43.805125,Seoul-44cc,10,79,Normal
2026-02-10 16:01:44.805125,Seoul-44cc,17,26,Normal
2026-02-10 16:01:45.805125,Seoul-44cc,-10,94,Normal
2026-02-10 16:01:46.805125,Seoul-44cc,-18,87,Normal
2026-02-10 16:01:47.805125,Seoul-44cc,18,12,Normal
2026-02-10 16:01:48.805125,Seoul-44cc,-4,6,Normal
2026-02-10 16:01:49.805125,Seoul-44cc,-23,24,Normal
2026-02-10 16:01:50.805125,Seoul-44cc,13,6,Normal
2026-02-10 16:01:51.805125,Seoul-44cc,-4,24,Normal
2026-02-10 16:01:52.805125,Seoul-44cc,-29,11,Normal
2026-02-10 16:01:53.805125,Seoul-44cc,-24,13,Normal
2026-02-10 16:01:54.805125,Seoul-44cc,-4,80,Normal
2026-02-10 16:01:55.805125,Seoul-44cc,-15,54,Normal
2026-02-10 16:01:56.805125,Seoul-44cc,-3,80,Normal
2026-02-10 16:01:57.805125,Seoul-44cc,-16,69,Normal
2026-02-10 16:01:58.805125,Seoul-44cc,30,44,Normal
2026-02-10 16:01:59.805125,Seoul-44cc,3,1,Normal
2026-02-10 16:02:00.805125,Seoul-44cc,-15,58,Normal
2026-02-10 16:02:01.805125,Seoul-44cc,38,57,Normal
2026-02-10 16:02:02.805125,Seoul-44cc,-19,95,Normal
2026-02-10 16:02:03.805125,Seoul-44cc,17,96,Normal
2026-02-10 16:02:04.805125,Seoul-44cc,48,87,Normal
2026-02-10 16:02:05.805125,Seoul-44cc,-6,12,Normal
2026-02-10 16:02:06.805125,Seoul-44cc,-17,77,Normal
2026-02-10 16:02:07.805125,Seoul-44cc,4,40,Normal
2026-02-10 16:02:08.805125,Seoul-44cc,33,16,Normal
2026-02-10 16:02:09.805125,Seoul-44cc,-8,44,Normal
2026-02-10 16:02:10.805125,Seoul-44cc,-8,96,Normal
2026-02-10 16:02:11.805125,Seoul-44cc,-14,33,Normal
2026-02-10 16:02:12.805125,Seoul-44cc,-19,10,Normal
2026-02-10 16:02:13.805125,Seoul-44cc,29,6,Normal
2026-02-10 16:02:14.805125,Seoul-44cc,-6,30,Normal
2026-02-10 16:02:15.805125,Seoul-44cc,-28,14,Normal
2026-02-10 16:02:16.805125,Seoul-44cc,17,91,Normal
2026-02-10 16:02:17.805125,Seoul-44cc,-15,23,Normal
2026-02-10 16:02:18.805125,Seoul-44cc,3,96,Normal
2026-02-10 16:02:19.805125,Seoul-44cc,12,3,Normal
2026-02-10 16:02:20.805125,Seoul-44cc,10,31,Normal
2026-02-10 16:02:21.805125,Seoul-44cc,7,30,Normal
2026-02-10 16:02:22.805125,Seoul-44cc,-11,48,Normal
2026-02-10 16:02:23.805125,Seoul-44cc,-30,59,Normal
2026-02-10 16:02:24.805125,Seoul-44cc,34,34,Normal
2026-02-10 16:02:25.805125,Seoul-44cc,-14,16,Normal
2026-02-10 16:02:26.805125,Seoul-44cc,-16,19,Normal
2026-02-10 16:02:27.805125,Seoul-44cc,-9,86,Normal
2026-02-10 16:02:28.805125,Seoul-44cc,33,9,Normal
2026-02-10 16:02:29.805125,Seoul-44cc,34,33,Normal
2026-02-10 16:02:30.805125,Seoul-44cc,-5,80,Normal
2026-02-10 16:02:31.805125,Seoul-44cc,11,93,Normal
2026-02-10 16:02:32.805125,Seoul-44cc,23,45,Normal
2026-02-10 16:02:33.805125,Seoul-44cc,-20,83,Normal
2026-02-10 16:02:34.805125,Seoul-44cc,26,8,Normal
2026-02-10 16:02:35.805125,Seoul-44cc,28,81,Normal
2026-02-10 16:02:36.805125,Seoul-44cc,39,52,Normal
2026-02-10 16:02:37.805125,Seoul-44cc,44,16,Normal
2026-02-10 16:02:38.805125,Seoul-44cc,44,85,Normal
2026-02-10 16:02:39.805125,Seoul-44cc,22,69,Normal
2026-02-10 16:02:40.805125,Seoul-44cc,25,50,Normal
2026-02-10 16:02:41.805125,Seoul-44cc,38,0,Normal
2026-02-10 16:02:42.805125,Seoul-44cc,46,52,Normal
2026-02-10 16:02:43.805125,Seoul-44cc,-6,70,Normal
2026-02-10 16:02:44.805125,Seoul-44cc,-4,68,Normal
2026-02-10 16:02:45.805125,Seoul-44cc,36,30,Normal
2026-02-10 16:02:46.805125,Seoul-44cc,45,5,Normal
2026-02-10 16:02:47.805125,Seoul-44cc,-1,29,Normal
2026-02-10 16:02:48.805125,Seoul-44cc,43,3,Normal
2026-02-10 16:02:49.805125,Seoul-44cc,49,54,Normal
2026-02-10 16:02:50.805125,Seoul-44cc,-25,49,Normal
2026-02-10 16:02:51.805125,Seoul-44cc,-24,77,Normal
2026-02-10 16:02:52.805125,Seoul-44cc,49,23,Normal
2026-02-10 16:02:53.805125,Seoul-44cc,1,35,Normal
2026-02-10 16:02:54.805125,Seoul-44cc,41,60,Normal
2026-02-10 16:02:55.805125,Seoul-44cc,-25,94,Normal
2026-02-10 16:02:56.805125,Seoul-44cc,8,51,Normal
2026-02-10 16:02:57.805125,Seoul-44cc,36,31,Normal
2026-02-10 16:02:58.805125,Seoul-44cc,13,83,Normal
2026-02-10 16:02:59.805125,Seoul-44cc,20,67,Normal
2026-02-10 16:03:00.805125,Seoul-44cc,1,64,Normal
2026-02-10 16:03:01.805125,Seoul-44cc,31,94,Normal
2026-02-10 16:03:02.805125,Seoul-44cc,35,39,Normal
2026-02-10 16:03:03.805125,Seoul-44cc,38,9,Normal
2026-02-10 16:03:04.805125,Seoul-44cc,48,89,Normal
2026-02-10 16:03:05.805125,Seoul-44cc,-27,9,Normal
2026-02-10 16:03:06.805125,Seoul-44cc,-5,82,Normal
2026-02-10 16:03:07.805125,Seoul-44cc,27,18,Normal
2026-02-10 16:03:08.805125,Seoul-44cc,-24,91,Normal
2026-02-10 16:03:09.805125,Seoul-44cc,-21,40,Normal
2026-02-10 16:03:10.805125,Seoul-44cc,-9,18,Normal
2026-02-10 16:03:11.805125,Seoul-44cc,-5,92,Normal
2026-02-10 16:03:12.805125,Seoul-44cc,8,100,Normal
2026-02-10 16:03:13.805125,Seoul-44cc,42,89,Normal
2026-02-10 16:03:14.805125,Seoul-44cc,36,23,Normal
2026-02-10 16:03:15.805125,Seoul-44cc,-15,40,Normal
2026-02-10 16:03:16.805125,Seoul-44cc,-14,26,Normal
2026-02-10 16:03:17.805125,Seoul-44cc,19,28,Normal
2026-02-10 16:03:18.805125,Seoul-44cc,3,79,Normal
2026-02-10 16:03:19.805125,Seoul-44cc,-12,69,Normal
2026-02-10 16:03:20.805125,Seoul-44cc,-18,1,Normal
2026-02-10 16:03:21.805125,Seoul-44cc,38,59,Normal
2026-02-10 16:03:22.805125,Seoul-44cc,-9,63,Normal
2026-02-10 16:03:23.805125,Seoul-44cc,15,54,Normal
2026-02-10 16:03:24.805125,Seoul-44cc,34,24,Normal
2026-02-10 16:03:25.805125,Seoul-44cc,-15,7,Normal
2026-02-10 16:03:26.805125,Seoul-44cc,-27,22,Normal
2026-02-10 16:03:27.805125,Seoul-44cc,-8,6,Normal
2026-02-10 16:03:28.805125,Seoul-44cc,36,80,Normal
2026-02-10 16:03:29.805125,Seoul-44cc,-5,11,Normal
2026-02-10 16:03:30.805125,Seoul-44cc,30,53,Normal
2026-02-10 16:03:31.805125,Seoul-44cc,15,15,Normal
2026-02-10 16:03:32.805125,Seoul-44cc,15,62,Normal
2026-02-10 16:03:33.805125,Seoul-44cc,29,91,Normal
2026-02-10 16:03:34.805125,Seoul-44cc,-6,21,Normal
2026-02-10 16:03:35.805125,Seoul-44cc,-15,13,Normal
2026-02-10 16:03:36.805125,Seoul-44cc,48,70,Normal
2026-02-10 16:03:37.805125,Seoul-44cc,8,82,Normal
2026-02-10 16:03:38.805125,Seoul-44cc,-14,46,Normal
2026-02-10 16:03:39.805125,Seoul-44cc,4,55,Normal
2026-02-10 16:03:40.805125,Seoul-44cc,13,94,Normal
2026-02-10 16:03:41.805125,Seoul-44cc,26,72,Normal
2026-02-10 16:03:42.805125,Seoul-44cc,3,92,Normal
2026-02-10 16:03:43.805125,Seoul-44cc,30,11,Normal
2026-02-10 16:03:44.805125,Seoul-44cc,18,34,Normal
2026-02-10 16:03:45.805125,Seoul-44cc,-13,67,Normal
2026-02-10 16:03:46.805125,Seoul-44cc,10,52,Normal
2026-02-10 16:03:47.805125,Seoul-44cc,27,42,Normal
2026-02-10 16:03:48.805125,Seoul-44cc,42,34,Normal
2026-02-10 16:03:49.805125,Seoul-44cc,50,94,Normal
2026-02-10 16:03:50.805125,Seoul-44cc,10,30,Normal
2026-02-10 16:03:51.805125,Seoul-44cc,-12,50,Normal
2026-02-10 16:03:52.805125,Seoul-44cc,4,97,Normal
2026-02-10 16:03:53.805125,Seoul-44cc,-7,48,Normal
2026-02-10 16:03:54.805125,Seoul-44cc,-13,96,Normal
2026-02-10 16:03:55.805125,Seoul-44cc,42,22,Normal
2026-02-10 16:03:56.805125,Seoul-44cc,-14,11,Normal
2026-02-10 16:03:57.805125,Seoul-44cc,45,25,Normal
2026-02-10 16:03:58.805125,Seoul-44cc,29,44,Normal
2026-02-10 16:03:59.805125,Seoul-44cc,28,87,Normal
2026-02-10 16:04:00.805125,Seoul-44cc,44,58,Normal
2026-02-10 16:04:01.805125,Seoul-44cc,1,77,Normal
2026-02-10 16:04:02.805125,Seoul-44cc,36,35,Normal
2026-02-10 16:04:03.805125,Seoul-44cc,-2,30,Normal
2026-02-10 16:04:04.805125,Seoul-44cc,31,27,Normal
2026-02-10 16:04:05.805125,Seoul-44cc,-21,49,Normal
2026-02-10 16:04:06.805125,Seoul-44cc,-22,99,Normal
2026-02-10 16:04:07.805125,Seoul-44cc,-3,64,Normal
2026-02-10 16:04:08.805125,Seoul-44cc,-16,81,Normal
2026-02-10 16:04:09.805125,Seoul-44cc,44,65,Normal
2026-02-10 16:04:10.805125,Seoul-44cc,-14,98,Normal
2026-02-10 16:04:11.805125,Seoul-44cc,-17,49,Normal
2026-02-10 16:04:12.805125,Seoul-44cc,-12,41,Normal
2026-02-10 16:04:13.805125,Seoul-44cc,2,64,Normal
2026-02-10 16:04:14.805125,Seoul-44cc,-10,61,Normal
2026-02-10 16:04:15.805125,Seoul-44cc,25,38,Normal
2026-02-10 16:04:16.805125,Seoul-44cc,23,14,Normal
2026-02-10 16:04:17.805125,Seoul-44cc,-23,97,Normal
2026-02-10 16:04:18.805125,Seoul-44cc,1,36,Normal
2026-02-10 16:04:19.805125,Seoul-44cc,37,59,Normal
2026-02-10 16:04:20.805125,Seoul-44cc,-2,57,Normal
2026-02-10 16:04:21.805125,Seoul-44cc,-1,85,Normal
2026-02-10 16:04:22.805125,Seoul-44cc,-22,92,Normal
2026-02-10 16:04:23.805125,Seoul-44cc,-24,78,Normal
2026-02-10 16:04:24.805125,Seoul-44cc,37,55,Normal
2026-02-10 16:04:25.805125,Seoul-44cc,13,85,Normal
2026-02-10 16:04:26.805125,Seoul-44cc,24,47,Normal
2026-02-10 16:04:27.805125,Seoul-44cc,-11,29,Normal
2026-02-10 16:04:28.805125,Seoul-44cc,25,14,Normal
2026-02-10 16:04:29.805125,Seoul-44cc,-4,40,Normal
2026-02-10 16:04:30.805125,Seoul-44cc,28,43,Normal
2026-02-10 16:04:31.805125,Seoul-44cc,5,29,Normal
2026-02-10 16:04:32.805125,Seoul-44cc,14,85,Normal
2026-02-10 16:04:33.805125,Seoul-44cc,8,76,Normal
2026-02-10 16:04:34.805125,Seoul-44cc,-19,90,Normal
2026-02-10 16:04:35.805125,Seoul-44cc,48,68,Normal
2026-02-10 16:04:36.805125,Seoul-44cc,-22,73,Normal
2026-02-10 16:04:37.805125,Seoul-44cc,39,53,Normal
2026-02-10 16:04:38.805125,Seoul-44cc,38,96,Normal
2026-02-10 16:04:39.805125,Seoul-44cc,33,35,Normal
2026-02-10 16:04:40.805125,Seoul-44cc,46,70,Normal
2026-02-10 16:04:41.805125,Seoul-44cc,41,62,Normal
2026-02-10 16:04:42.805125,Seoul-44cc,-18,22,Normal
2026-02-10 16:04:43.805125,Seoul-44cc,22,57,Normal
2026-02-10 16:04:44.805125,Seoul-44cc,-22,94,Normal
2026-02-10 16:04:45.805125,Seoul-44cc,11,50,Normal
2026-02-10 16:04:46.805125,Seoul-44cc,-4,21,Normal
2026-02-10 16:04:47.805125,Seoul-44cc,41,10,Normal
2026-02-10 16:04:48.805125,Seoul-44cc,0,76,Normal
2026-02-10 16:04:49.805125,Seoul-44cc,29,19,Normal
2026-02-10 16:04:50.805125,Seoul-44cc,-7,48,Normal
2026-02-10 16:04:51.805125,Seoul-44cc,-4,85,Normal
2026-02-10 16:04:52.805125,Seoul-44cc,-5,7,Normal
2026-02-10 16:04:53.805125,Seoul-44cc,-8,1,Normal
2026-02-10 16:04:54.805125,Seoul-44cc,-17,98,Normal
2026-02-10 16:04:55.805125,Seoul-44cc,35,73,Normal
2026-02-10 16:04:56.805125,Seoul-44cc,24,36,Normal
2026-02-10 16:04:57.805125,Seoul-44cc,38,94,Normal
2026-02-10 16:04:58.805125,Seoul-44cc,39,49,Normal
2026-02-10 16:04:59.805125,Seoul-44cc,-25,45,Normal
2026-02-10 16:05:00.805125,Seoul-44cc,-1,42,Normal
2026-02-10 16:05:01.805125,Seoul-44cc,28,23,Normal
2026-02-10 16:05:02.805125,Seoul-44cc,36,26,Normal
2026-02-10 16:05:03.805125,Seoul-44cc,35,5,Normal
2026-02-10 16:05:04.805125,Seoul-44cc,48,95,Normal
2026-02-10 16:05:05.805125,Seoul-44cc,22,71,Normal
2026-02-10 16:05:06.805125,Seoul-44cc,37,79,Normal
2026-02-10 16:05:07.805125,Seoul-44cc,26,98,Normal
2026-02-10 16:05:08.805125,Seoul-44cc,-29,4,Normal
2026-02-10 16:05:09.805125,Seoul-44cc,-16,75,Normal
2026-02-10 16:05:10.805125,Seoul-44cc,27,17,Normal
2026-02-10 16:05:11.805125,Seoul-44cc,-9,66,Normal
2026-02-10 16:05:12.805125,Seoul-44cc,28,25,Normal
2026-02-10 16:05:13.805125,Seoul-44cc,14,100,Normal
2026-02-10 16:05:14.805125,Seoul-44cc,50,90,Normal
2026-02-10 16:05:15.805125,Seoul-44cc,23,16,Normal
2026-02-10 16:05:16.805125,Seoul-44cc,5,18,Normal
2026-02-10 16:05:17.805125,Seoul-44cc,17,11,Normal
2026-02-10 16:05:18.805125,Seoul-44cc,-12,62,Normal
2026-02-10 16:05:19.805125,Seoul-44cc,29,68,Normal
2026-02-10 16:05:20.805125,Seoul-44cc,22,46,Normal
2026-02-10 16:05:21.805125,Seoul-44cc,-27,23,Normal
2026-02-10 16:05:22.805125,Seoul-44cc,37,33,Normal
2026-02-10 16:05:23.805125,Seoul-44cc,48,33,Normal
2026-02-10 16:05:24.805125,Seoul-44cc,1,12,Normal
2026-02-10 16:05:25.805125,Seoul-44cc,45,7,Normal
2026-02-10 16:05:26.805125,Seoul-44cc,-8,18,Normal
2026-02-10 16:05:27.805125,Seoul-44cc,21,1,Normal
2026-02-10 16:05:28.805125,Seoul-44cc,44,3,Normal
2026-02-10 16:05:29.805125,Seoul-44cc,1,31,Normal
2026-02-10 16:05:30.805125,Seoul-44cc,17,10,Normal
2026-02-10 16:05:31.805125,Seoul-44cc,-29,9,Normal
2026-02-10 16:05:32.805125,Seoul-44cc,-29,100,Normal
2026-02-10 16:05:33.805125,Seoul-44cc,3,42,Normal
2026-02-10 16:05:34.805125,Seoul-44cc,35,36,Normal
2026-02-10 16:05:35.805125,Seoul-44cc,-27,26,Normal
2026-02-10 16:05:36.805125,Seoul-44cc,35,86,Normal
2026-02-10 16:05:37.805125,Seoul-44cc,26,28,Normal
2026-02-10 16:05:38.805125,Seoul-44cc,-9,72,Normal
2026-02-10 16:05:39.805125,Seoul-44cc,18,58,Normal
2026-02-10 16:05:40.805125,Seoul-44cc,25,1,Normal
2026-02-10 16:05:41.805125,Seoul-44cc,-25,29,Normal
2026-02-10 16:05:42.805125,Seoul-44cc,8,30,Normal
2026-02-10 16:05:43.805125,Seoul-44cc,-30,79,Normal
2026-02-10 16:05:44.805125,Seoul-44cc,46,68,Normal
2026-02-10 16:05:45.805125,Seoul-44cc,27,41,Normal
2026-02-10 16:05:46.805125,Seoul-44cc,37,38,Normal
2026-02-10 16:05:47.805125,Seoul-44cc,34,88,Normal
2026-02-10 16:05:48.805125,Seoul-44cc,-12,27,Normal
2026-02-10 16:05:49.805125,Seoul-44cc,49,61,Normal
2026-02-10 16:05:50.805125,Seoul-44cc,-23,99,Normal
2026-02-10 16:05:51.805125,Seoul-44cc,32,90,Normal
2026-02-10 16:05:52.805125,Seoul-44cc,29,46,Normal
2026-02-10 16:05:53.805125,Seoul-44cc,8,78,Normal
2026-02-10 16:05:54.805125,Seoul-44cc,43,77,Normal
2026-02-10 16:05:55.805125,Seoul-44cc,-23,24,Normal
2026-02-10 16:05:56.805125,Seoul-44cc,-5,45,Normal
2026-02-10 16:05:57.805125,Seoul-44cc,30,96,Normal
2026-02-10 16:05:58.805125,Seoul-44cc,-22,71,Normal
2026-02-10 16:05:59.805125,Seoul-44cc,6,82,Normal
2026-02-10 16:06:00.805125,Seoul-44cc,48,4,Normal
2026-02-10 16:06:01.805125,Seoul-44cc,35,75,Normal
2026-02-10 16:06:02.805125,Seoul-44cc,3,8,Normal
2026-02-10 16:06:03.805125,Seoul-44cc,31,73,Normal
2026-02-10 16:06:04.805125,Seoul-44cc,-14,47,Normal
2026-02-10 16:06:05.805125,Seoul-44cc,25,66,Normal
2026-02-10 16:06:06.805125,Seoul-44cc,10,68,Normal
2026-02-10 16:06:07.805125,Seoul-44cc,-21,17,Normal
2026-02-10 16:06:08.805125,Seoul-44cc,14,5,Normal
2026-02-10 16:06:09.805125,Seoul-44cc,49,17,Normal
2026-02-10 16:06:10.805125,Seoul-44cc,-5,95,Normal
2026-02-10 16:06:11.805125,Seoul-44cc,38,0,Normal
2026-02-10 16:06:12.805125,Seoul-44cc,5,49,Normal
2026-02-10 16:06:13.805125,Seoul-44cc,-29,65,Normal
2026-02-10 16:06:14.805125,Seoul-44cc,47,78,Normal
2026-02-10 16:06:15.805125,Seoul-44cc,36,90,Normal
2026-02-10 16:06:16.805125,Seoul-44cc,48,14,Normal
2026-02-10 16:06:17.805125,Seoul-44cc,46,69,Normal
2026-02-10 16:06:18.805125,Seoul-44cc,7,25,Normal
2026-02-10 16:06:19.805125,Seoul-44cc,-4,31,Normal
2026-02-10 16:06:20.805125,Seoul-44cc,18,81,Normal
2026-02-10 16:06:21.805125,Seoul-44cc,-10,40,Normal
2026-02-10 16:06:22.805125,Seoul-44cc,35,46,Normal
2026-02-10 16:06:23.805125,Seoul-44cc,-22,4,Normal
2026-02-10 16:06:24.805125,Seoul-44cc,33,28,Normal
2026-02-10 16:06:25.805125,Seoul-44cc,-24,55,Normal
2026-02-10 16:06:26.805125,Seoul-44cc,-11,19,Normal
2026-02-10 16:06:27.805125,Seoul-44cc,-13,45,Normal
2026-02-10 16:06:28.805125,Seoul-44cc,46,13,Normal
2026-02-10 16:06:29.805125,Seoul-44cc,-15,93,Normal
2026-02-10 16:06:30.805125,Seoul-44cc,30,63,Normal
2026-02-10 16:06:31.805125,Seoul-44cc,-12,8,Normal
2026-02-10 16:06:32.805125,Seoul-44cc,39,6,Normal
2026-02-10 16:06:33.805125,Seoul-44cc,10,60,Normal
2026-02-10 16:06:34.805125,Seoul-44cc,0,68,Normal
2026-02-10 16:06:35.805125,Seoul-44cc,-7,33,Normal
2026-02-10 16:06:36.805125,Seoul-44cc,10,43,Normal
2026-02-10 16:06:37.805125,Seoul-44cc,-2,7,Normal
2026-02-10 16:06:38.805125,Seoul-44cc,-1,0,Normal
2026-02-10 16:06:39.805125,Seoul-44cc,-23,88,Normal
2026-02-10 16:06:40.805125,Seoul-44cc,-18,74,Normal
2026-02-10 16:06:41.805125,Seoul-44cc,12,52,Normal
2026-02-10 16:06:42.805125,Seoul-44cc,37,27,Normal
2026-02-10 16:06:43.805125,Seoul-44cc,44,31,Normal
2026-02-10 16:06:44.805125,Seoul-44cc,45,39,Normal
2026-02-10 16:06:45.805125,Seoul-44cc,-29,59,Normal
2026-02-10 16:06:46.805125,Seoul-44cc,9,63,Normal
2026-02-10 16:06:47.805125,Seoul-44cc,17,62,Normal
2026-02-10 16:06:48.805125,Seoul-44cc,11,31,Normal
2026-02-10 16:06:49.805125,Seoul-44cc,3,6,Normal
2026-02-10 16:06:50.805125,Seoul-44cc,46,20,Normal
2026-02-10 16:06:51.805125,Seoul-44cc,48,15,Normal
2026-02-10 16:06:52.805125,Seoul-44cc,17,9,Normal
2026-02-10 16:06:53.805125,Seoul-44cc,-22,34,Normal
2026-02-10 16:06:54.805125,Seoul-44cc,-8,51,Normal
2026-02-10 16:06:55.805125,Seoul-44cc,-27,98,Normal
2026-02-10 16:06:56.805125,Seoul-44cc,11,46,Normal
2026-02-10 16:06:57.805125,Seoul-44cc,-26,33,Normal
2026-02-10 16:06:58.805125,Seoul-44cc,39,2,Normal
2026-02-10 16:06:59.805125,Seoul-44cc,-8,77,Normal
2026-02-10 16:07:00.805125,Seoul-44cc,-29,38,Normal
2026-02-10 16:07:01.805125,Seoul-44cc,-14,85,Normal
2026-02-10 16:07:02.805125,Seoul-44cc,13,82,Normal
2026-02-10 16:07:03.805125,Seoul-44cc,-11,60,Normal
2026-02-10 16:07:04.805125,Seoul-44cc,-21,52,Normal
2026-02-10 16:07:05.805125,Seoul-44cc,28,38,Normal
2026-02-10 16:07:06.805125,Seoul-44cc,25,47,Normal
2026-02-10 16:07:07.805125,Seoul-44cc,27,31,Normal
2026-02-10 16:07:08.805125,Seoul-44cc,24,13,Normal
2026-02-10 16:07:09.805125,Seoul-44cc,32,33,Normal
2026-02-10 16:07:10.805125,Seoul-44cc,35,44,Normal
2026-02-10 16:07:11.805125,Seoul-44cc,-18,73,Normal
2026-02-10 16:07:12.805125,Seoul-44cc,23,4,Normal
2026-02-10 16:07:13.805125,Seoul-44cc,10,48,Normal
2026-02-10 16:07:14.805125,Seoul-44cc,26,76,Normal
2026-02-10 16:07:15.805125,Seoul-44cc,29,24,Normal
2026-02-10 16:07:16.805125,Seoul-44cc,37,48,Normal
2026-02-10 16:07:17.805125,Seoul-44cc,-17,74,Normal
2026-02-10 16:07:18.805125,Seoul-44cc,37,23,Normal
2026-02-10 16:07:19.805125,Seoul-44cc,46,47,Normal
2026-02-10 16:07:20.805125,Seoul-44cc,20,69,Normal
2026-02-10 16:07:21.805125,Seoul-44cc,30,21,Normal
2026-02-10 16:07:22.805125,Seoul-44cc,32,78,Normal
2026-02-10 16:07:23.805125,Seoul-44cc,-26,26,Normal
2026-02-10 16:07:24.805125,Seoul-44cc,45,8,Normal
2026-02-10 16:07:25.805125,Seoul-44cc,-12,86,Normal
2026-02-10 16:07:26.805125,Seoul-44cc,9,42,Normal
2026-02-10 16:07:27.805125,Seoul-44cc,4,54,Normal
2026-02-10 16:07:28.805125,Seoul-44cc,-18,32,Normal
2026-02-10 16:07:29.805125,Seoul-44cc,26,40,Normal
2026-02-10 16:07:30.805125,Seoul-44cc,49,24,Normal
2026-02-10 16:07:31.805125,Seoul-44cc,15,50,Normal
2026-02-10 16:07:32.805125,Seoul-44cc,48,10,Normal
2026-02-10 16:07:33.805125,Seoul-44cc,33,30,Normal
2026-02-10 16:07:34.805125,Seoul-44cc,26,82,Normal
2026-02-10 16:07:35.805125,Seoul-44cc,-13,14,Normal
2026-02-10 16:07:36.805125,Seoul-44cc,18,77,Normal
2026-02-10 16:07:37.805125,Seoul-44cc,41,52,Normal
2026-02-10 16:07:38.805125,Seoul-44cc,20,1,Normal
2026-02-10 16:07:39.805125,Seoul-44cc,44,36,Normal
2026-02-10 16:07:40.805125,Seoul-44cc,-15,5,Normal
2026-02-10 16:07:41.805125,Seoul-44cc,21,8,Normal
2026-02-10 16:07:42.805125,Seoul-44cc,15,83,Normal
2026-02-10 16:07:43.805125,Seoul-44cc,-22,69,Normal
2026-02-10 16:07:44.805125,Seoul-44cc,48,26,Normal
2026-02-10 16:07:45.805125,Seoul-44cc,36,30,Normal
2026-02-10 16:07:46.805125,Seoul-44cc,27,59,Normal
2026-02-10 16:07:47.805125,Seoul-44cc,50,88,Normal
2026-02-10 16:07:48.805125,Seoul-44cc,27,30,Normal
2026-02-10 16:07:49.805125,Seoul-44cc,39,35,Normal
2026-02-10 16:07:50.805125,Seoul-44cc,27,32,Normal
2026-02-10 16:07:51.805125,Seoul-44cc,29,78,Normal
2026-02-10 16:07:52.805125,Seoul-44cc,7,49,Normal
2026-02-10 16:07:53.805125,Seoul-44cc,22,76,Normal
2026-02-10 16:07:54.805125,Seoul-44cc,39,24,Normal
2026-02-10 16:07:55.805125,Seoul-44cc,37,6,Normal
2026-02-10 16:07:56.805125,Seoul-44cc,49,90,Normal
2026-02-10 16:07:57.805125,Seoul-44cc,33,76,Normal
2026-02-10 16:07:58.805125,Seoul-44cc,-12,10,Normal
2026-02-10 16:07:59.805125,Seoul-44cc,22,86,Normal
2026-02-10 16:08:00.805125,Seoul-44cc,-26,55,Normal
2026-02-10 16:08:01.805125,Seoul-44cc,-10,86,Normal
2026-02-10 16:08:02.805125,Seoul-44cc,25,62,Normal
2026-02-10 16:08:03.805125,Seoul-44cc,6,2,Normal
2026-02-10 16:08:04.805125,Seoul-44cc,20,38,Normal
2026-02-10 16:08:05.805125,Seoul-44cc,-16,53,Normal
2026-02-10 16:08:06.805125,Seoul-44cc,19,47,Normal
2026-02-10 16:08:07.805125,Seoul-44cc,-28,4,Normal
2026-02-10 16:08:08.805125,Seoul-44cc,23,21,Normal
2026-02-10 16:08:09.805125,Seoul-44cc,44,7,Normal
2026-02-10 16:08:10.805125,Seoul-44cc,38,68,Normal
2026-02-10 16:08:11.805125,Seoul-44cc,19,72,Normal
2026-02-10 16:08:12.805125,Seoul-44cc,-8,2,Normal
2026-02-10 16:08:13.805125,Seoul-44cc,-15,100,Normal
2026-02-10 16:08:14.805125,Seoul-44cc,22,45,Normal
2026-02-10 16:08:15.805125,Seoul-44cc,7,53,Normal
2026-02-10 16:08:16.805125,Seoul-44cc,28,84,Normal
2026-02-10 16:08:17.805125,Seoul-44cc,13,43,Normal
2026-02-10 16:08:18.805125,Seoul-44cc,15,0,Normal
2026-02-10 16:08:19.805125,Seoul-44cc,13,93,Normal
2026-02-10 16:08:20.805125,Seoul-44cc,33,55,Normal
2026-02-10 16:08:21.805125,Seoul-44cc,-30,43,Normal
2026-02-10 16:08:22.805125,Seoul-44cc,-30,94,Normal
2026-02-10 16:08:23.805125,Seoul-44cc,38,89,Normal
2026-02-10 16:08:24.805125,Seoul-44cc,-28,42,Normal
2026-02-10 16:08:25.805125,Seoul-44cc,44,0,Normal
2026-02-10 16:08:26.805125,Seoul-44cc,39,92,Normal
2026-02-10 16:08:27.805125,Seoul-44cc,31,79,Normal
2026-02-10 16:08:28.805125,Seoul-44cc,50,73,Normal
2026-02-10 16:08:29.805125,Seoul-44cc,5,55,Normal
2026-02-10 16:08:30.805125,Seoul-44cc,46,45,Normal
2026-02-10 16:08:31.805125,Seoul-44cc,28,5,Normal
2026-02-10 16:08:32.805125,Seoul-44cc,-14,72,Normal
2026-02-10 16:08:33.805125,Seoul-44cc,-4,76,Normal
2026-02-10 16:08:34.805125,Seoul-44cc,-15,91,Normal
2026-02-10 16:08:35.805125,Seoul-44cc,20,36,Normal
2026-02-10 16:08:36.805125,Seoul-44cc,-15,56,Normal
2026-02-10 16:08:37.805125,Seoul-44cc,31,33,Normal
2026-02-10 16:08:38.805125,Seoul-44cc,42,16,Normal
2026-02-10 16:08:39.805125,Seoul-44cc,21,72,Normal
2026-02-10 16:08:40.805125,Seoul-44cc,3,22,Normal
2026-02-10 16:08:41.805125,Seoul-44cc,-16,89,Normal
2026-02-10 16:08:42.805125,Seoul-44cc,40,3,Normal
2026-02-10 16:08:43.805125,Seoul-44cc,-29,47,Normal
2026-02-10 16:08:44.805125,Seoul-44cc,2,35,Normal
2026-02-10 16:08:45.805125,Seoul-44cc,-2,82,Normal
2026-02-10 16:08:46.805125,Seoul-44cc,49,83,Normal
2026-02-10 16:08:47.805125,Seoul-44cc,-26,66,Normal
2026-02-10 16:08:48.805125,Seoul-44cc,-16,13,Normal
2026-02-10 16:08:49.805125,Seoul-44cc,2,19,Normal
2026-02-10 16:08:50.805125,Seoul-44cc,16,2,Normal
2026-02-10 16:08:51.805125,Seoul-44cc,17,7,Normal
2026-02-10 16:08:52.805125,Seoul-44cc,42,83,Normal
2026-02-10 16:08:53.805125,Seoul-44cc,23,49,Normal
2026-02-10 16:08:54.805125,Seoul-44cc,14,88,Normal
2026-02-10 16:08:55.805125,Seoul-44cc,9,20,Normal
2026-02-10 16:08:56.805125,Seoul-44cc,49,41,Normal
2026-02-10 16:08:57.805125,Seoul-44cc,49,58,Normal
2026-02-10 16:08:58.805125,Seoul-44cc,21,85,Normal
2026-02-10 16:08:59.805125,Seoul-44cc,34,40,Normal
2026-02-10 16:09:00.805125,Seoul-44cc,-9,46,Normal
2026-02-10 16:09:01.805125,Seoul-44cc,-25,40,Normal
2026-02-10 16:09:02.805125,Seoul-44cc,6,3,Normal
2026-02-10 16:09:03.805125,Seoul-44cc,41,43,Normal
2026-02-10 16:09:04.805125,Seoul-44cc,-14,7,Normal
2026-02-10 16:09:05.805125,Seoul-44cc,15,79,Normal
2026-02-10 16:09:06.805125,Seoul-44cc,27,46,Normal
2026-02-10 16:09:07.805125,Seoul-44cc,-27,20,Normal
2026-02-10 16:09:08.805125,Seoul-44cc,28,64,Normal
2026-02-10 16:09:09.805125,Seoul-44cc,-7,15,Normal
2026-02-10 16:09:10.805125,Seoul-44cc,-7,81,Normal
2026-02-10 16:09:11.805125,Seoul-44cc,13,11,Normal
2026-02-10 16:09:12.805125,Seoul-44cc,-17,55,Normal
2026-02-10 16:09:13.805125,Seoul-44cc,4,43,Normal
2026-02-10 16:09:14.805125,Seoul-44cc,-3,48,Normal
2026-02-10 16:09:15.805125,Seoul-44cc,-14,80,Normal
2026-02-10 16:09:16.805125,Seoul-44cc,42,41,Normal
2026-02-10 16:09:17.805125,Seoul-44cc,-23,100,Normal
2026-02-10 16:09:18.805125,Seoul-44cc,-24,75,Normal
2026-02-10 16:09:19.805125,Seoul-44cc,-2,7,Normal
2026-02-10 16:09:20.805125,Seoul-44cc,1,66,Normal
2026-02-10 16:09:21.805125,Seoul-44cc,-13,9,Normal
2026-02-10 16:09:22.805125,Seoul-44cc,33,26,Normal
2026-02-10 16:09:23.805125,Seoul-44cc,-17,55,Normal
2026-02-10 16:09:24.805125,Seoul-44cc,-18,66,Normal
2026-02-10 16:09:25.805125,Seoul-44cc,-22,54,Normal
2026-02-10 16:09:26.805125,Seoul-44cc,7,60,Normal
2026-02-10 16:09:27.805125,Seoul-44cc,25,12,Normal
2026-02-10 16:09:28.805125,Seoul-44cc,33,76,Normal
2026-02-10 16:09:29.805125,Seoul-44cc,2,59,Normal
2026-02-10 16:09:30.805125,Seoul-44cc,-27,0,Normal
2026-02-10 16:09:31.805125,Seoul-44cc,14,15,Normal
2026-02-10 16:09:32.805125,Seoul-44cc,32,51,Normal
2026-02-10 16:09:33.805125,Seoul-44cc,-25,68,Normal
2026-02-10 16:09:34.805125,Seoul-44cc,-18,83,Normal
2026-02-10 16:09:35.805125,Seoul-44cc,18,81,Normal
2026-02-10 16:09:36.805125,Seoul-44cc,-25,54,Normal
2026-02-10 16:09:37.805125,Seoul-44cc,-13,28,Normal
2026-02-10 16:09:38.805125,Seoul-44cc,-11,84,Normal
2026-02-10 16:09:39.805125,Seoul-44cc,-22,26,Normal
2026-02-10 16:09:40.805125,Seoul-44cc,20,70,Normal
2026-02-10 16:09:41.805125,Seoul-44cc,-28,44,Normal
2026-02-10 16:09:42.805125,Seoul-44cc,14,16,Normal
2026-02-10 16:09:43.805125,Seoul-44cc,-8,90,Normal
2026-02-10 16:09:44.805125,Seoul-44cc,5,59,Normal
2026-02-10 16:09:45.805125,Seoul-44cc,46,15,Normal
2026-02-10 16:09:46.805125,Seoul-44cc,4,55,Normal
2026-02-10 16:09:47.805125,Seoul-44cc,-26,97,Normal
2026-02-10 16:09:48.805125,Seoul-44cc,-25,71,Normal
2026-02-10 16:09:49.805125,Seoul-44cc,-9,63,Normal
2026-02-10 16:09:50.805125,Seoul-44cc,-16,55,Normal
2026-02-10 16:09:51.805125,Seoul-44cc,44,98,Normal
2026-02-10 16:09:52.805125,Seoul-44cc,-23,17,Normal
2026-02-10 16:09:53.805125,Seoul-44cc,-25,17,Normal
2026-02-10 16:09:54.805125,Seoul-44cc,-9,1,Normal
2026-02-10 16:09:55.805125,Seoul-44cc,26,40,Normal
2026-02-10 16:09:56.805125,Seoul-44cc,11,93,Normal
2026-02-10 16:09:57.805125,Seoul-44cc,47,42,Normal
2026-02-10 16:09:58.805125,Seoul-44cc,4,69,Normal
2026-02-10 16:09:59.805125,Seoul-44cc,-6,61,Normal
2026-02-10 16:10:00.805125,Seoul-44cc,29,92,Normal
2026-02-10 16:10:01.805125,Seoul-44cc,28,67,Normal
2026-02-10 16:10:02.805125,Seoul-44cc,1,4,Normal
2026-02-10 16:10:03.805125,Seoul-44cc,16,51,Normal
2026-02-10 16:10:04.805125,Seoul-44cc,10,29,Normal
2026-02-10 16:10:05.805125,Seoul-44cc,-22,70,Normal
2026-02-10 16:10:06.805125,Seoul-44cc,-13,5,Normal
2026-02-10 16:10:07.805125,Seoul-44cc,7,3,Normal
2026-02-10 16:10:08.805125,Seoul-44cc,41,75,Normal
2026-02-10 16:10:09.805125,Seoul-44cc,48,20,Normal
2026-02-10 16:10:10.805125,Seoul-44cc,-30,22,Normal
2026-02-10 16:10:11.805125,Seoul-44cc,41,91,Normal
2026-02-10 16:10:12.805125,Seoul-44cc,20,16,Normal
2026-02-10 16:10:13.805125,Seoul-44cc,28,8,Normal
2026-02-10 16:10:14.805125,Seoul-44cc,-7,89,Normal
2026-02-10 16:10:15.805125,Seoul-44cc,-24,75,Normal
2026-02-10 16:10:16.805125,Seoul-44cc,-29,89,Normal
2026-02-10 16:10:17.805125,Seoul-44cc,9,4,Normal
2026-02-10 16:10:18.805125,Seoul-44cc,-30,88,Normal
2026-02-10 16:10:19.805125,Seoul-44cc,28,48,Normal
2026-02-10 16:10:20.805125,Seoul-44cc,-26,64,Normal
2026-02-10 16:10:21.805125,Seoul-44cc,-18,69,Normal
2026-02-10 16:10:22.805125,Seoul-44cc,44,40,Normal
2026-02-10 16:10:23.805125,Seoul-44cc,19,59,Normal
2026-02-10 16:10:24.805125,Seoul-44cc,-22,69,Normal
2026-02-10 16:10:25.805125,Seoul-44cc,11,93,Normal
2026-02-10 16:10:26.805125,Seoul-44cc,-24,42,Normal
2026-02-10 16:10:27.805125,Seoul-44cc,34,97,Normal
2026-02-10 16:10:28.805125,Seoul-44cc,-23,95,Normal
2026-02-10 16:10:29.805125,Seoul-44cc,46,17,Normal
2026-02-10 16:10:30.805125,Seoul-44cc,-7,77,Normal
2026-02-10 16:10:31.805125,Seoul-44cc,27,85,Normal
2026-02-10 16:10:32.805125,Seoul-44cc,5,49,Normal
2026-02-10 16:10:33.805125,Seoul-44cc,35,91,Normal
2026-02-10 16:10:34.805125,Seoul-44cc,4,2,Normal
2026-02-10 16:10:35.805125,Seoul-44cc,16,24,Normal
2026-02-10 16:10:36.805125,Seoul-44cc,4,4,Normal
2026-02-10 16:10:37.805125,Seoul-44cc,19,48,Normal
2026-02-10 16:10:38.805125,Seoul-44cc,-16,90,Normal
2026-02-10 16:10:39.805125,Seoul-44cc,41,59,Normal
2026-02-10 16:10:40.805125,Seoul-44cc,24,44,Normal
2026-02-10 16:10:41.805125,Seoul-44cc,37,25,Normal
2026-02-10 16:10:42.805125,Seoul-44cc,34,77,Normal
2026-02-10 16:10:43.805125,Seoul-44cc,35,14,Normal
2026-02-10 16:10:44.805125,Seoul-44cc,36,35,Normal
2026-02-10 16:10:45.805125,Seoul-44cc,3,27,Normal
2026-02-10 16:10:46.805125,Seoul-44cc,29,21,Normal
2026-02-10 16:10:47.805125,Seoul-44cc,-22,43,Normal
2026-02-10 16:10:48.805125,Seoul-44cc,-16,98,Normal
2026-02-10 16:10:49.805125,Seoul-44cc,30,52,Normal
2026-02-10 16:10:50.805125,Seoul-44cc,4,30,Normal
2026-02-10 16:10:51.805125,Seoul-44cc,-5,73,Normal
2026-02-10 16:10:52.805125,Seoul-44cc,23,18,Normal
2026-02-10 16:10:53.805125,Seoul-44cc,-27,91,Normal
2026-02-10 16:10:54.805125,Seoul-44cc,-26,42,Normal
2026-02-10 16:10:55.805125,Seoul-44cc,9,67,Normal
2026-02-10 16:10:56.805125,Seoul-44cc,36,70,Normal
2026-02-10 16:10:57.805125,Seoul-44cc,47,76,Normal
2026-02-10 16:10:58.805125,Seoul-44cc,-16,63,Normal
2026-02-10 16:10:59.805125,Seoul-44cc,-11,97,Normal
2026-02-10 16:11:00.805125,Seoul-44cc,16,62,Normal
2026-02-10 16:11:01.805125,Seoul-44cc,47,58,Normal
2026-02-10 16:11:02.805125,Seoul-44cc,20,0,Normal
2026-02-10 16:11:03.805125,Seoul-44cc,-12,94,Normal
2026-02-10 16:11:04.805125,Seoul-44cc,50,78,Normal
2026-02-10 16:11:05.805125,Seoul-44cc,12,10,Normal
2026-02-10 16:11:06.805125,Seoul-44cc,-23,28,Normal
2026-02-10 16:11:07.805125,Seoul-44cc,0,100,Normal
2026-02-10 16:11:08.805125,Seoul-44cc,41,44,Normal
2026-02-10 16:11:09.805125,Seoul-44cc,17,35,Normal
2026-02-10 16:11:10.805125,Seoul-44cc,-15,73,Normal
2026-02-10 16:11:11.805125,Seoul-44cc,38,78,Normal
2026-02-10 16:11:12.805125,Seoul-44cc,-23,29,Normal
2026-02-10 16:11:13.805125,Seoul-44cc,2,65,Normal
2026-02-10 16:11:14.805125,Seoul-44cc,47,48,Normal
2026-02-10 16:11:15.805125,Seoul-44cc,-24,58,Normal
2026-02-10 16:11:16.805125,Seoul-44cc,-27,3,Normal
2026-02-10 16:11:17.805125,Seoul-44cc,-12,77,Normal
2026-02-10 16:11:18.805125,Seoul-44cc,-17,17,Normal
2026-02-10 16:11:19.805125,Seoul-44cc,19,82,Normal
2026-02-10 16:11:20.805125,Seoul-44cc,-25,38,Normal
2026-02-10 16:11:21.805125,Seoul-44cc,-18,68,Normal
2026-02-10 16:11:22.805125,Seoul-44cc,31,28,Normal
2026-02-10 16:11:23.805125,Seoul-44cc,-3,3,Normal
2026-02-10 16:11:24.805125,Seoul-44cc,30,12,Normal
2026-02-10 16:11:25.805125,Seoul-44cc,-17,3,Normal
2026-02-10 16:11:26.805125,Seoul-44cc,8,75,Normal
2026-02-10 16:11:27.805125,Seoul-44cc,15,31,Normal
2026-02-10 16:11:28.805125,Seoul-44cc,22,45,Normal
2026-02-10 16:11:29.805125,Seoul-44cc,-28,18,Normal
2026-02-10 16:11:30.805125,Seoul-44cc,35,68,Normal
2026-02-10 16:11:31.805125,Seoul-44cc,1,29,Normal
2026-02-10 16:11:32.805125,Seoul-44cc,44,34,Normal
2026-02-10 16:11:33.805125,Seoul-44cc,50,89,Normal
2026-02-10 16:11:34.805125,Seoul-44cc,26,2,Normal
2026-02-10 16:11:35.805125,Seoul-44cc,-20,83,Normal
2026-02-10 16:11:36.805125,Seoul-44cc,-1,68,Normal
2026-02-10 16:11:37.805125,Seoul-44cc,41,93,Normal
2026-02-10 16:11:38.805125,Seoul-44cc,-4,7,Normal
2026-02-10 16:11:39.805125,Seoul-44cc,-30,26,Normal
2026-02-10 16:11:40.805125,Seoul-44cc,39,93,Normal
2026-02-10 16:11:41.805125,Seoul-44cc,50,19,Normal
2026-02-10 16:11:42.805125,Seoul-44cc,-12,84,Normal
2026-02-10 16:11:43.805125,Seoul-44cc,43,43,Normal
2026-02-10 16:11:44.805125,Seoul-44cc,-30,23,Normal
2026-02-10 16:11:45.805125,Seoul-44cc,30,20,Normal
2026-02-10 16:11:46.805125,Seoul-44cc,7,95,Normal
2026-02-10 16:11:47.805125,Seoul-44cc,-15,43,Normal
2026-02-10 16:11:48.805125,Seoul-44cc,-10,80,Normal
2026-02-10 16:11:49.805125,Seoul-44cc,-1,40,Normal
2026-02-10 16:11:50.805125,Seoul-44cc,50,93,Normal
2026-02-10 16:11:51.805125,Seoul-44cc,16,85,Normal
2026-02-10 16:11:52.805125,Seoul-44cc,-14,66,Normal
2026-02-10 16:11:53.805125,Seoul-44cc,12,32,Normal
2026-02-10 16:11:54.805125,Seoul-44cc,-15,39,Normal
2026-02-10 16:11:55.805125,Seoul-44cc,-28,88,Normal
2026-02-10 16:11:56.805125,Seoul-44cc,-23,45,Normal
2026-02-10 16:11:57.805125,Seoul-44cc,29,46,Normal
2026-02-10 16:11:58.805125,Seoul-44cc,18,45,Normal
2026-02-10 16:11:59.805125,Seoul-44cc,-11,70,Normal
2026-02-10 16:12:00.805125,Seoul-44cc,16,81,Normal
2026-02-10 16:12:01.805125,Seoul-44cc,16,48,Normal
2026-02-10 16:12:02.805125,Seoul-44cc,7,43,Normal
2026-02-10 16:12:03.805125,Seoul-44cc,-6,15,Normal
2026-02-10 16:12:04.805125,Seoul-44cc,-30,69,Normal
2026-02-10 16:12:05.805125,Seoul-44cc,-14,82,Normal
2026-02-10 16:12:06.805125,Seoul-44cc,15,98,Normal
2026-02-10 16:12:07.805125,Seoul-44cc,38,4,Normal
2026-02-10 16:12:08.805125,Seoul-44cc,50,2,Normal
2026-02-10 16:12:09.805125,Seoul-44cc,18,89,Normal
2026-02-10 16:12:10.805125,Seoul-44cc,42,14,Normal
2026-02-10 16:12:11.805125,Seoul-44cc,-25,90,Normal
2026-02-10 16:12:12.805125,Seoul-44cc,-4,58,Normal
2026-02-10 16:12:13.805125,Seoul-44cc,-11,8,Normal
2026-02-10 16:12:14.805125,Seoul-44cc,-30,67,Normal
2026-02-10 16:12:15.805125,Seoul-44cc,-7,4,Normal
2026-02-10 16:12:16.805125,Seoul-44cc,-29,53,Normal
2026-02-10 16:12:17.805125,Seoul-44cc,9,1,Normal
2026-02-10 16:12:18.805125,Seoul-44cc,22,18,Normal
2026-02-10 16:12:19.805125,Seoul-44cc,30,1,Normal
2026-02-10 16:12:20.805125,Seoul-44cc,38,30,Normal
2026-02-10 16:12:21.805125,Seoul-44cc,-7,38,Normal
2026-02-10 16:12:22.805125,Seoul-44cc,-15,1,Normal
2026-02-10 16:12:23.805125,Seoul-44cc,-5,87,Normal
2026-02-10 16:12:24.805125,Seoul-44cc,38,89,Normal
2026-02-10 16:12:25.805125,Seoul-44cc,29,48,Normal
2026-02-10 16:12:26.805125,Seoul-44cc,36,70,Normal
2026-02-10 16:12:27.805125,Seoul-44cc,0,27,Normal
2026-02-10 16:12:28.805125,Seoul-44cc,23,92,Normal
2026-02-10 16:12:29.805125,Seoul-44cc,3,98,Normal
2026-02-10 16:12:30.805125,Seoul-44cc,5,57,Normal
2026-02-10 16:12:31.805125,Seoul-44cc,-29,66,Normal
2026-02-10 16:12:32.805125,Seoul-44cc,-24,36,Normal
2026-02-10 16:12:33.805125,Seoul-44cc,-5,83,Normal
2026-02-10 16:12:34.805125,Seoul-44cc,-24,30,Normal
2026-02-10 16:12:35.805125,Seoul-44cc,-8,89,Normal
2026-02-10 16:12:36.805125,Seoul-44cc,25,42,Normal
2026-02-10 16:12:37.805125,Seoul-44cc,-16,7,Normal
2026-02-10 16:12:38.805125,Seoul-44cc,-24,33,Normal
2026-02-10 16:12:39.805125,Seoul-44cc,-30,56,Normal
2026-02-10 16:12:40.805125,Seoul-44cc,18,8,Normal
2026-02-10 16:12:41.805125,Seoul-44cc,-13,34,Normal
2026-02-10 16:12:42.805125,Seoul-44cc,11,67,Normal
2026-02-10 16:12:43.805125,Seoul-44cc,-4,52,Normal
2026-02-10 16:12:44.805125,Seoul-44cc,20,42,Normal
2026-02-10 16:12:45.805125,Seoul-44cc,-2,81,Normal
2026-02-10 16:12:46.805125,Seoul-44cc,-7,84,Normal
2026-02-10 16:12:47.805125,Seoul-44cc,-11,13,Normal
2026-02-10 16:12:48.805125,Seoul-44cc,-18,85,Normal
2026-02-10 16:12:49.805125,Seoul-44cc,11,28,Normal
2026-02-10 16:12:50.805125,Seoul-44cc,19,96,Normal
2026-02-10 16:12:51.805125,Seoul-44cc,15,75,Normal
2026-02-10 16:12:52.805125,Seoul-44cc,14,84,Normal
2026-02-10 16:12:53.805125,Seoul-44cc,24,23,Normal
2026-02-10 16:12:54.805125,Seoul-44cc,32,0,Normal
2026-02-10 16:12:55.805125,Seoul-44cc,-25,7,Normal
2026-02-10 16:12:56.805125,Seoul-44cc,34,87,Normal
2026-02-10 16:12:57.805125,Seoul-44cc,24,3,Normal
2026-02-10 16:12:58.805125,Seoul-44cc,4,89,Normal
2026-02-10 16:12:59.805125,Seoul-44cc,30,36,Normal
2026-02-10 16:13:00.805125,Seoul-44cc,9,41,Normal
2026-02-10 16:13:01.805125,Seoul-44cc,31,17,Normal
2026-02-10 16:13:02.805125,Seoul-44cc,7,46,Normal
2026-02-10 16:13:03.805125,Seoul-44cc,17,33,Normal
2026-02-10 16:13:04.805125,Seoul-44cc,33,24,Normal
2026-02-10 16:13:05.805125,Seoul-44cc,43,24,Normal
2026-02-10 16:13:06.805125,Seoul-44cc,10,59,Normal
2026-02-10 16:13:07.805125,Seoul-44cc,46,30,Normal
2026-02-10 16:13:08.805125,Seoul-44cc,-8,13,Normal
2026-02-10 16:13:09.805125,Seoul-44cc,-27,76,Normal
2026-02-10 16:13:10.805125,Seoul-44cc,0,1,Normal
2026-02-10 16:13:11.805125,Seoul-44cc,37,16,Normal
2026-02-10 16:13:12.805125,Seoul-44cc,41,81,Normal
2026-02-10 16:13:13.805125,Seoul-44cc,34,85,Normal
2026-02-10 16:13:14.805125,Seoul-44cc,38,96,Normal
2026-02-10 16:13:15.805125,Seoul-44cc,23,56,Normal
2026-02-10 16:13:16.805125,Seoul-44cc,21,24,Normal
2026-02-10 16:13:17.805125,Seoul-44cc,33,71,Normal
2026-02-10 16:13:18.805125,Seoul-44cc,-28,59,Normal
2026-02-10 16:13:19.805125,Seoul-44cc,43,26,Normal
2026-02-10 16:13:20.805125,Seoul-44cc,-17,5,Normal
2026-02-10 16:13:21.805125,Seoul-44cc,12,93,Normal
2026-02-10 16:13:22.805125,Seoul-44cc,-24,100,Normal
2026-02-10 16:13:23.805125,Seoul-44cc,-15,48,Normal
2026-02-10 16:13:24.805125,Seoul-44cc,-13,16,Normal
2026-02-10 16:13:25.805125,Seoul-44cc,22,80,Normal
2026-02-10 16:13:26.805125,Seoul-44cc,42,10,Normal
2026-02-10 16:13:27.805125,Seoul-44cc,-14,16,Normal
2026-02-10 16:13:28.805125,Seoul-44cc,-16,43,Normal
2026-02-10 16:13:29.805125,Seoul-44cc,-22,63,Normal
2026-02-10 16:13:30.805125,Seoul-44cc,-18,44,Normal
2026-02-10 16:13:31.805125,Seoul-44cc,-18,29,Normal
2026-02-10 16:13:32.805125,Seoul-44cc,-5,68,Normal
2026-02-10 16:13:33.805125,Seoul-44cc,-28,47,Normal
2026-02-10 16:13:34.805125,Seoul-44cc,16,51,Normal
2026-02-10 16:13:35.805125,Seoul-44cc,-15,19,Normal
2026-02-10 16:13:36.805125,Seoul-44cc,48,90,Normal
2026-02-10 16:13:37.805125,Seoul-44cc,5,77,Normal
2026-02-10 16:13:38.805125,Seoul-44cc,24,72,Normal
2026-02-10 16:13:39.805125,Seoul-44cc,44,75,Normal
2026-02-10 16:13:40.805125,Seoul-44cc,-17,96,Normal
2026-02-10 16:13:41.805125,Seoul-44cc,19,42,Normal
2026-02-10 16:13:42.805125,Seoul-44cc,27,83,Normal
2026-02-10 16:13:43.805125,Seoul-44cc,44,45,Normal
2026-02-10 16:13:44.805125,Seoul-44cc,37,44,Normal
2026-02-10 16:13:45.805125,Seoul-44cc,46,3,Normal
2026-02-10 16:13:46.805125,Seoul-44cc,-20,17,Normal
2026-02-10 16:13:47.805125,Seoul-44cc,47,52,Normal
2026-02-10 16:13:48.805125,Seoul-44cc,19,12,Normal
2026-02-10 16:13:49.805125,Seoul-44cc,-29,91,Normal
2026-02-10 16:13:50.805125,Seoul-44cc,-8,67,Normal
2026-02-10 16:13:51.805125,Seoul-44cc,21,54,Normal
2026-02-10 16:13:52.805125,Seoul-44cc,-6,29,Normal
2026-02-10 16:13:53.805125,Seoul-44cc,27,13,Normal
2026-02-10 16:13:54.805125,Seoul-44cc,19,53,Normal
2026-02-10 16:13:55.805125,Seoul-44cc,41,90,Normal
2026-02-10 16:13:56.805125,Seoul-44cc,-18,21,Normal
2026-02-10 16:13:57.805125,Seoul-44cc,-5,82,Normal
2026-02-10 16:13:58.805125,Seoul-44cc,47,29,Normal
2026-02-10 16:13:59.805125,Seoul-44cc,22,24,Normal
2026-02-10 16:14:00.805125,Seoul-44cc,20,67,Normal
2026-02-10 16:14:01.805125,Seoul-44cc,-6,93,Normal
2026-02-10 16:14:02.805125,Seoul-44cc,-13,80,Normal
2026-02-10 16:14:03.805125,Seoul-44cc,11,49,Normal
2026-02-10 16:14:04.805125,Seoul-44cc,50,9,Normal
2026-02-10 16:14:05.805125,Seoul-44cc,47,59,Normal
2026-02-10 16:14:06.805125,Seoul-44cc,-9,49,Normal
2026-02-10 16:14:07.805125,Seoul-44cc,10,25,Normal
2026-02-10 16:14:08.805125,Seoul-44cc,-23,31,Normal
2026-02-10 16:14:09.805125,Seoul-44cc,-30,28,Normal
2026-02-10 16:14:10.805125,Seoul-44cc,-22,28,Normal
2026-02-10 16:14:11.805125,Seoul-44cc,19,26,Normal
2026-02-10 16:14:12.805125,Seoul-44cc,28,84,Normal
2026-02-10 16:14:13.805125,Seoul-44cc,37,38,Normal
2026-02-10 16:14:14.805125,Seoul-44cc,-22,67,Normal
2026-02-10 16:14:15.805125,Seoul-44cc,-3,50,Normal
2026-02-10 16:14:16.805125,Seoul-44cc,27,1,Normal
2026-02-10 16:14:17.805125,Seoul-44cc,8,30,Normal
2026-02-10 16:14:18.805125,Seoul-44cc,-10,67,Normal
2026-02-10 16:14:19.805125,Seoul-44cc,5,45,Normal
2026-02-10 16:14:20.805125,Seoul-44cc,34,78,Normal
2026-02-10 16:14:21.805125,Seoul-44cc,28,36,Normal
2026-02-10 16:14:22.805125,Seoul-44cc,-4,47,Normal
2026-02-10 16:14:23.805125,Seoul-44cc,-1,44,Normal
2026-02-10 16:14:24.805125,Seoul-44cc,-14,72,Normal
2026-02-10 16:14:25.805125,Seoul-44cc,16,6,Normal
2026-02-10 16:14:26.805125,Seoul-44cc,37,50,Normal
2026-02-10 16:14:27.805125,Seoul-44cc,30,10,Normal
2026-02-10 16:14:28.805125,Seoul-44cc,25,4,Normal
2026-02-10 16:14:29.805125,Seoul-44cc,25,44,Normal
2026-02-10 16:14:30.805125,Seoul-44cc,21,8,Normal
2026-02-10 16:14:31.805125,Seoul-44cc,12,95,Normal
2026-02-10 16:14:32.805125,Seoul-44cc,-12,45,Normal
2026-02-10 16:14:33.805125,Seoul-44cc,14,100,Normal
2026-02-10 16:14:34.805125,Seoul-44cc,-4,10,Normal
2026-02-10 16:14:35.805125,Seoul-44cc,9,59,Normal
2026-02-10 16:14:36.805125,Seoul-44cc,-28,76,Normal
2026-02-10 16:14:37.805125,Seoul-44cc,22,29,Normal
2026-02-10 16:14:38.805125,Seoul-44cc,-23,52,Normal
2026-02-10 16:14:39.805125,Seoul-44cc,23,13,Normal
2026-02-10 16:14:40.805125,Seoul-44cc,41,43,Normal
2026-02-10 16:14:41.805125,Seoul-44cc,-24,98,Normal
2026-02-10 16:14:42.805125,Seoul-44cc,-18,4,Normal
2026-02-10 16:14:43.805125,Seoul-44cc,-19,29,Normal
2026-02-10 16:14:44.805125,Seoul-44cc,-26,32,Normal
2026-02-10 16:14:45.805125,Seoul-44cc,29,37,Normal
2026-02-10 16:14:46.805125,Seoul-44cc,-16,53,Normal
2026-02-10 16:14:47.805125,Seoul-44cc,-22,30,Normal
2026-02-10 16:14:48.805125,Seoul-44cc,-5,30,Normal
2026-02-10 16:14:49.805125,Seoul-44cc,-9,48,Normal
2026-02-10 16:14:50.805125,Seoul-44cc,10,9,Normal
2026-02-10 16:14:51.805125,Seoul-44cc,-28,23,Normal
2026-02-10 16:14:52.805125,Seoul-44cc,50,41,Normal
2026-02-10 16:14:53.805125,Seoul-44cc,15,45,Normal
2026-02-10 16:14:54.805125,Seoul-44cc,27,7,Normal
2026-02-10 16:14:55.805125,Seoul-44cc,26,40,Normal
2026-02-10 16:14:56.805125,Seoul-44cc,-28,60,Normal
2026-02-10 16:14:57.805125,Seoul-44cc,14,81,Normal
2026-02-10 16:14:58.805125,Seoul-44cc,33,71,Normal
2026-02-10 16:14:59.805125,Seoul-44cc,-4,58,Normal
2026-02-10 16:15:00.805125,Seoul-44cc,32,96,Normal
2026-02-10 16:15:01.805125,Seoul-44cc,1,34,Normal
2026-02-10 16:15:02.805125,Seoul-44cc,-16,59,Normal
2026-02-10 16:15:03.805125,Seoul-44cc,13,80,Normal
2026-02-10 16:15:04.805125,Seoul-44cc,34,24,Normal
2026-02-10 16:15:05.805125,Seoul-44cc,-13,52,Normal
2026-02-10 16:15:06.805125,Seoul-44cc,7,89,Normal
2026-02-10 16:15:07.805125,Seoul-44cc,-28,54,Normal
2026-02-10 16:15:08.805125,Seoul-44cc,25,61,Normal
2026-02-10 16:15:09.805125,Seoul-44cc,-1,44,Normal
2026-02-10 16:15:10.805125,Seoul-44cc,-7,93,Normal
2026-02-10 16:15:11.805125,Seoul-44cc,30,60,Normal
2026-02-10 16:15:12.805125,Seoul-44cc,-7,71,Normal
2026-02-10 16:15:13.805125,Seoul-44cc,3,72,Normal
2026-02-10 16:15:14.805125,Seoul-44cc,-2,79,Normal
2026-02-10 16:15:15.805125,Seoul-44cc,31,100,Normal
2026-02-10 16:15:16.805125,Seoul-44cc,17,51,Normal
2026-02-10 16:15:17.805125,Seoul-44cc,-7,53,Normal
2026-02-10 16:15:18.805125,Seoul-44cc,27,48,Normal
2026-02-10 16:15:19.805125,Seoul-44cc,47,17,Normal
2026-02-10 16:15:20.805125,Seoul-44cc,26,87,Normal
2026-02-10 16:15:21.805125,Seoul-44cc,-17,0,Normal
2026-02-10 16:15:22.805125,Seoul-44cc,16,95,Normal
2026-02-10 16:15:23.805125,Seoul-44cc,29,39,Normal
2026-02-10 16:15:24.805125,Seoul-44cc,6,59,Normal
2026-02-10 16:15:25.805125,Seoul-44cc,33,34,Normal
2026-02-10 16:15:26.805125,Seoul-44cc,14,34,Normal
2026-02-10 16:15:27.805125,Seoul-44cc,16,76,Normal
2026-02-10 16:15:28.805125,Seoul-44cc,22,85,Normal
2026-02-10 16:15:29.805125,Seoul-44cc,-9,14,Normal
2026-02-10 16:15:30.805125,Seoul-44cc,9,18,Normal
2026-02-10 16:15:31.805125,Seoul-44cc,-5,16,Normal
2026-02-10 16:15:32.805125,Seoul-44cc,33,93,Normal
2026-02-10 16:15:33.805125,Seoul-44cc,-12,19,Normal
2026-02-10 16:15:34.805125,Seoul-44cc,-6,89,Normal
2026-02-10 16:15:35.805125,Seoul-44cc,18,75,Normal
2026-02-10 16:15:36.805125,Seoul-44cc,-15,10,Normal
2026-02-10 16:15:37.805125,Seoul-44cc,21,84,Normal
2026-02-10 16:15:38.805125,Seoul-44cc,28,61,Normal
2026-02-10 16:15:39.805125,Seoul-44cc,-15,42,Normal
2026-02-10 16:15:40.805125,Seoul-44cc,0,74,Normal
2026-02-10 16:15:41.805125,Seoul-44cc,24,94,Normal
2026-02-10 16:15:42.805125,Seoul-44cc,-17,28,Normal
2026-02-10 16:15:43.805125,Seoul-44cc,-6,7,Normal
2026-02-10 16:15:44.805125,Seoul-44cc,-9,1,Normal
2026-02-10 16:15:45.805125,Seoul-44cc,32,56,Normal
2026-02-10 16:15:46.805125,Seoul-44cc,50,99,Normal
2026-02-10 16:15:47.805125,Seoul-44cc,-7,69,Normal
2026-02-10 16:15:48.805125,Seoul-44cc,-23,50,Normal
2026-02-10 16:15:49.805125,Seoul-44cc,-4,10,Normal
2026-02-10 16:15:50.805125,Seoul-44cc,22,21,Normal
2026-02-10 16:15:51.805125,Seoul-44cc,-6,100,Normal
2026-02-10 16:15:52.805125,Seoul-44cc,23,44,Normal
2026-02-10 16:15:53.805125,Seoul-44cc,-10,32,Normal
2026-02-10 16:15:54.805125,Seoul-44cc,-14,56,Normal
2026-02-10 16:15:55.805125,Seoul-44cc,14,32,Normal
2026-02-10 16:15:56.805125,Seoul-44cc,-16,88,Normal
2026-02-10 16:15:57.805125,Seoul-44cc,11,64,Normal
2026-02-10 16:15:58.805125,Seoul-44cc,-24,23,Normal
2026-02-10 16:15:59.805125,Seoul-44cc,38,45,Normal
2026-02-10 16:16:00.805125,Seoul-44cc,-15,67,Normal
2026-02-10 16:16:01.805125,Seoul-44cc,-8,44,Normal
2026-02-10 16:16:02.805125,Seoul-44cc,32,76,Normal
2026-02-10 16:16:03.805125,Seoul-44cc,-10,34,Normal
2026-02-10 16:16:04.805125,Seoul-44cc,-26,95,Normal
2026-02-10 16:16:05.805125,Seoul-44cc,36,82,Normal
2026-02-10 16:16:06.805125,Seoul-44cc,31,13,Normal
2026-02-10 16:16:07.805125,Seoul-44cc,14,21,Normal
2026-02-10 16:16:08.805125,Seoul-44cc,-24,93,Normal
2026-02-10 16:16:09.805125,Seoul-44cc,-10,36,Normal
2026-02-10 16:16:10.805125,Seoul-44cc,50,2,Normal
2026-02-10 16:16:11.805125,Seoul-44cc,-19,7,Normal
2026-02-10 16:16:12.805125,Seoul-44cc,-23,64,Normal
2026-02-10 16:16:13.805125,Seoul-44cc,-4,98,Normal
2026-02-10 16:16:14.805125,Seoul-44cc,-18,71,Normal
2026-02-10 16:16:15.805125,Seoul-44cc,39,64,Normal
2026-02-10 16:16:16.805125,Seoul-44cc,25,86,Normal
2026-02-10 16:16:17.805125,Seoul-44cc,-8,7,Normal
2026-02-10 16:16:18.805125,Seoul-44cc,-11,16,Normal
2026-02-10 16:16:19.805125,Seoul-44cc,45,62,Normal
2026-02-10 16:16:20.805125,Seoul-44cc,24,89,Normal
2026-02-10 16:16:21.805125,Seoul-44cc,-4,72,Normal
2026-02-10 16:16:22.805125,Seoul-44cc,-11,24,Normal
2026-02-10 16:16:23.805125,Seoul-44cc,8,51,Normal
2026-02-10 16:16:24.805125,Seoul-44cc,-27,38,Normal
2026-02-10 16:16:25.805125,Seoul-44cc,15,65,Normal
2026-02-10 16:16:26.805125,Seoul-44cc,34,1,Normal
2026-02-10 16:16:27.805125,Seoul-44cc,43,22,Normal
2026-02-10 16:16:28.805125,Seoul-44cc,41,4,Normal
2026-02-10 16:16:29.805125,Seoul-44cc,-3,59,Normal
2026-02-10 16:16:30.805125,Seoul-44cc,-16,78,Normal
2026-02-10 16:16:31.805125,Seoul-44cc,47,52,Normal
2026-02-10 16:16:32.805125,Seoul-44cc,16,11,Normal
2026-02-10 16:16:33.805125,Seoul-44cc,-4,22,Normal
2026-02-10 16:16:34.805125,Seoul-44cc,40,43,Normal
2026-02-10 16:16:35.805125,Seoul-44cc,50,26,Normal
2026-02-10 16:16:36.805125,Seoul-44cc,-17,37,Normal
2026-02-10 16:16:37.805125,Seoul-44cc,-11,29,Normal
2026-02-10 16:16:38.805125,Seoul-44cc,-8,64,Normal
2026-02-10 16:16:39.805125,Seoul-44cc,43,35,Normal
2026-02-10 16:16:40.805125,Seoul-44cc,3,93,Normal
2026-02-10 16:16:41.805125,Seoul-44cc,-2,37,Normal
2026-02-10 16:16:42.805125,Seoul-44cc,-12,51,Normal
2026-02-10 16:16:43.805125,Seoul-44cc,-19,71,Normal
2026-02-10 16:16:44.805125,Seoul-44cc,25,34,Normal
2026-02-10 16:16:45.805125,Seoul-44cc,-24,6,Normal
2026-02-10 16:16:46.805125,Seoul-44cc,23,31,Normal
2026-02-10 16:16:47.805125,Seoul-44cc,14,75,Normal
2026-02-10 16:16:48.805125,Seoul-44cc,-21,50,Normal
2026-02-10 16:16:49.805125,Seoul-44cc,33,44,Normal
2026-02-10 16:16:50.805125,Seoul-44cc,-29,44,Normal
2026-02-10 16:16:51.805125,Seoul-44cc,24,8,Normal
2026-02-10 16:16:52.805125,Seoul-44cc,-8,65,Normal
2026-02-10 16:16:53.805125,Seoul-44cc,-17,34,Normal
2026-02-10 16:16:54.805125,Seoul-44cc,36,39,Normal
2026-02-10 16:16:55.805125,Seoul-44cc,20,83,Normal
2026-02-10 16:16:56.805125,Seoul-44cc,18,85,Normal
2026-02-10 16:16:57.805125,Seoul-44cc,30,15,Normal
2026-02-10 16:16:58.805125,Seoul-44cc,6,48,Normal
2026-02-10 16:16:59.805125,Seoul-44cc,37,99,Normal
2026-02-10 16:17:00.805125,Seoul-44cc,19,79,Normal
2026-02-10 16:17:01.805125,Seoul-44cc,14,46,Normal
2026-02-10 16:17:02.805125,Seoul-44cc,-8,18,Normal
2026-02-10 16:17:03.805125,Seoul-44cc,30,78,Normal
2026-02-10 16:17:04.805125,Seoul-44cc,28,46,Normal
2026-02-10 16:17:05.805125,Seoul-44cc,11,45,Normal
2026-02-10 16:17:06.805125,Seoul-44cc,-11,17,Normal
2026-02-10 16:17:07.805125,Seoul-44cc,-6,77,Normal
2026-02-10 16:17:08.805125,Seoul-44cc,11,13,Normal
2026-02-10 16:17:09.805125,Seoul-44cc,-8,72,Normal
2026-02-10 16:17:10.805125,Seoul-44cc,-27,94,Normal
2026-02-10 16:17:11.805125,Seoul-44cc,-26,96,Normal
2026-02-10 16:17:12.805125,Seoul-44cc,17,89,Normal
2026-02-10 16:17:13.805125,Seoul-44cc,50,83,Normal
2026-02-10 16:17:14.805125,Seoul-44cc,21,60,Normal
2026-02-10 16:17:15.805125,Seoul-44cc,-4,91,Normal
2026-02-10 16:17:16.805125,Seoul-44cc,10,93,Normal
2026-02-10 16:17:17.805125,Seoul-44cc,8,78,Normal
2026-02-10 16:17:18.805125,Seoul-44cc,23,10,Normal
2026-02-10 16:17:19.805125,Seoul-44cc,0,46,Normal
2026-02-10 16:17:20.805125,Seoul-44cc,27,24,Normal
2026-02-10 16:17:21.805125,Seoul-44cc,-15,27,Normal
2026-02-10 16:17:22.805125,Seoul-44cc,10,57,Normal
2026-02-10 16:17:23.805125,Seoul-44cc,-7,10,Normal
2026-02-10 16:17:24.805125,Seoul-44cc,-15,14,Normal
2026-02-10 16:17:25.805125,Seoul-44cc,3,57,Normal
2026-02-10 16:17:26.805125,Seoul-44cc,38,51,Normal
2026-02-10 16:17:27.805125,Seoul-44cc,19,12,Normal
2026-02-10 16:17:28.805125,Seoul-44cc,-26,6,Normal
2026-02-10 16:17:29.805125,Seoul-44cc,10,55,Normal
2026-02-10 16:17:30.805125,Seoul-44cc,49,22,Normal
2026-02-10 16:17:31.805125,Seoul-44cc,-18,29,Normal
2026-02-10 16:17:32.805125,Seoul-44cc,32,82,Normal
2026-02-10 16:17:33.805125,Seoul-44cc,-8,84,Normal
2026-02-10 16:17:34.805125,Seoul-44cc,3,55,Normal
2026-02-10 16:17:35.805125,Seoul-44cc,50,10,Normal
2026-02-10 16:17:36.805125,Seoul-44cc,17,65,Normal
2026-02-10 16:17:37.805125,Seoul-44cc,4,73,Normal
2026-02-10 16:17:38.805125,Seoul-44cc,45,19,Normal
2026-02-10 16:17:39.805125,Seoul-44cc,44,43,Normal
2026-02-10 16:17:40.805125,Seoul-44cc,-28,76,Normal
2026-02-10 16:17:41.805125,Seoul-44cc,46,11,Normal
2026-02-10 16:17:42.805125,Seoul-44cc,5,82,Normal
2026-02-10 16:17:43.805125,Seoul-44cc,49,76,Normal
2026-02-10 16:17:44.805125,Seoul-44cc,-16,82,Normal
2026-02-10 16:17:45.805125,Seoul-44cc,-12,98,Normal
2026-02-10 16:17:46.805125,Seoul-44cc,49,8,Normal
2026-02-10 16:17:47.805125,Seoul-44cc,39,76,Normal
2026-02-10 16:17:48.805125,Seoul-44cc,35,10,Normal
2026-02-10 16:17:49.805125,Seoul-44cc,43,75,Normal
2026-02-10 16:17:50.805125,Seoul-44cc,13,99,Normal
2026-02-10 16:17:51.805125,Seoul-44cc,-5,37,Normal
2026-02-10 16:17:52.805125,Seoul-44cc,-30,83,Normal
2026-02-10 16:17:53.805125,Seoul-44cc,32,35,Normal
2026-02-10 16:17:54.805125,Seoul-44cc,45,40,Normal
2026-02-10 16:17:55.805125,Seoul-44cc,24,61,Normal
2026-02-10 16:17:56.805125,Seoul-44cc,50,0,Normal
2026-02-10 16:17:57.805125,Seoul-44cc,34,20,Normal
2026-02-10 16:17:58.805125,Seoul-44cc,20,56,Normal
2026-02-10 16:17:59.805125,Seoul-44cc,1,11,Normal
2026-02-10 16:18:00.805125,Seoul-44cc,-27,84,Normal
2026-02-10 16:18:01.805125,Seoul-44cc,20,23,Normal
2026-02-10 16:18:02.805125,Seoul-44cc,-6,45,Normal
2026-02-10 16:18:03.805125,Seoul-44cc,34,59,Normal
2026-02-10 16:18:04.805125,Seoul-44cc,-28,91,Normal
2026-02-10 16:18:05.805125,Seoul-44cc,20,0,Normal
2026-02-10 16:18:06.805125,Seoul-44cc,45,25,Normal
2026-02-10 16:18:07.805125,Seoul-44cc,33,46,Normal
2026-02-10 16:18:08.805125,Seoul-44cc,33,93,Normal
2026-02-10 16:18:09.805125,Seoul-44cc,49,85,Normal
2026-02-10 16:18:10.805125,Seoul-44cc,-27,73,Normal
2026-02-10 16:18:11.805125,Seoul-44cc,9,53,Normal
2026-02-10 16:18:12.805125,Seoul-44cc,31,39,Normal
2026-02-10 16:18:13.805125,Seoul-44cc,9,25,Normal
2026-02-10 16:18:14.805125,Seoul-44cc,13,69,Normal
2026-02-10 16:18:15.805125,Seoul-44cc,17,40,Normal
2026-02-10 16:18:16.805125,Seoul-44cc,31,37,Normal
2026-02-10 16:18:17.805125,Seoul-44cc,-30,76,Normal
2026-02-10 16:18:18.805125,Seoul-44cc,18,16,Normal
2026-02-10 16:18:19.805125,Seoul-44cc,-28,46,Normal
2026-02-10 16:18:20.805125,Seoul-44cc,-10,51,Normal
2026-02-10 16:18:21.805125,Seoul-44cc,30,30,Normal
2026-02-10 16:18:22.805125,Seoul-44cc,39,29,Normal
2026-02-10 16:18:23.805125,Seoul-44cc,-18,24,Normal
2026-02-10 16:18:24.805125,Seoul-44cc,47,64,Normal
2026-02-10 16:18:25.805125,Seoul-44cc,1,92,Normal
2026-02-10 16:18:26.805125,Seoul-44cc,-12,1,Normal
2026-02-10 16:18:27.805125,Seoul-44cc,15,71,Normal
2026-02-10 16:18:28.805125,Seoul-44cc,17,69,Normal
2026-02-10 16:18:29.805125,Seoul-44cc,48,54,Normal
2026-02-10 16:18:30.805125,Seoul-44cc,-29,49,Normal
2026-02-10 16:18:31.805125,Seoul-44cc,-21,28,Normal
2026-02-10 16:18:32.805125,Seoul-44cc,32,35,Normal
2026-02-10 16:18:33.805125,Seoul-44cc,-6,8,Normal
2026-02-10 16:18:34.805125,Seoul-44cc,-14,19,Normal
2026-02-10 16:18:35.805125,Seoul-44cc,46,17,Normal
2026-02-10 16:18:36.805125,Seoul-44cc,46,78,Normal
2026-02-10 16:18:37.805125,Seoul-44cc,11,77,Normal
2026-02-10 16:18:38.805125,Seoul-44cc,3,60,Normal
2026-02-10 16:18:39.805125,Seoul-44cc,30,37,Normal
2026-02-10 16:18:40.805125,Seoul-44cc,-13,58,Normal
2026-02-10 16:18:41.805125,Seoul-44cc,13,37,Normal
2026-02-10 16:18:42.805125,Seoul-44cc,-24,81,Normal
2026-02-10 16:18:43.805125,Seoul-44cc,40,47,Normal
2026-02-10 16:18:44.805125,Seoul-44cc,-3,17,Normal
2026-02-10 16:18:45.805125,Seoul-44cc,30,60,Normal
2026-02-10 16:18:46.805125,Seoul-44cc,37,28,Normal
2026-02-10 16:18:47.805125,Seoul-44cc,-7,63,Normal
2026-02-10 16:18:48.805125,Seoul-44cc,-27,93,Normal
2026-02-10 16:18:49.805125,Seoul-44cc,-8,13,Normal
2026-02-10 16:18:50.805125,Seoul-44cc,-10,79,Normal
2026-02-10 16:18:51.805125,Seoul-44cc,-1,78,Normal
2026-02-10 16:18:52.805125,Seoul-44cc,14,42,Normal
2026-02-10 16:18:53.805125,Seoul-44cc,13,100,Normal
2026-02-10 16:18:54.805125,Seoul-44cc,-1,9,Normal
2026-02-10 16:18:55.805125,Seoul-44cc,11,33,Normal
2026-02-10 16:18:56.805125,Seoul-44cc,35,54,Normal
2026-02-10 16:18:57.805125,Seoul-44cc,-10,40,Normal
2026-02-10 16:18:58.805125,Seoul-44cc,37,52,Normal
2026-02-10 16:18:59.805125,Seoul-44cc,-24,37,Normal
2026-02-10 16:19:00.805125,Seoul-44cc,15,0,Normal
2026-02-10 16:19:01.805125,Seoul-44cc,-11,55,Normal
2026-02-10 16:19:02.805125,Seoul-44cc,20,37,Normal
2026-02-10 16:19:03.805125,Seoul-44cc,39,44,Normal
2026-02-10 16:19:04.805125,Seoul-44cc,-5,21,Normal
2026-02-10 16:19:05.805125,Seoul-44cc,16,41,Normal
2026-02-10 16:19:06.805125,Seoul-44cc,25,91,Normal
2026-02-10 16:19:07.805125,Seoul-44cc,-30,55,Normal
2026-02-10 16:19:08.805125,Seoul-44cc,31,66,Normal
2026-02-10 16:19:09.805125,Seoul-44cc,-12,11,Normal
2026-02-10 16:19:10.805125,Seoul-44cc,45,64,Normal
2026-02-10 16:19:11.805125,Seoul-44cc,41,63,Normal
2026-02-10 16:19:12.805125,Seoul-44cc,44,15,Normal
2026-02-10 16:19:13.805125,Seoul-44cc,-14,25,Normal
2026-02-10 16:19:14.805125,Seoul-44cc,-21,17,Normal
2026-02-10 16:19:15.805125,Seoul-44cc,39,3,Normal
2026-02-10 16:19:16.805125,Seoul-44cc,-23,66,Normal
2026-02-10 16:19:17.805125,Seoul-44cc,39,89,Normal
2026-02-10 16:19:18.805125,Seoul-44cc,18,38,Normal
2026-02-10 16:19:19.805125,Seoul-44cc,6,44,Normal
2026-02-10 16:19:20.805125,Seoul-44cc,47,55,Normal
2026-02-10 16:19:21.805125,Seoul-44cc,19,18,Normal
2026-02-10 16:19:22.805125,Seoul-44cc,49,34,Normal
2026-02-10 16:19:23.805125,Seoul-44cc,25,93,Normal
2026-02-10 16:19:24.805125,Seoul-44cc,33,26,Normal
2026-02-10 16:19:25.805125,Seoul-44cc,9,4,Normal
2026-02-10 16:19:26.805125,Seoul-44cc,-21,73,Normal
2026-02-10 16:19:27.805125,Seoul-44cc,-23,16,Normal
2026-02-10 16:19:28.805125,Seoul-44cc,8,23,Normal
2026-02-10 16:19:29.805125,Seoul-44cc,0,1,Normal
2026-02-10 16:19:30.805125,Seoul-44cc,37,85,Normal
2026-02-10 16:19:31.805125,Seoul-44cc,41,15,Normal
2026-02-10 16:19:32.805125,Seoul-44cc,-11,32,Normal
2026-02-10 16:19:33.805125,Seoul-44cc,31,43,Normal
2026-02-10 16:19:34.805125,Seoul-44cc,25,84,Normal
2026-02-10 16:19:35.805125,Seoul-44cc,30,2,Normal
2026-02-10 16:19:36.805125,Seoul-44cc,-16,85,Normal
2026-02-10 16:19:37.805125,Seoul-44cc,19,53,Normal
2026-02-10 16:19:38.805125,Seoul-44cc,27,33,Normal
2026-02-10 16:19:39.805125,Seoul-44cc,-2,42,Normal
2026-02-10 16:19:40.805125,Seoul-44cc,18,73,Normal
2026-02-10 16:19:41.805125,Seoul-44cc,-16,93,Normal
2026-02-10 16:19:42.805125,Seoul-44cc,18,75,Normal
2026-02-10 16:19:43.805125,Seoul-44cc,-16,45,Normal
2026-02-10 16:19:44.805125,Seoul-44cc,-11,39,Normal
2026-02-10 16:19:45.805125,Seoul-44cc,21,96,Normal
2026-02-10 16:19:46.805125,Seoul-44cc,30,24,Normal
2026-02-10 16:19:47.805125,Seoul-44cc,-19,66,Normal
2026-02-10 16:19:48.805125,Seoul-44cc,0,65,Normal
2026-02-10 16:19:49.805125,Seoul-44cc,14,58,Normal
2026-02-10 16:19:50.805125,Seoul-44cc,-30,83,Normal
2026-02-10 16:19:51.805125,Seoul-44cc,-20,97,Normal
2026-02-10 16:19:52.805125,Seoul-44cc,30,87,Normal
2026-02-10 16:19:53.805125,Seoul-44cc,37,52,Normal
2026-02-10 16:19:54.805125,Seoul-44cc,21,32,Normal
2026-02-10 16:19:55.805125,Seoul-44cc,50,13,Normal
2026-02-10 16:19:56.805125,Seoul-44cc,39,2,Normal
2026-02-10 16:19:57.805125,Seoul-44cc,46,55,Normal
2026-02-10 16:19:58.805125,Seoul-44cc,14,43,Normal
2026-02-10 16:19:59.805125,Seoul-44cc,-15,87,Normal
2026-02-10 16:20:00.805125,Seoul-44cc,49,99,Normal
2026-02-10 16:20:01.805125,Seoul-44cc,38,55,Normal
2026-02-10 16:20:02.805125,Seoul-44cc,26,43,Normal
2026-02-10 16:20:03.805125,Seoul-44cc,-26,87,Normal
2026-02-10 16:20:04.805125,Seoul-44cc,20,1,Normal
2026-02-10 16:20:05.805125,Seoul-44cc,40,18,Normal
2026-02-10 16:20:06.805125,Seoul-44cc,-8,40,Normal
2026-02-10 16:20:07.805125,Seoul-44cc,-20,6,Normal
2026-02-10 16:20:08.805125,Seoul-44cc,34,85,Normal
2026-02-10 16:20:09.805125,Seoul-44cc,15,90,Normal
2026-02-10 16:20:10.805125,Seoul-44cc,-26,49,Normal
2026-02-10 16:20:11.805125,Seoul-44cc,47,72,Normal
2026-02-10 16:20:12.805125,Seoul-44cc,43,77,Normal
2026-02-10 16:20:13.805125,Seoul-44cc,47,36,Normal
2026-02-10 16:20:14.805125,Seoul-44cc,31,54,Normal
2026-02-10 16:20:15.805125,Seoul-44cc,-3,56,Normal
2026-02-10 16:20:16.805125,Seoul-44cc,17,32,Normal
2026-02-10 16:20:17.805125,Seoul-44cc,-23,34,Normal
2026-02-10 16:20:18.805125,Seoul-44cc,45,59,Normal
2026-02-10 16:20:19.805125,Seoul-44cc,50,52,Normal
2026-02-10 16:20:20.805125,Seoul-44cc,38,89,Normal
2026-02-10 16:20:21.805125,Seoul-44cc,21,74,Normal
2026-02-10 16:20:22.805125,Seoul-44cc,41,92,Normal
2026-02-10 16:20:23.805125,Seoul-44cc,4,40,Normal
2026-02-10 16:20:24.805125,Seoul-44cc,11,22,Normal
2026-02-10 16:20:25.805125,Seoul-44cc,-1,85,Normal
2026-02-10 16:20:26.805125,Seoul-44cc,-8,85,Normal
2026-02-10 16:20:27.805125,Seoul-44cc,40,43,Normal
2026-02-10 16:20:28.805125,Seoul-44cc,29,28,Normal
2026-02-10 16:20:29.805125,Seoul-44cc,29,38,Normal
2026-02-10 16:20:30.805125,Seoul-44cc,30,68,Normal
2026-02-10 16:20:31.805125,Seoul-44cc,22,100,Normal
2026-02-10 16:20:32.805125,Seoul-44cc,-22,46,Normal
2026-02-10 16:20:33.805125,Seoul-44cc,-26,96,Normal
2026-02-10 16:20:34.805125,Seoul-44cc,23,16,Normal
2026-02-10 16:20:35.805125,Seoul-44cc,21,100,Normal
2026-02-10 16:20:36.805125,Seoul-44cc,1,38,Normal
2026-02-10 16:20:37.805125,Seoul-44cc,15,14,Normal
2026-02-10 16:20:38.805125,Seoul-44cc,49,14,Normal
2026-02-10 16:20:39.805125,Seoul-44cc,19,51,Normal
2026-02-10 16:20:40.805125,Seoul-44cc,-20,47,Normal
2026-02-10 16:20:41.805125,Seoul-44cc,0,26,Normal
2026-02-10 16:20:42.805125,Seoul-44cc,-22,31,Normal
2026-02-10 16:20:43.805125,Seoul-44cc,6,28,Normal
2026-02-10 16:20:44.805125,Seoul-44cc,34,19,Normal
2026-02-10 16:20:45.805125,Seoul-44cc,9,6,Normal
2026-02-10 16:20:46.805125,Seoul-44cc,8,84,Normal
2026-02-10 16:20:47.805125,Seoul-44cc,35,39,Normal
2026-02-10 16:20:48.805125,Seoul-44cc,38,78,Normal
2026-02-10 16:20:49.805125,Seoul-44cc,0,7,Normal
2026-02-10 16:20:50.805125,Seoul-44cc,-17,76,Normal
2026-02-10 16:20:51.805125,Seoul-44cc,29,63,Normal
2026-02-10 16:20:52.805125,Seoul-44cc,18,75,Normal
2026-02-10 16:20:53.805125,Seoul-44cc,45,91,Normal
2026-02-10 16:20:54.805125,Seoul-44cc,34,62,Normal
2026-02-10 16:20:55.805125,Seoul-44cc,46,81,Normal
2026-02-10 16:20:56.805125,Seoul-44cc,9,58,Normal
2026-02-10 16:20:57.805125,Seoul-44cc,-23,0,Normal
2026-02-10 16:20:58.805125,Seoul-44cc,42,69,Normal
2026-02-10 16:20:59.805125,Seoul-44cc,-21,91,Normal
2026-02-10 16:21:00.805125,Seoul-44cc,-20,20,Normal
2026-02-10 16:21:01.805125,Seoul-44cc,-29,4,Normal
2026-02-10 16:21:02.805125,Seoul-44cc,28,79,Normal
2026-02-10 16:21:03.805125,Seoul-44cc,10,12,Normal
2026-02-10 16:21:04.805125,Seoul-44cc,43,63,Normal
2026-02-10 16:21:05.805125,Seoul-44cc,39,71,Normal
2026-02-10 16:21:06.805125,Seoul-44cc,3,17,Normal
2026-02-10 16:21:07.805125,Seoul-44cc,50,7,Normal
2026-02-10 16:21:08.805125,Seoul-44cc,30,74,Normal
2026-02-10 16:21:09.805125,Seoul-44cc,4,33,Normal
2026-02-10 16:21:10.805125,Seoul-44cc,-18,86,Normal
2026-02-10 16:21:11.805125,Seoul-44cc,36,22,Normal
2026-02-10 16:21:12.805125,Seoul-44cc,15,2,Normal
2026-02-10 16:21:13.805125,Seoul-44cc,35,96,Normal
2026-02-10 16:21:14.805125,Seoul-44cc,15,82,Normal
2026-02-10 16:21:15.805125,Seoul-44cc,21,100,Normal
2026-02-10 16:21:16.805125,Seoul-44cc,-14,42,Normal
2026-02-10 16:21:17.805125,Seoul-44cc,-27,93,Normal
2026-02-10 16:21:18.805125,Seoul-44cc,-3,23,Normal
2026-02-10 16:21:19.805125,Seoul-44cc,3,15,Normal
2026-02-10 16:21:20.805125,Seoul-44cc,38,38,Normal
2026-02-10 16:21:21.805125,Seoul-44cc,46,15,Normal
2026-02-10 16:21:22.805125,Seoul-44cc,-17,32,Normal
2026-02-10 16:21:23.805125,Seoul-44cc,-24,0,Normal
2026-02-10 16:21:24.805125,Seoul-44cc,20,1,Normal
2026-02-10 16:21:25.805125,Seoul-44cc,35,19,Normal
2026-02-10 16:21:26.805125,Seoul-44cc,19,16,Normal
2026-02-10 16:21:27.805125,Seoul-44cc,19,81,Normal
2026-02-10 16:21:28.805125,Seoul-44cc,9,5,Normal
2026-02-10 16:21:29.805125,Seoul-44cc,17,46,Normal
2026-02-10 16:21:30.805125,Seoul-44cc,5,20,Normal
2026-02-10 16:21:31.805125,Seoul-44cc,24,95,Normal
2026-02-10 16:21:32.805125,Seoul-44cc,-14,90,Normal
2026-02-10 16:21:33.805125,Seoul-44cc,20,84,Normal
2026-02-10 16:21:34.805125,Seoul-44cc,22,64,Normal
2026-02-10 16:21:35.805125,Seoul-44cc,34,73,Normal
2026-02-10 16:21:36.805125,Seoul-44cc,21,7,Normal
2026-02-10 16:21:37.805125,Seoul-44cc,28,20,Normal
2026-02-10 16:21:38.805125,Seoul-44cc,48,18,Normal
2026-02-10 16:21:39.805125,Seoul-44cc,19,66,Normal
2026-02-10 16:21:40.805125,Seoul-44cc,19,28,Normal
2026-02-10 16:21:41.805125,Seoul-44cc,-13,39,Normal
2026-02-10 16:21:42.805125,Seoul-44cc,49,35,Normal
2026-02-10 16:21:43.805125,Seoul-44cc,38,97,Normal
2026-02-10 16:21:44.805125,Seoul-44cc,3,31,Normal
2026-02-10 16:21:45.805125,Seoul-44cc,-14,78,Normal
2026-02-10 16:21:46.805125,Seoul-44cc,23,68,Normal
2026-02-10 16:21:47.805125,Seoul-44cc,31,17,Normal
2026-02-10 16:21:48.805125,Seoul-44cc,44,33,Normal
2026-02-10 16:21:49.805125,Seoul-44cc,9,100,Normal
2026-02-10 16:21:50.805125,Seoul-44cc,-26,80,Normal
2026-02-10 16:21:51.805125,Seoul-44cc,-4,5,Normal
2026-02-10 16:21:52.805125,Seoul-44cc,-3,40,Normal
2026-02-10 16:21:53.805125,Seoul-44cc,-1,30,Normal
2026-02-10 16:21:54.805125,Seoul-44cc,-1,17,Normal
2026-02-10 16:21:55.805125,Seoul-44cc,-25,95,Normal
2026-02-10 16:21:56.805125,Seoul-44cc,14,22,Normal
2026-02-10 16:21:57.805125,Seoul-44cc,-26,16,Normal
2026-02-10 16:21:58.805125,Seoul-44cc,-13,9,Normal
2026-02-10 16:21:59.805125,Seoul-44cc,2,97,Normal
2026-02-10 16:22:00.805125,Seoul-44cc,10,91,Normal
2026-02-10 16:22:01.805125,Seoul-44cc,-22,87,Normal
