timestamp,station_id,temp,humid,condition
2026-02-15 05:17:53.184315,Seoul-786d,6,3,Normal
2026-02-15 05:17:54.184315,Seoul-786d,26,73,Normal
2026-02-15 05:17:55.184315,Seoul-786d,47,63,Normal
2026-02-15 05:17:56.184315,Seoul-786d,30,15,Normal
2026-02-15 05:17:57.184315,Seoul-786d,46,81,Normal
2026-02-15 05:17:58.184315,Seoul-786d,-21,28,Normal
2026-02-15 05:17:59.184315,Seoul-786d,45,63,Normal
2026-02-15 05:18:00.184315,Seoul-786d,-18,99,Normal
2026-02-15 05:18:01.184315,Seoul-786d,5,34,Normal
2026-02-15 05:18:02.184315,Seoul-786d,50,11,Normal
2026-02-15 05:18:03.184315,Seoul-786d,-6,66,Normal
2026-02-15 05:18:04.184315,Seoul-786d,50,78,Normal
2026-02-15 05:18:05.184315,Seoul-786d,43,51,Normal
2026-02-15 05:18:06.184315,Seoul-786d,8,1,Normal
2026-02-15 05:18:07.184315,Seoul-786d,49,29,Normal
2026-02-15 05:18:08.184315,Seoul-786d,-27,86,Normal
2026-02-15 05:18:09.184315,Seoul-786d,3,23,Normal
2026-02-15 05:18:10.184315,Seoul-786d,17,98,Normal
2026-02-15 05:18:11.184315,Seoul-786d,1,6,Normal
2026-02-15 05:18:12.184315,Seoul-786d,15,63,Normal
2026-02-15 05:18:13.184315,Seoul-786d,-11,28,Normal
2026-02-15 05:18:14.184315,Seoul-786d,31,14,Normal
2026-02-15 05:18:15.184315,Seoul-786d,-26,69,Normal
2026-02-15 05:18:16.184315,Seoul-786d,39,82,Normal
2026-02-15 05:18:17.184315,Seoul-786d,39,41,Normal
2026-02-15 05:18:18.184315,Seoul-786d,41,85,Normal
2026-02-15 05:18:19.184315,Seoul-786d,13,62,Normal
2026-02-15 05:18:20.184315,Seoul-786d,23,19,Normal
2026-02-15 05:18:21.184315,Seoul-786d,1,3,Normal
2026-02-15 05:18:22.184315,Seoul-786d,-27,85,Normal
2026-02-15 05:18:23.184315,Seoul-786d,6,51,Normal
2026-02-15 05:18:24.184315,Seoul-786d,13,65,Normal
2026-02-15 05:18:25.184315,Seoul-786d,-17,49,Normal
2026-02-15 05:18:26.184315,Seoul-786d,49,8,Normal
2026-02-15 05:18:27.184315,Seoul-786d,-6,4,Normal
2026-02-15 05:18:28.184315,Seoul-786d,5,80,Normal
2026-02-15 05:18:29.184315,Seoul-786d,11,79,Normal
2026-02-15 05:18:30.184315,Seoul-786d,35,32,Normal
2026-02-15 05:18:31.184315,Seoul-786d,26,68,Normal
2026-02-15 05:18:32.184315,Seoul-786d,37,88,Normal
2026-02-15 05:18:33.184315,Seoul-786d,46,52,Normal
2026-02-15 05:18:34.184315,Seoul-786d,50,27,Normal
2026-02-15 05:18:35.184315,Seoul-786d,-14,58,Normal
2026-02-15 05:18:36.184315,Seoul-786d,5,42,Normal
2026-02-15 05:18:37.184315,Seoul-786d,49,89,Normal
2026-02-15 05:18:38.184315,Seoul-786d,45,63,Normal
2026-02-15 05:18:39.184315,Seoul-786d,-9,6,Normal
2026-02-15 05:18:40.184315,Seoul-786d,47,37,Normal
2026-02-15 05:18:41.184315,Seoul-786d,11,20,Normal
2026-02-15 05:18:42.184315,Seoul-786d,-20,58,Normal
2026-02-15 05:18:43.184315,Seoul-786d,1,39,Normal
2026-02-15 05:18:44.184315,Seoul-786d,22,38,Normal
2026-02-15 05:18:45.184315,Seoul-786d,38,97,Normal
2026-02-15 05:18:46.184315,Seoul-786d,43,77,Normal
2026-02-15 05:18:47.184315,Seoul-786d,20,27,Normal
2026-02-15 05:18:48.184315,Seoul-786d,9,7,Normal
2026-02-15 05:18:49.184315,Seoul-786d,30,6,Normal
2026-02-15 05:18:50.184315,Seoul-786d,10,6,Normal
2026-02-15 05:18:51.184315,Seoul-786d,38,59,Normal
2026-02-15 05:18:52.184315,Seoul-786d,-2,83,Normal
2026-02-15 05:18:53.184315,Seoul-786d,37,62,Normal
2026-02-15 05:18:54.184315,Seoul-786d,1,15,Normal
2026-02-15 05:18:55.184315,Seoul-786d,16,36,Normal
2026-02-15 05:18:56.184315,Seoul-786d,47,39,Normal
2026-02-15 05:18:57.184315,Seoul-786d,49,61,Normal
2026-02-15 05:18:58.184315,Seoul-786d,-27,62,Normal
2026-02-15 05:18:59.184315,Seoul-786d,20,48,Normal
2026-02-15 05:19:00.184315,Seoul-786d,-11,51,Normal
2026-02-15 05:19:01.184315,Seoul-786d,-5,67,Normal
2026-02-15 05:19:02.184315,Seoul-786d,15,11,Normal
2026-02-15 05:19:03.184315,Seoul-786d,32,1,Normal
2026-02-15 05:19:04.184315,Seoul-786d,-8,64,Normal
2026-02-15 05:19:05.184315,Seoul-786d,24,1,Normal
2026-02-15 05:19:06.184315,Seoul-786d,14,68,Normal
2026-02-15 05:19:07.184315,Seoul-786d,2,54,Normal
2026-02-15 05:19:08.184315,Seoul-786d,40,16,Normal
2026-02-15 05:19:09.184315,Seoul-786d,32,9,Normal
2026-02-15 05:19:10.184315,Seoul-786d,29,20,Normal
2026-02-15 05:19:11.184315,Seoul-786d,11,82,Normal
2026-02-15 05:19:12.184315,Seoul-786d,-4,1,Normal
2026-02-15 05:19:13.184315,Seoul-786d,-26,16,Normal
2026-02-15 05:19:14.184315,Seoul-786d,-6,15,Normal
2026-02-15 05:19:15.184315,Seoul-786d,28,55,Normal
2026-02-15 05:19:16.184315,Seoul-786d,5,7,Normal
2026-02-15 05:19:17.184315,Seoul-786d,50,68,Normal
2026-02-15 05:19:18.184315,Seoul-786d,25,88,Normal
2026-02-15 05:19:19.184315,Seoul-786d,-30,17,Normal
2026-02-15 05:19:20.184315,Seoul-786d,5,36,Normal
2026-02-15 05:19:21.184315,Seoul-786d,22,40,Normal
2026-02-15 05:19:22.184315,Seoul-786d,44,44,Normal
2026-02-15 05:19:23.184315,Seoul-786d,6,43,Normal
2026-02-15 05:19:24.184315,Seoul-786d,-20,91,Normal
2026-02-15 05:19:25.184315,Seoul-786d,-15,28,Normal
2026-02-15 05:19:26.184315,Seoul-786d,44,47,Normal
2026-02-15 05:19:27.184315,Seoul-786d,39,22,Normal
2026-02-15 05:19:28.184315,Seoul-786d,-8,49,Normal
2026-02-15 05:19:29.184315,Seoul-786d,-28,10,Normal
2026-02-15 05:19:30.184315,Seoul-786d,31,51,Normal
2026-02-15 05:19:31.184315,Seoul-786d,40,2,Normal
2026-02-15 05:19:32.184315,Seoul-786d,21,5,Normal
2026-02-15 05:19:33.184315,Seoul-786d,19,97,Normal
2026-02-15 05:19:34.184315,Seoul-786d,15,52,Normal
2026-02-15 05:19:35.184315,Seoul-786d,23,34,Normal
2026-02-15 05:19:36.184315,Seoul-786d,45,24,Normal
2026-02-15 05:19:37.184315,Seoul-786d,44,29,Normal
2026-02-15 05:19:38.184315,Seoul-786d,50,20,Normal
2026-02-15 05:19:39.184315,Seoul-786d,42,100,Normal
2026-02-15 05:19:40.184315,Seoul-786d,7,87,Normal
2026-02-15 05:19:41.184315,Seoul-786d,35,6,Normal
2026-02-15 05:19:42.184315,Seoul-786d,8,6,Normal
2026-02-15 05:19:43.184315,Seoul-786d,12,44,Normal
2026-02-15 05:19:44.184315,Seoul-786d,-3,93,Normal
2026-02-15 05:19:45.184315,Seoul-786d,14,64,Normal
2026-02-15 05:19:46.184315,Seoul-786d,26,88,Normal
2026-02-15 05:19:47.184315,Seoul-786d,25,53,Normal
2026-02-15 05:19:48.184315,Seoul-786d,-24,76,Normal
2026-02-15 05:19:49.184315,Seoul-786d,1,89,Normal
2026-02-15 05:19:50.184315,Seoul-786d,-21,69,Normal
2026-02-15 05:19:51.184315,Seoul-786d,24,91,Normal
2026-02-15 05:19:52.184315,Seoul-786d,42,14,Normal
2026-02-15 05:19:53.184315,Seoul-786d,2,73,Normal
2026-02-15 05:19:54.184315,Seoul-786d,2,45,Normal
2026-02-15 05:19:55.184315,Seoul-786d,-27,87,Normal
2026-02-15 05:19:56.184315,Seoul-786d,-16,7,Normal
2026-02-15 05:19:57.184315,Seoul-786d,-8,42,Normal
2026-02-15 05:19:58.184315,Seoul-786d,47,77,Normal
2026-02-15 05:19:59.184315,Seoul-786d,3,16,Normal
2026-02-15 05:20:00.184315,Seoul-786d,25,28,Normal
2026-02-15 05:20:01.184315,Seoul-786d,-10,36,Normal
2026-02-15 05:20:02.184315,Seoul-786d,-8,45,Normal
2026-02-15 05:20:03.184315,Seoul-786d,48,16,Normal
2026-02-15 05:20:04.184315,Seoul-786d,39,8,Normal
2026-02-15 05:20:05.184315,Seoul-786d,35,52,Normal
2026-02-15 05:20:06.184315,Seoul-786d,35,54,Normal
2026-02-15 05:20:07.184315,Seoul-786d,2,5,Normal
2026-02-15 05:20:08.184315,Seoul-786d,1,30,Normal
2026-02-15 05:20:09.184315,Seoul-786d,35,79,Normal
2026-02-15 05:20:10.184315,Seoul-786d,15,97,Normal
2026-02-15 05:20:11.184315,Seoul-786d,-7,29,Normal
2026-02-15 05:20:12.184315,Seoul-786d,6,67,Normal
2026-02-15 05:20:13.184315,Seoul-786d,-26,5,Normal
2026-02-15 05:20:14.184315,Seoul-786d,-3,80,Normal
2026-02-15 05:20:15.184315,Seoul-786d,-9,23,Normal
2026-02-15 05:20:16.184315,Seoul-786d,-5,50,Normal
2026-02-15 05:20:17.184315,Seoul-786d,23,18,Normal
2026-02-15 05:20:18.184315,Seoul-786d,-29,62,Normal
2026-02-15 05:20:19.184315,Seoul-786d,27,11,Normal
2026-02-15 05:20:20.184315,Seoul-786d,7,28,Normal
2026-02-15 05:20:21.184315,Seoul-786d,15,19,Normal
2026-02-15 05:20:22.184315,Seoul-786d,0,84,Normal
2026-02-15 05:20:23.184315,Seoul-786d,29,90,Normal
2026-02-15 05:20:24.184315,Seoul-786d,33,39,Normal
2026-02-15 05:20:25.184315,Seoul-786d,33,65,Normal
2026-02-15 05:20:26.184315,Seoul-786d,38,4,Normal
2026-02-15 05:20:27.184315,Seoul-786d,39,26,Normal
2026-02-15 05:20:28.184315,Seoul-786d,19,35,Normal
2026-02-15 05:20:29.184315,Seoul-786d,43,60,Normal
2026-02-15 05:20:30.184315,Seoul-786d,13,92,Normal
2026-02-15 05:20:31.184315,Seoul-786d,-30,84,Normal
2026-02-15 05:20:32.184315,Seoul-786d,-16,31,Normal
2026-02-15 05:20:33.184315,Seoul-786d,-11,19,Normal
2026-02-15 05:20:34.184315,Seoul-786d,19,91,Normal
2026-02-15 05:20:35.184315,Seoul-786d,43,36,Normal
2026-02-15 05:20:36.184315,Seoul-786d,-29,83,Normal
2026-02-15 05:20:37.184315,Seoul-786d,47,36,Normal
2026-02-15 05:20:38.184315,Seoul-786d,17,61,Normal
2026-02-15 05:20:39.184315,Seoul-786d,5,98,Normal
2026-02-15 05:20:40.184315,Seoul-786d,-15,49,Normal
2026-02-15 05:20:41.184315,Seoul-786d,9,13,Normal
2026-02-15 05:20:42.184315,Seoul-786d,14,74,Normal
2026-02-15 05:20:43.184315,Seoul-786d,39,99,Normal
2026-02-15 05:20:44.184315,Seoul-786d,-1,30,Normal
2026-02-15 05:20:45.184315,Seoul-786d,19,6,Normal
2026-02-15 05:20:46.184315,Seoul-786d,-24,57,Normal
2026-02-15 05:20:47.184315,Seoul-786d,-22,1,Normal
2026-02-15 05:20:48.184315,Seoul-786d,32,84,Normal
2026-02-15 05:20:49.184315,Seoul-786d,-23,5,Normal
2026-02-15 05:20:50.184315,Seoul-786d,6,12,Normal
2026-02-15 05:20:51.184315,Seoul-786d,-17,52,Normal
2026-02-15 05:20:52.184315,Seoul-786d,-10,11,Normal
2026-02-15 05:20:53.184315,Seoul-786d,9,87,Normal
2026-02-15 05:20:54.184315,Seoul-786d,-7,22,Normal
2026-02-15 05:20:55.184315,Seoul-786d,40,33,Normal
2026-02-15 05:20:56.184315,Seoul-786d,48,38,Normal
2026-02-15 05:20:57.184315,Seoul-786d,-30,7,Normal
2026-02-15 05:20:58.184315,Seoul-786d,10,73,Normal
2026-02-15 05:20:59.184315,Seoul-786d,31,61,Normal
2026-02-15 05:21:00.184315,Seoul-786d,-29,72,Normal
2026-02-15 05:21:01.184315,Seoul-786d,49,47,Normal
2026-02-15 05:21:02.184315,Seoul-786d,-23,66,Normal
2026-02-15 05:21:03.184315,Seoul-786d,-12,80,Normal
2026-02-15 05:21:04.184315,Seoul-786d,2,34,Normal
2026-02-15 05:21:05.184315,Seoul-786d,17,11,Normal
2026-02-15 05:21:06.184315,Seoul-786d,48,20,Normal
2026-02-15 05:21:07.184315,Seoul-786d,48,73,Normal
2026-02-15 05:21:08.184315,Seoul-786d,45,72,Normal
2026-02-15 05:21:09.184315,Seoul-786d,18,83,Normal
2026-02-15 05:21:10.184315,Seoul-786d,47,25,Normal
2026-02-15 05:21:11.184315,Seoul-786d,-30,52,Normal
2026-02-15 05:21:12.184315,Seoul-786d,15,31,Normal
2026-02-15 05:21:13.184315,Seoul-786d,45,92,Normal
2026-02-15 05:21:14.184315,Seoul-786d,6,12,Normal
2026-02-15 05:21:15.184315,Seoul-786d,9,31,Normal
2026-02-15 05:21:16.184315,Seoul-786d,49,60,Normal
2026-02-15 05:21:17.184315,Seoul-786d,39,47,Normal
2026-02-15 05:21:18.184315,Seoul-786d,14,48,Normal
2026-02-15 05:21:19.184315,Seoul-786d,25,39,Normal
2026-02-15 05:21:20.184315,Seoul-786d,30,27,Normal
2026-02-15 05:21:21.184315,Seoul-786d,37,65,Normal
2026-02-15 05:21:22.184315,Seoul-786d,-13,39,Normal
2026-02-15 05:21:23.184315,Seoul-786d,-20,97,Normal
2026-02-15 05:21:24.184315,Seoul-786d,50,67,Normal
2026-02-15 05:21:25.184315,Seoul-786d,28,40,Normal
2026-02-15 05:21:26.184315,Seoul-786d,10,17,Normal
2026-02-15 05:21:27.184315,Seoul-786d,-5,97,Normal
2026-02-15 05:21:28.184315,Seoul-786d,37,11,Normal
2026-02-15 05:21:29.184315,Seoul-786d,9,94,Normal
2026-02-15 05:21:30.184315,Seoul-786d,17,42,Normal
2026-02-15 05:21:31.184315,Seoul-786d,11,59,Normal
2026-02-15 05:21:32.184315,Seoul-786d,-20,16,Normal
2026-02-15 05:21:33.184315,Seoul-786d,20,59,Normal
2026-02-15 05:21:34.184315,Seoul-786d,38,19,Normal
2026-02-15 05:21:35.184315,Seoul-786d,22,100,Normal
2026-02-15 05:21:36.184315,Seoul-786d,45,18,Normal
2026-02-15 05:21:37.184315,Seoul-786d,48,5,Normal
2026-02-15 05:21:38.184315,Seoul-786d,-18,51,Normal
2026-02-15 05:21:39.184315,Seoul-786d,26,89,Normal
2026-02-15 05:21:40.184315,Seoul-786d,4,69,Normal
2026-02-15 05:21:41.184315,Seoul-786d,10,30,Normal
2026-02-15 05:21:42.184315,Seoul-786d,-18,8,Normal
2026-02-15 05:21:43.184315,Seoul-786d,38,47,Normal
2026-02-15 05:21:44.184315,Seoul-786d,-27,27,Normal
2026-02-15 05:21:45.184315,Seoul-786d,45,80,Normal
2026-02-15 05:21:46.184315,Seoul-786d,49,97,Normal
2026-02-15 05:21:47.184315,Seoul-786d,8,71,Normal
2026-02-15 05:21:48.184315,Seoul-786d,-15,84,Normal
2026-02-15 05:21:49.184315,Seoul-786d,-6,42,Normal
2026-02-15 05:21:50.184315,Seoul-786d,-9,28,Normal
2026-02-15 05:21:51.184315,Seoul-786d,43,100,Normal
2026-02-15 05:21:52.184315,Seoul-786d,-17,57,Normal
2026-02-15 05:21:53.184315,Seoul-786d,-22,5,Normal
2026-02-15 05:21:54.184315,Seoul-786d,-19,56,Normal
2026-02-15 05:21:55.184315,Seoul-786d,-1,47,Normal
2026-02-15 05:21:56.184315,Seoul-786d,43,86,Normal
2026-02-15 05:21:57.184315,Seoul-786d,20,24,Normal
2026-02-15 05:21:58.184315,Seoul-786d,39,27,Normal
2026-02-15 05:21:59.184315,Seoul-786d,-15,44,Normal
2026-02-15 05:22:00.184315,Seoul-786d,10,38,Normal
2026-02-15 05:22:01.184315,Seoul-786d,31,74,Normal
2026-02-15 05:22:02.184315,Seoul-786d,-5,88,Normal
2026-02-15 05:22:03.184315,Seoul-786d,2,65,Normal
2026-02-15 05:22:04.184315,Seoul-786d,42,32,Normal
2026-02-15 05:22:05.184315,Seoul-786d,30,87,Normal
2026-02-15 05:22:06.184315,Seoul-786d,29,77,Normal
2026-02-15 05:22:07.184315,Seoul-786d,-28,33,Normal
2026-02-15 05:22:08.184315,Seoul-786d,5,97,Normal
2026-02-15 05:22:09.184315,Seoul-786d,-3,33,Normal
2026-02-15 05:22:10.184315,Seoul-786d,38,9,Normal
2026-02-15 05:22:11.184315,Seoul-786d,-3,74,Normal
2026-02-15 05:22:12.184315,Seoul-786d,8,74,Normal
2026-02-15 05:22:13.184315,Seoul-786d,-17,66,Normal
2026-02-15 05:22:14.184315,Seoul-786d,36,11,Normal
2026-02-15 05:22:15.184315,Seoul-786d,4,46,Normal
2026-02-15 05:22:16.184315,Seoul-786d,8,8,Normal
2026-02-15 05:22:17.184315,Seoul-786d,-20,17,Normal
2026-02-15 05:22:18.184315,Seoul-786d,0,79,Normal
2026-02-15 05:22:19.184315,Seoul-786d,-25,64,Normal
2026-02-15 05:22:20.184315,Seoul-786d,23,34,Normal
2026-02-15 05:22:21.184315,Seoul-786d,-1,53,Normal
2026-02-15 05:22:22.184315,Seoul-786d,50,89,Normal
2026-02-15 05:22:23.184315,Seoul-786d,21,84,Normal
2026-02-15 05:22:24.184315,Seoul-786d,-30,91,Normal
2026-02-15 05:22:25.184315,Seoul-786d,20,90,Normal
2026-02-15 05:22:26.184315,Seoul-786d,-20,90,Normal
2026-02-15 05:22:27.184315,Seoul-786d,33,81,Normal
2026-02-15 05:22:28.184315,Seoul-786d,7,33,Normal
2026-02-15 05:22:29.184315,Seoul-786d,42,30,Normal
2026-02-15 05:22:30.184315,Seoul-786d,44,69,Normal
2026-02-15 05:22:31.184315,Seoul-786d,-30,95,Normal
2026-02-15 05:22:32.184315,Seoul-786d,-28,59,Normal
2026-02-15 05:22:33.184315,Seoul-786d,16,37,Normal
2026-02-15 05:22:34.184315,Seoul-786d,1,83,Normal
2026-02-15 05:22:35.184315,Seoul-786d,12,87,Normal
2026-02-15 05:22:36.184315,Seoul-786d,0,47,Normal
2026-02-15 05:22:37.184315,Seoul-786d,-18,66,Normal
2026-02-15 05:22:38.184315,Seoul-786d,-30,0,Normal
2026-02-15 05:22:39.184315,Seoul-786d,-26,95,Normal
2026-02-15 05:22:40.184315,Seoul-786d,-24,28,Normal
2026-02-15 05:22:41.184315,Seoul-786d,21,47,Normal
2026-02-15 05:22:42.184315,Seoul-786d,45,25,Normal
2026-02-15 05:22:43.184315,Seoul-786d,-7,77,Normal
2026-02-15 05:22:44.184315,Seoul-786d,-13,74,Normal
2026-02-15 05:22:45.184315,Seoul-786d,18,78,Normal
2026-02-15 05:22:46.184315,Seoul-786d,17,88,Normal
2026-02-15 05:22:47.184315,Seoul-786d,50,62,Normal
2026-02-15 05:22:48.184315,Seoul-786d,50,89,Normal
2026-02-15 05:22:49.184315,Seoul-786d,8,22,Normal
2026-02-15 05:22:50.184315,Seoul-786d,-7,68,Normal
2026-02-15 05:22:51.184315,Seoul-786d,-9,15,Normal
2026-02-15 05:22:52.184315,Seoul-786d,-17,76,Normal
2026-02-15 05:22:53.184315,Seoul-786d,-18,52,Normal
2026-02-15 05:22:54.184315,Seoul-786d,44,95,Normal
2026-02-15 05:22:55.184315,Seoul-786d,27,89,Normal
2026-02-15 05:22:56.184315,Seoul-786d,14,10,Normal
2026-02-15 05:22:57.184315,Seoul-786d,13,47,Normal
2026-02-15 05:22:58.184315,Seoul-786d,17,60,Normal
2026-02-15 05:22:59.184315,Seoul-786d,-15,23,Normal
2026-02-15 05:23:00.184315,Seoul-786d,32,13,Normal
2026-02-15 05:23:01.184315,Seoul-786d,-18,49,Normal
2026-02-15 05:23:02.184315,Seoul-786d,-6,9,Normal
2026-02-15 05:23:03.184315,Seoul-786d,11,67,Normal
2026-02-15 05:23:04.184315,Seoul-786d,39,50,Normal
2026-02-15 05:23:05.184315,Seoul-786d,38,43,Normal
2026-02-15 05:23:06.184315,Seoul-786d,40,78,Normal
2026-02-15 05:23:07.184315,Seoul-786d,3,93,Normal
2026-02-15 05:23:08.184315,Seoul-786d,42,32,Normal
2026-02-15 05:23:09.184315,Seoul-786d,44,32,Normal
2026-02-15 05:23:10.184315,Seoul-786d,8,17,Normal
2026-02-15 05:23:11.184315,Seoul-786d,23,36,Normal
2026-02-15 05:23:12.184315,Seoul-786d,-14,15,Normal
2026-02-15 05:23:13.184315,Seoul-786d,20,7,Normal
2026-02-15 05:23:14.184315,Seoul-786d,-21,31,Normal
2026-02-15 05:23:15.184315,Seoul-786d,10,52,Normal
2026-02-15 05:23:16.184315,Seoul-786d,42,39,Normal
2026-02-15 05:23:17.184315,Seoul-786d,-19,8,Normal
2026-02-15 05:23:18.184315,Seoul-786d,27,16,Normal
2026-02-15 05:23:19.184315,Seoul-786d,-12,47,Normal
2026-02-15 05:23:20.184315,Seoul-786d,48,12,Normal
2026-02-15 05:23:21.184315,Seoul-786d,-29,91,Normal
2026-02-15 05:23:22.184315,Seoul-786d,47,95,Normal
2026-02-15 05:23:23.184315,Seoul-786d,11,98,Normal
2026-02-15 05:23:24.184315,Seoul-786d,16,84,Normal
2026-02-15 05:23:25.184315,Seoul-786d,0,42,Normal
2026-02-15 05:23:26.184315,Seoul-786d,-15,84,Normal
2026-02-15 05:23:27.184315,Seoul-786d,-29,7,Normal
2026-02-15 05:23:28.184315,Seoul-786d,43,39,Normal
2026-02-15 05:23:29.184315,Seoul-786d,9,99,Normal
2026-02-15 05:23:30.184315,Seoul-786d,32,49,Normal
2026-02-15 05:23:31.184315,Seoul-786d,33,34,Normal
2026-02-15 05:23:32.184315,Seoul-786d,39,55,Normal
2026-02-15 05:23:33.184315,Seoul-786d,23,85,Normal
2026-02-15 05:23:34.184315,Seoul-786d,48,21,Normal
2026-02-15 05:23:35.184315,Seoul-786d,44,81,Normal
2026-02-15 05:23:36.184315,Seoul-786d,33,63,Normal
2026-02-15 05:23:37.184315,Seoul-786d,15,89,Normal
2026-02-15 05:23:38.184315,Seoul-786d,0,86,Normal
2026-02-15 05:23:39.184315,Seoul-786d,-4,73,Normal
2026-02-15 05:23:40.184315,Seoul-786d,-13,26,Normal
2026-02-15 05:23:41.184315,Seoul-786d,0,62,Normal
2026-02-15 05:23:42.184315,Seoul-786d,47,94,Normal
2026-02-15 05:23:43.184315,Seoul-786d,8,98,Normal
2026-02-15 05:23:44.184315,Seoul-786d,0,25,Normal
2026-02-15 05:23:45.184315,Seoul-786d,47,34,Normal
2026-02-15 05:23:46.184315,Seoul-786d,39,6,Normal
2026-02-15 05:23:47.184315,Seoul-786d,46,63,Normal
2026-02-15 05:23:48.184315,Seoul-786d,28,42,Normal
2026-02-15 05:23:49.184315,Seoul-786d,32,35,Normal
2026-02-15 05:23:50.184315,Seoul-786d,-28,21,Normal
2026-02-15 05:23:51.184315,Seoul-786d,-22,51,Normal
2026-02-15 05:23:52.184315,Seoul-786d,-28,9,Normal
2026-02-15 05:23:53.184315,Seoul-786d,10,86,Normal
2026-02-15 05:23:54.184315,Seoul-786d,-19,17,Normal
2026-02-15 05:23:55.184315,Seoul-786d,39,12,Normal
2026-02-15 05:23:56.184315,Seoul-786d,39,76,Normal
2026-02-15 05:23:57.184315,Seoul-786d,-24,95,Normal
2026-02-15 05:23:58.184315,Seoul-786d,-9,88,Normal
2026-02-15 05:23:59.184315,Seoul-786d,38,57,Normal
2026-02-15 05:24:00.184315,Seoul-786d,-18,29,Normal
2026-02-15 05:24:01.184315,Seoul-786d,0,66,Normal
2026-02-15 05:24:02.184315,Seoul-786d,48,12,Normal
2026-02-15 05:24:03.184315,Seoul-786d,-5,74,Normal
2026-02-15 05:24:04.184315,Seoul-786d,42,80,Normal
2026-02-15 05:24:05.184315,Seoul-786d,42,63,Normal
2026-02-15 05:24:06.184315,Seoul-786d,34,6,Normal
2026-02-15 05:24:07.184315,Seoul-786d,30,67,Normal
2026-02-15 05:24:08.184315,Seoul-786d,-25,5,Normal
2026-02-15 05:24:09.184315,Seoul-786d,-14,93,Normal
2026-02-15 05:24:10.184315,Seoul-786d,33,90,Normal
2026-02-15 05:24:11.184315,Seoul-786d,16,80,Normal
2026-02-15 05:24:12.184315,Seoul-786d,-24,32,Normal
2026-02-15 05:24:13.184315,Seoul-786d,18,98,Normal
2026-02-15 05:24:14.184315,Seoul-786d,25,9,Normal
2026-02-15 05:24:15.184315,Seoul-786d,18,93,Normal
2026-02-15 05:24:16.184315,Seoul-786d,-20,12,Normal
2026-02-15 05:24:17.184315,Seoul-786d,-7,81,Normal
2026-02-15 05:24:18.184315,Seoul-786d,26,73,Normal
2026-02-15 05:24:19.184315,Seoul-786d,36,28,Normal
2026-02-15 05:24:20.184315,Seoul-786d,-4,15,Normal
2026-02-15 05:24:21.184315,Seoul-786d,-19,17,Normal
2026-02-15 05:24:22.184315,Seoul-786d,-1,36,Normal
2026-02-15 05:24:23.184315,Seoul-786d,44,26,Normal
2026-02-15 05:24:24.184315,Seoul-786d,38,52,Normal
2026-02-15 05:24:25.184315,Seoul-786d,-14,60,Normal
2026-02-15 05:24:26.184315,Seoul-786d,12,33,Normal
2026-02-15 05:24:27.184315,Seoul-786d,37,90,Normal
2026-02-15 05:24:28.184315,Seoul-786d,43,99,Normal
2026-02-15 05:24:29.184315,Seoul-786d,48,63,Normal
2026-02-15 05:24:30.184315,Seoul-786d,47,30,Normal
2026-02-15 05:24:31.184315,Seoul-786d,-21,49,Normal
2026-02-15 05:24:32.184315,Seoul-786d,-5,27,Normal
2026-02-15 05:24:33.184315,Seoul-786d,44,44,Normal
2026-02-15 05:24:34.184315,Seoul-786d,4,60,Normal
2026-02-15 05:24:35.184315,Seoul-786d,1,65,Normal
2026-02-15 05:24:36.184315,Seoul-786d,35,99,Normal
2026-02-15 05:24:37.184315,Seoul-786d,4,32,Normal
2026-02-15 05:24:38.184315,Seoul-786d,-21,67,Normal
2026-02-15 05:24:39.184315,Seoul-786d,21,70,Normal
2026-02-15 05:24:40.184315,Seoul-786d,29,13,Normal
2026-02-15 05:24:41.184315,Seoul-786d,22,81,Normal
2026-02-15 05:24:42.184315,Seoul-786d,18,84,Normal
2026-02-15 05:24:43.184315,Seoul-786d,-28,42,Normal
2026-02-15 05:24:44.184315,Seoul-786d,1,94,Normal
2026-02-15 05:24:45.184315,Seoul-786d,44,89,Normal
2026-02-15 05:24:46.184315,Seoul-786d,34,98,Normal
2026-02-15 05:24:47.184315,Seoul-786d,21,67,Normal
2026-02-15 05:24:48.184315,Seoul-786d,-10,81,Normal
2026-02-15 05:24:49.184315,Seoul-786d,2,75,Normal
2026-02-15 05:24:50.184315,Seoul-786d,3,20,Normal
2026-02-15 05:24:51.184315,Seoul-786d,39,83,Normal
2026-02-15 05:24:52.184315,Seoul-786d,28,19,Normal
2026-02-15 05:24:53.184315,Seoul-786d,4,43,Normal
2026-02-15 05:24:54.184315,Seoul-786d,49,51,Normal
2026-02-15 05:24:55.184315,Seoul-786d,23,17,Normal
2026-02-15 05:24:56.184315,Seoul-786d,8,69,Normal
2026-02-15 05:24:57.184315,Seoul-786d,44,53,Normal
2026-02-15 05:24:58.184315,Seoul-786d,-20,66,Normal
2026-02-15 05:24:59.184315,Seoul-786d,-29,10,Normal
2026-02-15 05:25:00.184315,Seoul-786d,36,91,Normal
2026-02-15 05:25:01.184315,Seoul-786d,42,81,Normal
2026-02-15 05:25:02.184315,Seoul-786d,-21,12,Normal
2026-02-15 05:25:03.184315,Seoul-786d,35,62,Normal
2026-02-15 05:25:04.184315,Seoul-786d,27,61,Normal
2026-02-15 05:25:05.184315,Seoul-786d,47,76,Normal
2026-02-15 05:25:06.184315,Seoul-786d,11,43,Normal
2026-02-15 05:25:07.184315,Seoul-786d,48,86,Normal
2026-02-15 05:25:08.184315,Seoul-786d,24,7,Normal
2026-02-15 05:25:09.184315,Seoul-786d,34,37,Normal
2026-02-15 05:25:10.184315,Seoul-786d,-19,94,Normal
2026-02-15 05:25:11.184315,Seoul-786d,1,42,Normal
2026-02-15 05:25:12.184315,Seoul-786d,-7,24,Normal
2026-02-15 05:25:13.184315,Seoul-786d,31,39,Normal
2026-02-15 05:25:14.184315,Seoul-786d,-6,6,Normal
2026-02-15 05:25:15.184315,Seoul-786d,-4,100,Normal
2026-02-15 05:25:16.184315,Seoul-786d,-7,37,Normal
2026-02-15 05:25:17.184315,Seoul-786d,48,11,Normal
2026-02-15 05:25:18.184315,Seoul-786d,30,89,Normal
2026-02-15 05:25:19.184315,Seoul-786d,37,56,Normal
2026-02-15 05:25:20.184315,Seoul-786d,25,43,Normal
2026-02-15 05:25:21.184315,Seoul-786d,5,36,Normal
2026-02-15 05:25:22.184315,Seoul-786d,5,15,Normal
2026-02-15 05:25:23.184315,Seoul-786d,-13,96,Normal
2026-02-15 05:25:24.184315,Seoul-786d,-4,34,Normal
2026-02-15 05:25:25.184315,Seoul-786d,31,80,Normal
2026-02-15 05:25:26.184315,Seoul-786d,6,46,Normal
2026-02-15 05:25:27.184315,Seoul-786d,16,62,Normal
2026-02-15 05:25:28.184315,Seoul-786d,16,79,Normal
2026-02-15 05:25:29.184315,Seoul-786d,-14,35,Normal
2026-02-15 05:25:30.184315,Seoul-786d,-24,66,Normal
2026-02-15 05:25:31.184315,Seoul-786d,-5,86,Normal
2026-02-15 05:25:32.184315,Seoul-786d,39,50,Normal
2026-02-15 05:25:33.184315,Seoul-786d,-9,85,Normal
2026-02-15 05:25:34.184315,Seoul-786d,30,10,Normal
2026-02-15 05:25:35.184315,Seoul-786d,25,18,Normal
2026-02-15 05:25:36.184315,Seoul-786d,0,72,Normal
2026-02-15 05:25:37.184315,Seoul-786d,-6,28,Normal
2026-02-15 05:25:38.184315,Seoul-786d,32,100,Normal
2026-02-15 05:25:39.184315,Seoul-786d,-27,36,Normal
2026-02-15 05:25:40.184315,Seoul-786d,-12,8,Normal
2026-02-15 05:25:41.184315,Seoul-786d,4,43,Normal
2026-02-15 05:25:42.184315,Seoul-786d,38,82,Normal
2026-02-15 05:25:43.184315,Seoul-786d,33,73,Normal
2026-02-15 05:25:44.184315,Seoul-786d,-8,45,Normal
2026-02-15 05:25:45.184315,Seoul-786d,44,37,Normal
2026-02-15 05:25:46.184315,Seoul-786d,37,11,Normal
2026-02-15 05:25:47.184315,Seoul-786d,8,85,Normal
2026-02-15 05:25:48.184315,Seoul-786d,6,57,Normal
2026-02-15 05:25:49.184315,Seoul-786d,-1,47,Normal
2026-02-15 05:25:50.184315,Seoul-786d,8,4,Normal
2026-02-15 05:25:51.184315,Seoul-786d,18,8,Normal
2026-02-15 05:25:52.184315,Seoul-786d,29,21,Normal
2026-02-15 05:25:53.184315,Seoul-786d,16,88,Normal
2026-02-15 05:25:54.184315,Seoul-786d,40,11,Normal
2026-02-15 05:25:55.184315,Seoul-786d,-12,97,Normal
2026-02-15 05:25:56.184315,Seoul-786d,-18,68,Normal
2026-02-15 05:25:57.184315,Seoul-786d,42,36,Normal
2026-02-15 05:25:58.184315,Seoul-786d,31,16,Normal
2026-02-15 05:25:59.184315,Seoul-786d,15,79,Normal
2026-02-15 05:26:00.184315,Seoul-786d,47,75,Normal
2026-02-15 05:26:01.184315,Seoul-786d,45,37,Normal
2026-02-15 05:26:02.184315,Seoul-786d,-10,21,Normal
2026-02-15 05:26:03.184315,Seoul-786d,48,37,Normal
2026-02-15 05:26:04.184315,Seoul-786d,-28,18,Normal
2026-02-15 05:26:05.184315,Seoul-786d,28,57,Normal
2026-02-15 05:26:06.184315,Seoul-786d,-27,19,Normal
2026-02-15 05:26:07.184315,Seoul-786d,-15,68,Normal
2026-02-15 05:26:08.184315,Seoul-786d,45,10,Normal
2026-02-15 05:26:09.184315,Seoul-786d,47,16,Normal
2026-02-15 05:26:10.184315,Seoul-786d,43,80,Normal
2026-02-15 05:26:11.184315,Seoul-786d,5,100,Normal
2026-02-15 05:26:12.184315,Seoul-786d,1,98,Normal
2026-02-15 05:26:13.184315,Seoul-786d,-27,91,Normal
2026-02-15 05:26:14.184315,Seoul-786d,2,54,Normal
2026-02-15 05:26:15.184315,Seoul-786d,-19,98,Normal
2026-02-15 05:26:16.184315,Seoul-786d,15,74,Normal
2026-02-15 05:26:17.184315,Seoul-786d,47,59,Normal
2026-02-15 05:26:18.184315,Seoul-786d,25,99,Normal
2026-02-15 05:26:19.184315,Seoul-786d,47,0,Normal
2026-02-15 05:26:20.184315,Seoul-786d,5,4,Normal
2026-02-15 05:26:21.184315,Seoul-786d,-22,55,Normal
2026-02-15 05:26:22.184315,Seoul-786d,-10,67,Normal
2026-02-15 05:26:23.184315,Seoul-786d,9,55,Normal
2026-02-15 05:26:24.184315,Seoul-786d,43,79,Normal
2026-02-15 05:26:25.184315,Seoul-786d,-8,96,Normal
2026-02-15 05:26:26.184315,Seoul-786d,45,83,Normal
2026-02-15 05:26:27.184315,Seoul-786d,10,44,Normal
2026-02-15 05:26:28.184315,Seoul-786d,12,90,Normal
2026-02-15 05:26:29.184315,Seoul-786d,46,29,Normal
2026-02-15 05:26:30.184315,Seoul-786d,44,84,Normal
2026-02-15 05:26:31.184315,Seoul-786d,1,35,Normal
2026-02-15 05:26:32.184315,Seoul-786d,-11,82,Normal
2026-02-15 05:26:33.184315,Seoul-786d,32,73,Normal
2026-02-15 05:26:34.184315,Seoul-786d,42,28,Normal
2026-02-15 05:26:35.184315,Seoul-786d,24,25,Normal
2026-02-15 05:26:36.184315,Seoul-786d,-29,29,Normal
2026-02-15 05:26:37.184315,Seoul-786d,16,0,Normal
2026-02-15 05:26:38.184315,Seoul-786d,7,1,Normal
2026-02-15 05:26:39.184315,Seoul-786d,29,67,Normal
2026-02-15 05:26:40.184315,Seoul-786d,45,35,Normal
2026-02-15 05:26:41.184315,Seoul-786d,34,41,Normal
2026-02-15 05:26:42.184315,Seoul-786d,-8,8,Normal
2026-02-15 05:26:43.184315,Seoul-786d,-2,42,Normal
2026-02-15 05:26:44.184315,Seoul-786d,-17,70,Normal
2026-02-15 05:26:45.184315,Seoul-786d,41,95,Normal
2026-02-15 05:26:46.184315,Seoul-786d,-9,49,Normal
2026-02-15 05:26:47.184315,Seoul-786d,-24,23,Normal
2026-02-15 05:26:48.184315,Seoul-786d,-24,87,Normal
2026-02-15 05:26:49.184315,Seoul-786d,32,16,Normal
2026-02-15 05:26:50.184315,Seoul-786d,33,52,Normal
2026-02-15 05:26:51.184315,Seoul-786d,-6,99,Normal
2026-02-15 05:26:52.184315,Seoul-786d,-18,93,Normal
2026-02-15 05:26:53.184315,Seoul-786d,-15,97,Normal
2026-02-15 05:26:54.184315,Seoul-786d,-29,7,Normal
2026-02-15 05:26:55.184315,Seoul-786d,31,41,Normal
2026-02-15 05:26:56.184315,Seoul-786d,23,32,Normal
2026-02-15 05:26:57.184315,Seoul-786d,-28,13,Normal
2026-02-15 05:26:58.184315,Seoul-786d,-1,93,Normal
2026-02-15 05:26:59.184315,Seoul-786d,21,10,Normal
2026-02-15 05:27:00.184315,Seoul-786d,32,39,Normal
2026-02-15 05:27:01.184315,Seoul-786d,16,24,Normal
2026-02-15 05:27:02.184315,Seoul-786d,9,77,Normal
2026-02-15 05:27:03.184315,Seoul-786d,-8,25,Normal
2026-02-15 05:27:04.184315,Seoul-786d,2,49,Normal
2026-02-15 05:27:05.184315,Seoul-786d,34,4,Normal
2026-02-15 05:27:06.184315,Seoul-786d,-25,74,Normal
2026-02-15 05:27:07.184315,Seoul-786d,12,60,Normal
2026-02-15 05:27:08.184315,Seoul-786d,35,89,Normal
2026-02-15 05:27:09.184315,Seoul-786d,14,66,Normal
2026-02-15 05:27:10.184315,Seoul-786d,9,11,Normal
2026-02-15 05:27:11.184315,Seoul-786d,6,42,Normal
2026-02-15 05:27:12.184315,Seoul-786d,2,7,Normal
2026-02-15 05:27:13.184315,Seoul-786d,36,10,Normal
2026-02-15 05:27:14.184315,Seoul-786d,-22,54,Normal
2026-02-15 05:27:15.184315,Seoul-786d,0,13,Normal
2026-02-15 05:27:16.184315,Seoul-786d,10,88,Normal
2026-02-15 05:27:17.184315,Seoul-786d,42,41,Normal
2026-02-15 05:27:18.184315,Seoul-786d,-18,80,Normal
2026-02-15 05:27:19.184315,Seoul-786d,16,55,Normal
2026-02-15 05:27:20.184315,Seoul-786d,16,62,Normal
2026-02-15 05:27:21.184315,Seoul-786d,31,2,Normal
2026-02-15 05:27:22.184315,Seoul-786d,13,17,Normal
2026-02-15 05:27:23.184315,Seoul-786d,3,72,Normal
2026-02-15 05:27:24.184315,Seoul-786d,15,40,Normal
2026-02-15 05:27:25.184315,Seoul-786d,-24,43,Normal
2026-02-15 05:27:26.184315,Seoul-786d,-1,0,Normal
2026-02-15 05:27:27.184315,Seoul-786d,9,34,Normal
2026-02-15 05:27:28.184315,Seoul-786d,42,73,Normal
2026-02-15 05:27:29.184315,Seoul-786d,40,58,Normal
2026-02-15 05:27:30.184315,Seoul-786d,36,33,Normal
2026-02-15 05:27:31.184315,Seoul-786d,48,86,Normal
2026-02-15 05:27:32.184315,Seoul-786d,41,82,Normal
2026-02-15 05:27:33.184315,Seoul-786d,4,23,Normal
2026-02-15 05:27:34.184315,Seoul-786d,-22,41,Normal
2026-02-15 05:27:35.184315,Seoul-786d,-5,35,Normal
2026-02-15 05:27:36.184315,Seoul-786d,4,97,Normal
2026-02-15 05:27:37.184315,Seoul-786d,14,18,Normal
2026-02-15 05:27:38.184315,Seoul-786d,-6,15,Normal
2026-02-15 05:27:39.184315,Seoul-786d,-29,31,Normal
2026-02-15 05:27:40.184315,Seoul-786d,32,5,Normal
2026-02-15 05:27:41.184315,Seoul-786d,46,48,Normal
2026-02-15 05:27:42.184315,Seoul-786d,6,79,Normal
2026-02-15 05:27:43.184315,Seoul-786d,-25,96,Normal
2026-02-15 05:27:44.184315,Seoul-786d,-19,3,Normal
2026-02-15 05:27:45.184315,Seoul-786d,-7,43,Normal
2026-02-15 05:27:46.184315,Seoul-786d,-15,75,Normal
2026-02-15 05:27:47.184315,Seoul-786d,1,30,Normal
2026-02-15 05:27:48.184315,Seoul-786d,16,30,Normal
2026-02-15 05:27:49.184315,Seoul-786d,2,46,Normal
2026-02-15 05:27:50.184315,Seoul-786d,33,41,Normal
2026-02-15 05:27:51.184315,Seoul-786d,-13,63,Normal
2026-02-15 05:27:52.184315,Seoul-786d,38,47,Normal
2026-02-15 05:27:53.184315,Seoul-786d,35,94,Normal
2026-02-15 05:27:54.184315,Seoul-786d,37,62,Normal
2026-02-15 05:27:55.184315,Seoul-786d,14,88,Normal
2026-02-15 05:27:56.184315,Seoul-786d,39,10,Normal
2026-02-15 05:27:57.184315,Seoul-786d,33,12,Normal
2026-02-15 05:27:58.184315,Seoul-786d,-12,30,Normal
2026-02-15 05:27:59.184315,Seoul-786d,26,55,Normal
2026-02-15 05:28:00.184315,Seoul-786d,6,72,Normal
2026-02-15 05:28:01.184315,Seoul-786d,21,35,Normal
2026-02-15 05:28:02.184315,Seoul-786d,-25,52,Normal
2026-02-15 05:28:03.184315,Seoul-786d,-24,18,Normal
2026-02-15 05:28:04.184315,Seoul-786d,34,94,Normal
2026-02-15 05:28:05.184315,Seoul-786d,-8,58,Normal
2026-02-15 05:28:06.184315,Seoul-786d,36,100,Normal
2026-02-15 05:28:07.184315,Seoul-786d,10,44,Normal
2026-02-15 05:28:08.184315,Seoul-786d,-16,35,Normal
2026-02-15 05:28:09.184315,Seoul-786d,-16,67,Normal
2026-02-15 05:28:10.184315,Seoul-786d,23,62,Normal
2026-02-15 05:28:11.184315,Seoul-786d,35,45,Normal
2026-02-15 05:28:12.184315,Seoul-786d,15,16,Normal
2026-02-15 05:28:13.184315,Seoul-786d,23,96,Normal
2026-02-15 05:28:14.184315,Seoul-786d,8,85,Normal
2026-02-15 05:28:15.184315,Seoul-786d,-24,63,Normal
2026-02-15 05:28:16.184315,Seoul-786d,1,33,Normal
2026-02-15 05:28:17.184315,Seoul-786d,14,72,Normal
2026-02-15 05:28:18.184315,Seoul-786d,3,57,Normal
2026-02-15 05:28:19.184315,Seoul-786d,3,57,Normal
2026-02-15 05:28:20.184315,Seoul-786d,-26,34,Normal
2026-02-15 05:28:21.184315,Seoul-786d,-15,37,Normal
2026-02-15 05:28:22.184315,Seoul-786d,23,90,Normal
2026-02-15 05:28:23.184315,Seoul-786d,-17,6,Normal
2026-02-15 05:28:24.184315,Seoul-786d,-28,24,Normal
2026-02-15 05:28:25.184315,Seoul-786d,28,5,Normal
2026-02-15 05:28:26.184315,Seoul-786d,44,15,Normal
2026-02-15 05:28:27.184315,Seoul-786d,37,14,Normal
2026-02-15 05:28:28.184315,Seoul-786d,-10,69,Normal
2026-02-15 05:28:29.184315,Seoul-786d,29,91,Normal
2026-02-15 05:28:30.184315,Seoul-786d,18,39,Normal
2026-02-15 05:28:31.184315,Seoul-786d,22,10,Normal
2026-02-15 05:28:32.184315,Seoul-786d,-30,90,Normal
2026-02-15 05:28:33.184315,Seoul-786d,-14,82,Normal
2026-02-15 05:28:34.184315,Seoul-786d,-13,18,Normal
2026-02-15 05:28:35.184315,Seoul-786d,16,6,Normal
2026-02-15 05:28:36.184315,Seoul-786d,-7,49,Normal
2026-02-15 05:28:37.184315,Seoul-786d,29,95,Normal
2026-02-15 05:28:38.184315,Seoul-786d,-3,34,Normal
2026-02-15 05:28:39.184315,Seoul-786d,20,12,Normal
2026-02-15 05:28:40.184315,Seoul-786d,-28,43,Normal
2026-02-15 05:28:41.184315,Seoul-786d,15,59,Normal
2026-02-15 05:28:42.184315,Seoul-786d,30,37,Normal
2026-02-15 05:28:43.184315,Seoul-786d,36,74,Normal
2026-02-15 05:28:44.184315,Seoul-786d,4,78,Normal
2026-02-15 05:28:45.184315,Seoul-786d,39,73,Normal
2026-02-15 05:28:46.184315,Seoul-786d,2,11,Normal
2026-02-15 05:28:47.184315,Seoul-786d,24,8,Normal
2026-02-15 05:28:48.184315,Seoul-786d,-30,34,Normal
2026-02-15 05:28:49.184315,Seoul-786d,33,9,Normal
2026-02-15 05:28:50.184315,Seoul-786d,10,26,Normal
2026-02-15 05:28:51.184315,Seoul-786d,3,12,Normal
2026-02-15 05:28:52.184315,Seoul-786d,-25,96,Normal
2026-02-15 05:28:53.184315,Seoul-786d,3,53,Normal
2026-02-15 05:28:54.184315,Seoul-786d,-19,44,Normal
2026-02-15 05:28:55.184315,Seoul-786d,-14,98,Normal
2026-02-15 05:28:56.184315,Seoul-786d,8,23,Normal
2026-02-15 05:28:57.184315,Seoul-786d,37,82,Normal
2026-02-15 05:28:58.184315,Seoul-786d,48,77,Normal
2026-02-15 05:28:59.184315,Seoul-786d,-7,27,Normal
2026-02-15 05:29:00.184315,Seoul-786d,40,93,Normal
2026-02-15 05:29:01.184315,Seoul-786d,33,59,Normal
2026-02-15 05:29:02.184315,Seoul-786d,38,56,Normal
2026-02-15 05:29:03.184315,Seoul-786d,5,25,Normal
2026-02-15 05:29:04.184315,Seoul-786d,-3,66,Normal
2026-02-15 05:29:05.184315,Seoul-786d,28,1,Normal
2026-02-15 05:29:06.184315,Seoul-786d,9,19,Normal
2026-02-15 05:29:07.184315,Seoul-786d,44,46,Normal
2026-02-15 05:29:08.184315,Seoul-786d,40,86,Normal
2026-02-15 05:29:09.184315,Seoul-786d,25,99,Normal
2026-02-15 05:29:10.184315,Seoul-786d,49,10,Normal
2026-02-15 05:29:11.184315,Seoul-786d,-24,39,Normal
2026-02-15 05:29:12.184315,Seoul-786d,3,23,Normal
2026-02-15 05:29:13.184315,Seoul-786d,-27,67,Normal
2026-02-15 05:29:14.184315,Seoul-786d,9,46,Normal
2026-02-15 05:29:15.184315,Seoul-786d,20,46,Normal
2026-02-15 05:29:16.184315,Seoul-786d,34,38,Normal
2026-02-15 05:29:17.184315,Seoul-786d,-3,30,Normal
2026-02-15 05:29:18.184315,Seoul-786d,26,74,Normal
2026-02-15 05:29:19.184315,Seoul-786d,38,39,Normal
2026-02-15 05:29:20.184315,Seoul-786d,-1,86,Normal
2026-02-15 05:29:21.184315,Seoul-786d,23,99,Normal
2026-02-15 05:29:22.184315,Seoul-786d,16,31,Normal
2026-02-15 05:29:23.184315,Seoul-786d,9,51,Normal
2026-02-15 05:29:24.184315,Seoul-786d,-20,46,Normal
2026-02-15 05:29:25.184315,Seoul-786d,39,12,Normal
2026-02-15 05:29:26.184315,Seoul-786d,1,0,Normal
2026-02-15 05:29:27.184315,Seoul-786d,-6,36,Normal
2026-02-15 05:29:28.184315,Seoul-786d,16,61,Normal
2026-02-15 05:29:29.184315,Seoul-786d,5,19,Normal
2026-02-15 05:29:30.184315,Seoul-786d,39,30,Normal
2026-02-15 05:29:31.184315,Seoul-786d,34,40,Normal
2026-02-15 05:29:32.184315,Seoul-786d,-7,50,Normal
2026-02-15 05:29:33.184315,Seoul-786d,36,68,Normal
2026-02-15 05:29:34.184315,Seoul-786d,44,12,Normal
2026-02-15 05:29:35.184315,Seoul-786d,1,17,Normal
2026-02-15 05:29:36.184315,Seoul-786d,15,76,Normal
2026-02-15 05:29:37.184315,Seoul-786d,44,9,Normal
2026-02-15 05:29:38.184315,Seoul-786d,49,66,Normal
2026-02-15 05:29:39.184315,Seoul-786d,4,18,Normal
2026-02-15 05:29:40.184315,Seoul-786d,39,33,Normal
2026-02-15 05:29:41.184315,Seoul-786d,2,70,Normal
2026-02-15 05:29:42.184315,Seoul-786d,20,53,Normal
2026-02-15 05:29:43.184315,Seoul-786d,-10,91,Normal
2026-02-15 05:29:44.184315,Seoul-786d,15,10,Normal
2026-02-15 05:29:45.184315,Seoul-786d,11,68,Normal
2026-02-15 05:29:46.184315,Seoul-786d,45,31,Normal
2026-02-15 05:29:47.184315,Seoul-786d,33,9,Normal
2026-02-15 05:29:48.184315,Seoul-786d,32,46,Normal
2026-02-15 05:29:49.184315,Seoul-786d,37,23,Normal
2026-02-15 05:29:50.184315,Seoul-786d,10,37,Normal
2026-02-15 05:29:51.184315,Seoul-786d,-23,11,Normal
2026-02-15 05:29:52.184315,Seoul-786d,5,13,Normal
2026-02-15 05:29:53.184315,Seoul-786d,18,68,Normal
2026-02-15 05:29:54.184315,Seoul-786d,-25,44,Normal
2026-02-15 05:29:55.184315,Seoul-786d,37,0,Normal
2026-02-15 05:29:56.184315,Seoul-786d,4,57,Normal
2026-02-15 05:29:57.184315,Seoul-786d,35,84,Normal
2026-02-15 05:29:58.184315,Seoul-786d,-26,60,Normal
2026-02-15 05:29:59.184315,Seoul-786d,16,10,Normal
2026-02-15 05:30:00.184315,Seoul-786d,4,69,Normal
2026-02-15 05:30:01.184315,Seoul-786d,38,13,Normal
2026-02-15 05:30:02.184315,Seoul-786d,7,4,Normal
2026-02-15 05:30:03.184315,Seoul-786d,25,64,Normal
2026-02-15 05:30:04.184315,Seoul-786d,38,74,Normal
2026-02-15 05:30:05.184315,Seoul-786d,24,5,Normal
2026-02-15 05:30:06.184315,Seoul-786d,31,68,Normal
2026-02-15 05:30:07.184315,Seoul-786d,16,2,Normal
2026-02-15 05:30:08.184315,Seoul-786d,17,3,Normal
2026-02-15 05:30:09.184315,Seoul-786d,-15,72,Normal
2026-02-15 05:30:10.184315,Seoul-786d,10,13,Normal
2026-02-15 05:30:11.184315,Seoul-786d,-16,4,Normal
2026-02-15 05:30:12.184315,Seoul-786d,5,11,Normal
2026-02-15 05:30:13.184315,Seoul-786d,3,57,Normal
2026-02-15 05:30:14.184315,Seoul-786d,-17,42,Normal
2026-02-15 05:30:15.184315,Seoul-786d,25,55,Normal
2026-02-15 05:30:16.184315,Seoul-786d,-1,42,Normal
2026-02-15 05:30:17.184315,Seoul-786d,-15,80,Normal
2026-02-15 05:30:18.184315,Seoul-786d,5,88,Normal
2026-02-15 05:30:19.184315,Seoul-786d,36,58,Normal
2026-02-15 05:30:20.184315,Seoul-786d,-12,93,Normal
2026-02-15 05:30:21.184315,Seoul-786d,-22,87,Normal
2026-02-15 05:30:22.184315,Seoul-786d,-27,33,Normal
2026-02-15 05:30:23.184315,Seoul-786d,-29,59,Normal
2026-02-15 05:30:24.184315,Seoul-786d,-9,7,Normal
2026-02-15 05:30:25.184315,Seoul-786d,-10,93,Normal
2026-02-15 05:30:26.184315,Seoul-786d,31,3,Normal
2026-02-15 05:30:27.184315,Seoul-786d,48,63,Normal
2026-02-15 05:30:28.184315,Seoul-786d,22,11,Normal
2026-02-15 05:30:29.184315,Seoul-786d,5,7,Normal
2026-02-15 05:30:30.184315,Seoul-786d,8,60,Normal
2026-02-15 05:30:31.184315,Seoul-786d,-4,29,Normal
2026-02-15 05:30:32.184315,Seoul-786d,-18,94,Normal
2026-02-15 05:30:33.184315,Seoul-786d,35,58,Normal
2026-02-15 05:30:34.184315,Seoul-786d,3,18,Normal
2026-02-15 05:30:35.184315,Seoul-786d,-30,14,Normal
2026-02-15 05:30:36.184315,Seoul-786d,26,77,Normal
2026-02-15 05:30:37.184315,Seoul-786d,-11,60,Normal
2026-02-15 05:30:38.184315,Seoul-786d,29,15,Normal
2026-02-15 05:30:39.184315,Seoul-786d,25,0,Normal
2026-02-15 05:30:40.184315,Seoul-786d,4,63,Normal
2026-02-15 05:30:41.184315,Seoul-786d,-1,41,Normal
2026-02-15 05:30:42.184315,Seoul-786d,-25,7,Normal
2026-02-15 05:30:43.184315,Seoul-786d,-16,17,Normal
2026-02-15 05:30:44.184315,Seoul-786d,-30,66,Normal
2026-02-15 05:30:45.184315,Seoul-786d,-28,91,Normal
2026-02-15 05:30:46.184315,Seoul-786d,32,100,Normal
2026-02-15 05:30:47.184315,Seoul-786d,0,93,Normal
2026-02-15 05:30:48.184315,Seoul-786d,37,20,Normal
2026-02-15 05:30:49.184315,Seoul-786d,27,8,Normal
2026-02-15 05:30:50.184315,Seoul-786d,-13,98,Normal
2026-02-15 05:30:51.184315,Seoul-786d,-8,22,Normal
2026-02-15 05:30:52.184315,Seoul-786d,-15,43,Normal
2026-02-15 05:30:53.184315,Seoul-786d,-6,38,Normal
2026-02-15 05:30:54.184315,Seoul-786d,22,39,Normal
2026-02-15 05:30:55.184315,Seoul-786d,16,70,Normal
2026-02-15 05:30:56.184315,Seoul-786d,48,33,Normal
2026-02-15 05:30:57.184315,Seoul-786d,-12,84,Normal
2026-02-15 05:30:58.184315,Seoul-786d,35,14,Normal
2026-02-15 05:30:59.184315,Seoul-786d,-22,6,Normal
2026-02-15 05:31:00.184315,Seoul-786d,-27,47,Normal
2026-02-15 05:31:01.184315,Seoul-786d,19,5,Normal
2026-02-15 05:31:02.184315,Seoul-786d,-30,26,Normal
2026-02-15 05:31:03.184315,Seoul-786d,6,77,Normal
2026-02-15 05:31:04.184315,Seoul-786d,1,46,Normal
2026-02-15 05:31:05.184315,Seoul-786d,25,6,Normal
2026-02-15 05:31:06.184315,Seoul-786d,-20,38,Normal
2026-02-15 05:31:07.184315,Seoul-786d,13,35,Normal
2026-02-15 05:31:08.184315,Seoul-786d,-28,88,Normal
2026-02-15 05:31:09.184315,Seoul-786d,30,67,Normal
2026-02-15 05:31:10.184315,Seoul-786d,-26,86,Normal
2026-02-15 05:31:11.184315,Seoul-786d,12,54,Normal
2026-02-15 05:31:12.184315,Seoul-786d,32,75,Normal
2026-02-15 05:31:13.184315,Seoul-786d,-8,32,Normal
2026-02-15 05:31:14.184315,Seoul-786d,-9,93,Normal
2026-02-15 05:31:15.184315,Seoul-786d,-23,52,Normal
2026-02-15 05:31:16.184315,Seoul-786d,-13,92,Normal
2026-02-15 05:31:17.184315,Seoul-786d,33,22,Normal
2026-02-15 05:31:18.184315,Seoul-786d,5,63,Normal
2026-02-15 05:31:19.184315,Seoul-786d,7,40,Normal
2026-02-15 05:31:20.184315,Seoul-786d,22,8,Normal
2026-02-15 05:31:21.184315,Seoul-786d,15,93,Normal
2026-02-15 05:31:22.184315,Seoul-786d,38,100,Normal
2026-02-15 05:31:23.184315,Seoul-786d,41,46,Normal
2026-02-15 05:31:24.184315,Seoul-786d,43,23,Normal
2026-02-15 05:31:25.184315,Seoul-786d,-18,14,Normal
2026-02-15 05:31:26.184315,Seoul-786d,-10,4,Normal
2026-02-15 05:31:27.184315,Seoul-786d,-29,68,Normal
2026-02-15 05:31:28.184315,Seoul-786d,-3,92,Normal
2026-02-15 05:31:29.184315,Seoul-786d,27,12,Normal
2026-02-15 05:31:30.184315,Seoul-786d,-18,2,Normal
2026-02-15 05:31:31.184315,Seoul-786d,-29,71,Normal
2026-02-15 05:31:32.184315,Seoul-786d,25,98,Normal
2026-02-15 05:31:33.184315,Seoul-786d,-5,36,Normal
2026-02-15 05:31:34.184315,Seoul-786d,10,58,Normal
2026-02-15 05:31:35.184315,Seoul-786d,50,8,Normal
2026-02-15 05:31:36.184315,Seoul-786d,35,64,Normal
2026-02-15 05:31:37.184315,Seoul-786d,39,90,Normal
2026-02-15 05:31:38.184315,Seoul-786d,24,88,Normal
2026-02-15 05:31:39.184315,Seoul-786d,8,30,Normal
2026-02-15 05:31:40.184315,Seoul-786d,-2,41,Normal
2026-02-15 05:31:41.184315,Seoul-786d,27,30,Normal
2026-02-15 05:31:42.184315,Seoul-786d,5,67,Normal
2026-02-15 05:31:43.184315,Seoul-786d,43,96,Normal
2026-02-15 05:31:44.184315,Seoul-786d,-21,37,Normal
2026-02-15 05:31:45.184315,Seoul-786d,21,95,Normal
2026-02-15 05:31:46.184315,Seoul-786d,19,60,Normal
2026-02-15 05:31:47.184315,Seoul-786d,-22,52,Normal
2026-02-15 05:31:48.184315,Seoul-786d,25,70,Normal
2026-02-15 05:31:49.184315,Seoul-786d,-23,27,Normal
2026-02-15 05:31:50.184315,Seoul-786d,44,22,Normal
2026-02-15 05:31:51.184315,Seoul-786d,23,44,Normal
2026-02-15 05:31:52.184315,Seoul-786d,3,55,Normal
2026-02-15 05:31:53.184315,Seoul-786d,-27,74,Normal
2026-02-15 05:31:54.184315,Seoul-786d,-16,89,Normal
2026-02-15 05:31:55.184315,Seoul-786d,22,58,Normal
2026-02-15 05:31:56.184315,Seoul-786d,29,39,Normal
2026-02-15 05:31:57.184315,Seoul-786d,44,52,Normal
2026-02-15 05:31:58.184315,Seoul-786d,37,85,Normal
2026-02-15 05:31:59.184315,Seoul-786d,-25,86,Normal
2026-02-15 05:32:00.184315,Seoul-786d,16,86,Normal
2026-02-15 05:32:01.184315,Seoul-786d,19,12,Normal
2026-02-15 05:32:02.184315,Seoul-786d,-28,97,Normal
2026-02-15 05:32:03.184315,Seoul-786d,17,11,Normal
2026-02-15 05:32:04.184315,Seoul-786d,10,48,Normal
2026-02-15 05:32:05.184315,Seoul-786d,-16,39,Normal
2026-02-15 05:32:06.184315,Seoul-786d,22,69,Normal
2026-02-15 05:32:07.184315,Seoul-786d,-5,41,Normal
2026-02-15 05:32:08.184315,Seoul-786d,-9,11,Normal
2026-02-15 05:32:09.184315,Seoul-786d,0,24,Normal
2026-02-15 05:32:10.184315,Seoul-786d,36,97,Normal
2026-02-15 05:32:11.184315,Seoul-786d,-24,35,Normal
2026-02-15 05:32:12.184315,Seoul-786d,31,80,Normal
2026-02-15 05:32:13.184315,Seoul-786d,-6,66,Normal
2026-02-15 05:32:14.184315,Seoul-786d,-15,48,Normal
2026-02-15 05:32:15.184315,Seoul-786d,-20,72,Normal
2026-02-15 05:32:16.184315,Seoul-786d,-23,1,Normal
2026-02-15 05:32:17.184315,Seoul-786d,28,11,Normal
2026-02-15 05:32:18.184315,Seoul-786d,-19,83,Normal
2026-02-15 05:32:19.184315,Seoul-786d,-2,41,Normal
2026-02-15 05:32:20.184315,Seoul-786d,31,77,Normal
2026-02-15 05:32:21.184315,Seoul-786d,-14,41,Normal
2026-02-15 05:32:22.184315,Seoul-786d,-3,62,Normal
2026-02-15 05:32:23.184315,Seoul-786d,-10,51,Normal
2026-02-15 05:32:24.184315,Seoul-786d,0,66,Normal
2026-02-15 05:32:25.184315,Seoul-786d,-6,1,Normal
2026-02-15 05:32:26.184315,Seoul-786d,3,17,Normal
2026-02-15 05:32:27.184315,Seoul-786d,35,15,Normal
2026-02-15 05:32:28.184315,Seoul-786d,-29,27,Normal
2026-02-15 05:32:29.184315,Seoul-786d,12,83,Normal
2026-02-15 05:32:30.184315,Seoul-786d,-19,21,Normal
2026-02-15 05:32:31.184315,Seoul-786d,-24,66,Normal
2026-02-15 05:32:32.184315,Seoul-786d,2,100,Normal
2026-02-15 05:32:33.184315,Seoul-786d,-29,95,Normal
2026-02-15 05:32:34.184315,Seoul-786d,49,73,Normal
2026-02-15 05:32:35.184315,Seoul-786d,-16,91,Normal
2026-02-15 05:32:36.184315,Seoul-786d,-22,81,Normal
2026-02-15 05:32:37.184315,Seoul-786d,-21,49,Normal
2026-02-15 05:32:38.184315,Seoul-786d,-2,9,Normal
2026-02-15 05:32:39.184315,Seoul-786d,0,14,Normal
2026-02-15 05:32:40.184315,Seoul-786d,-6,50,Normal
2026-02-15 05:32:41.184315,Seoul-786d,43,13,Normal
2026-02-15 05:32:42.184315,Seoul-786d,-2,23,Normal
2026-02-15 05:32:43.184315,Seoul-786d,-1,35,Normal
2026-02-15 05:32:44.184315,Seoul-786d,47,45,Normal
2026-02-15 05:32:45.184315,Seoul-786d,-26,14,Normal
2026-02-15 05:32:46.184315,Seoul-786d,-4,58,Normal
2026-02-15 05:32:47.184315,Seoul-786d,-30,23,Normal
2026-02-15 05:32:48.184315,Seoul-786d,49,8,Normal
2026-02-15 05:32:49.184315,Seoul-786d,-13,57,Normal
2026-02-15 05:32:50.184315,Seoul-786d,-1,27,Normal
2026-02-15 05:32:51.184315,Seoul-786d,5,39,Normal
2026-02-15 05:32:52.184315,Seoul-786d,8,95,Normal
2026-02-15 05:32:53.184315,Seoul-786d,-7,75,Normal
2026-02-15 05:32:54.184315,Seoul-786d,15,78,Normal
2026-02-15 05:32:55.184315,Seoul-786d,-13,53,Normal
2026-02-15 05:32:56.184315,Seoul-786d,29,91,Normal
2026-02-15 05:32:57.184315,Seoul-786d,44,61,Normal
2026-02-15 05:32:58.184315,Seoul-786d,-25,0,Normal
2026-02-15 05:32:59.184315,Seoul-786d,-13,34,Normal
2026-02-15 05:33:00.184315,Seoul-786d,30,31,Normal
2026-02-15 05:33:01.184315,Seoul-786d,8,49,Normal
2026-02-15 05:33:02.184315,Seoul-786d,-6,97,Normal
2026-02-15 05:33:03.184315,Seoul-786d,29,30,Normal
2026-02-15 05:33:04.184315,Seoul-786d,36,51,Normal
2026-02-15 05:33:05.184315,Seoul-786d,20,52,Normal
2026-02-15 05:33:06.184315,Seoul-786d,-8,68,Normal
2026-02-15 05:33:07.184315,Seoul-786d,40,12,Normal
2026-02-15 05:33:08.184315,Seoul-786d,49,77,Normal
2026-02-15 05:33:09.184315,Seoul-786d,-18,30,Normal
2026-02-15 05:33:10.184315,Seoul-786d,-1,88,Normal
2026-02-15 05:33:11.184315,Seoul-786d,4,41,Normal
2026-02-15 05:33:12.184315,Seoul-786d,19,72,Normal
2026-02-15 05:33:13.184315,Seoul-786d,-17,11,Normal
2026-02-15 05:33:14.184315,Seoul-786d,2,100,Normal
2026-02-15 05:33:15.184315,Seoul-786d,-19,64,Normal
2026-02-15 05:33:16.184315,Seoul-786d,-17,37,Normal
2026-02-15 05:33:17.184315,Seoul-786d,26,62,Normal
2026-02-15 05:33:18.184315,Seoul-786d,50,8,Normal
2026-02-15 05:33:19.184315,Seoul-786d,-22,11,Normal
2026-02-15 05:33:20.184315,Seoul-786d,41,11,Normal
2026-02-15 05:33:21.184315,Seoul-786d,19,69,Normal
2026-02-15 05:33:22.184315,Seoul-786d,-25,26,Normal
2026-02-15 05:33:23.184315,Seoul-786d,20,83,Normal
2026-02-15 05:33:24.184315,Seoul-786d,-15,80,Normal
2026-02-15 05:33:25.184315,Seoul-786d,-14,95,Normal
2026-02-15 05:33:26.184315,Seoul-786d,-25,81,Normal
2026-02-15 05:33:27.184315,Seoul-786d,7,78,Normal
2026-02-15 05:33:28.184315,Seoul-786d,-16,24,Normal
2026-02-15 05:33:29.184315,Seoul-786d,16,48,Normal
2026-02-15 05:33:30.184315,Seoul-786d,-27,3,Normal
2026-02-15 05:33:31.184315,Seoul-786d,31,7,Normal
2026-02-15 05:33:32.184315,Seoul-786d,48,58,Normal
2026-02-15 05:33:33.184315,Seoul-786d,38,32,Normal
2026-02-15 05:33:34.184315,Seoul-786d,41,61,Normal
2026-02-15 05:33:35.184315,Seoul-786d,21,44,Normal
2026-02-15 05:33:36.184315,Seoul-786d,-2,56,Normal
2026-02-15 05:33:37.184315,Seoul-786d,19,67,Normal
2026-02-15 05:33:38.184315,Seoul-786d,6,19,Normal
2026-02-15 05:33:39.184315,Seoul-786d,-23,63,Normal
2026-02-15 05:33:40.184315,Seoul-786d,21,55,Normal
2026-02-15 05:33:41.184315,Seoul-786d,47,49,Normal
2026-02-15 05:33:42.184315,Seoul-786d,26,59,Normal
2026-02-15 05:33:43.184315,Seoul-786d,6,32,Normal
2026-02-15 05:33:44.184315,Seoul-786d,-9,1,Normal
2026-02-15 05:33:45.184315,Seoul-786d,42,56,Normal
2026-02-15 05:33:46.184315,Seoul-786d,-19,32,Normal
2026-02-15 05:33:47.184315,Seoul-786d,-13,0,Normal
2026-02-15 05:33:48.184315,Seoul-786d,8,26,Normal
2026-02-15 05:33:49.184315,Seoul-786d,43,6,Normal
2026-02-15 05:33:50.184315,Seoul-786d,29,69,Normal
2026-02-15 05:33:51.184315,Seoul-786d,41,47,Normal
2026-02-15 05:33:52.184315,Seoul-786d,16,83,Normal
2026-02-15 05:33:53.184315,Seoul-786d,-26,7,Normal
2026-02-15 05:33:54.184315,Seoul-786d,-17,17,Normal
2026-02-15 05:33:55.184315,Seoul-786d,-8,84,Normal
2026-02-15 05:33:56.184315,Seoul-786d,30,20,Normal
2026-02-15 05:33:57.184315,Seoul-786d,15,32,Normal
2026-02-15 05:33:58.184315,Seoul-786d,-18,27,Normal
2026-02-15 05:33:59.184315,Seoul-786d,-9,9,Normal
2026-02-15 05:34:00.184315,Seoul-786d,-9,83,Normal
2026-02-15 05:34:01.184315,Seoul-786d,-8,96,Normal
2026-02-15 05:34:02.184315,Seoul-786d,32,37,Normal
2026-02-15 05:34:03.184315,Seoul-786d,-29,93,Normal
2026-02-15 05:34:04.184315,Seoul-786d,-28,70,Normal
2026-02-15 05:34:05.184315,Seoul-786d,9,83,Normal
2026-02-15 05:34:06.184315,Seoul-786d,15,3,Normal
2026-02-15 05:34:07.184315,Seoul-786d,-7,7,Normal
2026-02-15 05:34:08.184315,Seoul-786d,-16,17,Normal
2026-02-15 05:34:09.184315,Seoul-786d,30,18,Normal
2026-02-15 05:34:10.184315,Seoul-786d,36,100,Normal
2026-02-15 05:34:11.184315,Seoul-786d,-15,57,Normal
2026-02-15 05:34:12.184315,Seoul-786d,25,9,Normal
2026-02-15 05:34:13.184315,Seoul-786d,-20,74,Normal
2026-02-15 05:34:14.184315,Seoul-786d,20,74,Normal
2026-02-15 05:34:15.184315,Seoul-786d,-4,61,Normal
2026-02-15 05:34:16.184315,Seoul-786d,49,2,Normal
2026-02-15 05:34:17.184315,Seoul-786d,-14,6,Normal
2026-02-15 05:34:18.184315,Seoul-786d,3,16,Normal
2026-02-15 05:34:19.184315,Seoul-786d,43,3,Normal
2026-02-15 05:34:20.184315,Seoul-786d,-1,19,Normal
2026-02-15 05:34:21.184315,Seoul-786d,-15,98,Normal
2026-02-15 05:34:22.184315,Seoul-786d,1,69,Normal
2026-02-15 05:34:23.184315,Seoul-786d,33,74,Normal
2026-02-15 05:34:24.184315,Seoul-786d,25,21,Normal
2026-02-15 05:34:25.184315,Seoul-786d,-12,92,Normal
2026-02-15 05:34:26.184315,Seoul-786d,0,73,Normal
2026-02-15 05:34:27.184315,Seoul-786d,1,38,Normal
2026-02-15 05:34:28.184315,Seoul-786d,18,59,Normal
2026-02-15 05:34:29.184315,Seoul-786d,-19,13,Normal
2026-02-15 05:34:30.184315,Seoul-786d,-10,0,Normal
2026-02-15 05:34:31.184315,Seoul-786d,20,88,Normal
2026-02-15 05:34:32.184315,Seoul-786d,29,27,Normal
2026-02-15 05:34:33.184315,Seoul-786d,45,26,Normal
2026-02-15 05:34:34.184315,Seoul-786d,31,63,Normal
2026-02-15 05:34:35.184315,Seoul-786d,-2,15,Normal
2026-02-15 05:34:36.184315,Seoul-786d,16,94,Normal
2026-02-15 05:34:37.184315,Seoul-786d,18,32,Normal
2026-02-15 05:34:38.184315,Seoul-786d,-7,37,Normal
2026-02-15 05:34:39.184315,Seoul-786d,-15,0,Normal
2026-02-15 05:34:40.184315,Seoul-786d,23,71,Normal
2026-02-15 05:34:41.184315,Seoul-786d,-13,47,Normal
2026-02-15 05:34:42.184315,Seoul-786d,17,60,Normal
2026-02-15 05:34:43.184315,Seoul-786d,21,71,Normal
2026-02-15 05:34:44.184315,Seoul-786d,38,51,Normal
2026-02-15 05:34:45.184315,Seoul-786d,19,32,Normal
2026-02-15 05:34:46.184315,Seoul-786d,-20,8,Normal
2026-02-15 05:34:47.184315,Seoul-786d,4,89,Normal
2026-02-15 05:34:48.184315,Seoul-786d,12,6,Normal
2026-02-15 05:34:49.184315,Seoul-786d,48,80,Normal
2026-02-15 05:34:50.184315,Seoul-786d,-21,15,Normal
2026-02-15 05:34:51.184315,Seoul-786d,16,100,Normal
2026-02-15 05:34:52.184315,Seoul-786d,-21,30,Normal
2026-02-15 05:34:53.184315,Seoul-786d,50,31,Normal
2026-02-15 05:34:54.184315,Seoul-786d,-20,92,Normal
2026-02-15 05:34:55.184315,Seoul-786d,-5,96,Normal
2026-02-15 05:34:56.184315,Seoul-786d,45,9,Normal
2026-02-15 05:34:57.184315,Seoul-786d,26,24,Normal
2026-02-15 05:34:58.184315,Seoul-786d,34,97,Normal
2026-02-15 05:34:59.184315,Seoul-786d,23,80,Normal
2026-02-15 05:35:00.184315,Seoul-786d,28,53,Normal
2026-02-15 05:35:01.184315,Seoul-786d,-22,58,Normal
2026-02-15 05:35:02.184315,Seoul-786d,25,0,Normal
2026-02-15 05:35:03.184315,Seoul-786d,44,37,Normal
2026-02-15 05:35:04.184315,Seoul-786d,41,25,Normal
2026-02-15 05:35:05.184315,Seoul-786d,39,11,Normal
2026-02-15 05:35:06.184315,Seoul-786d,27,1,Normal
2026-02-15 05:35:07.184315,Seoul-786d,39,48,Normal
2026-02-15 05:35:08.184315,Seoul-786d,5,79,Normal
2026-02-15 05:35:09.184315,Seoul-786d,14,74,Normal
2026-02-15 05:35:10.184315,Seoul-786d,23,100,Normal
2026-02-15 05:35:11.184315,Seoul-786d,5,12,Normal
2026-02-15 05:35:12.184315,Seoul-786d,7,81,Normal
2026-02-15 05:35:13.184315,Seoul-786d,-3,57,Normal
2026-02-15 05:35:14.184315,Seoul-786d,-30,82,Normal
2026-02-15 05:35:15.184315,Seoul-786d,11,42,Normal
2026-02-15 05:35:16.184315,Seoul-786d,38,65,Normal
2026-02-15 05:35:17.184315,Seoul-786d,-22,92,Normal
2026-02-15 05:35:18.184315,Seoul-786d,-27,74,Normal
2026-02-15 05:35:19.184315,Seoul-786d,35,45,Normal
2026-02-15 05:35:20.184315,Seoul-786d,21,4,Normal
2026-02-15 05:35:21.184315,Seoul-786d,42,0,Normal
2026-02-15 05:35:22.184315,Seoul-786d,14,88,Normal
2026-02-15 05:35:23.184315,Seoul-786d,42,60,Normal
2026-02-15 05:35:24.184315,Seoul-786d,-24,7,Normal
2026-02-15 05:35:25.184315,Seoul-786d,2,58,Normal
2026-02-15 05:35:26.184315,Seoul-786d,-27,19,Normal
2026-02-15 05:35:27.184315,Seoul-786d,32,70,Normal
2026-02-15 05:35:28.184315,Seoul-786d,30,44,Normal
2026-02-15 05:35:29.184315,Seoul-786d,15,61,Normal
2026-02-15 05:35:30.184315,Seoul-786d,38,46,Normal
2026-02-15 05:35:31.184315,Seoul-786d,17,44,Normal
2026-02-15 05:35:32.184315,Seoul-786d,8,42,Normal
2026-02-15 05:35:33.184315,Seoul-786d,-9,62,Normal
2026-02-15 05:35:34.184315,Seoul-786d,46,55,Normal
2026-02-15 05:35:35.184315,Seoul-786d,-27,93,Normal
2026-02-15 05:35:36.184315,Seoul-786d,34,50,Normal
2026-02-15 05:35:37.184315,Seoul-786d,44,55,Normal
2026-02-15 05:35:38.184315,Seoul-786d,18,99,Normal
2026-02-15 05:35:39.184315,Seoul-786d,14,12,Normal
2026-02-15 05:35:40.184315,Seoul-786d,17,12,Normal
2026-02-15 05:35:41.184315,Seoul-786d,-16,93,Normal
2026-02-15 05:35:42.184315,Seoul-786d,30,19,Normal
2026-02-15 05:35:43.184315,Seoul-786d,35,33,Normal
2026-02-15 05:35:44.184315,Seoul-786d,-22,17,Normal
2026-02-15 05:35:45.184315,Seoul-786d,48,30,Normal
2026-02-15 05:35:46.184315,Seoul-786d,47,76,Normal
2026-02-15 05:35:47.184315,Seoul-786d,35,78,Normal
2026-02-15 05:35:48.184315,Seoul-786d,0,0,Normal
2026-02-15 05:35:49.184315,Seoul-786d,33,57,Normal
2026-02-15 05:35:50.184315,Seoul-786d,-8,22,Normal
2026-02-15 05:35:51.184315,Seoul-786d,24,75,Normal
2026-02-15 05:35:52.184315,Seoul-786d,31,22,Normal
2026-02-15 05:35:53.184315,Seoul-786d,21,39,Normal
2026-02-15 05:35:54.184315,Seoul-786d,-26,21,Normal
2026-02-15 05:35:55.184315,Seoul-786d,11,9,Normal
2026-02-15 05:35:56.184315,Seoul-786d,49,47,Normal
2026-02-15 05:35:57.184315,Seoul-786d,-18,74,Normal
2026-02-15 05:35:58.184315,Seoul-786d,26,96,Normal
2026-02-15 05:35:59.184315,Seoul-786d,16,37,Normal
2026-02-15 05:36:00.184315,Seoul-786d,-25,27,Normal
2026-02-15 05:36:01.184315,Seoul-786d,41,90,Normal
2026-02-15 05:36:02.184315,Seoul-786d,-4,91,Normal
2026-02-15 05:36:03.184315,Seoul-786d,-15,97,Normal
2026-02-15 05:36:04.184315,Seoul-786d,-7,66,Normal
2026-02-15 05:36:05.184315,Seoul-786d,15,33,Normal
2026-02-15 05:36:06.184315,Seoul-786d,0,26,Normal
2026-02-15 05:36:07.184315,Seoul-786d,10,67,Normal
2026-02-15 05:36:08.184315,Seoul-786d,18,62,Normal
2026-02-15 05:36:09.184315,Seoul-786d,15,66,Normal
2026-02-15 05:36:10.184315,Seoul-786d,11,44,Normal
2026-02-15 05:36:11.184315,Seoul-786d,2,40,Normal
2026-02-15 05:36:12.184315,Seoul-786d,32,85,Normal
2026-02-15 05:36:13.184315,Seoul-786d,20,56,Normal
2026-02-15 05:36:14.184315,Seoul-786d,22,12,Normal
2026-02-15 05:36:15.184315,Seoul-786d,33,16,Normal
2026-02-15 05:36:16.184315,Seoul-786d,-14,2,Normal
2026-02-15 05:36:17.184315,Seoul-786d,14,4,Normal
2026-02-15 05:36:18.184315,Seoul-786d,3,16,Normal
2026-02-15 05:36:19.184315,Seoul-786d,18,99,Normal
2026-02-15 05:36:20.184315,Seoul-786d,16,2,Normal
2026-02-15 05:36:21.184315,Seoul-786d,3,19,Normal
2026-02-15 05:36:22.184315,Seoul-786d,32,9,Normal
2026-02-15 05:36:23.184315,Seoul-786d,6,77,Normal
2026-02-15 05:36:24.184315,Seoul-786d,-6,13,Normal
2026-02-15 05:36:25.184315,Seoul-786d,-19,3,Normal
2026-02-15 05:36:26.184315,Seoul-786d,20,32,Normal
2026-02-15 05:36:27.184315,Seoul-786d,-15,54,Normal
2026-02-15 05:36:28.184315,Seoul-786d,-17,4,Normal
2026-02-15 05:36:29.184315,Seoul-786d,40,40,Normal
2026-02-15 05:36:30.184315,Seoul-786d,25,74,Normal
2026-02-15 05:36:31.184315,Seoul-786d,-10,97,Normal
2026-02-15 05:36:32.184315,Seoul-786d,22,70,Normal
2026-02-15 05:36:33.184315,Seoul-786d,48,49,Normal
2026-02-15 05:36:34.184315,Seoul-786d,-1,4,Normal
2026-02-15 05:36:35.184315,Seoul-786d,-15,9,Normal
2026-02-15 05:36:36.184315,Seoul-786d,50,90,Normal
2026-02-15 05:36:37.184315,Seoul-786d,-11,25,Normal
2026-02-15 05:36:38.184315,Seoul-786d,40,0,Normal
2026-02-15 05:36:39.184315,Seoul-786d,-8,10,Normal
2026-02-15 05:36:40.184315,Seoul-786d,31,20,Normal
2026-02-15 05:36:41.184315,Seoul-786d,-28,63,Normal
2026-02-15 05:36:42.184315,Seoul-786d,39,83,Normal
2026-02-15 05:36:43.184315,Seoul-786d,32,13,Normal
2026-02-15 05:36:44.184315,Seoul-786d,-18,56,Normal
2026-02-15 05:36:45.184315,Seoul-786d,4,83,Normal
2026-02-15 05:36:46.184315,Seoul-786d,-6,5,Normal
2026-02-15 05:36:47.184315,Seoul-786d,7,25,Normal
2026-02-15 05:36:48.184315,Seoul-786d,13,84,Normal
2026-02-15 05:36:49.184315,Seoul-786d,36,94,Normal
2026-02-15 05:36:50.184315,Seoul-786d,45,100,Normal
2026-02-15 05:36:51.184315,Seoul-786d,13,28,Normal
2026-02-15 05:36:52.184315,Seoul-786d,5,100,Normal
2026-02-15 05:36:53.184315,Seoul-786d,-1,66,Normal
2026-02-15 05:36:54.184315,Seoul-786d,-30,47,Normal
2026-02-15 05:36:55.184315,Seoul-786d,-19,71,Normal
2026-02-15 05:36:56.184315,Seoul-786d,-1,72,Normal
2026-02-15 05:36:57.184315,Seoul-786d,38,76,Normal
2026-02-15 05:36:58.184315,Seoul-786d,20,34,Normal
2026-02-15 05:36:59.184315,Seoul-786d,25,60,Normal
2026-02-15 05:37:00.184315,Seoul-786d,38,63,Normal
2026-02-15 05:37:01.184315,Seoul-786d,21,3,Normal
2026-02-15 05:37:02.184315,Seoul-786d,48,92,Normal
2026-02-15 05:37:03.184315,Seoul-786d,-8,79,Normal
2026-02-15 05:37:04.184315,Seoul-786d,-27,25,Normal
2026-02-15 05:37:05.184315,Seoul-786d,-21,81,Normal
2026-02-15 05:37:06.184315,Seoul-786d,-12,32,Normal
2026-02-15 05:37:07.184315,Seoul-786d,-23,77,Normal
2026-02-15 05:37:08.184315,Seoul-786d,15,14,Normal
2026-02-15 05:37:09.184315,Seoul-786d,11,34,Normal
2026-02-15 05:37:10.184315,Seoul-786d,30,47,Normal
2026-02-15 05:37:11.184315,Seoul-786d,-25,7,Normal
2026-02-15 05:37:12.184315,Seoul-786d,-2,37,Normal
2026-02-15 05:37:13.184315,Seoul-786d,1,3,Normal
2026-02-15 05:37:14.184315,Seoul-786d,42,4,Normal
2026-02-15 05:37:15.184315,Seoul-786d,49,36,Normal
2026-02-15 05:37:16.184315,Seoul-786d,-12,20,Normal
2026-02-15 05:37:17.184315,Seoul-786d,-24,49,Normal
2026-02-15 05:37:18.184315,Seoul-786d,49,83,Normal
2026-02-15 05:37:19.184315,Seoul-786d,-15,85,Normal
2026-02-15 05:37:20.184315,Seoul-786d,28,5,Normal
2026-02-15 05:37:21.184315,Seoul-786d,1,42,Normal
2026-02-15 05:37:22.184315,Seoul-786d,7,11,Normal
2026-02-15 05:37:23.184315,Seoul-786d,42,43,Normal
2026-02-15 05:37:24.184315,Seoul-786d,6,95,Normal
2026-02-15 05:37:25.184315,Seoul-786d,21,64,Normal
2026-02-15 05:37:26.184315,Seoul-786d,-27,62,Normal
2026-02-15 05:37:27.184315,Seoul-786d,36,25,Normal
2026-02-15 05:37:28.184315,Seoul-786d,-18,93,Normal
2026-02-15 05:37:29.184315,Seoul-786d,-12,84,Normal
2026-02-15 05:37:30.184315,Seoul-786d,-17,49,Normal
2026-02-15 05:37:31.184315,Seoul-786d,11,43,Normal
2026-02-15 05:37:32.184315,Seoul-786d,39,0,Normal
2026-02-15 05:37:33.184315,Seoul-786d,20,6,Normal
2026-02-15 05:37:34.184315,Seoul-786d,16,93,Normal
2026-02-15 05:37:35.184315,Seoul-786d,5,20,Normal
2026-02-15 05:37:36.184315,Seoul-786d,18,60,Normal
2026-02-15 05:37:37.184315,Seoul-786d,-12,22,Normal
2026-02-15 05:37:38.184315,Seoul-786d,-27,56,Normal
2026-02-15 05:37:39.184315,Seoul-786d,25,8,Normal
2026-02-15 05:37:40.184315,Seoul-786d,26,64,Normal
2026-02-15 05:37:41.184315,Seoul-786d,-25,26,Normal
2026-02-15 05:37:42.184315,Seoul-786d,-21,79,Normal
2026-02-15 05:37:43.184315,Seoul-786d,7,63,Normal
2026-02-15 05:37:44.184315,Seoul-786d,14,69,Normal
2026-02-15 05:37:45.184315,Seoul-786d,6,38,Normal
2026-02-15 05:37:46.184315,Seoul-786d,-8,36,Normal
2026-02-15 05:37:47.184315,Seoul-786d,-4,14,Normal
2026-02-15 05:37:48.184315,Seoul-786d,44,69,Normal
2026-02-15 05:37:49.184315,Seoul-786d,-27,58,Normal
2026-02-15 05:37:50.184315,Seoul-786d,-28,0,Normal
2026-02-15 05:37:51.184315,Seoul-786d,38,7,Normal
2026-02-15 05:37:52.184315,Seoul-786d,-11,34,Normal
2026-02-15 05:37:53.184315,Seoul-786d,16,63,Normal
2026-02-15 05:37:54.184315,Seoul-786d,35,90,Normal
2026-02-15 05:37:55.184315,Seoul-786d,-27,46,Normal
2026-02-15 05:37:56.184315,Seoul-786d,-29,6,Normal
2026-02-15 05:37:57.184315,Seoul-786d,1,11,Normal
2026-02-15 05:37:58.184315,Seoul-786d,13,100,Normal
2026-02-15 05:37:59.184315,Seoul-786d,13,6,Normal
2026-02-15 05:38:00.184315,Seoul-786d,2,76,Normal
2026-02-15 05:38:01.184315,Seoul-786d,12,2,Normal
2026-02-15 05:38:02.184315,Seoul-786d,40,79,Normal
2026-02-15 05:38:03.184315,Seoul-786d,3,27,Normal
2026-02-15 05:38:04.184315,Seoul-786d,3,76,Normal
2026-02-15 05:38:05.184315,Seoul-786d,-14,43,Normal
2026-02-15 05:38:06.184315,Seoul-786d,-27,91,Normal
2026-02-15 05:38:07.184315,Seoul-786d,-3,57,Normal
2026-02-15 05:38:08.184315,Seoul-786d,13,9,Normal
2026-02-15 05:38:09.184315,Seoul-786d,-15,51,Normal
2026-02-15 05:38:10.184315,Seoul-786d,-15,33,Normal
2026-02-15 05:38:11.184315,Seoul-786d,-13,31,Normal
2026-02-15 05:38:12.184315,Seoul-786d,-21,73,Normal
2026-02-15 05:38:13.184315,Seoul-786d,28,98,Normal
2026-02-15 05:38:14.184315,Seoul-786d,2,23,Normal
2026-02-15 05:38:15.184315,Seoul-786d,-9,18,Normal
2026-02-15 05:38:16.184315,Seoul-786d,-25,94,Normal
2026-02-15 05:38:17.184315,Seoul-786d,49,6,Normal
2026-02-15 05:38:18.184315,Seoul-786d,35,93,Normal
2026-02-15 05:38:19.184315,Seoul-786d,-11,88,Normal
2026-02-15 05:38:20.184315,Seoul-786d,9,15,Normal
2026-02-15 05:38:21.184315,Seoul-786d,8,87,Normal
2026-02-15 05:38:22.184315,Seoul-786d,48,22,Normal
2026-02-15 05:38:23.184315,Seoul-786d,24,75,Normal
2026-02-15 05:38:24.184315,Seoul-786d,32,49,Normal
2026-02-15 05:38:25.184315,Seoul-786d,-20,83,Normal
2026-02-15 05:38:26.184315,Seoul-786d,19,64,Normal
2026-02-15 05:38:27.184315,Seoul-786d,14,50,Normal
2026-02-15 05:38:28.184315,Seoul-786d,38,62,Normal
2026-02-15 05:38:29.184315,Seoul-786d,-29,96,Normal
2026-02-15 05:38:30.184315,Seoul-786d,28,29,Normal
2026-02-15 05:38:31.184315,Seoul-786d,45,20,Normal
2026-02-15 05:38:32.184315,Seoul-786d,21,6,Normal
2026-02-15 05:38:33.184315,Seoul-786d,18,95,Normal
2026-02-15 05:38:34.184315,Seoul-786d,16,85,Normal
2026-02-15 05:38:35.184315,Seoul-786d,-30,86,Normal
2026-02-15 05:38:36.184315,Seoul-786d,-9,57,Normal
2026-02-15 05:38:37.184315,Seoul-786d,10,9,Normal
2026-02-15 05:38:38.184315,Seoul-786d,2,60,Normal
2026-02-15 05:38:39.184315,Seoul-786d,21,11,Normal
2026-02-15 05:38:40.184315,Seoul-786d,1,7,Normal
2026-02-15 05:38:41.184315,Seoul-786d,44,56,Normal
2026-02-15 05:38:42.184315,Seoul-786d,-1,45,Normal
2026-02-15 05:38:43.184315,Seoul-786d,-12,16,Normal
2026-02-15 05:38:44.184315,Seoul-786d,-6,64,Normal
2026-02-15 05:38:45.184315,Seoul-786d,-26,100,Normal
2026-02-15 05:38:46.184315,Seoul-786d,15,53,Normal
2026-02-15 05:38:47.184315,Seoul-786d,36,30,Normal
2026-02-15 05:38:48.184315,Seoul-786d,38,31,Normal
2026-02-15 05:38:49.184315,Seoul-786d,4,99,Normal
2026-02-15 05:38:50.184315,Seoul-786d,-19,61,Normal
2026-02-15 05:38:51.184315,Seoul-786d,8,13,Normal
2026-02-15 05:38:52.184315,Seoul-786d,13,1,Normal
2026-02-15 05:38:53.184315,Seoul-786d,35,38,Normal
2026-02-15 05:38:54.184315,Seoul-786d,-12,45,Normal
2026-02-15 05:38:55.184315,Seoul-786d,-2,32,Normal
2026-02-15 05:38:56.184315,Seoul-786d,-6,35,Normal
2026-02-15 05:38:57.184315,Seoul-786d,30,66,Normal
2026-02-15 05:38:58.184315,Seoul-786d,-21,40,Normal
2026-02-15 05:38:59.184315,Seoul-786d,49,87,Normal
2026-02-15 05:39:00.184315,Seoul-786d,-21,14,Normal
2026-02-15 05:39:01.184315,Seoul-786d,42,62,Normal
2026-02-15 05:39:02.184315,Seoul-786d,41,59,Normal
2026-02-15 05:39:03.184315,Seoul-786d,-15,9,Normal
2026-02-15 05:39:04.184315,Seoul-786d,-4,61,Normal
2026-02-15 05:39:05.184315,Seoul-786d,42,8,Normal
2026-02-15 05:39:06.184315,Seoul-786d,-25,35,Normal
2026-02-15 05:39:07.184315,Seoul-786d,-5,73,Normal
2026-02-15 05:39:08.184315,Seoul-786d,34,74,Normal
2026-02-15 05:39:09.184315,Seoul-786d,21,70,Normal
2026-02-15 05:39:10.184315,Seoul-786d,8,60,Normal
2026-02-15 05:39:11.184315,Seoul-786d,20,99,Normal
2026-02-15 05:39:12.184315,Seoul-786d,-12,9,Normal
2026-02-15 05:39:13.184315,Seoul-786d,32,2,Normal
2026-02-15 05:39:14.184315,Seoul-786d,11,90,Normal
2026-02-15 05:39:15.184315,Seoul-786d,25,71,Normal
2026-02-15 05:39:16.184315,Seoul-786d,28,60,Normal
2026-02-15 05:39:17.184315,Seoul-786d,-23,72,Normal
2026-02-15 05:39:18.184315,Seoul-786d,1,89,Normal
2026-02-15 05:39:19.184315,Seoul-786d,-23,97,Normal
2026-02-15 05:39:20.184315,Seoul-786d,-22,57,Normal
2026-02-15 05:39:21.184315,Seoul-786d,39,3,Normal
2026-02-15 05:39:22.184315,Seoul-786d,-21,10,Normal
2026-02-15 05:39:23.184315,Seoul-786d,22,39,Normal
2026-02-15 05:39:24.184315,Seoul-786d,37,92,Normal
2026-02-15 05:39:25.184315,Seoul-786d,35,62,Normal
2026-02-15 05:39:26.184315,Seoul-786d,8,80,Normal
2026-02-15 05:39:27.184315,Seoul-786d,-18,38,Normal
2026-02-15 05:39:28.184315,Seoul-786d,48,50,Normal
2026-02-15 05:39:29.184315,Seoul-786d,12,54,Normal
2026-02-15 05:39:30.184315,Seoul-786d,-6,53,Normal
2026-02-15 05:39:31.184315,Seoul-786d,-21,70,Normal
2026-02-15 05:39:32.184315,Seoul-786d,28,56,Normal
2026-02-15 05:39:33.184315,Seoul-786d,24,9,Normal
2026-02-15 05:39:34.184315,Seoul-786d,20,88,Normal
2026-02-15 05:39:35.184315,Seoul-786d,40,29,Normal
2026-02-15 05:39:36.184315,Seoul-786d,-4,45,Normal
2026-02-15 05:39:37.184315,Seoul-786d,13,49,Normal
2026-02-15 05:39:38.184315,Seoul-786d,39,92,Normal
2026-02-15 05:39:39.184315,Seoul-786d,10,79,Normal
2026-02-15 05:39:40.184315,Seoul-786d,26,23,Normal
2026-02-15 05:39:41.184315,Seoul-786d,-16,95,Normal
2026-02-15 05:39:42.184315,Seoul-786d,-19,1,Normal
2026-02-15 05:39:43.184315,Seoul-786d,18,21,Normal
2026-02-15 05:39:44.184315,Seoul-786d,20,59,Normal
2026-02-15 05:39:45.184315,Seoul-786d,-23,93,Normal
2026-02-15 05:39:46.184315,Seoul-786d,-7,2,Normal
2026-02-15 05:39:47.184315,Seoul-786d,-30,2,Normal
2026-02-15 05:39:48.184315,Seoul-786d,48,70,Normal
2026-02-15 05:39:49.184315,Seoul-786d,-26,5,Normal
2026-02-15 05:39:50.184315,Seoul-786d,-2,55,Normal
2026-02-15 05:39:51.184315,Seoul-786d,-19,47,Normal
2026-02-15 05:39:52.184315,Seoul-786d,2,77,Normal
2026-02-15 05:39:53.184315,Seoul-786d,12,80,Normal
2026-02-15 05:39:54.184315,Seoul-786d,5,21,Normal
2026-02-15 05:39:55.184315,Seoul-786d,-30,17,Normal
2026-02-15 05:39:56.184315,Seoul-786d,27,10,Normal
2026-02-15 05:39:57.184315,Seoul-786d,33,57,Normal
2026-02-15 05:39:58.184315,Seoul-786d,19,70,Normal
2026-02-15 05:39:59.184315,Seoul-786d,11,83,Normal
2026-02-15 05:40:00.184315,Seoul-786d,-27,29,Normal
2026-02-15 05:40:01.184315,Seoul-786d,10,6,Normal
2026-02-15 05:40:02.184315,Seoul-786d,9,3,Normal
2026-02-15 05:40:03.184315,Seoul-786d,3,32,Normal
2026-02-15 05:40:04.184315,Seoul-786d,4,6,Normal
2026-02-15 05:40:05.184315,Seoul-786d,-24,4,Normal
2026-02-15 05:40:06.184315,Seoul-786d,25,82,Normal
2026-02-15 05:40:07.184315,Seoul-786d,7,79,Normal
2026-02-15 05:40:08.184315,Seoul-786d,49,75,Normal
2026-02-15 05:40:09.184315,Seoul-786d,-7,27,Normal
2026-02-15 05:40:10.184315,Seoul-786d,-24,97,Normal
2026-02-15 05:40:11.184315,Seoul-786d,45,30,Normal
2026-02-15 05:40:12.184315,Seoul-786d,-20,93,Normal
2026-02-15 05:40:13.184315,Seoul-786d,-7,47,Normal
2026-02-15 05:40:14.184315,Seoul-786d,-6,46,Normal
2026-02-15 05:40:15.184315,Seoul-786d,15,67,Normal
2026-02-15 05:40:16.184315,Seoul-786d,-15,27,Normal
2026-02-15 05:40:17.184315,Seoul-786d,-29,97,Normal
2026-02-15 05:40:18.184315,Seoul-786d,20,6,Normal
2026-02-15 05:40:19.184315,Seoul-786d,8,31,Normal
2026-02-15 05:40:20.184315,Seoul-786d,-11,80,Normal
2026-02-15 05:40:21.184315,Seoul-786d,-25,60,Normal
2026-02-15 05:40:22.184315,Seoul-786d,38,92,Normal
2026-02-15 05:40:23.184315,Seoul-786d,-5,27,Normal
2026-02-15 05:40:24.184315,Seoul-786d,16,84,Normal
2026-02-15 05:40:25.184315,Seoul-786d,-24,100,Normal
2026-02-15 05:40:26.184315,Seoul-786d,25,9,Normal
2026-02-15 05:40:27.184315,Seoul-786d,32,39,Normal
2026-02-15 05:40:28.184315,Seoul-786d,6,47,Normal
2026-02-15 05:40:29.184315,Seoul-786d,46,15,Normal
2026-02-15 05:40:30.184315,Seoul-786d,24,47,Normal
2026-02-15 05:40:31.184315,Seoul-786d,35,40,Normal
2026-02-15 05:40:32.184315,Seoul-786d,48,91,Normal
2026-02-15 05:40:33.184315,Seoul-786d,48,5,Normal
2026-02-15 05:40:34.184315,Seoul-786d,-11,14,Normal
2026-02-15 05:40:35.184315,Seoul-786d,-5,9,Normal
2026-02-15 05:40:36.184315,Seoul-786d,-24,80,Normal
2026-02-15 05:40:37.184315,Seoul-786d,-2,17,Normal
2026-02-15 05:40:38.184315,Seoul-786d,22,63,Normal
2026-02-15 05:40:39.184315,Seoul-786d,0,23,Normal
2026-02-15 05:40:40.184315,Seoul-786d,-10,29,Normal
2026-02-15 05:40:41.184315,Seoul-786d,-20,61,Normal
2026-02-15 05:40:42.184315,Seoul-786d,-23,42,Normal
2026-02-15 05:40:43.184315,Seoul-786d,-28,70,Normal
2026-02-15 05:40:44.184315,Seoul-786d,-11,11,Normal
2026-02-15 05:40:45.184315,Seoul-786d,15,9,Normal
2026-02-15 05:40:46.184315,Seoul-786d,50,33,Normal
2026-02-15 05:40:47.184315,Seoul-786d,-18,49,Normal
2026-02-15 05:40:48.184315,Seoul-786d,12,61,Normal
2026-02-15 05:40:49.184315,Seoul-786d,16,48,Normal
2026-02-15 05:40:50.184315,Seoul-786d,-22,35,Normal
2026-02-15 05:40:51.184315,Seoul-786d,38,15,Normal
2026-02-15 05:40:52.184315,Seoul-786d,18,40,Normal
2026-02-15 05:40:53.184315,Seoul-786d,-24,5,Normal
2026-02-15 05:40:54.184315,Seoul-786d,-4,14,Normal
2026-02-15 05:40:55.184315,Seoul-786d,38,56,Normal
2026-02-15 05:40:56.184315,Seoul-786d,36,63,Normal
2026-02-15 05:40:57.184315,Seoul-786d,-14,86,Normal
2026-02-15 05:40:58.184315,Seoul-786d,29,75,Normal
2026-02-15 05:40:59.184315,Seoul-786d,5,49,Normal
2026-02-15 05:41:00.184315,Seoul-786d,3,31,Normal
2026-02-15 05:41:01.184315,Seoul-786d,21,86,Normal
2026-02-15 05:41:02.184315,Seoul-786d,23,88,Normal
2026-02-15 05:41:03.184315,Seoul-786d,-28,15,Normal
2026-02-15 05:41:04.184315,Seoul-786d,30,69,Normal
2026-02-15 05:41:05.184315,Seoul-786d,-13,0,Normal
2026-02-15 05:41:06.184315,Seoul-786d,22,51,Normal
2026-02-15 05:41:07.184315,Seoul-786d,-4,52,Normal
2026-02-15 05:41:08.184315,Seoul-786d,-21,64,Normal
2026-02-15 05:41:09.184315,Seoul-786d,-12,49,Normal
2026-02-15 05:41:10.184315,Seoul-786d,41,61,Normal
2026-02-15 05:41:11.184315,Seoul-786d,-18,79,Normal
2026-02-15 05:41:12.184315,Seoul-786d,-13,20,Normal
2026-02-15 05:41:13.184315,Seoul-786d,34,15,Normal
2026-02-15 05:41:14.184315,Seoul-786d,42,21,Normal
2026-02-15 05:41:15.184315,Seoul-786d,1,22,Normal
2026-02-15 05:41:16.184315,Seoul-786d,17,22,Normal
2026-02-15 05:41:17.184315,Seoul-786d,-28,48,Normal
2026-02-15 05:41:18.184315,Seoul-786d,8,38,Normal
2026-02-15 05:41:19.184315,Seoul-786d,-28,50,Normal
2026-02-15 05:41:20.184315,Seoul-786d,-7,95,Normal
2026-02-15 05:41:21.184315,Seoul-786d,17,74,Normal
2026-02-15 05:41:22.184315,Seoul-786d,21,30,Normal
2026-02-15 05:41:23.184315,Seoul-786d,-23,91,Normal
2026-02-15 05:41:24.184315,Seoul-786d,42,2,Normal
2026-02-15 05:41:25.184315,Seoul-786d,7,24,Normal
2026-02-15 05:41:26.184315,Seoul-786d,3,60,Normal
2026-02-15 05:41:27.184315,Seoul-786d,-12,63,Normal
2026-02-15 05:41:28.184315,Seoul-786d,50,14,Normal
2026-02-15 05:41:29.184315,Seoul-786d,-24,68,Normal
2026-02-15 05:41:30.184315,Seoul-786d,25,65,Normal
2026-02-15 05:41:31.184315,Seoul-786d,-25,49,Normal
2026-02-15 05:41:32.184315,Seoul-786d,11,0,Normal
2026-02-15 05:41:33.184315,Seoul-786d,30,65,Normal
2026-02-15 05:41:34.184315,Seoul-786d,49,53,Normal
2026-02-15 05:41:35.184315,Seoul-786d,37,87,Normal
2026-02-15 05:41:36.184315,Seoul-786d,43,9,Normal
2026-02-15 05:41:37.184315,Seoul-786d,31,10,Normal
2026-02-15 05:41:38.184315,Seoul-786d,44,33,Normal
2026-02-15 05:41:39.184315,Seoul-786d,-13,31,Normal
2026-02-15 05:41:40.184315,Seoul-786d,47,15,Normal
2026-02-15 05:41:41.184315,Seoul-786d,-1,57,Normal
2026-02-15 05:41:42.184315,Seoul-786d,14,30,Normal
2026-02-15 05:41:43.184315,Seoul-786d,30,8,Normal
2026-02-15 05:41:44.184315,Seoul-786d,-30,16,Normal
2026-02-15 05:41:45.184315,Seoul-786d,47,58,Normal
2026-02-15 05:41:46.184315,Seoul-786d,32,22,Normal
2026-02-15 05:41:47.184315,Seoul-786d,37,77,Normal
2026-02-15 05:41:48.184315,Seoul-786d,-8,36,Normal
2026-02-15 05:41:49.184315,Seoul-786d,-10,5,Normal
2026-02-15 05:41:50.184315,Seoul-786d,33,1,Normal
2026-02-15 05:41:51.184315,Seoul-786d,14,72,Normal
2026-02-15 05:41:52.184315,Seoul-786d,-9,93,Normal
2026-02-15 05:41:53.184315,Seoul-786d,10,53,Normal
2026-02-15 05:41:54.184315,Seoul-786d,-21,95,Normal
2026-02-15 05:41:55.184315,Seoul-786d,-5,17,Normal
2026-02-15 05:41:56.184315,Seoul-786d,-14,18,Normal
2026-02-15 05:41:57.184315,Seoul-786d,39,84,Normal
2026-02-15 05:41:58.184315,Seoul-786d,-15,93,Normal
2026-02-15 05:41:59.184315,Seoul-786d,5,4,Normal
2026-02-15 05:42:00.184315,Seoul-786d,50,90,Normal
2026-02-15 05:42:01.184315,Seoul-786d,26,9,Normal
2026-02-15 05:42:02.184315,Seoul-786d,40,20,Normal
2026-02-15 05:42:03.184315,Seoul-786d,49,63,Normal
2026-02-15 05:42:04.184315,Seoul-786d,39,87,Normal
2026-02-15 05:42:05.184315,Seoul-786d,42,98,Normal
2026-02-15 05:42:06.184315,Seoul-786d,-2,14,Normal
2026-02-15 05:42:07.184315,Seoul-786d,25,0,Normal
2026-02-15 05:42:08.184315,Seoul-786d,-21,13,Normal
2026-02-15 05:42:09.184315,Seoul-786d,9,52,Normal
2026-02-15 05:42:10.184315,Seoul-786d,-6,26,Normal
2026-02-15 05:42:11.184315,Seoul-786d,50,10,Normal
2026-02-15 05:42:12.184315,Seoul-786d,13,58,Normal
2026-02-15 05:42:13.184315,Seoul-786d,-7,68,Normal
2026-02-15 05:42:14.184315,Seoul-786d,-15,31,Normal
2026-02-15 05:42:15.184315,Seoul-786d,29,72,Normal
2026-02-15 05:42:16.184315,Seoul-786d,23,44,Normal
2026-02-15 05:42:17.184315,Seoul-786d,26,8,Normal
2026-02-15 05:42:18.184315,Seoul-786d,28,24,Normal
2026-02-15 05:42:19.184315,Seoul-786d,-26,16,Normal
2026-02-15 05:42:20.184315,Seoul-786d,42,14,Normal
2026-02-15 05:42:21.184315,Seoul-786d,-8,78,Normal
2026-02-15 05:42:22.184315,Seoul-786d,-27,42,Normal
2026-02-15 05:42:23.184315,Seoul-786d,29,74,Normal
2026-02-15 05:42:24.184315,Seoul-786d,4,94,Normal
2026-02-15 05:42:25.184315,Seoul-786d,50,64,Normal
2026-02-15 05:42:26.184315,Seoul-786d,-17,52,Normal
2026-02-15 05:42:27.184315,Seoul-786d,47,22,Normal
2026-02-15 05:42:28.184315,Seoul-786d,35,91,Normal
2026-02-15 05:42:29.184315,Seoul-786d,43,73,Normal
2026-02-15 05:42:30.184315,Seoul-786d,19,98,Normal
2026-02-15 05:42:31.184315,Seoul-786d,36,61,Normal
2026-02-15 05:42:32.184315,Seoul-786d,26,90,Normal
2026-02-15 05:42:33.184315,Seoul-786d,38,15,Normal
2026-02-15 05:42:34.184315,Seoul-786d,-30,100,Normal
2026-02-15 05:42:35.184315,Seoul-786d,1,6,Normal
2026-02-15 05:42:36.184315,Seoul-786d,-26,31,Normal
2026-02-15 05:42:37.184315,Seoul-786d,36,38,Normal
2026-02-15 05:42:38.184315,Seoul-786d,-23,25,Normal
2026-02-15 05:42:39.184315,Seoul-786d,50,75,Normal
2026-02-15 05:42:40.184315,Seoul-786d,4,94,Normal
2026-02-15 05:42:41.184315,Seoul-786d,3,52,Normal
2026-02-15 05:42:42.184315,Seoul-786d,39,9,Normal
2026-02-15 05:42:43.184315,Seoul-786d,-30,68,Normal
2026-02-15 05:42:44.184315,Seoul-786d,-29,41,Normal
2026-02-15 05:42:45.184315,Seoul-786d,-10,86,Normal
2026-02-15 05:42:46.184315,Seoul-786d,-28,7,Normal
2026-02-15 05:42:47.184315,Seoul-786d,31,6,Normal
2026-02-15 05:42:48.184315,Seoul-786d,31,67,Normal
2026-02-15 05:42:49.184315,Seoul-786d,-26,63,Normal
2026-02-15 05:42:50.184315,Seoul-786d,17,26,Normal
2026-02-15 05:42:51.184315,Seoul-786d,-11,81,Normal
2026-02-15 05:42:52.184315,Seoul-786d,7,41,Normal
2026-02-15 05:42:53.184315,Seoul-786d,-4,29,Normal
2026-02-15 05:42:54.184315,Seoul-786d,-17,52,Normal
2026-02-15 05:42:55.184315,Seoul-786d,40,30,Normal
2026-02-15 05:42:56.184315,Seoul-786d,24,58,Normal
2026-02-15 05:42:57.184315,Seoul-786d,8,62,Normal
2026-02-15 05:42:58.184315,Seoul-786d,-20,92,Normal
2026-02-15 05:42:59.184315,Seoul-786d,-15,18,Normal
2026-02-15 05:43:00.184315,Seoul-786d,29,30,Normal
2026-02-15 05:43:01.184315,Seoul-786d,33,12,Normal
2026-02-15 05:43:02.184315,Seoul-786d,1,91,Normal
2026-02-15 05:43:03.184315,Seoul-786d,-19,70,Normal
2026-02-15 05:43:04.184315,Seoul-786d,-18,78,Normal
2026-02-15 05:43:05.184315,Seoul-786d,2,69,Normal
2026-02-15 05:43:06.184315,Seoul-786d,16,42,Normal
2026-02-15 05:43:07.184315,Seoul-786d,-22,32,Normal
2026-02-15 05:43:08.184315,Seoul-786d,38,85,Normal
2026-02-15 05:43:09.184315,Seoul-786d,4,21,Normal
2026-02-15 05:43:10.184315,Seoul-786d,44,78,Normal
2026-02-15 05:43:11.184315,Seoul-786d,23,32,Normal
2026-02-15 05:43:12.184315,Seoul-786d,-4,7,Normal
2026-02-15 05:43:13.184315,Seoul-786d,2,94,Normal
2026-02-15 05:43:14.184315,Seoul-786d,7,3,Normal
2026-02-15 05:43:15.184315,Seoul-786d,-1,87,Normal
2026-02-15 05:43:16.184315,Seoul-786d,25,11,Normal
2026-02-15 05:43:17.184315,Seoul-786d,-15,55,Normal
2026-02-15 05:43:18.184315,Seoul-786d,22,98,Normal
2026-02-15 05:43:19.184315,Seoul-786d,3,99,Normal
2026-02-15 05:43:20.184315,Seoul-786d,26,11,Normal
2026-02-15 05:43:21.184315,Seoul-786d,32,52,Normal
2026-02-15 05:43:22.184315,Seoul-786d,44,1,Normal
2026-02-15 05:43:23.184315,Seoul-786d,29,66,Normal
2026-02-15 05:43:24.184315,Seoul-786d,9,49,Normal
2026-02-15 05:43:25.184315,Seoul-786d,45,43,Normal
2026-02-15 05:43:26.184315,Seoul-786d,38,50,Normal
2026-02-15 05:43:27.184315,Seoul-786d,31,62,Normal
2026-02-15 05:43:28.184315,Seoul-786d,21,59,Normal
2026-02-15 05:43:29.184315,Seoul-786d,4,92,Normal
2026-02-15 05:43:30.184315,Seoul-786d,-21,28,Normal
2026-02-15 05:43:31.184315,Seoul-786d,9,16,Normal
2026-02-15 05:43:32.184315,Seoul-786d,47,76,Normal
2026-02-15 05:43:33.184315,Seoul-786d,21,67,Normal
2026-02-15 05:43:34.184315,Seoul-786d,26,51,Normal
2026-02-15 05:43:35.184315,Seoul-786d,-9,47,Normal
2026-02-15 05:43:36.184315,Seoul-786d,48,8,Normal
2026-02-15 05:43:37.184315,Seoul-786d,-5,77,Normal
2026-02-15 05:43:38.184315,Seoul-786d,-12,32,Normal
2026-02-15 05:43:39.184315,Seoul-786d,18,23,Normal
2026-02-15 05:43:40.184315,Seoul-786d,12,69,Normal
2026-02-15 05:43:41.184315,Seoul-786d,2,40,Normal
2026-02-15 05:43:42.184315,Seoul-786d,-23,34,Normal
2026-02-15 05:43:43.184315,Seoul-786d,36,0,Normal
2026-02-15 05:43:44.184315,Seoul-786d,-14,62,Normal
2026-02-15 05:43:45.184315,Seoul-786d,40,69,Normal
2026-02-15 05:43:46.184315,Seoul-786d,-9,93,Normal
2026-02-15 05:43:47.184315,Seoul-786d,-27,67,Normal
2026-02-15 05:43:48.184315,Seoul-786d,7,75,Normal
2026-02-15 05:43:49.184315,Seoul-786d,38,54,Normal
2026-02-15 05:43:50.184315,Seoul-786d,-25,44,Normal
2026-02-15 05:43:51.184315,Seoul-786d,10,55,Normal
2026-02-15 05:43:52.184315,Seoul-786d,15,31,Normal
2026-02-15 05:43:53.184315,Seoul-786d,14,42,Normal
2026-02-15 05:43:54.184315,Seoul-786d,24,58,Normal
2026-02-15 05:43:55.184315,Seoul-786d,-16,84,Normal
2026-02-15 05:43:56.184315,Seoul-786d,28,85,Normal
2026-02-15 05:43:57.184315,Seoul-786d,-7,100,Normal
2026-02-15 05:43:58.184315,Seoul-786d,27,53,Normal
2026-02-15 05:43:59.184315,Seoul-786d,43,64,Normal
2026-02-15 05:44:00.184315,Seoul-786d,-8,83,Normal
2026-02-15 05:44:01.184315,Seoul-786d,1,37,Normal
2026-02-15 05:44:02.184315,Seoul-786d,-14,90,Normal
2026-02-15 05:44:03.184315,Seoul-786d,16,50,Normal
2026-02-15 05:44:04.184315,Seoul-786d,0,19,Normal
2026-02-15 05:44:05.184315,Seoul-786d,17,73,Normal
2026-02-15 05:44:06.184315,Seoul-786d,27,54,Normal
2026-02-15 05:44:07.184315,Seoul-786d,49,9,Normal
2026-02-15 05:44:08.184315,Seoul-786d,-20,54,Normal
2026-02-15 05:44:09.184315,Seoul-786d,22,30,Normal
2026-02-15 05:44:10.184315,Seoul-786d,-15,9,Normal
2026-02-15 05:44:11.184315,Seoul-786d,11,92,Normal
2026-02-15 05:44:12.184315,Seoul-786d,13,33,Normal
2026-02-15 05:44:13.184315,Seoul-786d,8,96,Normal
2026-02-15 05:44:14.184315,Seoul-786d,-7,31,Normal
2026-02-15 05:44:15.184315,Seoul-786d,25,96,Normal
2026-02-15 05:44:16.184315,Seoul-786d,-30,95,Normal
2026-02-15 05:44:17.184315,Seoul-786d,23,61,Normal
2026-02-15 05:44:18.184315,Seoul-786d,35,58,Normal
2026-02-15 05:44:19.184315,Seoul-786d,-20,35,Normal
2026-02-15 05:44:20.184315,Seoul-786d,28,19,Normal
2026-02-15 05:44:21.184315,Seoul-786d,46,81,Normal
2026-02-15 05:44:22.184315,Seoul-786d,32,55,Normal
2026-02-15 05:44:23.184315,Seoul-786d,13,68,Normal
2026-02-15 05:44:24.184315,Seoul-786d,-10,21,Normal
2026-02-15 05:44:25.184315,Seoul-786d,-15,1,Normal
2026-02-15 05:44:26.184315,Seoul-786d,44,56,Normal
2026-02-15 05:44:27.184315,Seoul-786d,3,85,Normal
2026-02-15 05:44:28.184315,Seoul-786d,-6,94,Normal
2026-02-15 05:44:29.184315,Seoul-786d,-7,71,Normal
2026-02-15 05:44:30.184315,Seoul-786d,-26,58,Normal
2026-02-15 05:44:31.184315,Seoul-786d,49,39,Normal
2026-02-15 05:44:32.184315,Seoul-786d,4,32,Normal
2026-02-15 05:44:33.184315,Seoul-786d,45,28,Normal
2026-02-15 05:44:34.184315,Seoul-786d,39,32,Normal
2026-02-15 05:44:35.184315,Seoul-786d,35,37,Normal
2026-02-15 05:44:36.184315,Seoul-786d,-18,27,Normal
2026-02-15 05:44:37.184315,Seoul-786d,24,30,Normal
2026-02-15 05:44:38.184315,Seoul-786d,-1,99,Normal
2026-02-15 05:44:39.184315,Seoul-786d,-16,99,Normal
2026-02-15 05:44:40.184315,Seoul-786d,-7,46,Normal
2026-02-15 05:44:41.184315,Seoul-786d,-19,48,Normal
2026-02-15 05:44:42.184315,Seoul-786d,21,30,Normal
2026-02-15 05:44:43.184315,Seoul-786d,-10,90,Normal
2026-02-15 05:44:44.184315,Seoul-786d,30,89,Normal
2026-02-15 05:44:45.184315,Seoul-786d,1,66,Normal
2026-02-15 05:44:46.184315,Seoul-786d,-17,88,Normal
2026-02-15 05:44:47.184315,Seoul-786d,50,80,Normal
2026-02-15 05:44:48.184315,Seoul-786d,47,19,Normal
2026-02-15 05:44:49.184315,Seoul-786d,-29,57,Normal
2026-02-15 05:44:50.184315,Seoul-786d,31,60,Normal
2026-02-15 05:44:51.184315,Seoul-786d,-28,22,Normal
2026-02-15 05:44:52.184315,Seoul-786d,-22,27,Normal
2026-02-15 05:44:53.184315,Seoul-786d,-23,58,Normal
2026-02-15 05:44:54.184315,Seoul-786d,18,82,Normal
2026-02-15 05:44:55.184315,Seoul-786d,3,67,Normal
2026-02-15 05:44:56.184315,Seoul-786d,20,5,Normal
2026-02-15 05:44:57.184315,Seoul-786d,46,59,Normal
2026-02-15 05:44:58.184315,Seoul-786d,43,69,Normal
2026-02-15 05:44:59.184315,Seoul-786d,10,48,Normal
2026-02-15 05:45:00.184315,Seoul-786d,11,87,Normal
2026-02-15 05:45:01.184315,Seoul-786d,19,99,Normal
2026-02-15 05:45:02.184315,Seoul-786d,49,43,Normal
2026-02-15 05:45:03.184315,Seoul-786d,40,28,Normal
2026-02-15 05:45:04.184315,Seoul-786d,35,9,Normal
2026-02-15 05:45:05.184315,Seoul-786d,4,45,Normal
2026-02-15 05:45:06.184315,Seoul-786d,14,46,Normal
2026-02-15 05:45:07.184315,Seoul-786d,-2,93,Normal
2026-02-15 05:45:08.184315,Seoul-786d,37,61,Normal
2026-02-15 05:45:09.184315,Seoul-786d,50,52,Normal
2026-02-15 05:45:10.184315,Seoul-786d,38,4,Normal
2026-02-15 05:45:11.184315,Seoul-786d,16,40,Normal
2026-02-15 05:45:12.184315,Seoul-786d,20,21,Normal
2026-02-15 05:45:13.184315,Seoul-786d,-25,95,Normal
2026-02-15 05:45:14.184315,Seoul-786d,45,1,Normal
2026-02-15 05:45:15.184315,Seoul-786d,-10,41,Normal
2026-02-15 05:45:16.184315,Seoul-786d,5,23,Normal
2026-02-15 05:45:17.184315,Seoul-786d,49,82,Normal
2026-02-15 05:45:18.184315,Seoul-786d,47,76,Normal
2026-02-15 05:45:19.184315,Seoul-786d,33,78,Normal
2026-02-15 05:45:20.184315,Seoul-786d,17,84,Normal
2026-02-15 05:45:21.184315,Seoul-786d,-18,27,Normal
2026-02-15 05:45:22.184315,Seoul-786d,33,19,Normal
2026-02-15 05:45:23.184315,Seoul-786d,50,79,Normal
2026-02-15 05:45:24.184315,Seoul-786d,45,80,Normal
2026-02-15 05:45:25.184315,Seoul-786d,-22,79,Normal
2026-02-15 05:45:26.184315,Seoul-786d,28,53,Normal
2026-02-15 05:45:27.184315,Seoul-786d,40,18,Normal
2026-02-15 05:45:28.184315,Seoul-786d,49,57,Normal
2026-02-15 05:45:29.184315,Seoul-786d,-4,10,Normal
2026-02-15 05:45:30.184315,Seoul-786d,-11,24,Normal
2026-02-15 05:45:31.184315,Seoul-786d,-16,36,Normal
2026-02-15 05:45:32.184315,Seoul-786d,48,83,Normal
2026-02-15 05:45:33.184315,Seoul-786d,37,48,Normal
2026-02-15 05:45:34.184315,Seoul-786d,7,13,Normal
2026-02-15 05:45:35.184315,Seoul-786d,-17,83,Normal
2026-02-15 05:45:36.184315,Seoul-786d,-9,15,Normal
2026-02-15 05:45:37.184315,Seoul-786d,17,51,Normal
2026-02-15 05:45:38.184315,Seoul-786d,-16,22,Normal
2026-02-15 05:45:39.184315,Seoul-786d,36,95,Normal
2026-02-15 05:45:40.184315,Seoul-786d,-15,96,Normal
2026-02-15 05:45:41.184315,Seoul-786d,14,17,Normal
2026-02-15 05:45:42.184315,Seoul-786d,0,2,Normal
2026-02-15 05:45:43.184315,Seoul-786d,13,18,Normal
2026-02-15 05:45:44.184315,Seoul-786d,-12,57,Normal
2026-02-15 05:45:45.184315,Seoul-786d,23,29,Normal
2026-02-15 05:45:46.184315,Seoul-786d,-26,83,Normal
2026-02-15 05:45:47.184315,Seoul-786d,-10,19,Normal
2026-02-15 05:45:48.184315,Seoul-786d,30,6,Normal
2026-02-15 05:45:49.184315,Seoul-786d,19,15,Normal
2026-02-15 05:45:50.184315,Seoul-786d,4,37,Normal
2026-02-15 05:45:51.184315,Seoul-786d,8,52,Normal
2026-02-15 05:45:52.184315,Seoul-786d,-7,92,Normal
2026-02-15 05:45:53.184315,Seoul-786d,9,95,Normal
2026-02-15 05:45:54.184315,Seoul-786d,44,62,Normal
2026-02-15 05:45:55.184315,Seoul-786d,-2,65,Normal
2026-02-15 05:45:56.184315,Seoul-786d,10,47,Normal
2026-02-15 05:45:57.184315,Seoul-786d,7,16,Normal
2026-02-15 05:45:58.184315,Seoul-786d,-20,26,Normal
2026-02-15 05:45:59.184315,Seoul-786d,41,28,Normal
2026-02-15 05:46:00.184315,Seoul-786d,31,87,Normal
2026-02-15 05:46:01.184315,Seoul-786d,-17,29,Normal
2026-02-15 05:46:02.184315,Seoul-786d,20,80,Normal
2026-02-15 05:46:03.184315,Seoul-786d,-7,88,Normal
2026-02-15 05:46:04.184315,Seoul-786d,13,76,Normal
2026-02-15 05:46:05.184315,Seoul-786d,-10,58,Normal
2026-02-15 05:46:06.184315,Seoul-786d,20,95,Normal
2026-02-15 05:46:07.184315,Seoul-786d,-15,63,Normal
2026-02-15 05:46:08.184315,Seoul-786d,48,22,Normal
2026-02-15 05:46:09.184315,Seoul-786d,35,37,Normal
2026-02-15 05:46:10.184315,Seoul-786d,4,73,Normal
2026-02-15 05:46:11.184315,Seoul-786d,41,97,Normal
2026-02-15 05:46:12.184315,Seoul-786d,-18,58,Normal
2026-02-15 05:46:13.184315,Seoul-786d,-24,92,Normal
2026-02-15 05:46:14.184315,Seoul-786d,40,6,Normal
2026-02-15 05:46:15.184315,Seoul-786d,12,86,Normal
2026-02-15 05:46:16.184315,Seoul-786d,-1,17,Normal
2026-02-15 05:46:17.184315,Seoul-786d,22,37,Normal
2026-02-15 05:46:18.184315,Seoul-786d,-15,86,Normal
2026-02-15 05:46:19.184315,Seoul-786d,16,97,Normal
2026-02-15 05:46:20.184315,Seoul-786d,39,53,Normal
2026-02-15 05:46:21.184315,Seoul-786d,29,100,Normal
2026-02-15 05:46:22.184315,Seoul-786d,16,46,Normal
2026-02-15 05:46:23.184315,Seoul-786d,17,15,Normal
2026-02-15 05:46:24.184315,Seoul-786d,21,48,Normal
2026-02-15 05:46:25.184315,Seoul-786d,34,100,Normal
2026-02-15 05:46:26.184315,Seoul-786d,16,88,Normal
2026-02-15 05:46:27.184315,Seoul-786d,-16,59,Normal
2026-02-15 05:46:28.184315,Seoul-786d,38,94,Normal
2026-02-15 05:46:29.184315,Seoul-786d,24,39,Normal
2026-02-15 05:46:30.184315,Seoul-786d,44,66,Normal
2026-02-15 05:46:31.184315,Seoul-786d,13,69,Normal
2026-02-15 05:46:32.184315,Seoul-786d,37,5,Normal
2026-02-15 05:46:33.184315,Seoul-786d,-29,94,Normal
2026-02-15 05:46:34.184315,Seoul-786d,18,34,Normal
2026-02-15 05:46:35.184315,Seoul-786d,16,94,Normal
2026-02-15 05:46:36.184315,Seoul-786d,34,74,Normal
2026-02-15 05:46:37.184315,Seoul-786d,34,59,Normal
2026-02-15 05:46:38.184315,Seoul-786d,-25,82,Normal
2026-02-15 05:46:39.184315,Seoul-786d,15,44,Normal
2026-02-15 05:46:40.184315,Seoul-786d,49,37,Normal
2026-02-15 05:46:41.184315,Seoul-786d,-30,98,Normal
2026-02-15 05:46:42.184315,Seoul-786d,-25,89,Normal
2026-02-15 05:46:43.184315,Seoul-786d,-5,5,Normal
2026-02-15 05:46:44.184315,Seoul-786d,41,3,Normal
2026-02-15 05:46:45.184315,Seoul-786d,-7,6,Normal
2026-02-15 05:46:46.184315,Seoul-786d,42,51,Normal
2026-02-15 05:46:47.184315,Seoul-786d,-27,15,Normal
2026-02-15 05:46:48.184315,Seoul-786d,32,13,Normal
2026-02-15 05:46:49.184315,Seoul-786d,14,95,Normal
2026-02-15 05:46:50.184315,Seoul-786d,29,97,Normal
2026-02-15 05:46:51.184315,Seoul-786d,30,14,Normal
2026-02-15 05:46:52.184315,Seoul-786d,30,44,Normal
2026-02-15 05:46:53.184315,Seoul-786d,48,51,Normal
2026-02-15 05:46:54.184315,Seoul-786d,43,71,Normal
2026-02-15 05:46:55.184315,Seoul-786d,39,55,Normal
2026-02-15 05:46:56.184315,Seoul-786d,37,25,Normal
2026-02-15 05:46:57.184315,Seoul-786d,7,51,Normal
2026-02-15 05:46:58.184315,Seoul-786d,49,72,Normal
2026-02-15 05:46:59.184315,Seoul-786d,24,99,Normal
2026-02-15 05:47:00.184315,Seoul-786d,20,15,Normal
2026-02-15 05:47:01.184315,Seoul-786d,18,34,Normal
2026-02-15 05:47:02.184315,Seoul-786d,47,10,Normal
2026-02-15 05:47:03.184315,Seoul-786d,25,26,Normal
2026-02-15 05:47:04.184315,Seoul-786d,41,69,Normal
2026-02-15 05:47:05.184315,Seoul-786d,5,83,Normal
2026-02-15 05:47:06.184315,Seoul-786d,46,93,Normal
2026-02-15 05:47:07.184315,Seoul-786d,4,14,Normal
2026-02-15 05:47:08.184315,Seoul-786d,31,23,Normal
2026-02-15 05:47:09.184315,Seoul-786d,-3,48,Normal
2026-02-15 05:47:10.184315,Seoul-786d,-22,31,Normal
2026-02-15 05:47:11.184315,Seoul-786d,48,29,Normal
2026-02-15 05:47:12.184315,Seoul-786d,49,32,Normal
2026-02-15 05:47:13.184315,Seoul-786d,13,27,Normal
2026-02-15 05:47:14.184315,Seoul-786d,33,1,Normal
2026-02-15 05:47:15.184315,Seoul-786d,45,64,Normal
2026-02-15 05:47:16.184315,Seoul-786d,21,1,Normal
2026-02-15 05:47:17.184315,Seoul-786d,9,94,Normal
2026-02-15 05:47:18.184315,Seoul-786d,-22,35,Normal
2026-02-15 05:47:19.184315,Seoul-786d,33,91,Normal
2026-02-15 05:47:20.184315,Seoul-786d,-10,65,Normal
2026-02-15 05:47:21.184315,Seoul-786d,-29,12,Normal
2026-02-15 05:47:22.184315,Seoul-786d,44,42,Normal
2026-02-15 05:47:23.184315,Seoul-786d,18,73,Normal
2026-02-15 05:47:24.184315,Seoul-786d,7,29,Normal
2026-02-15 05:47:25.184315,Seoul-786d,14,87,Normal
2026-02-15 05:47:26.184315,Seoul-786d,23,51,Normal
2026-02-15 05:47:27.184315,Seoul-786d,33,38,Normal
2026-02-15 05:47:28.184315,Seoul-786d,6,25,Normal
2026-02-15 05:47:29.184315,Seoul-786d,10,37,Normal
2026-02-15 05:47:30.184315,Seoul-786d,-2,89,Normal
2026-02-15 05:47:31.184315,Seoul-786d,18,12,Normal
2026-02-15 05:47:32.184315,Seoul-786d,26,78,Normal
2026-02-15 05:47:33.184315,Seoul-786d,6,59,Normal
2026-02-15 05:47:34.184315,Seoul-786d,-19,41,Normal
2026-02-15 05:47:35.184315,Seoul-786d,3,71,Normal
2026-02-15 05:47:36.184315,Seoul-786d,-9,63,Normal
2026-02-15 05:47:37.184315,Seoul-786d,8,96,Normal
2026-02-15 05:47:38.184315,Seoul-786d,-29,77,Normal
2026-02-15 05:47:39.184315,Seoul-786d,-27,11,Normal
2026-02-15 05:47:40.184315,Seoul-786d,31,29,Normal
2026-02-15 05:47:41.184315,Seoul-786d,38,24,Normal
2026-02-15 05:47:42.184315,Seoul-786d,45,7,Normal
2026-02-15 05:47:43.184315,Seoul-786d,-16,55,Normal
2026-02-15 05:47:44.184315,Seoul-786d,10,24,Normal
2026-02-15 05:47:45.184315,Seoul-786d,13,81,Normal
2026-02-15 05:47:46.184315,Seoul-786d,-11,39,Normal
2026-02-15 05:47:47.184315,Seoul-786d,36,1,Normal
2026-02-15 05:47:48.184315,Seoul-786d,16,32,Normal
2026-02-15 05:47:49.184315,Seoul-786d,41,93,Normal
2026-02-15 05:47:50.184315,Seoul-786d,39,19,Normal
2026-02-15 05:47:51.184315,Seoul-786d,-1,28,Normal
2026-02-15 05:47:52.184315,Seoul-786d,-11,31,Normal
2026-02-15 05:47:53.184315,Seoul-786d,29,46,Normal
2026-02-15 05:47:54.184315,Seoul-786d,33,26,Normal
2026-02-15 05:47:55.184315,Seoul-786d,-10,51,Normal
2026-02-15 05:47:56.184315,Seoul-786d,-2,41,Normal
2026-02-15 05:47:57.184315,Seoul-786d,26,45,Normal
2026-02-15 05:47:58.184315,Seoul-786d,-21,81,Normal
2026-02-15 05:47:59.184315,Seoul-786d,-13,17,Normal
2026-02-15 05:48:00.184315,Seoul-786d,-24,93,Normal
2026-02-15 05:48:01.184315,Seoul-786d,-27,23,Normal
2026-02-15 05:48:02.184315,Seoul-786d,39,3,Normal
2026-02-15 05:48:03.184315,Seoul-786d,9,46,Normal
2026-02-15 05:48:04.184315,Seoul-786d,23,96,Normal
2026-02-15 05:48:05.184315,Seoul-786d,16,97,Normal
2026-02-15 05:48:06.184315,Seoul-786d,-4,1,Normal
2026-02-15 05:48:07.184315,Seoul-786d,49,23,Normal
2026-02-15 05:48:08.184315,Seoul-786d,25,56,Normal
2026-02-15 05:48:09.184315,Seoul-786d,42,9,Normal
2026-02-15 05:48:10.184315,Seoul-786d,35,61,Normal
2026-02-15 05:48:11.184315,Seoul-786d,-18,86,Normal
2026-02-15 05:48:12.184315,Seoul-786d,-13,6,Normal
2026-02-15 05:48:13.184315,Seoul-786d,8,0,Normal
2026-02-15 05:48:14.184315,Seoul-786d,3,50,Normal
2026-02-15 05:48:15.184315,Seoul-786d,35,85,Normal
2026-02-15 05:48:16.184315,Seoul-786d,16,25,Normal
2026-02-15 05:48:17.184315,Seoul-786d,41,32,Normal
2026-02-15 05:48:18.184315,Seoul-786d,14,66,Normal
2026-02-15 05:48:19.184315,Seoul-786d,-21,94,Normal
2026-02-15 05:48:20.184315,Seoul-786d,24,42,Normal
2026-02-15 05:48:21.184315,Seoul-786d,24,98,Normal
2026-02-15 05:48:22.184315,Seoul-786d,-21,55,Normal
2026-02-15 05:48:23.184315,Seoul-786d,-14,81,Normal
2026-02-15 05:48:24.184315,Seoul-786d,45,58,Normal
2026-02-15 05:48:25.184315,Seoul-786d,41,48,Normal
2026-02-15 05:48:26.184315,Seoul-786d,-11,68,Normal
2026-02-15 05:48:27.184315,Seoul-786d,14,54,Normal
2026-02-15 05:48:28.184315,Seoul-786d,26,20,Normal
2026-02-15 05:48:29.184315,Seoul-786d,2,25,Normal
2026-02-15 05:48:30.184315,Seoul-786d,-30,12,Normal
2026-02-15 05:48:31.184315,Seoul-786d,-24,46,Normal
2026-02-15 05:48:32.184315,Seoul-786d,46,36,Normal
2026-02-15 05:48:33.184315,Seoul-786d,17,26,Normal
2026-02-15 05:48:34.184315,Seoul-786d,-8,66,Normal
2026-02-15 05:48:35.184315,Seoul-786d,-3,65,Normal
2026-02-15 05:48:36.184315,Seoul-786d,-6,72,Normal
2026-02-15 05:48:37.184315,Seoul-786d,-5,22,Normal
2026-02-15 05:48:38.184315,Seoul-786d,27,26,Normal
2026-02-15 05:48:39.184315,Seoul-786d,43,84,Normal
2026-02-15 05:48:40.184315,Seoul-786d,16,91,Normal
2026-02-15 05:48:41.184315,Seoul-786d,-23,37,Normal
2026-02-15 05:48:42.184315,Seoul-786d,27,26,Normal
2026-02-15 05:48:43.184315,Seoul-786d,11,54,Normal
2026-02-15 05:48:44.184315,Seoul-786d,48,46,Normal
2026-02-15 05:48:45.184315,Seoul-786d,29,9,Normal
2026-02-15 05:48:46.184315,Seoul-786d,40,77,Normal
2026-02-15 05:48:47.184315,Seoul-786d,29,98,Normal
2026-02-15 05:48:48.184315,Seoul-786d,-2,85,Normal
2026-02-15 05:48:49.184315,Seoul-786d,5,17,Normal
2026-02-15 05:48:50.184315,Seoul-786d,46,53,Normal
2026-02-15 05:48:51.184315,Seoul-786d,44,76,Normal
2026-02-15 05:48:52.184315,Seoul-786d,-16,17,Normal
2026-02-15 05:48:53.184315,Seoul-786d,2,95,Normal
2026-02-15 05:48:54.184315,Seoul-786d,41,15,Normal
2026-02-15 05:48:55.184315,Seoul-786d,-6,17,Normal
2026-02-15 05:48:56.184315,Seoul-786d,33,65,Normal
2026-02-15 05:48:57.184315,Seoul-786d,-24,32,Normal
2026-02-15 05:48:58.184315,Seoul-786d,35,44,Normal
2026-02-15 05:48:59.184315,Seoul-786d,16,46,Normal
2026-02-15 05:49:00.184315,Seoul-786d,7,44,Normal
2026-02-15 05:49:01.184315,Seoul-786d,-16,72,Normal
2026-02-15 05:49:02.184315,Seoul-786d,4,88,Normal
2026-02-15 05:49:03.184315,Seoul-786d,44,48,Normal
2026-02-15 05:49:04.184315,Seoul-786d,-9,18,Normal
2026-02-15 05:49:05.184315,Seoul-786d,44,64,Normal
2026-02-15 05:49:06.184315,Seoul-786d,49,88,Normal
2026-02-15 05:49:07.184315,Seoul-786d,-1,41,Normal
2026-02-15 05:49:08.184315,Seoul-786d,-1,78,Normal
2026-02-15 05:49:09.184315,Seoul-786d,-18,86,Normal
2026-02-15 05:49:10.184315,Seoul-786d,-17,70,Normal
2026-02-15 05:49:11.184315,Seoul-786d,9,88,Normal
2026-02-15 05:49:12.184315,Seoul-786d,-11,8,Normal
2026-02-15 05:49:13.184315,Seoul-786d,-16,10,Normal
2026-02-15 05:49:14.184315,Seoul-786d,-8,36,Normal
2026-02-15 05:49:15.184315,Seoul-786d,43,72,Normal
2026-02-15 05:49:16.184315,Seoul-786d,40,43,Normal
2026-02-15 05:49:17.184315,Seoul-786d,-11,82,Normal
2026-02-15 05:49:18.184315,Seoul-786d,14,39,Normal
2026-02-15 05:49:19.184315,Seoul-786d,34,88,Normal
2026-02-15 05:49:20.184315,Seoul-786d,26,11,Normal
2026-02-15 05:49:21.184315,Seoul-786d,11,35,Normal
2026-02-15 05:49:22.184315,Seoul-786d,44,21,Normal
2026-02-15 05:49:23.184315,Seoul-786d,35,96,Normal
2026-02-15 05:49:24.184315,Seoul-786d,46,5,Normal
2026-02-15 05:49:25.184315,Seoul-786d,47,99,Normal
2026-02-15 05:49:26.184315,Seoul-786d,7,55,Normal
2026-02-15 05:49:27.184315,Seoul-786d,-17,19,Normal
2026-02-15 05:49:28.184315,Seoul-786d,42,12,Normal
2026-02-15 05:49:29.184315,Seoul-786d,-16,48,Normal
2026-02-15 05:49:30.184315,Seoul-786d,47,93,Normal
2026-02-15 05:49:31.184315,Seoul-786d,-21,96,Normal
2026-02-15 05:49:32.184315,Seoul-786d,-5,17,Normal
2026-02-15 05:49:33.184315,Seoul-786d,-21,52,Normal
2026-02-15 05:49:34.184315,Seoul-786d,41,73,Normal
2026-02-15 05:49:35.184315,Seoul-786d,9,50,Normal
2026-02-15 05:49:36.184315,Seoul-786d,32,26,Normal
2026-02-15 05:49:37.184315,Seoul-786d,-29,57,Normal
2026-02-15 05:49:38.184315,Seoul-786d,30,36,Normal
2026-02-15 05:49:39.184315,Seoul-786d,14,83,Normal
2026-02-15 05:49:40.184315,Seoul-786d,42,49,Normal
2026-02-15 05:49:41.184315,Seoul-786d,19,66,Normal
2026-02-15 05:49:42.184315,Seoul-786d,12,60,Normal
2026-02-15 05:49:43.184315,Seoul-786d,-20,45,Normal
2026-02-15 05:49:44.184315,Seoul-786d,3,73,Normal
2026-02-15 05:49:45.184315,Seoul-786d,-8,100,Normal
2026-02-15 05:49:46.184315,Seoul-786d,37,9,Normal
2026-02-15 05:49:47.184315,Seoul-786d,-12,38,Normal
2026-02-15 05:49:48.184315,Seoul-786d,-2,10,Normal
2026-02-15 05:49:49.184315,Seoul-786d,18,36,Normal
2026-02-15 05:49:50.184315,Seoul-786d,31,56,Normal
2026-02-15 05:49:51.184315,Seoul-786d,10,4,Normal
2026-02-15 05:49:52.184315,Seoul-786d,-9,82,Normal
2026-02-15 05:49:53.184315,Seoul-786d,22,0,Normal
2026-02-15 05:49:54.184315,Seoul-786d,49,39,Normal
2026-02-15 05:49:55.184315,Seoul-786d,12,60,Normal
2026-02-15 05:49:56.184315,Seoul-786d,14,79,Normal
2026-02-15 05:49:57.184315,Seoul-786d,-27,86,Normal
2026-02-15 05:49:58.184315,Seoul-786d,-11,27,Normal
2026-02-15 05:49:59.184315,Seoul-786d,36,14,Normal
2026-02-15 05:50:00.184315,Seoul-786d,-18,80,Normal
2026-02-15 05:50:01.184315,Seoul-786d,-28,71,Normal
2026-02-15 05:50:02.184315,Seoul-786d,47,70,Normal
2026-02-15 05:50:03.184315,Seoul-786d,8,57,Normal
2026-02-15 05:50:04.184315,Seoul-786d,2,69,Normal
2026-02-15 05:50:05.184315,Seoul-786d,23,83,Normal
2026-02-15 05:50:06.184315,Seoul-786d,33,70,Normal
2026-02-15 05:50:07.184315,Seoul-786d,-8,59,Normal
2026-02-15 05:50:08.184315,Seoul-786d,-20,92,Normal
2026-02-15 05:50:09.184315,Seoul-786d,-24,83,Normal
2026-02-15 05:50:10.184315,Seoul-786d,-25,65,Normal
2026-02-15 05:50:11.184315,Seoul-786d,30,87,Normal
2026-02-15 05:50:12.184315,Seoul-786d,45,30,Normal
2026-02-15 05:50:13.184315,Seoul-786d,30,93,Normal
2026-02-15 05:50:14.184315,Seoul-786d,45,70,Normal
2026-02-15 05:50:15.184315,Seoul-786d,-7,62,Normal
2026-02-15 05:50:16.184315,Seoul-786d,-13,8,Normal
2026-02-15 05:50:17.184315,Seoul-786d,49,26,Normal
2026-02-15 05:50:18.184315,Seoul-786d,34,13,Normal
2026-02-15 05:50:19.184315,Seoul-786d,13,31,Normal
2026-02-15 05:50:20.184315,Seoul-786d,43,40,Normal
2026-02-15 05:50:21.184315,Seoul-786d,36,76,Normal
2026-02-15 05:50:22.184315,Seoul-786d,-23,45,Normal
2026-02-15 05:50:23.184315,Seoul-786d,15,39,Normal
2026-02-15 05:50:24.184315,Seoul-786d,50,89,Normal
2026-02-15 05:50:25.184315,Seoul-786d,16,42,Normal
2026-02-15 05:50:26.184315,Seoul-786d,-8,37,Normal
2026-02-15 05:50:27.184315,Seoul-786d,24,57,Normal
2026-02-15 05:50:28.184315,Seoul-786d,38,49,Normal
2026-02-15 05:50:29.184315,Seoul-786d,16,1,Normal
2026-02-15 05:50:30.184315,Seoul-786d,27,12,Normal
2026-02-15 05:50:31.184315,Seoul-786d,-30,72,Normal
2026-02-15 05:50:32.184315,Seoul-786d,44,90,Normal
2026-02-15 05:50:33.184315,Seoul-786d,37,24,Normal
2026-02-15 05:50:34.184315,Seoul-786d,11,82,Normal
2026-02-15 05:50:35.184315,Seoul-786d,21,72,Normal
2026-02-15 05:50:36.184315,Seoul-786d,-18,29,Normal
2026-02-15 05:50:37.184315,Seoul-786d,35,66,Normal
2026-02-15 05:50:38.184315,Seoul-786d,8,13,Normal
2026-02-15 05:50:39.184315,Seoul-786d,39,72,Normal
2026-02-15 05:50:40.184315,Seoul-786d,-25,59,Normal
2026-02-15 05:50:41.184315,Seoul-786d,24,86,Normal
2026-02-15 05:50:42.184315,Seoul-786d,26,57,Normal
2026-02-15 05:50:43.184315,Seoul-786d,25,0,Normal
2026-02-15 05:50:44.184315,Seoul-786d,25,36,Normal
2026-02-15 05:50:45.184315,Seoul-786d,49,19,Normal
2026-02-15 05:50:46.184315,Seoul-786d,13,91,Normal
2026-02-15 05:50:47.184315,Seoul-786d,5,45,Normal
2026-02-15 05:50:48.184315,Seoul-786d,39,21,Normal
2026-02-15 05:50:49.184315,Seoul-786d,34,91,Normal
2026-02-15 05:50:50.184315,Seoul-786d,25,90,Normal
2026-02-15 05:50:51.184315,Seoul-786d,-16,25,Normal
2026-02-15 05:50:52.184315,Seoul-786d,21,3,Normal
2026-02-15 05:50:53.184315,Seoul-786d,-15,38,Normal
2026-02-15 05:50:54.184315,Seoul-786d,-1,31,Normal
2026-02-15 05:50:55.184315,Seoul-786d,-26,17,Normal
2026-02-15 05:50:56.184315,Seoul-786d,-18,70,Normal
2026-02-15 05:50:57.184315,Seoul-786d,34,95,Normal
2026-02-15 05:50:58.184315,Seoul-786d,35,25,Normal
2026-02-15 05:50:59.184315,Seoul-786d,-3,60,Normal
2026-02-15 05:51:00.184315,Seoul-786d,-9,89,Normal
2026-02-15 05:51:01.184315,Seoul-786d,21,71,Normal
2026-02-15 05:51:02.184315,Seoul-786d,4,6,Normal
2026-02-15 05:51:03.184315,Seoul-786d,-5,77,Normal
2026-02-15 05:51:04.184315,Seoul-786d,16,53,Normal
2026-02-15 05:51:05.184315,Seoul-786d,12,89,Normal
2026-02-15 05:51:06.184315,Seoul-786d,18,3,Normal
2026-02-15 05:51:07.184315,Seoul-786d,36,100,Normal
2026-02-15 05:51:08.184315,Seoul-786d,41,87,Normal
2026-02-15 05:51:09.184315,Seoul-786d,-21,64,Normal
2026-02-15 05:51:10.184315,Seoul-786d,-13,23,Normal
2026-02-15 05:51:11.184315,Seoul-786d,11,77,Normal
2026-02-15 05:51:12.184315,Seoul-786d,14,72,Normal
