timestamp,station_id,temp,humid,condition
2026-02-13 10:01:02.216828,Tokyo-54e5,-17,28,Normal
2026-02-13 10:01:03.216828,Tokyo-54e5,29,87,Normal
2026-02-13 10:01:04.216828,Tokyo-54e5,-27,9,Normal
2026-02-13 10:01:05.216828,Tokyo-54e5,2,50,Normal
2026-02-13 10:01:06.216828,Tokyo-54e5,7,79,Normal
2026-02-13 10:01:07.216828,Tokyo-54e5,-19,57,Normal
2026-02-13 10:01:08.216828,Tokyo-54e5,-27,90,Normal
2026-02-13 10:01:09.216828,Tokyo-54e5,31,51,Normal
2026-02-13 10:01:10.216828,Tokyo-54e5,42,36,Normal
2026-02-13 10:01:11.216828,Tokyo-54e5,-26,9,Normal
2026-02-13 10:01:12.216828,Tokyo-54e5,-27,31,Normal
2026-02-13 10:01:13.216828,Tokyo-54e5,-12,49,Normal
2026-02-13 10:01:14.216828,Tokyo-54e5,19,45,Normal
2026-02-13 10:01:15.216828,Tokyo-54e5,-17,27,Normal
2026-02-13 10:01:16.216828,Tokyo-54e5,40,47,Normal
2026-02-13 10:01:17.216828,Tokyo-54e5,6,62,Normal
2026-02-13 10:01:18.216828,Tokyo-54e5,47,25,Normal
2026-02-13 10:01:19.216828,Tokyo-54e5,37,16,Normal
2026-02-13 10:01:20.216828,Tokyo-54e5,0,90,Normal
2026-02-13 10:01:21.216828,Tokyo-54e5,38,67,Normal
2026-02-13 10:01:22.216828,Tokyo-54e5,35,15,Normal
2026-02-13 10:01:23.216828,Tokyo-54e5,48,66,Normal
2026-02-13 10:01:24.216828,Tokyo-54e5,-16,28,Normal
2026-02-13 10:01:25.216828,Tokyo-54e5,24,9,Normal
2026-02-13 10:01:26.216828,Tokyo-54e5,8,10,Normal
2026-02-13 10:01:27.216828,Tokyo-54e5,-7,5,Normal
2026-02-13 10:01:28.216828,Tokyo-54e5,6,96,Normal
2026-02-13 10:01:29.216828,Tokyo-54e5,20,86,Normal
2026-02-13 10:01:30.216828,Tokyo-54e5,6,34,Normal
2026-02-13 10:01:31.216828,Tokyo-54e5,37,25,Normal
2026-02-13 10:01:32.216828,Tokyo-54e5,21,95,Normal
2026-02-13 10:01:33.216828,Tokyo-54e5,47,98,Normal
2026-02-13 10:01:34.216828,Tokyo-54e5,17,14,Normal
2026-02-13 10:01:35.216828,Tokyo-54e5,46,89,Normal
2026-02-13 10:01:36.216828,Tokyo-54e5,43,4,Normal
2026-02-13 10:01:37.216828,Tokyo-54e5,39,24,Normal
2026-02-13 10:01:38.216828,Tokyo-54e5,15,69,Normal
2026-02-13 10:01:39.216828,Tokyo-54e5,34,34,Normal
2026-02-13 10:01:40.216828,Tokyo-54e5,24,5,Normal
2026-02-13 10:01:41.216828,Tokyo-54e5,-15,29,Normal
2026-02-13 10:01:42.216828,Tokyo-54e5,-9,52,Normal
2026-02-13 10:01:43.216828,Tokyo-54e5,-5,3,Normal
2026-02-13 10:01:44.216828,Tokyo-54e5,32,89,Normal
2026-02-13 10:01:45.216828,Tokyo-54e5,33,86,Normal
2026-02-13 10:01:46.216828,Tokyo-54e5,32,5,Normal
2026-02-13 10:01:47.216828,Tokyo-54e5,-26,53,Normal
2026-02-13 10:01:48.216828,Tokyo-54e5,-20,39,Normal
2026-02-13 10:01:49.216828,Tokyo-54e5,-19,74,Normal
2026-02-13 10:01:50.216828,Tokyo-54e5,-29,2,Normal
2026-02-13 10:01:51.216828,Tokyo-54e5,36,62,Normal
2026-02-13 10:01:52.216828,Tokyo-54e5,-3,81,Normal
2026-02-13 10:01:53.216828,Tokyo-54e5,41,15,Normal
2026-02-13 10:01:54.216828,Tokyo-54e5,-13,10,Normal
2026-02-13 10:01:55.216828,Tokyo-54e5,33,35,Normal
2026-02-13 10:01:56.216828,Tokyo-54e5,46,47,Normal
2026-02-13 10:01:57.216828,Tokyo-54e5,23,11,Normal
2026-02-13 10:01:58.216828,Tokyo-54e5,-27,77,Normal
2026-02-13 10:01:59.216828,Tokyo-54e5,11,44,Normal
2026-02-13 10:02:00.216828,Tokyo-54e5,-25,68,Normal
2026-02-13 10:02:01.216828,Tokyo-54e5,-6,66,Normal
2026-02-13 10:02:02.216828,Tokyo-54e5,23,91,Normal
2026-02-13 10:02:03.216828,Tokyo-54e5,9,37,Normal
2026-02-13 10:02:04.216828,Tokyo-54e5,4,5,Normal
2026-02-13 10:02:05.216828,Tokyo-54e5,12,49,Normal
2026-02-13 10:02:06.216828,Tokyo-54e5,7,25,Normal
2026-02-13 10:02:07.216828,Tokyo-54e5,18,23,Normal
2026-02-13 10:02:08.216828,Tokyo-54e5,41,5,Normal
2026-02-13 10:02:09.216828,Tokyo-54e5,34,68,Normal
2026-02-13 10:02:10.216828,Tokyo-54e5,-16,11,Normal
2026-02-13 10:02:11.216828,Tokyo-54e5,30,22,Normal
2026-02-13 10:02:12.216828,Tokyo-54e5,-5,2,Normal
2026-02-13 10:02:13.216828,Tokyo-54e5,40,54,Normal
2026-02-13 10:02:14.216828,Tokyo-54e5,16,79,Normal
2026-02-13 10:02:15.216828,Tokyo-54e5,9,41,Normal
2026-02-13 10:02:16.216828,Tokyo-54e5,12,92,Normal
2026-02-13 10:02:17.216828,Tokyo-54e5,-6,72,Normal
2026-02-13 10:02:18.216828,Tokyo-54e5,31,25,Normal
2026-02-13 10:02:19.216828,Tokyo-54e5,5,84,Normal
2026-02-13 10:02:20.216828,Tokyo-54e5,-24,74,Normal
2026-02-13 10:02:21.216828,Tokyo-54e5,-17,51,Normal
2026-02-13 10:02:22.216828,Tokyo-54e5,-22,20,Normal
2026-02-13 10:02:23.216828,Tokyo-54e5,11,42,Normal
2026-02-13 10:02:24.216828,Tokyo-54e5,16,39,Normal
2026-02-13 10:02:25.216828,Tokyo-54e5,5,14,Normal
2026-02-13 10:02:26.216828,Tokyo-54e5,-14,73,Normal
2026-02-13 10:02:27.216828,Tokyo-54e5,7,40,Normal
2026-02-13 10:02:28.216828,Tokyo-54e5,39,61,Normal
2026-02-13 10:02:29.216828,Tokyo-54e5,45,27,Normal
2026-02-13 10:02:30.216828,Tokyo-54e5,-16,96,Normal
2026-02-13 10:02:31.216828,Tokyo-54e5,50,96,Normal
2026-02-13 10:02:32.216828,Tokyo-54e5,-30,84,Normal
2026-02-13 10:02:33.216828,Tokyo-54e5,-18,81,Normal
2026-02-13 10:02:34.216828,Tokyo-54e5,10,59,Normal
2026-02-13 10:02:35.216828,Tokyo-54e5,18,31,Normal
2026-02-13 10:02:36.216828,Tokyo-54e5,18,31,Normal
2026-02-13 10:02:37.216828,Tokyo-54e5,50,75,Normal
2026-02-13 10:02:38.216828,Tokyo-54e5,26,49,Normal
2026-02-13 10:02:39.216828,Tokyo-54e5,-23,87,Normal
2026-02-13 10:02:40.216828,Tokyo-54e5,45,30,Normal
2026-02-13 10:02:41.216828,Tokyo-54e5,30,44,Normal
2026-02-13 10:02:42.216828,Tokyo-54e5,-30,82,Normal
2026-02-13 10:02:43.216828,Tokyo-54e5,39,91,Normal
2026-02-13 10:02:44.216828,Tokyo-54e5,1,30,Normal
2026-02-13 10:02:45.216828,Tokyo-54e5,42,36,Normal
2026-02-13 10:02:46.216828,Tokyo-54e5,47,18,Normal
2026-02-13 10:02:47.216828,Tokyo-54e5,-24,10,Normal
2026-02-13 10:02:48.216828,Tokyo-54e5,22,88,Normal
2026-02-13 10:02:49.216828,Tokyo-54e5,33,62,Normal
2026-02-13 10:02:50.216828,Tokyo-54e5,42,30,Normal
2026-02-13 10:02:51.216828,Tokyo-54e5,44,82,Normal
2026-02-13 10:02:52.216828,Tokyo-54e5,-16,63,Normal
2026-02-13 10:02:53.216828,Tokyo-54e5,-20,27,Normal
2026-02-13 10:02:54.216828,Tokyo-54e5,-28,92,Normal
2026-02-13 10:02:55.216828,Tokyo-54e5,-3,74,Normal
2026-02-13 10:02:56.216828,Tokyo-54e5,-27,74,Normal
2026-02-13 10:02:57.216828,Tokyo-54e5,15,12,Normal
2026-02-13 10:02:58.216828,Tokyo-54e5,4,31,Normal
2026-02-13 10:02:59.216828,Tokyo-54e5,0,35,Normal
2026-02-13 10:03:00.216828,Tokyo-54e5,32,26,Normal
2026-02-13 10:03:01.216828,Tokyo-54e5,-4,90,Normal
2026-02-13 10:03:02.216828,Tokyo-54e5,1,39,Normal
2026-02-13 10:03:03.216828,Tokyo-54e5,-27,18,Normal
2026-02-13 10:03:04.216828,Tokyo-54e5,-30,86,Normal
2026-02-13 10:03:05.216828,Tokyo-54e5,6,28,Normal
2026-02-13 10:03:06.216828,Tokyo-54e5,46,6,Normal
2026-02-13 10:03:07.216828,Tokyo-54e5,-12,4,Normal
2026-02-13 10:03:08.216828,Tokyo-54e5,47,94,Normal
2026-02-13 10:03:09.216828,Tokyo-54e5,44,1,Normal
2026-02-13 10:03:10.216828,Tokyo-54e5,40,27,Normal
2026-02-13 10:03:11.216828,Tokyo-54e5,-7,34,Normal
2026-02-13 10:03:12.216828,Tokyo-54e5,-16,54,Normal
2026-02-13 10:03:13.216828,Tokyo-54e5,7,90,Normal
2026-02-13 10:03:14.216828,Tokyo-54e5,-4,45,Normal
2026-02-13 10:03:15.216828,Tokyo-54e5,10,25,Normal
2026-02-13 10:03:16.216828,Tokyo-54e5,-21,74,Normal
2026-02-13 10:03:17.216828,Tokyo-54e5,16,76,Normal
2026-02-13 10:03:18.216828,Tokyo-54e5,31,61,Normal
2026-02-13 10:03:19.216828,Tokyo-54e5,9,6,Normal
2026-02-13 10:03:20.216828,Tokyo-54e5,50,19,Normal
2026-02-13 10:03:21.216828,Tokyo-54e5,-26,70,Normal
2026-02-13 10:03:22.216828,Tokyo-54e5,36,59,Normal
2026-02-13 10:03:23.216828,Tokyo-54e5,-26,0,Normal
2026-02-13 10:03:24.216828,Tokyo-54e5,31,25,Normal
2026-02-13 10:03:25.216828,Tokyo-54e5,-10,95,Normal
2026-02-13 10:03:26.216828,Tokyo-54e5,-17,9,Normal
2026-02-13 10:03:27.216828,Tokyo-54e5,33,93,Normal
2026-02-13 10:03:28.216828,Tokyo-54e5,46,55,Normal
2026-02-13 10:03:29.216828,Tokyo-54e5,16,6,Normal
2026-02-13 10:03:30.216828,Tokyo-54e5,49,91,Normal
2026-02-13 10:03:31.216828,Tokyo-54e5,20,61,Normal
2026-02-13 10:03:32.216828,Tokyo-54e5,34,64,Normal
2026-02-13 10:03:33.216828,Tokyo-54e5,39,5,Normal
2026-02-13 10:03:34.216828,Tokyo-54e5,37,1,Normal
2026-02-13 10:03:35.216828,Tokyo-54e5,25,13,Normal
2026-02-13 10:03:36.216828,Tokyo-54e5,-27,54,Normal
2026-02-13 10:03:37.216828,Tokyo-54e5,49,40,Normal
2026-02-13 10:03:38.216828,Tokyo-54e5,49,76,Normal
2026-02-13 10:03:39.216828,Tokyo-54e5,-28,69,Normal
2026-02-13 10:03:40.216828,Tokyo-54e5,0,73,Normal
2026-02-13 10:03:41.216828,Tokyo-54e5,37,22,Normal
2026-02-13 10:03:42.216828,Tokyo-54e5,13,69,Normal
2026-02-13 10:03:43.216828,Tokyo-54e5,46,38,Normal
2026-02-13 10:03:44.216828,Tokyo-54e5,10,79,Normal
2026-02-13 10:03:45.216828,Tokyo-54e5,26,4,Normal
2026-02-13 10:03:46.216828,Tokyo-54e5,-13,20,Normal
2026-02-13 10:03:47.216828,Tokyo-54e5,49,8,Normal
2026-02-13 10:03:48.216828,Tokyo-54e5,15,30,Normal
2026-02-13 10:03:49.216828,Tokyo-54e5,14,77,Normal
2026-02-13 10:03:50.216828,Tokyo-54e5,-2,92,Normal
2026-02-13 10:03:51.216828,Tokyo-54e5,-12,30,Normal
2026-02-13 10:03:52.216828,Tokyo-54e5,29,94,Normal
2026-02-13 10:03:53.216828,Tokyo-54e5,26,95,Normal
2026-02-13 10:03:54.216828,Tokyo-54e5,43,99,Normal
2026-02-13 10:03:55.216828,Tokyo-54e5,17,74,Normal
2026-02-13 10:03:56.216828,Tokyo-54e5,-21,40,Normal
2026-02-13 10:03:57.216828,Tokyo-54e5,45,35,Normal
2026-02-13 10:03:58.216828,Tokyo-54e5,41,31,Normal
2026-02-13 10:03:59.216828,Tokyo-54e5,-13,62,Normal
2026-02-13 10:04:00.216828,Tokyo-54e5,48,1,Normal
2026-02-13 10:04:01.216828,Tokyo-54e5,-19,63,Normal
2026-02-13 10:04:02.216828,Tokyo-54e5,-16,16,Normal
2026-02-13 10:04:03.216828,Tokyo-54e5,23,31,Normal
2026-02-13 10:04:04.216828,Tokyo-54e5,18,15,Normal
2026-02-13 10:04:05.216828,Tokyo-54e5,-11,73,Normal
2026-02-13 10:04:06.216828,Tokyo-54e5,12,100,Normal
2026-02-13 10:04:07.216828,Tokyo-54e5,48,35,Normal
2026-02-13 10:04:08.216828,Tokyo-54e5,-21,81,Normal
2026-02-13 10:04:09.216828,Tokyo-54e5,36,99,Normal
2026-02-13 10:04:10.216828,Tokyo-54e5,39,66,Normal
2026-02-13 10:04:11.216828,Tokyo-54e5,48,49,Normal
2026-02-13 10:04:12.216828,Tokyo-54e5,12,55,Normal
2026-02-13 10:04:13.216828,Tokyo-54e5,8,98,Normal
2026-02-13 10:04:14.216828,Tokyo-54e5,-28,39,Normal
2026-02-13 10:04:15.216828,Tokyo-54e5,25,57,Normal
2026-02-13 10:04:16.216828,Tokyo-54e5,-15,94,Normal
2026-02-13 10:04:17.216828,Tokyo-54e5,10,46,Normal
2026-02-13 10:04:18.216828,Tokyo-54e5,-6,5,Normal
2026-02-13 10:04:19.216828,Tokyo-54e5,7,67,Normal
2026-02-13 10:04:20.216828,Tokyo-54e5,49,27,Normal
2026-02-13 10:04:21.216828,Tokyo-54e5,5,54,Normal
2026-02-13 10:04:22.216828,Tokyo-54e5,50,84,Normal
2026-02-13 10:04:23.216828,Tokyo-54e5,1,55,Normal
2026-02-13 10:04:24.216828,Tokyo-54e5,-30,83,Normal
2026-02-13 10:04:25.216828,Tokyo-54e5,46,24,Normal
2026-02-13 10:04:26.216828,Tokyo-54e5,30,46,Normal
2026-02-13 10:04:27.216828,Tokyo-54e5,-18,97,Normal
2026-02-13 10:04:28.216828,Tokyo-54e5,9,1,Normal
2026-02-13 10:04:29.216828,Tokyo-54e5,-4,94,Normal
2026-02-13 10:04:30.216828,Tokyo-54e5,-3,11,Normal
2026-02-13 10:04:31.216828,Tokyo-54e5,43,96,Normal
2026-02-13 10:04:32.216828,Tokyo-54e5,31,21,Normal
2026-02-13 10:04:33.216828,Tokyo-54e5,-28,46,Normal
2026-02-13 10:04:34.216828,Tokyo-54e5,12,85,Normal
2026-02-13 10:04:35.216828,Tokyo-54e5,2,91,Normal
2026-02-13 10:04:36.216828,Tokyo-54e5,31,64,Normal
2026-02-13 10:04:37.216828,Tokyo-54e5,-26,7,Normal
2026-02-13 10:04:38.216828,Tokyo-54e5,28,11,Normal
2026-02-13 10:04:39.216828,Tokyo-54e5,30,4,Normal
2026-02-13 10:04:40.216828,Tokyo-54e5,-15,93,Normal
2026-02-13 10:04:41.216828,Tokyo-54e5,-23,64,Normal
2026-02-13 10:04:42.216828,Tokyo-54e5,-14,83,Normal
2026-02-13 10:04:43.216828,Tokyo-54e5,15,12,Normal
2026-02-13 10:04:44.216828,Tokyo-54e5,-16,24,Normal
2026-02-13 10:04:45.216828,Tokyo-54e5,46,96,Normal
2026-02-13 10:04:46.216828,Tokyo-54e5,-3,90,Normal
2026-02-13 10:04:47.216828,Tokyo-54e5,-10,80,Normal
2026-02-13 10:04:48.216828,Tokyo-54e5,31,65,Normal
2026-02-13 10:04:49.216828,Tokyo-54e5,-16,54,Normal
2026-02-13 10:04:50.216828,Tokyo-54e5,23,38,Normal
2026-02-13 10:04:51.216828,Tokyo-54e5,-9,98,Normal
2026-02-13 10:04:52.216828,Tokyo-54e5,6,60,Normal
2026-02-13 10:04:53.216828,Tokyo-54e5,19,23,Normal
2026-02-13 10:04:54.216828,Tokyo-54e5,-17,90,Normal
2026-02-13 10:04:55.216828,Tokyo-54e5,-28,44,Normal
2026-02-13 10:04:56.216828,Tokyo-54e5,-2,47,Normal
2026-02-13 10:04:57.216828,Tokyo-54e5,10,42,Normal
2026-02-13 10:04:58.216828,Tokyo-54e5,23,51,Normal
2026-02-13 10:04:59.216828,Tokyo-54e5,-8,60,Normal
2026-02-13 10:05:00.216828,Tokyo-54e5,15,50,Normal
2026-02-13 10:05:01.216828,Tokyo-54e5,-1,76,Normal
2026-02-13 10:05:02.216828,Tokyo-54e5,46,3,Normal
2026-02-13 10:05:03.216828,Tokyo-54e5,25,46,Normal
2026-02-13 10:05:04.216828,Tokyo-54e5,45,86,Normal
2026-02-13 10:05:05.216828,Tokyo-54e5,-6,71,Normal
2026-02-13 10:05:06.216828,Tokyo-54e5,-24,91,Normal
2026-02-13 10:05:07.216828,Tokyo-54e5,-25,58,Normal
2026-02-13 10:05:08.216828,Tokyo-54e5,11,26,Normal
2026-02-13 10:05:09.216828,Tokyo-54e5,22,73,Normal
2026-02-13 10:05:10.216828,Tokyo-54e5,26,99,Normal
2026-02-13 10:05:11.216828,Tokyo-54e5,48,9,Normal
2026-02-13 10:05:12.216828,Tokyo-54e5,-17,93,Normal
2026-02-13 10:05:13.216828,Tokyo-54e5,-27,100,Normal
2026-02-13 10:05:14.216828,Tokyo-54e5,28,11,Normal
2026-02-13 10:05:15.216828,Tokyo-54e5,-4,10,Normal
2026-02-13 10:05:16.216828,Tokyo-54e5,19,35,Normal
2026-02-13 10:05:17.216828,Tokyo-54e5,8,55,Normal
2026-02-13 10:05:18.216828,Tokyo-54e5,37,37,Normal
2026-02-13 10:05:19.216828,Tokyo-54e5,25,7,Normal
2026-02-13 10:05:20.216828,Tokyo-54e5,-21,41,Normal
2026-02-13 10:05:21.216828,Tokyo-54e5,4,85,Normal
2026-02-13 10:05:22.216828,Tokyo-54e5,4,2,Normal
2026-02-13 10:05:23.216828,Tokyo-54e5,-24,36,Normal
2026-02-13 10:05:24.216828,Tokyo-54e5,-8,20,Normal
2026-02-13 10:05:25.216828,Tokyo-54e5,9,49,Normal
2026-02-13 10:05:26.216828,Tokyo-54e5,49,60,Normal
2026-02-13 10:05:27.216828,Tokyo-54e5,30,22,Normal
2026-02-13 10:05:28.216828,Tokyo-54e5,27,50,Normal
2026-02-13 10:05:29.216828,Tokyo-54e5,17,73,Normal
2026-02-13 10:05:30.216828,Tokyo-54e5,36,82,Normal
2026-02-13 10:05:31.216828,Tokyo-54e5,15,40,Normal
2026-02-13 10:05:32.216828,Tokyo-54e5,-11,85,Normal
2026-02-13 10:05:33.216828,Tokyo-54e5,45,56,Normal
2026-02-13 10:05:34.216828,Tokyo-54e5,-19,37,Normal
2026-02-13 10:05:35.216828,Tokyo-54e5,25,69,Normal
2026-02-13 10:05:36.216828,Tokyo-54e5,-1,55,Normal
2026-02-13 10:05:37.216828,Tokyo-54e5,24,74,Normal
2026-02-13 10:05:38.216828,Tokyo-54e5,16,45,Normal
2026-02-13 10:05:39.216828,Tokyo-54e5,42,72,Normal
2026-02-13 10:05:40.216828,Tokyo-54e5,-14,31,Normal
2026-02-13 10:05:41.216828,Tokyo-54e5,9,62,Normal
2026-02-13 10:05:42.216828,Tokyo-54e5,2,59,Normal
2026-02-13 10:05:43.216828,Tokyo-54e5,-30,23,Normal
2026-02-13 10:05:44.216828,Tokyo-54e5,-19,39,Normal
2026-02-13 10:05:45.216828,Tokyo-54e5,38,1,Normal
2026-02-13 10:05:46.216828,Tokyo-54e5,13,44,Normal
2026-02-13 10:05:47.216828,Tokyo-54e5,25,11,Normal
2026-02-13 10:05:48.216828,Tokyo-54e5,13,97,Normal
2026-02-13 10:05:49.216828,Tokyo-54e5,-23,13,Normal
2026-02-13 10:05:50.216828,Tokyo-54e5,19,73,Normal
2026-02-13 10:05:51.216828,Tokyo-54e5,-15,59,Normal
2026-02-13 10:05:52.216828,Tokyo-54e5,-29,58,Normal
2026-02-13 10:05:53.216828,Tokyo-54e5,-18,13,Normal
2026-02-13 10:05:54.216828,Tokyo-54e5,-6,96,Normal
2026-02-13 10:05:55.216828,Tokyo-54e5,-15,92,Normal
2026-02-13 10:05:56.216828,Tokyo-54e5,11,9,Normal
2026-02-13 10:05:57.216828,Tokyo-54e5,46,61,Normal
2026-02-13 10:05:58.216828,Tokyo-54e5,49,92,Normal
2026-02-13 10:05:59.216828,Tokyo-54e5,-27,64,Normal
2026-02-13 10:06:00.216828,Tokyo-54e5,-5,35,Normal
2026-02-13 10:06:01.216828,Tokyo-54e5,-27,42,Normal
2026-02-13 10:06:02.216828,Tokyo-54e5,-2,4,Normal
2026-02-13 10:06:03.216828,Tokyo-54e5,-23,65,Normal
2026-02-13 10:06:04.216828,Tokyo-54e5,-11,87,Normal
2026-02-13 10:06:05.216828,Tokyo-54e5,24,95,Normal
2026-02-13 10:06:06.216828,Tokyo-54e5,-26,35,Normal
2026-02-13 10:06:07.216828,Tokyo-54e5,-6,80,Normal
2026-02-13 10:06:08.216828,Tokyo-54e5,2,44,Normal
2026-02-13 10:06:09.216828,Tokyo-54e5,21,68,Normal
2026-02-13 10:06:10.216828,Tokyo-54e5,-19,70,Normal
2026-02-13 10:06:11.216828,Tokyo-54e5,-10,99,Normal
2026-02-13 10:06:12.216828,Tokyo-54e5,32,1,Normal
2026-02-13 10:06:13.216828,Tokyo-54e5,-29,37,Normal
2026-02-13 10:06:14.216828,Tokyo-54e5,18,100,Normal
2026-02-13 10:06:15.216828,Tokyo-54e5,47,69,Normal
2026-02-13 10:06:16.216828,Tokyo-54e5,-7,94,Normal
2026-02-13 10:06:17.216828,Tokyo-54e5,50,91,Normal
2026-02-13 10:06:18.216828,Tokyo-54e5,-14,18,Normal
2026-02-13 10:06:19.216828,Tokyo-54e5,41,39,Normal
2026-02-13 10:06:20.216828,Tokyo-54e5,22,25,Normal
2026-02-13 10:06:21.216828,Tokyo-54e5,-26,62,Normal
2026-02-13 10:06:22.216828,Tokyo-54e5,-26,70,Normal
2026-02-13 10:06:23.216828,Tokyo-54e5,-2,99,Normal
2026-02-13 10:06:24.216828,Tokyo-54e5,17,46,Normal
2026-02-13 10:06:25.216828,Tokyo-54e5,-22,59,Normal
2026-02-13 10:06:26.216828,Tokyo-54e5,-14,91,Normal
2026-02-13 10:06:27.216828,Tokyo-54e5,46,19,Normal
2026-02-13 10:06:28.216828,Tokyo-54e5,-25,63,Normal
2026-02-13 10:06:29.216828,Tokyo-54e5,0,17,Normal
2026-02-13 10:06:30.216828,Tokyo-54e5,39,36,Normal
2026-02-13 10:06:31.216828,Tokyo-54e5,-24,72,Normal
2026-02-13 10:06:32.216828,Tokyo-54e5,-30,83,Normal
2026-02-13 10:06:33.216828,Tokyo-54e5,34,100,Normal
2026-02-13 10:06:34.216828,Tokyo-54e5,31,86,Normal
2026-02-13 10:06:35.216828,Tokyo-54e5,-7,34,Normal
2026-02-13 10:06:36.216828,Tokyo-54e5,13,0,Normal
2026-02-13 10:06:37.216828,Tokyo-54e5,30,50,Normal
2026-02-13 10:06:38.216828,Tokyo-54e5,-20,3,Normal
2026-02-13 10:06:39.216828,Tokyo-54e5,14,31,Normal
2026-02-13 10:06:40.216828,Tokyo-54e5,31,6,Normal
2026-02-13 10:06:41.216828,Tokyo-54e5,-17,6,Normal
2026-02-13 10:06:42.216828,Tokyo-54e5,-10,56,Normal
2026-02-13 10:06:43.216828,Tokyo-54e5,25,4,Normal
2026-02-13 10:06:44.216828,Tokyo-54e5,7,35,Normal
2026-02-13 10:06:45.216828,Tokyo-54e5,0,65,Normal
2026-02-13 10:06:46.216828,Tokyo-54e5,31,81,Normal
2026-02-13 10:06:47.216828,Tokyo-54e5,37,15,Normal
2026-02-13 10:06:48.216828,Tokyo-54e5,26,75,Normal
2026-02-13 10:06:49.216828,Tokyo-54e5,-5,66,Normal
2026-02-13 10:06:50.216828,Tokyo-54e5,-1,15,Normal
2026-02-13 10:06:51.216828,Tokyo-54e5,6,75,Normal
2026-02-13 10:06:52.216828,Tokyo-54e5,5,74,Normal
2026-02-13 10:06:53.216828,Tokyo-54e5,5,6,Normal
2026-02-13 10:06:54.216828,Tokyo-54e5,-1,42,Normal
2026-02-13 10:06:55.216828,Tokyo-54e5,-16,16,Normal
2026-02-13 10:06:56.216828,Tokyo-54e5,35,11,Normal
2026-02-13 10:06:57.216828,Tokyo-54e5,-4,68,Normal
2026-02-13 10:06:58.216828,Tokyo-54e5,-3,38,Normal
2026-02-13 10:06:59.216828,Tokyo-54e5,24,48,Normal
2026-02-13 10:07:00.216828,Tokyo-54e5,25,2,Normal
2026-02-13 10:07:01.216828,Tokyo-54e5,41,15,Normal
2026-02-13 10:07:02.216828,Tokyo-54e5,10,7,Normal
2026-02-13 10:07:03.216828,Tokyo-54e5,3,32,Normal
2026-02-13 10:07:04.216828,Tokyo-54e5,24,53,Normal
2026-02-13 10:07:05.216828,Tokyo-54e5,26,35,Normal
2026-02-13 10:07:06.216828,Tokyo-54e5,25,0,Normal
2026-02-13 10:07:07.216828,Tokyo-54e5,20,82,Normal
2026-02-13 10:07:08.216828,Tokyo-54e5,30,15,Normal
2026-02-13 10:07:09.216828,Tokyo-54e5,7,46,Normal
2026-02-13 10:07:10.216828,Tokyo-54e5,19,33,Normal
2026-02-13 10:07:11.216828,Tokyo-54e5,-4,27,Normal
2026-02-13 10:07:12.216828,Tokyo-54e5,15,11,Normal
2026-02-13 10:07:13.216828,Tokyo-54e5,50,47,Normal
2026-02-13 10:07:14.216828,Tokyo-54e5,48,40,Normal
2026-02-13 10:07:15.216828,Tokyo-54e5,42,98,Normal
2026-02-13 10:07:16.216828,Tokyo-54e5,22,47,Normal
2026-02-13 10:07:17.216828,Tokyo-54e5,-12,91,Normal
2026-02-13 10:07:18.216828,Tokyo-54e5,3,86,Normal
2026-02-13 10:07:19.216828,Tokyo-54e5,35,55,Normal
2026-02-13 10:07:20.216828,Tokyo-54e5,42,93,Normal
2026-02-13 10:07:21.216828,Tokyo-54e5,23,20,Normal
2026-02-13 10:07:22.216828,Tokyo-54e5,20,11,Normal
2026-02-13 10:07:23.216828,Tokyo-54e5,27,67,Normal
2026-02-13 10:07:24.216828,Tokyo-54e5,-29,99,Normal
2026-02-13 10:07:25.216828,Tokyo-54e5,20,69,Normal
2026-02-13 10:07:26.216828,Tokyo-54e5,-29,29,Normal
2026-02-13 10:07:27.216828,Tokyo-54e5,-15,27,Normal
2026-02-13 10:07:28.216828,Tokyo-54e5,-27,19,Normal
2026-02-13 10:07:29.216828,Tokyo-54e5,-1,0,Normal
2026-02-13 10:07:30.216828,Tokyo-54e5,46,25,Normal
2026-02-13 10:07:31.216828,Tokyo-54e5,-24,71,Normal
2026-02-13 10:07:32.216828,Tokyo-54e5,-21,68,Normal
2026-02-13 10:07:33.216828,Tokyo-54e5,22,87,Normal
2026-02-13 10:07:34.216828,Tokyo-54e5,-18,7,Normal
2026-02-13 10:07:35.216828,Tokyo-54e5,15,51,Normal
2026-02-13 10:07:36.216828,Tokyo-54e5,-26,93,Normal
2026-02-13 10:07:37.216828,Tokyo-54e5,47,19,Normal
2026-02-13 10:07:38.216828,Tokyo-54e5,7,51,Normal
2026-02-13 10:07:39.216828,Tokyo-54e5,38,3,Normal
2026-02-13 10:07:40.216828,Tokyo-54e5,16,37,Normal
2026-02-13 10:07:41.216828,Tokyo-54e5,8,40,Normal
2026-02-13 10:07:42.216828,Tokyo-54e5,-24,4,Normal
2026-02-13 10:07:43.216828,Tokyo-54e5,-30,13,Normal
2026-02-13 10:07:44.216828,Tokyo-54e5,27,49,Normal
2026-02-13 10:07:45.216828,Tokyo-54e5,-28,34,Normal
2026-02-13 10:07:46.216828,Tokyo-54e5,-4,1,Normal
2026-02-13 10:07:47.216828,Tokyo-54e5,-23,19,Normal
2026-02-13 10:07:48.216828,Tokyo-54e5,-8,1,Normal
2026-02-13 10:07:49.216828,Tokyo-54e5,25,54,Normal
2026-02-13 10:07:50.216828,Tokyo-54e5,10,85,Normal
2026-02-13 10:07:51.216828,Tokyo-54e5,0,59,Normal
2026-02-13 10:07:52.216828,Tokyo-54e5,5,76,Normal
2026-02-13 10:07:53.216828,Tokyo-54e5,21,94,Normal
2026-02-13 10:07:54.216828,Tokyo-54e5,-22,86,Normal
2026-02-13 10:07:55.216828,Tokyo-54e5,7,40,Normal
2026-02-13 10:07:56.216828,Tokyo-54e5,21,79,Normal
2026-02-13 10:07:57.216828,Tokyo-54e5,-4,53,Normal
2026-02-13 10:07:58.216828,Tokyo-54e5,8,80,Normal
2026-02-13 10:07:59.216828,Tokyo-54e5,25,47,Normal
2026-02-13 10:08:00.216828,Tokyo-54e5,48,6,Normal
2026-02-13 10:08:01.216828,Tokyo-54e5,11,60,Normal
2026-02-13 10:08:02.216828,Tokyo-54e5,50,16,Normal
2026-02-13 10:08:03.216828,Tokyo-54e5,-22,40,Normal
2026-02-13 10:08:04.216828,Tokyo-54e5,13,11,Normal
2026-02-13 10:08:05.216828,Tokyo-54e5,44,1,Normal
2026-02-13 10:08:06.216828,Tokyo-54e5,3,21,Normal
2026-02-13 10:08:07.216828,Tokyo-54e5,40,9,Normal
2026-02-13 10:08:08.216828,Tokyo-54e5,20,35,Normal
2026-02-13 10:08:09.216828,Tokyo-54e5,25,89,Normal
2026-02-13 10:08:10.216828,Tokyo-54e5,-27,48,Normal
2026-02-13 10:08:11.216828,Tokyo-54e5,-20,56,Normal
2026-02-13 10:08:12.216828,Tokyo-54e5,37,97,Normal
2026-02-13 10:08:13.216828,Tokyo-54e5,-11,59,Normal
2026-02-13 10:08:14.216828,Tokyo-54e5,39,4,Normal
2026-02-13 10:08:15.216828,Tokyo-54e5,42,11,Normal
2026-02-13 10:08:16.216828,Tokyo-54e5,8,31,Normal
2026-02-13 10:08:17.216828,Tokyo-54e5,16,84,Normal
2026-02-13 10:08:18.216828,Tokyo-54e5,5,25,Normal
2026-02-13 10:08:19.216828,Tokyo-54e5,-2,24,Normal
2026-02-13 10:08:20.216828,Tokyo-54e5,16,76,Normal
2026-02-13 10:08:21.216828,Tokyo-54e5,-27,53,Normal
2026-02-13 10:08:22.216828,Tokyo-54e5,32,22,Normal
2026-02-13 10:08:23.216828,Tokyo-54e5,23,21,Normal
2026-02-13 10:08:24.216828,Tokyo-54e5,0,14,Normal
2026-02-13 10:08:25.216828,Tokyo-54e5,35,33,Normal
2026-02-13 10:08:26.216828,Tokyo-54e5,44,43,Normal
2026-02-13 10:08:27.216828,Tokyo-54e5,-20,23,Normal
2026-02-13 10:08:28.216828,Tokyo-54e5,9,95,Normal
2026-02-13 10:08:29.216828,Tokyo-54e5,-23,22,Normal
2026-02-13 10:08:30.216828,Tokyo-54e5,-14,80,Normal
2026-02-13 10:08:31.216828,Tokyo-54e5,-11,77,Normal
2026-02-13 10:08:32.216828,Tokyo-54e5,13,19,Normal
2026-02-13 10:08:33.216828,Tokyo-54e5,-2,3,Normal
2026-02-13 10:08:34.216828,Tokyo-54e5,-21,46,Normal
2026-02-13 10:08:35.216828,Tokyo-54e5,47,10,Normal
2026-02-13 10:08:36.216828,Tokyo-54e5,36,50,Normal
2026-02-13 10:08:37.216828,Tokyo-54e5,-30,15,Normal
2026-02-13 10:08:38.216828,Tokyo-54e5,46,53,Normal
2026-02-13 10:08:39.216828,Tokyo-54e5,-8,64,Normal
2026-02-13 10:08:40.216828,Tokyo-54e5,36,31,Normal
2026-02-13 10:08:41.216828,Tokyo-54e5,-22,33,Normal
2026-02-13 10:08:42.216828,Tokyo-54e5,-24,70,Normal
2026-02-13 10:08:43.216828,Tokyo-54e5,17,86,Normal
2026-02-13 10:08:44.216828,Tokyo-54e5,31,89,Normal
2026-02-13 10:08:45.216828,Tokyo-54e5,39,53,Normal
2026-02-13 10:08:46.216828,Tokyo-54e5,20,13,Normal
2026-02-13 10:08:47.216828,Tokyo-54e5,12,84,Normal
2026-02-13 10:08:48.216828,Tokyo-54e5,15,37,Normal
2026-02-13 10:08:49.216828,Tokyo-54e5,21,85,Normal
2026-02-13 10:08:50.216828,Tokyo-54e5,14,3,Normal
2026-02-13 10:08:51.216828,Tokyo-54e5,-5,97,Normal
2026-02-13 10:08:52.216828,Tokyo-54e5,-8,80,Normal
2026-02-13 10:08:53.216828,Tokyo-54e5,-24,88,Normal
2026-02-13 10:08:54.216828,Tokyo-54e5,-12,8,Normal
2026-02-13 10:08:55.216828,Tokyo-54e5,-13,10,Normal
2026-02-13 10:08:56.216828,Tokyo-54e5,43,0,Normal
2026-02-13 10:08:57.216828,Tokyo-54e5,49,77,Normal
2026-02-13 10:08:58.216828,Tokyo-54e5,29,10,Normal
2026-02-13 10:08:59.216828,Tokyo-54e5,36,65,Normal
2026-02-13 10:09:00.216828,Tokyo-54e5,-2,90,Normal
2026-02-13 10:09:01.216828,Tokyo-54e5,8,3,Normal
2026-02-13 10:09:02.216828,Tokyo-54e5,-9,98,Normal
2026-02-13 10:09:03.216828,Tokyo-54e5,-18,3,Normal
2026-02-13 10:09:04.216828,Tokyo-54e5,-13,78,Normal
2026-02-13 10:09:05.216828,Tokyo-54e5,-13,3,Normal
2026-02-13 10:09:06.216828,Tokyo-54e5,32,44,Normal
2026-02-13 10:09:07.216828,Tokyo-54e5,-18,10,Normal
2026-02-13 10:09:08.216828,Tokyo-54e5,44,18,Normal
2026-02-13 10:09:09.216828,Tokyo-54e5,44,23,Normal
2026-02-13 10:09:10.216828,Tokyo-54e5,-29,8,Normal
2026-02-13 10:09:11.216828,Tokyo-54e5,10,68,Normal
2026-02-13 10:09:12.216828,Tokyo-54e5,-30,63,Normal
2026-02-13 10:09:13.216828,Tokyo-54e5,36,98,Normal
2026-02-13 10:09:14.216828,Tokyo-54e5,45,2,Normal
2026-02-13 10:09:15.216828,Tokyo-54e5,28,93,Normal
2026-02-13 10:09:16.216828,Tokyo-54e5,46,32,Normal
2026-02-13 10:09:17.216828,Tokyo-54e5,-10,97,Normal
2026-02-13 10:09:18.216828,Tokyo-54e5,21,45,Normal
2026-02-13 10:09:19.216828,Tokyo-54e5,23,92,Normal
2026-02-13 10:09:20.216828,Tokyo-54e5,-6,81,Normal
2026-02-13 10:09:21.216828,Tokyo-54e5,39,58,Normal
2026-02-13 10:09:22.216828,Tokyo-54e5,16,24,Normal
2026-02-13 10:09:23.216828,Tokyo-54e5,23,24,Normal
2026-02-13 10:09:24.216828,Tokyo-54e5,48,28,Normal
2026-02-13 10:09:25.216828,Tokyo-54e5,-16,62,Normal
2026-02-13 10:09:26.216828,Tokyo-54e5,3,73,Normal
2026-02-13 10:09:27.216828,Tokyo-54e5,26,71,Normal
2026-02-13 10:09:28.216828,Tokyo-54e5,-17,41,Normal
2026-02-13 10:09:29.216828,Tokyo-54e5,-29,42,Normal
2026-02-13 10:09:30.216828,Tokyo-54e5,-1,97,Normal
2026-02-13 10:09:31.216828,Tokyo-54e5,11,89,Normal
2026-02-13 10:09:32.216828,Tokyo-54e5,-20,57,Normal
2026-02-13 10:09:33.216828,Tokyo-54e5,-26,15,Normal
2026-02-13 10:09:34.216828,Tokyo-54e5,23,52,Normal
2026-02-13 10:09:35.216828,Tokyo-54e5,13,97,Normal
2026-02-13 10:09:36.216828,Tokyo-54e5,22,46,Normal
2026-02-13 10:09:37.216828,Tokyo-54e5,-8,1,Normal
2026-02-13 10:09:38.216828,Tokyo-54e5,-14,55,Normal
2026-02-13 10:09:39.216828,Tokyo-54e5,23,12,Normal
2026-02-13 10:09:40.216828,Tokyo-54e5,-12,84,Normal
2026-02-13 10:09:41.216828,Tokyo-54e5,-19,91,Normal
2026-02-13 10:09:42.216828,Tokyo-54e5,13,99,Normal
2026-02-13 10:09:43.216828,Tokyo-54e5,48,90,Normal
2026-02-13 10:09:44.216828,Tokyo-54e5,36,73,Normal
2026-02-13 10:09:45.216828,Tokyo-54e5,28,17,Normal
2026-02-13 10:09:46.216828,Tokyo-54e5,-11,49,Normal
2026-02-13 10:09:47.216828,Tokyo-54e5,19,13,Normal
2026-02-13 10:09:48.216828,Tokyo-54e5,43,10,Normal
2026-02-13 10:09:49.216828,Tokyo-54e5,37,63,Normal
2026-02-13 10:09:50.216828,Tokyo-54e5,47,67,Normal
2026-02-13 10:09:51.216828,Tokyo-54e5,-23,68,Normal
2026-02-13 10:09:52.216828,Tokyo-54e5,-18,53,Normal
2026-02-13 10:09:53.216828,Tokyo-54e5,49,70,Normal
2026-02-13 10:09:54.216828,Tokyo-54e5,49,27,Normal
2026-02-13 10:09:55.216828,Tokyo-54e5,-24,27,Normal
2026-02-13 10:09:56.216828,Tokyo-54e5,46,78,Normal
2026-02-13 10:09:57.216828,Tokyo-54e5,24,11,Normal
2026-02-13 10:09:58.216828,Tokyo-54e5,0,23,Normal
2026-02-13 10:09:59.216828,Tokyo-54e5,11,87,Normal
2026-02-13 10:10:00.216828,Tokyo-54e5,-30,12,Normal
2026-02-13 10:10:01.216828,Tokyo-54e5,-28,64,Normal
2026-02-13 10:10:02.216828,Tokyo-54e5,-22,17,Normal
2026-02-13 10:10:03.216828,Tokyo-54e5,36,49,Normal
2026-02-13 10:10:04.216828,Tokyo-54e5,-8,87,Normal
2026-02-13 10:10:05.216828,Tokyo-54e5,39,69,Normal
2026-02-13 10:10:06.216828,Tokyo-54e5,-6,43,Normal
2026-02-13 10:10:07.216828,Tokyo-54e5,25,91,Normal
2026-02-13 10:10:08.216828,Tokyo-54e5,20,80,Normal
2026-02-13 10:10:09.216828,Tokyo-54e5,24,2,Normal
2026-02-13 10:10:10.216828,Tokyo-54e5,-12,72,Normal
2026-02-13 10:10:11.216828,Tokyo-54e5,13,46,Normal
2026-02-13 10:10:12.216828,Tokyo-54e5,17,51,Normal
2026-02-13 10:10:13.216828,Tokyo-54e5,45,16,Normal
2026-02-13 10:10:14.216828,Tokyo-54e5,11,8,Normal
2026-02-13 10:10:15.216828,Tokyo-54e5,40,72,Normal
2026-02-13 10:10:16.216828,Tokyo-54e5,-14,20,Normal
2026-02-13 10:10:17.216828,Tokyo-54e5,37,57,Normal
2026-02-13 10:10:18.216828,Tokyo-54e5,45,3,Normal
2026-02-13 10:10:19.216828,Tokyo-54e5,39,24,Normal
2026-02-13 10:10:20.216828,Tokyo-54e5,-14,49,Normal
2026-02-13 10:10:21.216828,Tokyo-54e5,-24,17,Normal
2026-02-13 10:10:22.216828,Tokyo-54e5,-26,70,Normal
2026-02-13 10:10:23.216828,Tokyo-54e5,-30,4,Normal
2026-02-13 10:10:24.216828,Tokyo-54e5,43,0,Normal
2026-02-13 10:10:25.216828,Tokyo-54e5,30,27,Normal
2026-02-13 10:10:26.216828,Tokyo-54e5,14,18,Normal
2026-02-13 10:10:27.216828,Tokyo-54e5,26,2,Normal
2026-02-13 10:10:28.216828,Tokyo-54e5,-23,64,Normal
2026-02-13 10:10:29.216828,Tokyo-54e5,29,7,Normal
2026-02-13 10:10:30.216828,Tokyo-54e5,21,57,Normal
2026-02-13 10:10:31.216828,Tokyo-54e5,25,4,Normal
2026-02-13 10:10:32.216828,Tokyo-54e5,11,52,Normal
2026-02-13 10:10:33.216828,Tokyo-54e5,16,31,Normal
2026-02-13 10:10:34.216828,Tokyo-54e5,39,27,Normal
2026-02-13 10:10:35.216828,Tokyo-54e5,19,77,Normal
2026-02-13 10:10:36.216828,Tokyo-54e5,-5,71,Normal
2026-02-13 10:10:37.216828,Tokyo-54e5,15,50,Normal
2026-02-13 10:10:38.216828,Tokyo-54e5,-16,68,Normal
2026-02-13 10:10:39.216828,Tokyo-54e5,-21,76,Normal
2026-02-13 10:10:40.216828,Tokyo-54e5,-6,100,Normal
2026-02-13 10:10:41.216828,Tokyo-54e5,10,14,Normal
2026-02-13 10:10:42.216828,Tokyo-54e5,-17,13,Normal
2026-02-13 10:10:43.216828,Tokyo-54e5,28,0,Normal
2026-02-13 10:10:44.216828,Tokyo-54e5,21,44,Normal
2026-02-13 10:10:45.216828,Tokyo-54e5,20,56,Normal
2026-02-13 10:10:46.216828,Tokyo-54e5,11,52,Normal
2026-02-13 10:10:47.216828,Tokyo-54e5,25,3,Normal
2026-02-13 10:10:48.216828,Tokyo-54e5,19,49,Normal
2026-02-13 10:10:49.216828,Tokyo-54e5,-30,19,Normal
2026-02-13 10:10:50.216828,Tokyo-54e5,-2,14,Normal
2026-02-13 10:10:51.216828,Tokyo-54e5,-12,45,Normal
2026-02-13 10:10:52.216828,Tokyo-54e5,32,3,Normal
2026-02-13 10:10:53.216828,Tokyo-54e5,8,68,Normal
2026-02-13 10:10:54.216828,Tokyo-54e5,0,68,Normal
2026-02-13 10:10:55.216828,Tokyo-54e5,-2,39,Normal
2026-02-13 10:10:56.216828,Tokyo-54e5,-9,9,Normal
2026-02-13 10:10:57.216828,Tokyo-54e5,37,0,Normal
2026-02-13 10:10:58.216828,Tokyo-54e5,-30,27,Normal
2026-02-13 10:10:59.216828,Tokyo-54e5,42,24,Normal
2026-02-13 10:11:00.216828,Tokyo-54e5,12,4,Normal
2026-02-13 10:11:01.216828,Tokyo-54e5,-19,39,Normal
2026-02-13 10:11:02.216828,Tokyo-54e5,-13,38,Normal
2026-02-13 10:11:03.216828,Tokyo-54e5,-15,52,Normal
2026-02-13 10:11:04.216828,Tokyo-54e5,24,73,Normal
2026-02-13 10:11:05.216828,Tokyo-54e5,14,67,Normal
2026-02-13 10:11:06.216828,Tokyo-54e5,-18,11,Normal
2026-02-13 10:11:07.216828,Tokyo-54e5,19,63,Normal
2026-02-13 10:11:08.216828,Tokyo-54e5,-30,24,Normal
2026-02-13 10:11:09.216828,Tokyo-54e5,-12,24,Normal
2026-02-13 10:11:10.216828,Tokyo-54e5,-14,65,Normal
2026-02-13 10:11:11.216828,Tokyo-54e5,-25,97,Normal
2026-02-13 10:11:12.216828,Tokyo-54e5,-4,45,Normal
2026-02-13 10:11:13.216828,Tokyo-54e5,-7,73,Normal
2026-02-13 10:11:14.216828,Tokyo-54e5,35,21,Normal
2026-02-13 10:11:15.216828,Tokyo-54e5,24,94,Normal
2026-02-13 10:11:16.216828,Tokyo-54e5,43,17,Normal
2026-02-13 10:11:17.216828,Tokyo-54e5,42,90,Normal
2026-02-13 10:11:18.216828,Tokyo-54e5,7,34,Normal
2026-02-13 10:11:19.216828,Tokyo-54e5,30,100,Normal
2026-02-13 10:11:20.216828,Tokyo-54e5,-9,82,Normal
2026-02-13 10:11:21.216828,Tokyo-54e5,-7,42,Normal
2026-02-13 10:11:22.216828,Tokyo-54e5,-15,63,Normal
2026-02-13 10:11:23.216828,Tokyo-54e5,-14,19,Normal
2026-02-13 10:11:24.216828,Tokyo-54e5,-11,93,Normal
2026-02-13 10:11:25.216828,Tokyo-54e5,28,76,Normal
2026-02-13 10:11:26.216828,Tokyo-54e5,41,71,Normal
2026-02-13 10:11:27.216828,Tokyo-54e5,28,100,Normal
2026-02-13 10:11:28.216828,Tokyo-54e5,1,88,Normal
2026-02-13 10:11:29.216828,Tokyo-54e5,40,41,Normal
2026-02-13 10:11:30.216828,Tokyo-54e5,-1,54,Normal
2026-02-13 10:11:31.216828,Tokyo-54e5,-12,37,Normal
2026-02-13 10:11:32.216828,Tokyo-54e5,28,3,Normal
2026-02-13 10:11:33.216828,Tokyo-54e5,29,45,Normal
2026-02-13 10:11:34.216828,Tokyo-54e5,19,42,Normal
2026-02-13 10:11:35.216828,Tokyo-54e5,-30,60,Normal
2026-02-13 10:11:36.216828,Tokyo-54e5,36,97,Normal
2026-02-13 10:11:37.216828,Tokyo-54e5,46,79,Normal
2026-02-13 10:11:38.216828,Tokyo-54e5,-13,67,Normal
2026-02-13 10:11:39.216828,Tokyo-54e5,27,64,Normal
2026-02-13 10:11:40.216828,Tokyo-54e5,15,0,Normal
2026-02-13 10:11:41.216828,Tokyo-54e5,45,84,Normal
2026-02-13 10:11:42.216828,Tokyo-54e5,14,81,Normal
2026-02-13 10:11:43.216828,Tokyo-54e5,12,32,Normal
2026-02-13 10:11:44.216828,Tokyo-54e5,25,54,Normal
2026-02-13 10:11:45.216828,Tokyo-54e5,-25,93,Normal
2026-02-13 10:11:46.216828,Tokyo-54e5,20,31,Normal
2026-02-13 10:11:47.216828,Tokyo-54e5,-11,10,Normal
2026-02-13 10:11:48.216828,Tokyo-54e5,29,56,Normal
2026-02-13 10:11:49.216828,Tokyo-54e5,31,6,Normal
2026-02-13 10:11:50.216828,Tokyo-54e5,38,8,Normal
2026-02-13 10:11:51.216828,Tokyo-54e5,32,89,Normal
2026-02-13 10:11:52.216828,Tokyo-54e5,23,61,Normal
2026-02-13 10:11:53.216828,Tokyo-54e5,-12,19,Normal
2026-02-13 10:11:54.216828,Tokyo-54e5,-30,85,Normal
2026-02-13 10:11:55.216828,Tokyo-54e5,31,6,Normal
2026-02-13 10:11:56.216828,Tokyo-54e5,-6,15,Normal
2026-02-13 10:11:57.216828,Tokyo-54e5,-25,91,Normal
2026-02-13 10:11:58.216828,Tokyo-54e5,15,48,Normal
2026-02-13 10:11:59.216828,Tokyo-54e5,38,39,Normal
2026-02-13 10:12:00.216828,Tokyo-54e5,-19,34,Normal
2026-02-13 10:12:01.216828,Tokyo-54e5,-23,12,Normal
2026-02-13 10:12:02.216828,Tokyo-54e5,-22,8,Normal
2026-02-13 10:12:03.216828,Tokyo-54e5,-11,17,Normal
2026-02-13 10:12:04.216828,Tokyo-54e5,45,66,Normal
2026-02-13 10:12:05.216828,Tokyo-54e5,8,82,Normal
2026-02-13 10:12:06.216828,Tokyo-54e5,-19,5,Normal
2026-02-13 10:12:07.216828,Tokyo-54e5,18,25,Normal
2026-02-13 10:12:08.216828,Tokyo-54e5,33,49,Normal
2026-02-13 10:12:09.216828,Tokyo-54e5,-16,32,Normal
2026-02-13 10:12:10.216828,Tokyo-54e5,-30,47,Normal
2026-02-13 10:12:11.216828,Tokyo-54e5,35,89,Normal
2026-02-13 10:12:12.216828,Tokyo-54e5,42,75,Normal
2026-02-13 10:12:13.216828,Tokyo-54e5,22,44,Normal
2026-02-13 10:12:14.216828,Tokyo-54e5,13,83,Normal
2026-02-13 10:12:15.216828,Tokyo-54e5,-23,100,Normal
2026-02-13 10:12:16.216828,Tokyo-54e5,31,27,Normal
2026-02-13 10:12:17.216828,Tokyo-54e5,12,40,Normal
2026-02-13 10:12:18.216828,Tokyo-54e5,23,74,Normal
2026-02-13 10:12:19.216828,Tokyo-54e5,17,22,Normal
2026-02-13 10:12:20.216828,Tokyo-54e5,13,89,Normal
2026-02-13 10:12:21.216828,Tokyo-54e5,-3,37,Normal
2026-02-13 10:12:22.216828,Tokyo-54e5,-30,90,Normal
2026-02-13 10:12:23.216828,Tokyo-54e5,-30,85,Normal
2026-02-13 10:12:24.216828,Tokyo-54e5,12,36,Normal
2026-02-13 10:12:25.216828,Tokyo-54e5,-19,91,Normal
2026-02-13 10:12:26.216828,Tokyo-54e5,29,4,Normal
2026-02-13 10:12:27.216828,Tokyo-54e5,-17,12,Normal
2026-02-13 10:12:28.216828,Tokyo-54e5,49,91,Normal
2026-02-13 10:12:29.216828,Tokyo-54e5,-13,16,Normal
2026-02-13 10:12:30.216828,Tokyo-54e5,48,52,Normal
2026-02-13 10:12:31.216828,Tokyo-54e5,49,17,Normal
2026-02-13 10:12:32.216828,Tokyo-54e5,-24,98,Normal
2026-02-13 10:12:33.216828,Tokyo-54e5,-23,96,Normal
2026-02-13 10:12:34.216828,Tokyo-54e5,-24,80,Normal
2026-02-13 10:12:35.216828,Tokyo-54e5,11,67,Normal
2026-02-13 10:12:36.216828,Tokyo-54e5,10,5,Normal
2026-02-13 10:12:37.216828,Tokyo-54e5,5,72,Normal
2026-02-13 10:12:38.216828,Tokyo-54e5,-22,40,Normal
2026-02-13 10:12:39.216828,Tokyo-54e5,37,83,Normal
2026-02-13 10:12:40.216828,Tokyo-54e5,29,60,Normal
2026-02-13 10:12:41.216828,Tokyo-54e5,33,2,Normal
2026-02-13 10:12:42.216828,Tokyo-54e5,42,2,Normal
2026-02-13 10:12:43.216828,Tokyo-54e5,-10,32,Normal
2026-02-13 10:12:44.216828,Tokyo-54e5,-6,37,Normal
2026-02-13 10:12:45.216828,Tokyo-54e5,18,97,Normal
2026-02-13 10:12:46.216828,Tokyo-54e5,-8,39,Normal
2026-02-13 10:12:47.216828,Tokyo-54e5,16,9,Normal
2026-02-13 10:12:48.216828,Tokyo-54e5,21,89,Normal
2026-02-13 10:12:49.216828,Tokyo-54e5,6,22,Normal
2026-02-13 10:12:50.216828,Tokyo-54e5,11,90,Normal
2026-02-13 10:12:51.216828,Tokyo-54e5,12,20,Normal
2026-02-13 10:12:52.216828,Tokyo-54e5,0,76,Normal
2026-02-13 10:12:53.216828,Tokyo-54e5,-26,44,Normal
2026-02-13 10:12:54.216828,Tokyo-54e5,19,62,Normal
2026-02-13 10:12:55.216828,Tokyo-54e5,7,99,Normal
2026-02-13 10:12:56.216828,Tokyo-54e5,-7,63,Normal
2026-02-13 10:12:57.216828,Tokyo-54e5,34,51,Normal
2026-02-13 10:12:58.216828,Tokyo-54e5,-29,71,Normal
2026-02-13 10:12:59.216828,Tokyo-54e5,-28,53,Normal
2026-02-13 10:13:00.216828,Tokyo-54e5,-22,1,Normal
2026-02-13 10:13:01.216828,Tokyo-54e5,24,11,Normal
2026-02-13 10:13:02.216828,Tokyo-54e5,-20,57,Normal
2026-02-13 10:13:03.216828,Tokyo-54e5,39,95,Normal
2026-02-13 10:13:04.216828,Tokyo-54e5,49,55,Normal
2026-02-13 10:13:05.216828,Tokyo-54e5,-16,84,Normal
2026-02-13 10:13:06.216828,Tokyo-54e5,-2,35,Normal
2026-02-13 10:13:07.216828,Tokyo-54e5,-25,40,Normal
2026-02-13 10:13:08.216828,Tokyo-54e5,31,18,Normal
2026-02-13 10:13:09.216828,Tokyo-54e5,36,49,Normal
2026-02-13 10:13:10.216828,Tokyo-54e5,-29,89,Normal
2026-02-13 10:13:11.216828,Tokyo-54e5,40,45,Normal
2026-02-13 10:13:12.216828,Tokyo-54e5,-6,8,Normal
2026-02-13 10:13:13.216828,Tokyo-54e5,-22,66,Normal
2026-02-13 10:13:14.216828,Tokyo-54e5,39,65,Normal
2026-02-13 10:13:15.216828,Tokyo-54e5,-27,8,Normal
2026-02-13 10:13:16.216828,Tokyo-54e5,15,81,Normal
2026-02-13 10:13:17.216828,Tokyo-54e5,13,59,Normal
2026-02-13 10:13:18.216828,Tokyo-54e5,-29,65,Normal
2026-02-13 10:13:19.216828,Tokyo-54e5,12,87,Normal
2026-02-13 10:13:20.216828,Tokyo-54e5,14,50,Normal
2026-02-13 10:13:21.216828,Tokyo-54e5,35,73,Normal
2026-02-13 10:13:22.216828,Tokyo-54e5,-15,67,Normal
2026-02-13 10:13:23.216828,Tokyo-54e5,39,32,Normal
2026-02-13 10:13:24.216828,Tokyo-54e5,-21,44,Normal
2026-02-13 10:13:25.216828,Tokyo-54e5,29,12,Normal
2026-02-13 10:13:26.216828,Tokyo-54e5,41,81,Normal
2026-02-13 10:13:27.216828,Tokyo-54e5,22,35,Normal
2026-02-13 10:13:28.216828,Tokyo-54e5,-3,42,Normal
2026-02-13 10:13:29.216828,Tokyo-54e5,26,20,Normal
2026-02-13 10:13:30.216828,Tokyo-54e5,18,95,Normal
2026-02-13 10:13:31.216828,Tokyo-54e5,43,37,Normal
2026-02-13 10:13:32.216828,Tokyo-54e5,38,12,Normal
2026-02-13 10:13:33.216828,Tokyo-54e5,-2,9,Normal
2026-02-13 10:13:34.216828,Tokyo-54e5,14,7,Normal
2026-02-13 10:13:35.216828,Tokyo-54e5,-3,46,Normal
2026-02-13 10:13:36.216828,Tokyo-54e5,-29,21,Normal
2026-02-13 10:13:37.216828,Tokyo-54e5,38,97,Normal
2026-02-13 10:13:38.216828,Tokyo-54e5,49,18,Normal
2026-02-13 10:13:39.216828,Tokyo-54e5,28,52,Normal
2026-02-13 10:13:40.216828,Tokyo-54e5,-5,2,Normal
2026-02-13 10:13:41.216828,Tokyo-54e5,-22,94,Normal
2026-02-13 10:13:42.216828,Tokyo-54e5,32,72,Normal
2026-02-13 10:13:43.216828,Tokyo-54e5,21,98,Normal
2026-02-13 10:13:44.216828,Tokyo-54e5,-29,65,Normal
2026-02-13 10:13:45.216828,Tokyo-54e5,13,28,Normal
2026-02-13 10:13:46.216828,Tokyo-54e5,-11,48,Normal
2026-02-13 10:13:47.216828,Tokyo-54e5,48,49,Normal
2026-02-13 10:13:48.216828,Tokyo-54e5,4,24,Normal
2026-02-13 10:13:49.216828,Tokyo-54e5,-22,21,Normal
2026-02-13 10:13:50.216828,Tokyo-54e5,29,47,Normal
2026-02-13 10:13:51.216828,Tokyo-54e5,14,89,Normal
2026-02-13 10:13:52.216828,Tokyo-54e5,5,19,Normal
2026-02-13 10:13:53.216828,Tokyo-54e5,50,64,Normal
2026-02-13 10:13:54.216828,Tokyo-54e5,-25,38,Normal
2026-02-13 10:13:55.216828,Tokyo-54e5,-6,4,Normal
2026-02-13 10:13:56.216828,Tokyo-54e5,41,47,Normal
2026-02-13 10:13:57.216828,Tokyo-54e5,-27,19,Normal
2026-02-13 10:13:58.216828,Tokyo-54e5,38,12,Normal
2026-02-13 10:13:59.216828,Tokyo-54e5,-30,75,Normal
2026-02-13 10:14:00.216828,Tokyo-54e5,28,55,Normal
2026-02-13 10:14:01.216828,Tokyo-54e5,13,9,Normal
2026-02-13 10:14:02.216828,Tokyo-54e5,34,60,Normal
2026-02-13 10:14:03.216828,Tokyo-54e5,42,79,Normal
2026-02-13 10:14:04.216828,Tokyo-54e5,11,36,Normal
2026-02-13 10:14:05.216828,Tokyo-54e5,5,8,Normal
2026-02-13 10:14:06.216828,Tokyo-54e5,-27,5,Normal
2026-02-13 10:14:07.216828,Tokyo-54e5,44,18,Normal
2026-02-13 10:14:08.216828,Tokyo-54e5,47,4,Normal
2026-02-13 10:14:09.216828,Tokyo-54e5,31,30,Normal
2026-02-13 10:14:10.216828,Tokyo-54e5,-11,71,Normal
2026-02-13 10:14:11.216828,Tokyo-54e5,-26,24,Normal
2026-02-13 10:14:12.216828,Tokyo-54e5,22,21,Normal
2026-02-13 10:14:13.216828,Tokyo-54e5,-23,91,Normal
2026-02-13 10:14:14.216828,Tokyo-54e5,6,48,Normal
2026-02-13 10:14:15.216828,Tokyo-54e5,41,39,Normal
2026-02-13 10:14:16.216828,Tokyo-54e5,-5,57,Normal
2026-02-13 10:14:17.216828,Tokyo-54e5,9,39,Normal
2026-02-13 10:14:18.216828,Tokyo-54e5,-24,82,Normal
2026-02-13 10:14:19.216828,Tokyo-54e5,-6,43,Normal
2026-02-13 10:14:20.216828,Tokyo-54e5,-25,4,Normal
2026-02-13 10:14:21.216828,Tokyo-54e5,1,39,Normal
2026-02-13 10:14:22.216828,Tokyo-54e5,1,96,Normal
2026-02-13 10:14:23.216828,Tokyo-54e5,44,99,Normal
2026-02-13 10:14:24.216828,Tokyo-54e5,-16,33,Normal
2026-02-13 10:14:25.216828,Tokyo-54e5,43,59,Normal
2026-02-13 10:14:26.216828,Tokyo-54e5,12,32,Normal
2026-02-13 10:14:27.216828,Tokyo-54e5,33,20,Normal
2026-02-13 10:14:28.216828,Tokyo-54e5,-19,52,Normal
2026-02-13 10:14:29.216828,Tokyo-54e5,-18,56,Normal
2026-02-13 10:14:30.216828,Tokyo-54e5,46,28,Normal
2026-02-13 10:14:31.216828,Tokyo-54e5,36,84,Normal
2026-02-13 10:14:32.216828,Tokyo-54e5,42,51,Normal
2026-02-13 10:14:33.216828,Tokyo-54e5,24,31,Normal
2026-02-13 10:14:34.216828,Tokyo-54e5,30,0,Normal
2026-02-13 10:14:35.216828,Tokyo-54e5,4,88,Normal
2026-02-13 10:14:36.216828,Tokyo-54e5,35,4,Normal
2026-02-13 10:14:37.216828,Tokyo-54e5,-13,59,Normal
2026-02-13 10:14:38.216828,Tokyo-54e5,33,66,Normal
2026-02-13 10:14:39.216828,Tokyo-54e5,-7,71,Normal
2026-02-13 10:14:40.216828,Tokyo-54e5,45,98,Normal
2026-02-13 10:14:41.216828,Tokyo-54e5,15,83,Normal
2026-02-13 10:14:42.216828,Tokyo-54e5,-29,38,Normal
2026-02-13 10:14:43.216828,Tokyo-54e5,-28,93,Normal
2026-02-13 10:14:44.216828,Tokyo-54e5,22,33,Normal
2026-02-13 10:14:45.216828,Tokyo-54e5,8,49,Normal
2026-02-13 10:14:46.216828,Tokyo-54e5,40,42,Normal
2026-02-13 10:14:47.216828,Tokyo-54e5,23,30,Normal
2026-02-13 10:14:48.216828,Tokyo-54e5,19,85,Normal
2026-02-13 10:14:49.216828,Tokyo-54e5,-26,67,Normal
2026-02-13 10:14:50.216828,Tokyo-54e5,49,17,Normal
2026-02-13 10:14:51.216828,Tokyo-54e5,2,91,Normal
2026-02-13 10:14:52.216828,Tokyo-54e5,-14,100,Normal
2026-02-13 10:14:53.216828,Tokyo-54e5,15,50,Normal
2026-02-13 10:14:54.216828,Tokyo-54e5,-20,86,Normal
2026-02-13 10:14:55.216828,Tokyo-54e5,29,22,Normal
2026-02-13 10:14:56.216828,Tokyo-54e5,47,42,Normal
2026-02-13 10:14:57.216828,Tokyo-54e5,-13,97,Normal
2026-02-13 10:14:58.216828,Tokyo-54e5,-21,56,Normal
2026-02-13 10:14:59.216828,Tokyo-54e5,-23,87,Normal
2026-02-13 10:15:00.216828,Tokyo-54e5,-2,7,Normal
2026-02-13 10:15:01.216828,Tokyo-54e5,-12,26,Normal
2026-02-13 10:15:02.216828,Tokyo-54e5,-7,98,Normal
2026-02-13 10:15:03.216828,Tokyo-54e5,26,68,Normal
2026-02-13 10:15:04.216828,Tokyo-54e5,33,7,Normal
2026-02-13 10:15:05.216828,Tokyo-54e5,47,67,Normal
2026-02-13 10:15:06.216828,Tokyo-54e5,19,46,Normal
2026-02-13 10:15:07.216828,Tokyo-54e5,-19,89,Normal
2026-02-13 10:15:08.216828,Tokyo-54e5,21,9,Normal
2026-02-13 10:15:09.216828,Tokyo-54e5,45,43,Normal
2026-02-13 10:15:10.216828,Tokyo-54e5,-19,0,Normal
2026-02-13 10:15:11.216828,Tokyo-54e5,-12,47,Normal
2026-02-13 10:15:12.216828,Tokyo-54e5,-15,37,Normal
2026-02-13 10:15:13.216828,Tokyo-54e5,-29,4,Normal
2026-02-13 10:15:14.216828,Tokyo-54e5,44,65,Normal
2026-02-13 10:15:15.216828,Tokyo-54e5,-11,44,Normal
2026-02-13 10:15:16.216828,Tokyo-54e5,-20,65,Normal
2026-02-13 10:15:17.216828,Tokyo-54e5,25,77,Normal
2026-02-13 10:15:18.216828,Tokyo-54e5,5,8,Normal
2026-02-13 10:15:19.216828,Tokyo-54e5,43,68,Normal
2026-02-13 10:15:20.216828,Tokyo-54e5,30,81,Normal
2026-02-13 10:15:21.216828,Tokyo-54e5,-21,21,Normal
2026-02-13 10:15:22.216828,Tokyo-54e5,-21,79,Normal
2026-02-13 10:15:23.216828,Tokyo-54e5,25,14,Normal
2026-02-13 10:15:24.216828,Tokyo-54e5,24,55,Normal
2026-02-13 10:15:25.216828,Tokyo-54e5,30,98,Normal
2026-02-13 10:15:26.216828,Tokyo-54e5,42,46,Normal
2026-02-13 10:15:27.216828,Tokyo-54e5,24,80,Normal
2026-02-13 10:15:28.216828,Tokyo-54e5,2,92,Normal
2026-02-13 10:15:29.216828,Tokyo-54e5,21,92,Normal
2026-02-13 10:15:30.216828,Tokyo-54e5,-6,83,Normal
2026-02-13 10:15:31.216828,Tokyo-54e5,-15,54,Normal
2026-02-13 10:15:32.216828,Tokyo-54e5,8,73,Normal
2026-02-13 10:15:33.216828,Tokyo-54e5,-19,34,Normal
2026-02-13 10:15:34.216828,Tokyo-54e5,29,36,Normal
2026-02-13 10:15:35.216828,Tokyo-54e5,19,96,Normal
2026-02-13 10:15:36.216828,Tokyo-54e5,18,4,Normal
2026-02-13 10:15:37.216828,Tokyo-54e5,-10,61,Normal
2026-02-13 10:15:38.216828,Tokyo-54e5,17,9,Normal
2026-02-13 10:15:39.216828,Tokyo-54e5,2,39,Normal
2026-02-13 10:15:40.216828,Tokyo-54e5,-27,29,Normal
2026-02-13 10:15:41.216828,Tokyo-54e5,40,7,Normal
2026-02-13 10:15:42.216828,Tokyo-54e5,31,49,Normal
2026-02-13 10:15:43.216828,Tokyo-54e5,21,57,Normal
2026-02-13 10:15:44.216828,Tokyo-54e5,43,18,Normal
2026-02-13 10:15:45.216828,Tokyo-54e5,32,45,Normal
2026-02-13 10:15:46.216828,Tokyo-54e5,-7,19,Normal
2026-02-13 10:15:47.216828,Tokyo-54e5,-16,79,Normal
2026-02-13 10:15:48.216828,Tokyo-54e5,6,82,Normal
2026-02-13 10:15:49.216828,Tokyo-54e5,-20,96,Normal
2026-02-13 10:15:50.216828,Tokyo-54e5,3,89,Normal
2026-02-13 10:15:51.216828,Tokyo-54e5,-10,81,Normal
2026-02-13 10:15:52.216828,Tokyo-54e5,24,58,Normal
2026-02-13 10:15:53.216828,Tokyo-54e5,-10,66,Normal
2026-02-13 10:15:54.216828,Tokyo-54e5,46,59,Normal
2026-02-13 10:15:55.216828,Tokyo-54e5,31,77,Normal
2026-02-13 10:15:56.216828,Tokyo-54e5,22,53,Normal
2026-02-13 10:15:57.216828,Tokyo-54e5,-7,60,Normal
2026-02-13 10:15:58.216828,Tokyo-54e5,-30,60,Normal
2026-02-13 10:15:59.216828,Tokyo-54e5,-17,26,Normal
2026-02-13 10:16:00.216828,Tokyo-54e5,29,5,Normal
2026-02-13 10:16:01.216828,Tokyo-54e5,11,28,Normal
2026-02-13 10:16:02.216828,Tokyo-54e5,-14,5,Normal
2026-02-13 10:16:03.216828,Tokyo-54e5,13,64,Normal
2026-02-13 10:16:04.216828,Tokyo-54e5,-7,1,Normal
2026-02-13 10:16:05.216828,Tokyo-54e5,-24,23,Normal
2026-02-13 10:16:06.216828,Tokyo-54e5,9,89,Normal
2026-02-13 10:16:07.216828,Tokyo-54e5,35,48,Normal
2026-02-13 10:16:08.216828,Tokyo-54e5,-18,5,Normal
2026-02-13 10:16:09.216828,Tokyo-54e5,7,10,Normal
2026-02-13 10:16:10.216828,Tokyo-54e5,40,79,Normal
2026-02-13 10:16:11.216828,Tokyo-54e5,12,96,Normal
2026-02-13 10:16:12.216828,Tokyo-54e5,28,98,Normal
2026-02-13 10:16:13.216828,Tokyo-54e5,-22,5,Normal
2026-02-13 10:16:14.216828,Tokyo-54e5,-2,9,Normal
2026-02-13 10:16:15.216828,Tokyo-54e5,16,74,Normal
2026-02-13 10:16:16.216828,Tokyo-54e5,-1,67,Normal
2026-02-13 10:16:17.216828,Tokyo-54e5,47,69,Normal
2026-02-13 10:16:18.216828,Tokyo-54e5,-25,76,Normal
2026-02-13 10:16:19.216828,Tokyo-54e5,11,14,Normal
2026-02-13 10:16:20.216828,Tokyo-54e5,40,94,Normal
2026-02-13 10:16:21.216828,Tokyo-54e5,2,62,Normal
2026-02-13 10:16:22.216828,Tokyo-54e5,26,70,Normal
2026-02-13 10:16:23.216828,Tokyo-54e5,2,99,Normal
2026-02-13 10:16:24.216828,Tokyo-54e5,42,16,Normal
2026-02-13 10:16:25.216828,Tokyo-54e5,-8,11,Normal
2026-02-13 10:16:26.216828,Tokyo-54e5,21,10,Normal
2026-02-13 10:16:27.216828,Tokyo-54e5,35,34,Normal
2026-02-13 10:16:28.216828,Tokyo-54e5,22,44,Normal
2026-02-13 10:16:29.216828,Tokyo-54e5,-10,81,Normal
2026-02-13 10:16:30.216828,Tokyo-54e5,50,78,Normal
2026-02-13 10:16:31.216828,Tokyo-54e5,36,99,Normal
2026-02-13 10:16:32.216828,Tokyo-54e5,-26,0,Normal
2026-02-13 10:16:33.216828,Tokyo-54e5,4,36,Normal
2026-02-13 10:16:34.216828,Tokyo-54e5,-23,33,Normal
2026-02-13 10:16:35.216828,Tokyo-54e5,-6,1,Normal
2026-02-13 10:16:36.216828,Tokyo-54e5,18,8,Normal
2026-02-13 10:16:37.216828,Tokyo-54e5,44,17,Normal
2026-02-13 10:16:38.216828,Tokyo-54e5,14,33,Normal
2026-02-13 10:16:39.216828,Tokyo-54e5,41,21,Normal
2026-02-13 10:16:40.216828,Tokyo-54e5,-10,28,Normal
2026-02-13 10:16:41.216828,Tokyo-54e5,17,63,Normal
2026-02-13 10:16:42.216828,Tokyo-54e5,8,49,Normal
2026-02-13 10:16:43.216828,Tokyo-54e5,19,17,Normal
2026-02-13 10:16:44.216828,Tokyo-54e5,10,34,Normal
2026-02-13 10:16:45.216828,Tokyo-54e5,-24,9,Normal
2026-02-13 10:16:46.216828,Tokyo-54e5,-11,89,Normal
2026-02-13 10:16:47.216828,Tokyo-54e5,47,33,Normal
2026-02-13 10:16:48.216828,Tokyo-54e5,4,41,Normal
2026-02-13 10:16:49.216828,Tokyo-54e5,27,25,Normal
2026-02-13 10:16:50.216828,Tokyo-54e5,12,24,Normal
2026-02-13 10:16:51.216828,Tokyo-54e5,24,43,Normal
2026-02-13 10:16:52.216828,Tokyo-54e5,46,23,Normal
2026-02-13 10:16:53.216828,Tokyo-54e5,-22,70,Normal
2026-02-13 10:16:54.216828,Tokyo-54e5,-23,51,Normal
2026-02-13 10:16:55.216828,Tokyo-54e5,-3,55,Normal
2026-02-13 10:16:56.216828,Tokyo-54e5,15,57,Normal
2026-02-13 10:16:57.216828,Tokyo-54e5,16,79,Normal
2026-02-13 10:16:58.216828,Tokyo-54e5,-16,33,Normal
2026-02-13 10:16:59.216828,Tokyo-54e5,39,95,Normal
2026-02-13 10:17:00.216828,Tokyo-54e5,3,56,Normal
2026-02-13 10:17:01.216828,Tokyo-54e5,37,96,Normal
2026-02-13 10:17:02.216828,Tokyo-54e5,40,27,Normal
2026-02-13 10:17:03.216828,Tokyo-54e5,49,13,Normal
2026-02-13 10:17:04.216828,Tokyo-54e5,26,19,Normal
2026-02-13 10:17:05.216828,Tokyo-54e5,15,25,Normal
2026-02-13 10:17:06.216828,Tokyo-54e5,27,9,Normal
2026-02-13 10:17:07.216828,Tokyo-54e5,11,49,Normal
2026-02-13 10:17:08.216828,Tokyo-54e5,1,65,Normal
2026-02-13 10:17:09.216828,Tokyo-54e5,2,92,Normal
2026-02-13 10:17:10.216828,Tokyo-54e5,17,71,Normal
2026-02-13 10:17:11.216828,Tokyo-54e5,47,51,Normal
2026-02-13 10:17:12.216828,Tokyo-54e5,20,57,Normal
2026-02-13 10:17:13.216828,Tokyo-54e5,40,60,Normal
2026-02-13 10:17:14.216828,Tokyo-54e5,-8,57,Normal
2026-02-13 10:17:15.216828,Tokyo-54e5,-24,55,Normal
2026-02-13 10:17:16.216828,Tokyo-54e5,-2,72,Normal
2026-02-13 10:17:17.216828,Tokyo-54e5,-11,90,Normal
2026-02-13 10:17:18.216828,Tokyo-54e5,-15,13,Normal
2026-02-13 10:17:19.216828,Tokyo-54e5,-29,23,Normal
2026-02-13 10:17:20.216828,Tokyo-54e5,-10,18,Normal
2026-02-13 10:17:21.216828,Tokyo-54e5,33,11,Normal
2026-02-13 10:17:22.216828,Tokyo-54e5,49,42,Normal
2026-02-13 10:17:23.216828,Tokyo-54e5,2,91,Normal
2026-02-13 10:17:24.216828,Tokyo-54e5,-2,58,Normal
2026-02-13 10:17:25.216828,Tokyo-54e5,-5,65,Normal
2026-02-13 10:17:26.216828,Tokyo-54e5,12,67,Normal
2026-02-13 10:17:27.216828,Tokyo-54e5,21,56,Normal
2026-02-13 10:17:28.216828,Tokyo-54e5,34,50,Normal
2026-02-13 10:17:29.216828,Tokyo-54e5,36,2,Normal
2026-02-13 10:17:30.216828,Tokyo-54e5,47,88,Normal
2026-02-13 10:17:31.216828,Tokyo-54e5,-25,39,Normal
2026-02-13 10:17:32.216828,Tokyo-54e5,-29,63,Normal
2026-02-13 10:17:33.216828,Tokyo-54e5,45,80,Normal
2026-02-13 10:17:34.216828,Tokyo-54e5,19,14,Normal
2026-02-13 10:17:35.216828,Tokyo-54e5,-29,58,Normal
2026-02-13 10:17:36.216828,Tokyo-54e5,-11,26,Normal
2026-02-13 10:17:37.216828,Tokyo-54e5,15,53,Normal
2026-02-13 10:17:38.216828,Tokyo-54e5,31,91,Normal
2026-02-13 10:17:39.216828,Tokyo-54e5,-10,11,Normal
2026-02-13 10:17:40.216828,Tokyo-54e5,45,16,Normal
2026-02-13 10:17:41.216828,Tokyo-54e5,-17,4,Normal
2026-02-13 10:17:42.216828,Tokyo-54e5,39,36,Normal
2026-02-13 10:17:43.216828,Tokyo-54e5,-17,25,Normal
2026-02-13 10:17:44.216828,Tokyo-54e5,11,45,Normal
2026-02-13 10:17:45.216828,Tokyo-54e5,44,16,Normal
2026-02-13 10:17:46.216828,Tokyo-54e5,-3,29,Normal
2026-02-13 10:17:47.216828,Tokyo-54e5,-16,61,Normal
2026-02-13 10:17:48.216828,Tokyo-54e5,48,10,Normal
2026-02-13 10:17:49.216828,Tokyo-54e5,42,42,Normal
2026-02-13 10:17:50.216828,Tokyo-54e5,46,34,Normal
2026-02-13 10:17:51.216828,Tokyo-54e5,-1,53,Normal
2026-02-13 10:17:52.216828,Tokyo-54e5,8,42,Normal
2026-02-13 10:17:53.216828,Tokyo-54e5,39,94,Normal
2026-02-13 10:17:54.216828,Tokyo-54e5,28,96,Normal
2026-02-13 10:17:55.216828,Tokyo-54e5,-30,61,Normal
2026-02-13 10:17:56.216828,Tokyo-54e5,41,41,Normal
2026-02-13 10:17:57.216828,Tokyo-54e5,49,77,Normal
2026-02-13 10:17:58.216828,Tokyo-54e5,41,73,Normal
2026-02-13 10:17:59.216828,Tokyo-54e5,6,96,Normal
2026-02-13 10:18:00.216828,Tokyo-54e5,-22,94,Normal
2026-02-13 10:18:01.216828,Tokyo-54e5,46,41,Normal
2026-02-13 10:18:02.216828,Tokyo-54e5,-16,73,Normal
2026-02-13 10:18:03.216828,Tokyo-54e5,32,24,Normal
2026-02-13 10:18:04.216828,Tokyo-54e5,29,0,Normal
2026-02-13 10:18:05.216828,Tokyo-54e5,12,32,Normal
2026-02-13 10:18:06.216828,Tokyo-54e5,-12,11,Normal
2026-02-13 10:18:07.216828,Tokyo-54e5,12,70,Normal
2026-02-13 10:18:08.216828,Tokyo-54e5,-23,98,Normal
2026-02-13 10:18:09.216828,Tokyo-54e5,41,17,Normal
2026-02-13 10:18:10.216828,Tokyo-54e5,-13,72,Normal
2026-02-13 10:18:11.216828,Tokyo-54e5,28,43,Normal
2026-02-13 10:18:12.216828,Tokyo-54e5,5,37,Normal
2026-02-13 10:18:13.216828,Tokyo-54e5,5,72,Normal
2026-02-13 10:18:14.216828,Tokyo-54e5,-1,12,Normal
2026-02-13 10:18:15.216828,Tokyo-54e5,24,52,Normal
2026-02-13 10:18:16.216828,Tokyo-54e5,49,74,Normal
2026-02-13 10:18:17.216828,Tokyo-54e5,15,62,Normal
2026-02-13 10:18:18.216828,Tokyo-54e5,-10,98,Normal
2026-02-13 10:18:19.216828,Tokyo-54e5,16,31,Normal
2026-02-13 10:18:20.216828,Tokyo-54e5,-24,90,Normal
2026-02-13 10:18:21.216828,Tokyo-54e5,26,98,Normal
2026-02-13 10:18:22.216828,Tokyo-54e5,39,2,Normal
2026-02-13 10:18:23.216828,Tokyo-54e5,-3,85,Normal
2026-02-13 10:18:24.216828,Tokyo-54e5,10,74,Normal
2026-02-13 10:18:25.216828,Tokyo-54e5,44,33,Normal
2026-02-13 10:18:26.216828,Tokyo-54e5,-15,58,Normal
2026-02-13 10:18:27.216828,Tokyo-54e5,-13,10,Normal
2026-02-13 10:18:28.216828,Tokyo-54e5,-14,61,Normal
2026-02-13 10:18:29.216828,Tokyo-54e5,2,53,Normal
2026-02-13 10:18:30.216828,Tokyo-54e5,25,22,Normal
2026-02-13 10:18:31.216828,Tokyo-54e5,42,1,Normal
2026-02-13 10:18:32.216828,Tokyo-54e5,40,33,Normal
2026-02-13 10:18:33.216828,Tokyo-54e5,-24,54,Normal
2026-02-13 10:18:34.216828,Tokyo-54e5,45,45,Normal
2026-02-13 10:18:35.216828,Tokyo-54e5,3,63,Normal
2026-02-13 10:18:36.216828,Tokyo-54e5,24,92,Normal
2026-02-13 10:18:37.216828,Tokyo-54e5,-29,80,Normal
2026-02-13 10:18:38.216828,Tokyo-54e5,44,58,Normal
2026-02-13 10:18:39.216828,Tokyo-54e5,-19,77,Normal
2026-02-13 10:18:40.216828,Tokyo-54e5,11,48,Normal
2026-02-13 10:18:41.216828,Tokyo-54e5,16,14,Normal
2026-02-13 10:18:42.216828,Tokyo-54e5,11,47,Normal
2026-02-13 10:18:43.216828,Tokyo-54e5,33,86,Normal
2026-02-13 10:18:44.216828,Tokyo-54e5,45,47,Normal
2026-02-13 10:18:45.216828,Tokyo-54e5,14,96,Normal
2026-02-13 10:18:46.216828,Tokyo-54e5,28,22,Normal
2026-02-13 10:18:47.216828,Tokyo-54e5,7,93,Normal
2026-02-13 10:18:48.216828,Tokyo-54e5,-3,51,Normal
2026-02-13 10:18:49.216828,Tokyo-54e5,25,54,Normal
2026-02-13 10:18:50.216828,Tokyo-54e5,50,63,Normal
2026-02-13 10:18:51.216828,Tokyo-54e5,-7,76,Normal
2026-02-13 10:18:52.216828,Tokyo-54e5,6,11,Normal
2026-02-13 10:18:53.216828,Tokyo-54e5,25,27,Normal
2026-02-13 10:18:54.216828,Tokyo-54e5,31,70,Normal
2026-02-13 10:18:55.216828,Tokyo-54e5,14,97,Normal
2026-02-13 10:18:56.216828,Tokyo-54e5,-1,55,Normal
2026-02-13 10:18:57.216828,Tokyo-54e5,-4,96,Normal
2026-02-13 10:18:58.216828,Tokyo-54e5,43,23,Normal
2026-02-13 10:18:59.216828,Tokyo-54e5,-11,66,Normal
2026-02-13 10:19:00.216828,Tokyo-54e5,6,68,Normal
2026-02-13 10:19:01.216828,Tokyo-54e5,-30,48,Normal
2026-02-13 10:19:02.216828,Tokyo-54e5,32,21,Normal
2026-02-13 10:19:03.216828,Tokyo-54e5,35,40,Normal
2026-02-13 10:19:04.216828,Tokyo-54e5,-23,59,Normal
2026-02-13 10:19:05.216828,Tokyo-54e5,25,57,Normal
2026-02-13 10:19:06.216828,Tokyo-54e5,26,16,Normal
2026-02-13 10:19:07.216828,Tokyo-54e5,-21,95,Normal
2026-02-13 10:19:08.216828,Tokyo-54e5,36,41,Normal
2026-02-13 10:19:09.216828,Tokyo-54e5,32,66,Normal
2026-02-13 10:19:10.216828,Tokyo-54e5,-23,52,Normal
2026-02-13 10:19:11.216828,Tokyo-54e5,6,17,Normal
2026-02-13 10:19:12.216828,Tokyo-54e5,-2,92,Normal
2026-02-13 10:19:13.216828,Tokyo-54e5,40,93,Normal
2026-02-13 10:19:14.216828,Tokyo-54e5,50,96,Normal
2026-02-13 10:19:15.216828,Tokyo-54e5,33,73,Normal
2026-02-13 10:19:16.216828,Tokyo-54e5,14,79,Normal
2026-02-13 10:19:17.216828,Tokyo-54e5,11,90,Normal
2026-02-13 10:19:18.216828,Tokyo-54e5,-30,37,Normal
2026-02-13 10:19:19.216828,Tokyo-54e5,-22,83,Normal
2026-02-13 10:19:20.216828,Tokyo-54e5,18,13,Normal
2026-02-13 10:19:21.216828,Tokyo-54e5,18,94,Normal
2026-02-13 10:19:22.216828,Tokyo-54e5,-5,38,Normal
2026-02-13 10:19:23.216828,Tokyo-54e5,-20,90,Normal
2026-02-13 10:19:24.216828,Tokyo-54e5,31,86,Normal
2026-02-13 10:19:25.216828,Tokyo-54e5,-15,64,Normal
2026-02-13 10:19:26.216828,Tokyo-54e5,-21,71,Normal
2026-02-13 10:19:27.216828,Tokyo-54e5,4,55,Normal
2026-02-13 10:19:28.216828,Tokyo-54e5,1,82,Normal
2026-02-13 10:19:29.216828,Tokyo-54e5,5,34,Normal
2026-02-13 10:19:30.216828,Tokyo-54e5,35,10,Normal
2026-02-13 10:19:31.216828,Tokyo-54e5,-5,96,Normal
2026-02-13 10:19:32.216828,Tokyo-54e5,-4,46,Normal
2026-02-13 10:19:33.216828,Tokyo-54e5,38,18,Normal
2026-02-13 10:19:34.216828,Tokyo-54e5,10,55,Normal
2026-02-13 10:19:35.216828,Tokyo-54e5,20,90,Normal
2026-02-13 10:19:36.216828,Tokyo-54e5,12,3,Normal
2026-02-13 10:19:37.216828,Tokyo-54e5,-29,73,Normal
2026-02-13 10:19:38.216828,Tokyo-54e5,35,58,Normal
2026-02-13 10:19:39.216828,Tokyo-54e5,-10,20,Normal
2026-02-13 10:19:40.216828,Tokyo-54e5,21,7,Normal
2026-02-13 10:19:41.216828,Tokyo-54e5,-1,46,Normal
2026-02-13 10:19:42.216828,Tokyo-54e5,9,99,Normal
2026-02-13 10:19:43.216828,Tokyo-54e5,-3,28,Normal
2026-02-13 10:19:44.216828,Tokyo-54e5,14,30,Normal
2026-02-13 10:19:45.216828,Tokyo-54e5,3,42,Normal
2026-02-13 10:19:46.216828,Tokyo-54e5,13,55,Normal
2026-02-13 10:19:47.216828,Tokyo-54e5,-7,3,Normal
2026-02-13 10:19:48.216828,Tokyo-54e5,13,19,Normal
2026-02-13 10:19:49.216828,Tokyo-54e5,23,15,Normal
2026-02-13 10:19:50.216828,Tokyo-54e5,-12,97,Normal
2026-02-13 10:19:51.216828,Tokyo-54e5,28,93,Normal
2026-02-13 10:19:52.216828,Tokyo-54e5,1,95,Normal
2026-02-13 10:19:53.216828,Tokyo-54e5,-23,97,Normal
2026-02-13 10:19:54.216828,Tokyo-54e5,27,28,Normal
2026-02-13 10:19:55.216828,Tokyo-54e5,-30,74,Normal
2026-02-13 10:19:56.216828,Tokyo-54e5,-6,97,Normal
2026-02-13 10:19:57.216828,Tokyo-54e5,26,58,Normal
2026-02-13 10:19:58.216828,Tokyo-54e5,-16,38,Normal
2026-02-13 10:19:59.216828,Tokyo-54e5,19,83,Normal
2026-02-13 10:20:00.216828,Tokyo-54e5,-18,49,Normal
2026-02-13 10:20:01.216828,Tokyo-54e5,-12,31,Normal
2026-02-13 10:20:02.216828,Tokyo-54e5,-16,98,Normal
2026-02-13 10:20:03.216828,Tokyo-54e5,-11,83,Normal
2026-02-13 10:20:04.216828,Tokyo-54e5,-24,21,Normal
2026-02-13 10:20:05.216828,Tokyo-54e5,5,39,Normal
2026-02-13 10:20:06.216828,Tokyo-54e5,35,35,Normal
2026-02-13 10:20:07.216828,Tokyo-54e5,49,58,Normal
2026-02-13 10:20:08.216828,Tokyo-54e5,18,81,Normal
2026-02-13 10:20:09.216828,Tokyo-54e5,21,12,Normal
2026-02-13 10:20:10.216828,Tokyo-54e5,43,6,Normal
2026-02-13 10:20:11.216828,Tokyo-54e5,27,70,Normal
2026-02-13 10:20:12.216828,Tokyo-54e5,50,97,Normal
2026-02-13 10:20:13.216828,Tokyo-54e5,20,60,Normal
2026-02-13 10:20:14.216828,Tokyo-54e5,35,76,Normal
2026-02-13 10:20:15.216828,Tokyo-54e5,15,92,Normal
2026-02-13 10:20:16.216828,Tokyo-54e5,38,20,Normal
2026-02-13 10:20:17.216828,Tokyo-54e5,-27,30,Normal
2026-02-13 10:20:18.216828,Tokyo-54e5,-18,76,Normal
2026-02-13 10:20:19.216828,Tokyo-54e5,14,58,Normal
2026-02-13 10:20:20.216828,Tokyo-54e5,-11,69,Normal
2026-02-13 10:20:21.216828,Tokyo-54e5,19,23,Normal
2026-02-13 10:20:22.216828,Tokyo-54e5,-22,76,Normal
2026-02-13 10:20:23.216828,Tokyo-54e5,-26,80,Normal
2026-02-13 10:20:24.216828,Tokyo-54e5,21,4,Normal
2026-02-13 10:20:25.216828,Tokyo-54e5,13,70,Normal
2026-02-13 10:20:26.216828,Tokyo-54e5,46,13,Normal
2026-02-13 10:20:27.216828,Tokyo-54e5,49,78,Normal
2026-02-13 10:20:28.216828,Tokyo-54e5,-3,45,Normal
2026-02-13 10:20:29.216828,Tokyo-54e5,-20,60,Normal
2026-02-13 10:20:30.216828,Tokyo-54e5,-18,93,Normal
2026-02-13 10:20:31.216828,Tokyo-54e5,-5,91,Normal
2026-02-13 10:20:32.216828,Tokyo-54e5,7,94,Normal
2026-02-13 10:20:33.216828,Tokyo-54e5,10,38,Normal
2026-02-13 10:20:34.216828,Tokyo-54e5,31,88,Normal
2026-02-13 10:20:35.216828,Tokyo-54e5,1,70,Normal
2026-02-13 10:20:36.216828,Tokyo-54e5,16,88,Normal
2026-02-13 10:20:37.216828,Tokyo-54e5,38,9,Normal
2026-02-13 10:20:38.216828,Tokyo-54e5,19,68,Normal
2026-02-13 10:20:39.216828,Tokyo-54e5,-17,56,Normal
2026-02-13 10:20:40.216828,Tokyo-54e5,-2,6,Normal
2026-02-13 10:20:41.216828,Tokyo-54e5,14,80,Normal
2026-02-13 10:20:42.216828,Tokyo-54e5,16,22,Normal
2026-02-13 10:20:43.216828,Tokyo-54e5,6,1,Normal
2026-02-13 10:20:44.216828,Tokyo-54e5,24,44,Normal
2026-02-13 10:20:45.216828,Tokyo-54e5,42,64,Normal
2026-02-13 10:20:46.216828,Tokyo-54e5,50,30,Normal
2026-02-13 10:20:47.216828,Tokyo-54e5,-5,74,Normal
2026-02-13 10:20:48.216828,Tokyo-54e5,-12,83,Normal
2026-02-13 10:20:49.216828,Tokyo-54e5,-19,40,Normal
2026-02-13 10:20:50.216828,Tokyo-54e5,36,43,Normal
2026-02-13 10:20:51.216828,Tokyo-54e5,41,0,Normal
2026-02-13 10:20:52.216828,Tokyo-54e5,36,95,Normal
2026-02-13 10:20:53.216828,Tokyo-54e5,-10,68,Normal
2026-02-13 10:20:54.216828,Tokyo-54e5,11,22,Normal
2026-02-13 10:20:55.216828,Tokyo-54e5,16,65,Normal
2026-02-13 10:20:56.216828,Tokyo-54e5,20,33,Normal
2026-02-13 10:20:57.216828,Tokyo-54e5,12,90,Normal
2026-02-13 10:20:58.216828,Tokyo-54e5,26,63,Normal
2026-02-13 10:20:59.216828,Tokyo-54e5,19,51,Normal
2026-02-13 10:21:00.216828,Tokyo-54e5,17,13,Normal
2026-02-13 10:21:01.216828,Tokyo-54e5,43,38,Normal
2026-02-13 10:21:02.216828,Tokyo-54e5,-26,1,Normal
2026-02-13 10:21:03.216828,Tokyo-54e5,2,60,Normal
2026-02-13 10:21:04.216828,Tokyo-54e5,-14,39,Normal
2026-02-13 10:21:05.216828,Tokyo-54e5,-20,62,Normal
2026-02-13 10:21:06.216828,Tokyo-54e5,-6,75,Normal
2026-02-13 10:21:07.216828,Tokyo-54e5,16,41,Normal
2026-02-13 10:21:08.216828,Tokyo-54e5,31,50,Normal
2026-02-13 10:21:09.216828,Tokyo-54e5,33,18,Normal
2026-02-13 10:21:10.216828,Tokyo-54e5,19,46,Normal
2026-02-13 10:21:11.216828,Tokyo-54e5,-4,26,Normal
2026-02-13 10:21:12.216828,Tokyo-54e5,30,86,Normal
2026-02-13 10:21:13.216828,Tokyo-54e5,-1,93,Normal
2026-02-13 10:21:14.216828,Tokyo-54e5,32,75,Normal
2026-02-13 10:21:15.216828,Tokyo-54e5,-12,69,Normal
2026-02-13 10:21:16.216828,Tokyo-54e5,48,24,Normal
2026-02-13 10:21:17.216828,Tokyo-54e5,28,12,Normal
2026-02-13 10:21:18.216828,Tokyo-54e5,37,19,Normal
2026-02-13 10:21:19.216828,Tokyo-54e5,31,64,Normal
2026-02-13 10:21:20.216828,Tokyo-54e5,24,24,Normal
2026-02-13 10:21:21.216828,Tokyo-54e5,7,94,Normal
2026-02-13 10:21:22.216828,Tokyo-54e5,-8,13,Normal
2026-02-13 10:21:23.216828,Tokyo-54e5,-1,55,Normal
2026-02-13 10:21:24.216828,Tokyo-54e5,49,1,Normal
2026-02-13 10:21:25.216828,Tokyo-54e5,-10,42,Normal
2026-02-13 10:21:26.216828,Tokyo-54e5,31,57,Normal
2026-02-13 10:21:27.216828,Tokyo-54e5,34,79,Normal
2026-02-13 10:21:28.216828,Tokyo-54e5,-7,61,Normal
2026-02-13 10:21:29.216828,Tokyo-54e5,31,79,Normal
2026-02-13 10:21:30.216828,Tokyo-54e5,36,99,Normal
2026-02-13 10:21:31.216828,Tokyo-54e5,19,71,Normal
2026-02-13 10:21:32.216828,Tokyo-54e5,40,58,Normal
2026-02-13 10:21:33.216828,Tokyo-54e5,-24,60,Normal
2026-02-13 10:21:34.216828,Tokyo-54e5,50,20,Normal
2026-02-13 10:21:35.216828,Tokyo-54e5,-28,45,Normal
2026-02-13 10:21:36.216828,Tokyo-54e5,25,94,Normal
2026-02-13 10:21:37.216828,Tokyo-54e5,-1,2,Normal
2026-02-13 10:21:38.216828,Tokyo-54e5,44,50,Normal
2026-02-13 10:21:39.216828,Tokyo-54e5,25,48,Normal
2026-02-13 10:21:40.216828,Tokyo-54e5,-10,24,Normal
2026-02-13 10:21:41.216828,Tokyo-54e5,-11,35,Normal
2026-02-13 10:21:42.216828,Tokyo-54e5,-13,18,Normal
2026-02-13 10:21:43.216828,Tokyo-54e5,39,95,Normal
2026-02-13 10:21:44.216828,Tokyo-54e5,-22,1,Normal
2026-02-13 10:21:45.216828,Tokyo-54e5,11,43,Normal
2026-02-13 10:21:46.216828,Tokyo-54e5,-26,89,Normal
2026-02-13 10:21:47.216828,Tokyo-54e5,29,92,Normal
2026-02-13 10:21:48.216828,Tokyo-54e5,3,17,Normal
2026-02-13 10:21:49.216828,Tokyo-54e5,-18,86,Normal
2026-02-13 10:21:50.216828,Tokyo-54e5,-17,11,Normal
2026-02-13 10:21:51.216828,Tokyo-54e5,19,66,Normal
2026-02-13 10:21:52.216828,Tokyo-54e5,29,27,Normal
2026-02-13 10:21:53.216828,Tokyo-54e5,7,92,Normal
2026-02-13 10:21:54.216828,Tokyo-54e5,18,89,Normal
2026-02-13 10:21:55.216828,Tokyo-54e5,34,91,Normal
2026-02-13 10:21:56.216828,Tokyo-54e5,28,95,Normal
2026-02-13 10:21:57.216828,Tokyo-54e5,15,21,Normal
2026-02-13 10:21:58.216828,Tokyo-54e5,-24,62,Normal
2026-02-13 10:21:59.216828,Tokyo-54e5,-26,10,Normal
2026-02-13 10:22:00.216828,Tokyo-54e5,-30,94,Normal
2026-02-13 10:22:01.216828,Tokyo-54e5,0,43,Normal
2026-02-13 10:22:02.216828,Tokyo-54e5,-15,19,Normal
2026-02-13 10:22:03.216828,Tokyo-54e5,23,54,Normal
2026-02-13 10:22:04.216828,Tokyo-54e5,18,42,Normal
2026-02-13 10:22:05.216828,Tokyo-54e5,-13,80,Normal
2026-02-13 10:22:06.216828,Tokyo-54e5,25,13,Normal
2026-02-13 10:22:07.216828,Tokyo-54e5,-5,2,Normal
2026-02-13 10:22:08.216828,Tokyo-54e5,16,45,Normal
2026-02-13 10:22:09.216828,Tokyo-54e5,10,18,Normal
2026-02-13 10:22:10.216828,Tokyo-54e5,22,18,Normal
2026-02-13 10:22:11.216828,Tokyo-54e5,-7,7,Normal
2026-02-13 10:22:12.216828,Tokyo-54e5,47,97,Normal
2026-02-13 10:22:13.216828,Tokyo-54e5,6,4,Normal
2026-02-13 10:22:14.216828,Tokyo-54e5,47,95,Normal
2026-02-13 10:22:15.216828,Tokyo-54e5,34,59,Normal
2026-02-13 10:22:16.216828,Tokyo-54e5,-2,74,Normal
2026-02-13 10:22:17.216828,Tokyo-54e5,44,54,Normal
2026-02-13 10:22:18.216828,Tokyo-54e5,47,69,Normal
2026-02-13 10:22:19.216828,Tokyo-54e5,37,76,Normal
2026-02-13 10:22:20.216828,Tokyo-54e5,-3,52,Normal
2026-02-13 10:22:21.216828,Tokyo-54e5,-2,28,Normal
2026-02-13 10:22:22.216828,Tokyo-54e5,-24,65,Normal
2026-02-13 10:22:23.216828,Tokyo-54e5,6,82,Normal
2026-02-13 10:22:24.216828,Tokyo-54e5,-14,23,Normal
2026-02-13 10:22:25.216828,Tokyo-54e5,33,10,Normal
2026-02-13 10:22:26.216828,Tokyo-54e5,-3,35,Normal
2026-02-13 10:22:27.216828,Tokyo-54e5,-15,97,Normal
2026-02-13 10:22:28.216828,Tokyo-54e5,-16,6,Normal
2026-02-13 10:22:29.216828,Tokyo-54e5,33,59,Normal
2026-02-13 10:22:30.216828,Tokyo-54e5,2,59,Normal
2026-02-13 10:22:31.216828,Tokyo-54e5,38,76,Normal
2026-02-13 10:22:32.216828,Tokyo-54e5,39,9,Normal
2026-02-13 10:22:33.216828,Tokyo-54e5,-16,10,Normal
2026-02-13 10:22:34.216828,Tokyo-54e5,31,15,Normal
2026-02-13 10:22:35.216828,Tokyo-54e5,-21,94,Normal
2026-02-13 10:22:36.216828,Tokyo-54e5,-29,94,Normal
2026-02-13 10:22:37.216828,Tokyo-54e5,-15,2,Normal
2026-02-13 10:22:38.216828,Tokyo-54e5,15,58,Normal
2026-02-13 10:22:39.216828,Tokyo-54e5,7,9,Normal
2026-02-13 10:22:40.216828,Tokyo-54e5,-14,82,Normal
2026-02-13 10:22:41.216828,Tokyo-54e5,12,89,Normal
2026-02-13 10:22:42.216828,Tokyo-54e5,10,87,Normal
2026-02-13 10:22:43.216828,Tokyo-54e5,-10,63,Normal
2026-02-13 10:22:44.216828,Tokyo-54e5,-1,45,Normal
2026-02-13 10:22:45.216828,Tokyo-54e5,-5,57,Normal
2026-02-13 10:22:46.216828,Tokyo-54e5,-14,7,Normal
2026-02-13 10:22:47.216828,Tokyo-54e5,31,85,Normal
2026-02-13 10:22:48.216828,Tokyo-54e5,50,44,Normal
2026-02-13 10:22:49.216828,Tokyo-54e5,14,27,Normal
2026-02-13 10:22:50.216828,Tokyo-54e5,-23,25,Normal
2026-02-13 10:22:51.216828,Tokyo-54e5,-23,80,Normal
2026-02-13 10:22:52.216828,Tokyo-54e5,44,32,Normal
2026-02-13 10:22:53.216828,Tokyo-54e5,-30,85,Normal
2026-02-13 10:22:54.216828,Tokyo-54e5,-28,27,Normal
2026-02-13 10:22:55.216828,Tokyo-54e5,-6,48,Normal
2026-02-13 10:22:56.216828,Tokyo-54e5,18,51,Normal
2026-02-13 10:22:57.216828,Tokyo-54e5,-24,16,Normal
2026-02-13 10:22:58.216828,Tokyo-54e5,-22,67,Normal
2026-02-13 10:22:59.216828,Tokyo-54e5,-22,99,Normal
2026-02-13 10:23:00.216828,Tokyo-54e5,-23,93,Normal
2026-02-13 10:23:01.216828,Tokyo-54e5,-10,61,Normal
2026-02-13 10:23:02.216828,Tokyo-54e5,4,70,Normal
2026-02-13 10:23:03.216828,Tokyo-54e5,40,13,Normal
2026-02-13 10:23:04.216828,Tokyo-54e5,-7,26,Normal
2026-02-13 10:23:05.216828,Tokyo-54e5,26,42,Normal
2026-02-13 10:23:06.216828,Tokyo-54e5,44,27,Normal
2026-02-13 10:23:07.216828,Tokyo-54e5,-26,80,Normal
2026-02-13 10:23:08.216828,Tokyo-54e5,44,85,Normal
2026-02-13 10:23:09.216828,Tokyo-54e5,43,50,Normal
2026-02-13 10:23:10.216828,Tokyo-54e5,18,31,Normal
2026-02-13 10:23:11.216828,Tokyo-54e5,48,9,Normal
2026-02-13 10:23:12.216828,Tokyo-54e5,50,27,Normal
2026-02-13 10:23:13.216828,Tokyo-54e5,42,7,Normal
2026-02-13 10:23:14.216828,Tokyo-54e5,24,92,Normal
2026-02-13 10:23:15.216828,Tokyo-54e5,-2,36,Normal
2026-02-13 10:23:16.216828,Tokyo-54e5,23,71,Normal
2026-02-13 10:23:17.216828,Tokyo-54e5,-3,86,Normal
2026-02-13 10:23:18.216828,Tokyo-54e5,28,33,Normal
2026-02-13 10:23:19.216828,Tokyo-54e5,-9,19,Normal
2026-02-13 10:23:20.216828,Tokyo-54e5,7,18,Normal
2026-02-13 10:23:21.216828,Tokyo-54e5,-21,51,Normal
2026-02-13 10:23:22.216828,Tokyo-54e5,7,74,Normal
2026-02-13 10:23:23.216828,Tokyo-54e5,29,4,Normal
2026-02-13 10:23:24.216828,Tokyo-54e5,-18,4,Normal
2026-02-13 10:23:25.216828,Tokyo-54e5,17,5,Normal
2026-02-13 10:23:26.216828,Tokyo-54e5,-3,80,Normal
2026-02-13 10:23:27.216828,Tokyo-54e5,41,55,Normal
2026-02-13 10:23:28.216828,Tokyo-54e5,-13,54,Normal
2026-02-13 10:23:29.216828,Tokyo-54e5,22,91,Normal
2026-02-13 10:23:30.216828,Tokyo-54e5,2,47,Normal
2026-02-13 10:23:31.216828,Tokyo-54e5,-25,61,Normal
2026-02-13 10:23:32.216828,Tokyo-54e5,-26,58,Normal
2026-02-13 10:23:33.216828,Tokyo-54e5,-10,66,Normal
2026-02-13 10:23:34.216828,Tokyo-54e5,30,17,Normal
2026-02-13 10:23:35.216828,Tokyo-54e5,0,37,Normal
2026-02-13 10:23:36.216828,Tokyo-54e5,48,94,Normal
2026-02-13 10:23:37.216828,Tokyo-54e5,43,42,Normal
2026-02-13 10:23:38.216828,Tokyo-54e5,7,11,Normal
2026-02-13 10:23:39.216828,Tokyo-54e5,-21,72,Normal
2026-02-13 10:23:40.216828,Tokyo-54e5,9,51,Normal
2026-02-13 10:23:41.216828,Tokyo-54e5,-27,45,Normal
2026-02-13 10:23:42.216828,Tokyo-54e5,-5,91,Normal
2026-02-13 10:23:43.216828,Tokyo-54e5,44,59,Normal
2026-02-13 10:23:44.216828,Tokyo-54e5,17,44,Normal
2026-02-13 10:23:45.216828,Tokyo-54e5,22,74,Normal
2026-02-13 10:23:46.216828,Tokyo-54e5,31,77,Normal
2026-02-13 10:23:47.216828,Tokyo-54e5,-25,38,Normal
2026-02-13 10:23:48.216828,Tokyo-54e5,23,72,Normal
2026-02-13 10:23:49.216828,Tokyo-54e5,4,60,Normal
2026-02-13 10:23:50.216828,Tokyo-54e5,38,38,Normal
2026-02-13 10:23:51.216828,Tokyo-54e5,13,70,Normal
2026-02-13 10:23:52.216828,Tokyo-54e5,22,56,Normal
2026-02-13 10:23:53.216828,Tokyo-54e5,45,84,Normal
2026-02-13 10:23:54.216828,Tokyo-54e5,16,12,Normal
2026-02-13 10:23:55.216828,Tokyo-54e5,31,42,Normal
2026-02-13 10:23:56.216828,Tokyo-54e5,26,15,Normal
2026-02-13 10:23:57.216828,Tokyo-54e5,-2,20,Normal
2026-02-13 10:23:58.216828,Tokyo-54e5,-30,50,Normal
2026-02-13 10:23:59.216828,Tokyo-54e5,5,21,Normal
2026-02-13 10:24:00.216828,Tokyo-54e5,-30,82,Normal
2026-02-13 10:24:01.216828,Tokyo-54e5,-6,72,Normal
2026-02-13 10:24:02.216828,Tokyo-54e5,-1,66,Normal
2026-02-13 10:24:03.216828,Tokyo-54e5,25,28,Normal
2026-02-13 10:24:04.216828,Tokyo-54e5,-10,73,Normal
2026-02-13 10:24:05.216828,Tokyo-54e5,-17,35,Normal
2026-02-13 10:24:06.216828,Tokyo-54e5,-13,20,Normal
2026-02-13 10:24:07.216828,Tokyo-54e5,-8,22,Normal
2026-02-13 10:24:08.216828,Tokyo-54e5,-4,50,Normal
2026-02-13 10:24:09.216828,Tokyo-54e5,32,54,Normal
2026-02-13 10:24:10.216828,Tokyo-54e5,-13,45,Normal
2026-02-13 10:24:11.216828,Tokyo-54e5,-26,21,Normal
2026-02-13 10:24:12.216828,Tokyo-54e5,50,63,Normal
2026-02-13 10:24:13.216828,Tokyo-54e5,-2,80,Normal
2026-02-13 10:24:14.216828,Tokyo-54e5,35,12,Normal
2026-02-13 10:24:15.216828,Tokyo-54e5,42,66,Normal
2026-02-13 10:24:16.216828,Tokyo-54e5,35,55,Normal
2026-02-13 10:24:17.216828,Tokyo-54e5,25,11,Normal
2026-02-13 10:24:18.216828,Tokyo-54e5,37,69,Normal
2026-02-13 10:24:19.216828,Tokyo-54e5,-10,20,Normal
2026-02-13 10:24:20.216828,Tokyo-54e5,39,64,Normal
2026-02-13 10:24:21.216828,Tokyo-54e5,-23,60,Normal
2026-02-13 10:24:22.216828,Tokyo-54e5,7,65,Normal
2026-02-13 10:24:23.216828,Tokyo-54e5,46,65,Normal
2026-02-13 10:24:24.216828,Tokyo-54e5,11,90,Normal
2026-02-13 10:24:25.216828,Tokyo-54e5,50,88,Normal
2026-02-13 10:24:26.216828,Tokyo-54e5,21,24,Normal
2026-02-13 10:24:27.216828,Tokyo-54e5,10,20,Normal
2026-02-13 10:24:28.216828,Tokyo-54e5,30,1,Normal
2026-02-13 10:24:29.216828,Tokyo-54e5,33,28,Normal
2026-02-13 10:24:30.216828,Tokyo-54e5,38,85,Normal
2026-02-13 10:24:31.216828,Tokyo-54e5,35,6,Normal
2026-02-13 10:24:32.216828,Tokyo-54e5,-23,63,Normal
2026-02-13 10:24:33.216828,Tokyo-54e5,48,59,Normal
2026-02-13 10:24:34.216828,Tokyo-54e5,2,67,Normal
2026-02-13 10:24:35.216828,Tokyo-54e5,28,20,Normal
2026-02-13 10:24:36.216828,Tokyo-54e5,30,80,Normal
2026-02-13 10:24:37.216828,Tokyo-54e5,17,3,Normal
2026-02-13 10:24:38.216828,Tokyo-54e5,44,94,Normal
2026-02-13 10:24:39.216828,Tokyo-54e5,13,96,Normal
2026-02-13 10:24:40.216828,Tokyo-54e5,39,17,Normal
2026-02-13 10:24:41.216828,Tokyo-54e5,17,43,Normal
2026-02-13 10:24:42.216828,Tokyo-54e5,-29,88,Normal
2026-02-13 10:24:43.216828,Tokyo-54e5,46,77,Normal
2026-02-13 10:24:44.216828,Tokyo-54e5,49,76,Normal
2026-02-13 10:24:45.216828,Tokyo-54e5,38,72,Normal
2026-02-13 10:24:46.216828,Tokyo-54e5,44,83,Normal
2026-02-13 10:24:47.216828,Tokyo-54e5,-30,92,Normal
2026-02-13 10:24:48.216828,Tokyo-54e5,-6,24,Normal
2026-02-13 10:24:49.216828,Tokyo-54e5,-17,67,Normal
2026-02-13 10:24:50.216828,Tokyo-54e5,45,54,Normal
2026-02-13 10:24:51.216828,Tokyo-54e5,29,77,Normal
2026-02-13 10:24:52.216828,Tokyo-54e5,-19,42,Normal
2026-02-13 10:24:53.216828,Tokyo-54e5,32,65,Normal
2026-02-13 10:24:54.216828,Tokyo-54e5,-29,14,Normal
2026-02-13 10:24:55.216828,Tokyo-54e5,20,3,Normal
2026-02-13 10:24:56.216828,Tokyo-54e5,25,88,Normal
2026-02-13 10:24:57.216828,Tokyo-54e5,19,99,Normal
2026-02-13 10:24:58.216828,Tokyo-54e5,47,74,Normal
2026-02-13 10:24:59.216828,Tokyo-54e5,-8,71,Normal
2026-02-13 10:25:00.216828,Tokyo-54e5,-30,49,Normal
2026-02-13 10:25:01.216828,Tokyo-54e5,39,55,Normal
2026-02-13 10:25:02.216828,Tokyo-54e5,8,26,Normal
2026-02-13 10:25:03.216828,Tokyo-54e5,39,63,Normal
2026-02-13 10:25:04.216828,Tokyo-54e5,18,28,Normal
2026-02-13 10:25:05.216828,Tokyo-54e5,9,22,Normal
2026-02-13 10:25:06.216828,Tokyo-54e5,-25,25,Normal
2026-02-13 10:25:07.216828,Tokyo-54e5,-25,87,Normal
2026-02-13 10:25:08.216828,Tokyo-54e5,11,30,Normal
2026-02-13 10:25:09.216828,Tokyo-54e5,-16,14,Normal
2026-02-13 10:25:10.216828,Tokyo-54e5,2,77,Normal
2026-02-13 10:25:11.216828,Tokyo-54e5,17,12,Normal
2026-02-13 10:25:12.216828,Tokyo-54e5,-14,99,Normal
2026-02-13 10:25:13.216828,Tokyo-54e5,-21,51,Normal
2026-02-13 10:25:14.216828,Tokyo-54e5,45,3,Normal
2026-02-13 10:25:15.216828,Tokyo-54e5,-30,43,Normal
2026-02-13 10:25:16.216828,Tokyo-54e5,45,99,Normal
2026-02-13 10:25:17.216828,Tokyo-54e5,9,90,Normal
2026-02-13 10:25:18.216828,Tokyo-54e5,-5,69,Normal
2026-02-13 10:25:19.216828,Tokyo-54e5,-30,76,Normal
2026-02-13 10:25:20.216828,Tokyo-54e5,43,99,Normal
2026-02-13 10:25:21.216828,Tokyo-54e5,-21,53,Normal
2026-02-13 10:25:22.216828,Tokyo-54e5,45,31,Normal
2026-02-13 10:25:23.216828,Tokyo-54e5,13,42,Normal
2026-02-13 10:25:24.216828,Tokyo-54e5,21,48,Normal
2026-02-13 10:25:25.216828,Tokyo-54e5,29,20,Normal
2026-02-13 10:25:26.216828,Tokyo-54e5,-29,89,Normal
2026-02-13 10:25:27.216828,Tokyo-54e5,45,42,Normal
2026-02-13 10:25:28.216828,Tokyo-54e5,22,30,Normal
2026-02-13 10:25:29.216828,Tokyo-54e5,7,51,Normal
2026-02-13 10:25:30.216828,Tokyo-54e5,1,73,Normal
2026-02-13 10:25:31.216828,Tokyo-54e5,-6,82,Normal
2026-02-13 10:25:32.216828,Tokyo-54e5,-27,14,Normal
2026-02-13 10:25:33.216828,Tokyo-54e5,-24,66,Normal
2026-02-13 10:25:34.216828,Tokyo-54e5,32,13,Normal
2026-02-13 10:25:35.216828,Tokyo-54e5,-26,86,Normal
2026-02-13 10:25:36.216828,Tokyo-54e5,19,89,Normal
2026-02-13 10:25:37.216828,Tokyo-54e5,-27,39,Normal
2026-02-13 10:25:38.216828,Tokyo-54e5,40,62,Normal
2026-02-13 10:25:39.216828,Tokyo-54e5,2,83,Normal
2026-02-13 10:25:40.216828,Tokyo-54e5,10,45,Normal
2026-02-13 10:25:41.216828,Tokyo-54e5,5,73,Normal
2026-02-13 10:25:42.216828,Tokyo-54e5,45,35,Normal
2026-02-13 10:25:43.216828,Tokyo-54e5,41,47,Normal
2026-02-13 10:25:44.216828,Tokyo-54e5,22,35,Normal
2026-02-13 10:25:45.216828,Tokyo-54e5,-16,7,Normal
2026-02-13 10:25:46.216828,Tokyo-54e5,19,43,Normal
2026-02-13 10:25:47.216828,Tokyo-54e5,-8,20,Normal
2026-02-13 10:25:48.216828,Tokyo-54e5,9,48,Normal
2026-02-13 10:25:49.216828,Tokyo-54e5,2,32,Normal
2026-02-13 10:25:50.216828,Tokyo-54e5,-4,23,Normal
2026-02-13 10:25:51.216828,Tokyo-54e5,0,35,Normal
2026-02-13 10:25:52.216828,Tokyo-54e5,-2,84,Normal
2026-02-13 10:25:53.216828,Tokyo-54e5,15,96,Normal
2026-02-13 10:25:54.216828,Tokyo-54e5,1,24,Normal
2026-02-13 10:25:55.216828,Tokyo-54e5,-19,31,Normal
2026-02-13 10:25:56.216828,Tokyo-54e5,4,67,Normal
2026-02-13 10:25:57.216828,Tokyo-54e5,-24,0,Normal
2026-02-13 10:25:58.216828,Tokyo-54e5,2,48,Normal
2026-02-13 10:25:59.216828,Tokyo-54e5,-13,60,Normal
2026-02-13 10:26:00.216828,Tokyo-54e5,30,65,Normal
2026-02-13 10:26:01.216828,Tokyo-54e5,-27,20,Normal
2026-02-13 10:26:02.216828,Tokyo-54e5,-28,93,Normal
2026-02-13 10:26:03.216828,Tokyo-54e5,36,41,Normal
2026-02-13 10:26:04.216828,Tokyo-54e5,13,36,Normal
2026-02-13 10:26:05.216828,Tokyo-54e5,-10,87,Normal
2026-02-13 10:26:06.216828,Tokyo-54e5,4,36,Normal
2026-02-13 10:26:07.216828,Tokyo-54e5,45,78,Normal
2026-02-13 10:26:08.216828,Tokyo-54e5,6,5,Normal
2026-02-13 10:26:09.216828,Tokyo-54e5,23,54,Normal
2026-02-13 10:26:10.216828,Tokyo-54e5,35,46,Normal
2026-02-13 10:26:11.216828,Tokyo-54e5,46,16,Normal
2026-02-13 10:26:12.216828,Tokyo-54e5,46,82,Normal
2026-02-13 10:26:13.216828,Tokyo-54e5,-21,25,Normal
2026-02-13 10:26:14.216828,Tokyo-54e5,28,31,Normal
2026-02-13 10:26:15.216828,Tokyo-54e5,8,58,Normal
2026-02-13 10:26:16.216828,Tokyo-54e5,27,60,Normal
2026-02-13 10:26:17.216828,Tokyo-54e5,49,64,Normal
2026-02-13 10:26:18.216828,Tokyo-54e5,28,25,Normal
2026-02-13 10:26:19.216828,Tokyo-54e5,14,1,Normal
2026-02-13 10:26:20.216828,Tokyo-54e5,50,35,Normal
2026-02-13 10:26:21.216828,Tokyo-54e5,43,89,Normal
2026-02-13 10:26:22.216828,Tokyo-54e5,-22,70,Normal
2026-02-13 10:26:23.216828,Tokyo-54e5,9,35,Normal
2026-02-13 10:26:24.216828,Tokyo-54e5,-21,33,Normal
2026-02-13 10:26:25.216828,Tokyo-54e5,1,19,Normal
2026-02-13 10:26:26.216828,Tokyo-54e5,13,72,Normal
2026-02-13 10:26:27.216828,Tokyo-54e5,-6,12,Normal
2026-02-13 10:26:28.216828,Tokyo-54e5,7,78,Normal
2026-02-13 10:26:29.216828,Tokyo-54e5,-7,4,Normal
2026-02-13 10:26:30.216828,Tokyo-54e5,-14,23,Normal
2026-02-13 10:26:31.216828,Tokyo-54e5,33,17,Normal
2026-02-13 10:26:32.216828,Tokyo-54e5,-20,72,Normal
2026-02-13 10:26:33.216828,Tokyo-54e5,17,94,Normal
2026-02-13 10:26:34.216828,Tokyo-54e5,-9,4,Normal
2026-02-13 10:26:35.216828,Tokyo-54e5,-6,3,Normal
2026-02-13 10:26:36.216828,Tokyo-54e5,20,0,Normal
2026-02-13 10:26:37.216828,Tokyo-54e5,-5,17,Normal
2026-02-13 10:26:38.216828,Tokyo-54e5,40,22,Normal
2026-02-13 10:26:39.216828,Tokyo-54e5,11,68,Normal
2026-02-13 10:26:40.216828,Tokyo-54e5,50,7,Normal
2026-02-13 10:26:41.216828,Tokyo-54e5,4,48,Normal
2026-02-13 10:26:42.216828,Tokyo-54e5,9,71,Normal
2026-02-13 10:26:43.216828,Tokyo-54e5,41,91,Normal
2026-02-13 10:26:44.216828,Tokyo-54e5,47,28,Normal
2026-02-13 10:26:45.216828,Tokyo-54e5,-13,60,Normal
2026-02-13 10:26:46.216828,Tokyo-54e5,-19,58,Normal
2026-02-13 10:26:47.216828,Tokyo-54e5,19,42,Normal
2026-02-13 10:26:48.216828,Tokyo-54e5,-25,89,Normal
2026-02-13 10:26:49.216828,Tokyo-54e5,36,26,Normal
2026-02-13 10:26:50.216828,Tokyo-54e5,-21,15,Normal
2026-02-13 10:26:51.216828,Tokyo-54e5,30,40,Normal
2026-02-13 10:26:52.216828,Tokyo-54e5,1,7,Normal
2026-02-13 10:26:53.216828,Tokyo-54e5,-3,88,Normal
2026-02-13 10:26:54.216828,Tokyo-54e5,-11,65,Normal
2026-02-13 10:26:55.216828,Tokyo-54e5,0,81,Normal
2026-02-13 10:26:56.216828,Tokyo-54e5,40,23,Normal
2026-02-13 10:26:57.216828,Tokyo-54e5,-28,14,Normal
2026-02-13 10:26:58.216828,Tokyo-54e5,-11,22,Normal
2026-02-13 10:26:59.216828,Tokyo-54e5,44,38,Normal
2026-02-13 10:27:00.216828,Tokyo-54e5,-17,13,Normal
2026-02-13 10:27:01.216828,Tokyo-54e5,19,72,Normal
2026-02-13 10:27:02.216828,Tokyo-54e5,32,91,Normal
2026-02-13 10:27:03.216828,Tokyo-54e5,8,8,Normal
2026-02-13 10:27:04.216828,Tokyo-54e5,7,1,Normal
2026-02-13 10:27:05.216828,Tokyo-54e5,17,42,Normal
2026-02-13 10:27:06.216828,Tokyo-54e5,14,82,Normal
2026-02-13 10:27:07.216828,Tokyo-54e5,-29,7,Normal
2026-02-13 10:27:08.216828,Tokyo-54e5,-17,35,Normal
2026-02-13 10:27:09.216828,Tokyo-54e5,1,40,Normal
2026-02-13 10:27:10.216828,Tokyo-54e5,49,77,Normal
2026-02-13 10:27:11.216828,Tokyo-54e5,-2,74,Normal
2026-02-13 10:27:12.216828,Tokyo-54e5,14,69,Normal
2026-02-13 10:27:13.216828,Tokyo-54e5,31,28,Normal
2026-02-13 10:27:14.216828,Tokyo-54e5,13,10,Normal
2026-02-13 10:27:15.216828,Tokyo-54e5,48,44,Normal
2026-02-13 10:27:16.216828,Tokyo-54e5,28,54,Normal
2026-02-13 10:27:17.216828,Tokyo-54e5,-16,79,Normal
2026-02-13 10:27:18.216828,Tokyo-54e5,34,60,Normal
2026-02-13 10:27:19.216828,Tokyo-54e5,13,35,Normal
2026-02-13 10:27:20.216828,Tokyo-54e5,-27,13,Normal
2026-02-13 10:27:21.216828,Tokyo-54e5,32,94,Normal
2026-02-13 10:27:22.216828,Tokyo-54e5,50,22,Normal
2026-02-13 10:27:23.216828,Tokyo-54e5,16,30,Normal
2026-02-13 10:27:24.216828,Tokyo-54e5,-6,25,Normal
2026-02-13 10:27:25.216828,Tokyo-54e5,-19,25,Normal
2026-02-13 10:27:26.216828,Tokyo-54e5,24,30,Normal
2026-02-13 10:27:27.216828,Tokyo-54e5,42,29,Normal
2026-02-13 10:27:28.216828,Tokyo-54e5,14,63,Normal
2026-02-13 10:27:29.216828,Tokyo-54e5,48,14,Normal
2026-02-13 10:27:30.216828,Tokyo-54e5,43,31,Normal
2026-02-13 10:27:31.216828,Tokyo-54e5,25,27,Normal
2026-02-13 10:27:32.216828,Tokyo-54e5,-19,31,Normal
2026-02-13 10:27:33.216828,Tokyo-54e5,-1,80,Normal
2026-02-13 10:27:34.216828,Tokyo-54e5,-4,96,Normal
2026-02-13 10:27:35.216828,Tokyo-54e5,14,77,Normal
2026-02-13 10:27:36.216828,Tokyo-54e5,10,76,Normal
2026-02-13 10:27:37.216828,Tokyo-54e5,48,22,Normal
2026-02-13 10:27:38.216828,Tokyo-54e5,13,99,Normal
2026-02-13 10:27:39.216828,Tokyo-54e5,19,35,Normal
2026-02-13 10:27:40.216828,Tokyo-54e5,-8,21,Normal
2026-02-13 10:27:41.216828,Tokyo-54e5,2,62,Normal
2026-02-13 10:27:42.216828,Tokyo-54e5,34,85,Normal
2026-02-13 10:27:43.216828,Tokyo-54e5,12,59,Normal
2026-02-13 10:27:44.216828,Tokyo-54e5,-1,43,Normal
2026-02-13 10:27:45.216828,Tokyo-54e5,24,39,Normal
2026-02-13 10:27:46.216828,Tokyo-54e5,49,81,Normal
2026-02-13 10:27:47.216828,Tokyo-54e5,-30,90,Normal
2026-02-13 10:27:48.216828,Tokyo-54e5,-5,13,Normal
2026-02-13 10:27:49.216828,Tokyo-54e5,48,65,Normal
2026-02-13 10:27:50.216828,Tokyo-54e5,40,88,Normal
2026-02-13 10:27:51.216828,Tokyo-54e5,21,88,Normal
2026-02-13 10:27:52.216828,Tokyo-54e5,44,51,Normal
2026-02-13 10:27:53.216828,Tokyo-54e5,16,34,Normal
2026-02-13 10:27:54.216828,Tokyo-54e5,22,61,Normal
2026-02-13 10:27:55.216828,Tokyo-54e5,-20,72,Normal
2026-02-13 10:27:56.216828,Tokyo-54e5,-6,42,Normal
2026-02-13 10:27:57.216828,Tokyo-54e5,32,8,Normal
2026-02-13 10:27:58.216828,Tokyo-54e5,33,1,Normal
2026-02-13 10:27:59.216828,Tokyo-54e5,-5,62,Normal
2026-02-13 10:28:00.216828,Tokyo-54e5,-22,57,Normal
2026-02-13 10:28:01.216828,Tokyo-54e5,-29,51,Normal
2026-02-13 10:28:02.216828,Tokyo-54e5,49,2,Normal
2026-02-13 10:28:03.216828,Tokyo-54e5,23,91,Normal
2026-02-13 10:28:04.216828,Tokyo-54e5,-21,45,Normal
2026-02-13 10:28:05.216828,Tokyo-54e5,16,16,Normal
2026-02-13 10:28:06.216828,Tokyo-54e5,-9,83,Normal
2026-02-13 10:28:07.216828,Tokyo-54e5,6,99,Normal
2026-02-13 10:28:08.216828,Tokyo-54e5,47,81,Normal
2026-02-13 10:28:09.216828,Tokyo-54e5,7,37,Normal
2026-02-13 10:28:10.216828,Tokyo-54e5,-9,74,Normal
2026-02-13 10:28:11.216828,Tokyo-54e5,22,13,Normal
2026-02-13 10:28:12.216828,Tokyo-54e5,25,31,Normal
2026-02-13 10:28:13.216828,Tokyo-54e5,6,41,Normal
2026-02-13 10:28:14.216828,Tokyo-54e5,-18,48,Normal
2026-02-13 10:28:15.216828,Tokyo-54e5,7,60,Normal
2026-02-13 10:28:16.216828,Tokyo-54e5,23,27,Normal
2026-02-13 10:28:17.216828,Tokyo-54e5,33,98,Normal
2026-02-13 10:28:18.216828,Tokyo-54e5,-29,60,Normal
2026-02-13 10:28:19.216828,Tokyo-54e5,30,23,Normal
2026-02-13 10:28:20.216828,Tokyo-54e5,41,10,Normal
2026-02-13 10:28:21.216828,Tokyo-54e5,9,63,Normal
2026-02-13 10:28:22.216828,Tokyo-54e5,17,35,Normal
2026-02-13 10:28:23.216828,Tokyo-54e5,2,7,Normal
2026-02-13 10:28:24.216828,Tokyo-54e5,23,82,Normal
2026-02-13 10:28:25.216828,Tokyo-54e5,19,98,Normal
2026-02-13 10:28:26.216828,Tokyo-54e5,39,19,Normal
2026-02-13 10:28:27.216828,Tokyo-54e5,42,10,Normal
2026-02-13 10:28:28.216828,Tokyo-54e5,-23,41,Normal
2026-02-13 10:28:29.216828,Tokyo-54e5,-22,9,Normal
2026-02-13 10:28:30.216828,Tokyo-54e5,-15,32,Normal
2026-02-13 10:28:31.216828,Tokyo-54e5,-4,82,Normal
2026-02-13 10:28:32.216828,Tokyo-54e5,17,24,Normal
2026-02-13 10:28:33.216828,Tokyo-54e5,46,73,Normal
2026-02-13 10:28:34.216828,Tokyo-54e5,-4,21,Normal
2026-02-13 10:28:35.216828,Tokyo-54e5,10,70,Normal
2026-02-13 10:28:36.216828,Tokyo-54e5,-11,70,Normal
2026-02-13 10:28:37.216828,Tokyo-54e5,8,38,Normal
2026-02-13 10:28:38.216828,Tokyo-54e5,-9,20,Normal
2026-02-13 10:28:39.216828,Tokyo-54e5,26,38,Normal
2026-02-13 10:28:40.216828,Tokyo-54e5,4,84,Normal
2026-02-13 10:28:41.216828,Tokyo-54e5,17,44,Normal
2026-02-13 10:28:42.216828,Tokyo-54e5,-23,34,Normal
2026-02-13 10:28:43.216828,Tokyo-54e5,33,9,Normal
2026-02-13 10:28:44.216828,Tokyo-54e5,22,31,Normal
2026-02-13 10:28:45.216828,Tokyo-54e5,-6,69,Normal
2026-02-13 10:28:46.216828,Tokyo-54e5,35,64,Normal
2026-02-13 10:28:47.216828,Tokyo-54e5,2,1,Normal
2026-02-13 10:28:48.216828,Tokyo-54e5,-18,67,Normal
2026-02-13 10:28:49.216828,Tokyo-54e5,19,89,Normal
2026-02-13 10:28:50.216828,Tokyo-54e5,43,47,Normal
2026-02-13 10:28:51.216828,Tokyo-54e5,-2,42,Normal
2026-02-13 10:28:52.216828,Tokyo-54e5,47,48,Normal
2026-02-13 10:28:53.216828,Tokyo-54e5,-25,93,Normal
2026-02-13 10:28:54.216828,Tokyo-54e5,30,62,Normal
2026-02-13 10:28:55.216828,Tokyo-54e5,24,36,Normal
2026-02-13 10:28:56.216828,Tokyo-54e5,50,30,Normal
2026-02-13 10:28:57.216828,Tokyo-54e5,17,25,Normal
2026-02-13 10:28:58.216828,Tokyo-54e5,34,42,Normal
2026-02-13 10:28:59.216828,Tokyo-54e5,-11,45,Normal
2026-02-13 10:29:00.216828,Tokyo-54e5,-17,71,Normal
2026-02-13 10:29:01.216828,Tokyo-54e5,14,2,Normal
2026-02-13 10:29:02.216828,Tokyo-54e5,17,31,Normal
2026-02-13 10:29:03.216828,Tokyo-54e5,-24,40,Normal
2026-02-13 10:29:04.216828,Tokyo-54e5,24,75,Normal
2026-02-13 10:29:05.216828,Tokyo-54e5,19,55,Normal
2026-02-13 10:29:06.216828,Tokyo-54e5,-8,44,Normal
2026-02-13 10:29:07.216828,Tokyo-54e5,-20,81,Normal
2026-02-13 10:29:08.216828,Tokyo-54e5,-17,14,Normal
2026-02-13 10:29:09.216828,Tokyo-54e5,47,86,Normal
2026-02-13 10:29:10.216828,Tokyo-54e5,18,57,Normal
2026-02-13 10:29:11.216828,Tokyo-54e5,0,39,Normal
2026-02-13 10:29:12.216828,Tokyo-54e5,38,65,Normal
2026-02-13 10:29:13.216828,Tokyo-54e5,33,73,Normal
2026-02-13 10:29:14.216828,Tokyo-54e5,14,60,Normal
2026-02-13 10:29:15.216828,Tokyo-54e5,25,99,Normal
2026-02-13 10:29:16.216828,Tokyo-54e5,38,51,Normal
2026-02-13 10:29:17.216828,Tokyo-54e5,40,92,Normal
2026-02-13 10:29:18.216828,Tokyo-54e5,-23,98,Normal
2026-02-13 10:29:19.216828,Tokyo-54e5,13,73,Normal
2026-02-13 10:29:20.216828,Tokyo-54e5,41,38,Normal
2026-02-13 10:29:21.216828,Tokyo-54e5,28,4,Normal
2026-02-13 10:29:22.216828,Tokyo-54e5,-25,97,Normal
2026-02-13 10:29:23.216828,Tokyo-54e5,-6,12,Normal
2026-02-13 10:29:24.216828,Tokyo-54e5,-15,10,Normal
2026-02-13 10:29:25.216828,Tokyo-54e5,3,6,Normal
2026-02-13 10:29:26.216828,Tokyo-54e5,-1,54,Normal
2026-02-13 10:29:27.216828,Tokyo-54e5,27,80,Normal
2026-02-13 10:29:28.216828,Tokyo-54e5,40,59,Normal
2026-02-13 10:29:29.216828,Tokyo-54e5,15,55,Normal
2026-02-13 10:29:30.216828,Tokyo-54e5,-16,64,Normal
2026-02-13 10:29:31.216828,Tokyo-54e5,24,80,Normal
2026-02-13 10:29:32.216828,Tokyo-54e5,34,22,Normal
2026-02-13 10:29:33.216828,Tokyo-54e5,-11,3,Normal
2026-02-13 10:29:34.216828,Tokyo-54e5,22,21,Normal
2026-02-13 10:29:35.216828,Tokyo-54e5,42,19,Normal
2026-02-13 10:29:36.216828,Tokyo-54e5,6,92,Normal
2026-02-13 10:29:37.216828,Tokyo-54e5,-8,28,Normal
2026-02-13 10:29:38.216828,Tokyo-54e5,-18,65,Normal
2026-02-13 10:29:39.216828,Tokyo-54e5,-2,89,Normal
2026-02-13 10:29:40.216828,Tokyo-54e5,-8,13,Normal
2026-02-13 10:29:41.216828,Tokyo-54e5,27,11,Normal
2026-02-13 10:29:42.216828,Tokyo-54e5,25,90,Normal
2026-02-13 10:29:43.216828,Tokyo-54e5,11,66,Normal
2026-02-13 10:29:44.216828,Tokyo-54e5,47,74,Normal
2026-02-13 10:29:45.216828,Tokyo-54e5,38,16,Normal
2026-02-13 10:29:46.216828,Tokyo-54e5,-4,29,Normal
2026-02-13 10:29:47.216828,Tokyo-54e5,20,9,Normal
2026-02-13 10:29:48.216828,Tokyo-54e5,37,16,Normal
2026-02-13 10:29:49.216828,Tokyo-54e5,-16,46,Normal
2026-02-13 10:29:50.216828,Tokyo-54e5,40,82,Normal
2026-02-13 10:29:51.216828,Tokyo-54e5,20,17,Normal
2026-02-13 10:29:52.216828,Tokyo-54e5,-17,33,Normal
2026-02-13 10:29:53.216828,Tokyo-54e5,-18,28,Normal
2026-02-13 10:29:54.216828,Tokyo-54e5,20,71,Normal
2026-02-13 10:29:55.216828,Tokyo-54e5,-20,90,Normal
2026-02-13 10:29:56.216828,Tokyo-54e5,3,71,Normal
2026-02-13 10:29:57.216828,Tokyo-54e5,16,90,Normal
2026-02-13 10:29:58.216828,Tokyo-54e5,39,97,Normal
2026-02-13 10:29:59.216828,Tokyo-54e5,28,9,Normal
2026-02-13 10:30:00.216828,Tokyo-54e5,6,53,Normal
2026-02-13 10:30:01.216828,Tokyo-54e5,36,25,Normal
2026-02-13 10:30:02.216828,Tokyo-54e5,-11,87,Normal
2026-02-13 10:30:03.216828,Tokyo-54e5,28,40,Normal
2026-02-13 10:30:04.216828,Tokyo-54e5,15,33,Normal
2026-02-13 10:30:05.216828,Tokyo-54e5,30,8,Normal
2026-02-13 10:30:06.216828,Tokyo-54e5,41,94,Normal
2026-02-13 10:30:07.216828,Tokyo-54e5,-4,64,Normal
2026-02-13 10:30:08.216828,Tokyo-54e5,16,18,Normal
2026-02-13 10:30:09.216828,Tokyo-54e5,13,33,Normal
2026-02-13 10:30:10.216828,Tokyo-54e5,-11,31,Normal
2026-02-13 10:30:11.216828,Tokyo-54e5,49,9,Normal
2026-02-13 10:30:12.216828,Tokyo-54e5,-10,96,Normal
2026-02-13 10:30:13.216828,Tokyo-54e5,-24,30,Normal
2026-02-13 10:30:14.216828,Tokyo-54e5,26,9,Normal
2026-02-13 10:30:15.216828,Tokyo-54e5,-27,79,Normal
2026-02-13 10:30:16.216828,Tokyo-54e5,-8,89,Normal
2026-02-13 10:30:17.216828,Tokyo-54e5,18,16,Normal
2026-02-13 10:30:18.216828,Tokyo-54e5,35,79,Normal
2026-02-13 10:30:19.216828,Tokyo-54e5,7,24,Normal
2026-02-13 10:30:20.216828,Tokyo-54e5,45,5,Normal
2026-02-13 10:30:21.216828,Tokyo-54e5,28,71,Normal
2026-02-13 10:30:22.216828,Tokyo-54e5,23,1,Normal
2026-02-13 10:30:23.216828,Tokyo-54e5,13,7,Normal
2026-02-13 10:30:24.216828,Tokyo-54e5,-25,95,Normal
2026-02-13 10:30:25.216828,Tokyo-54e5,-4,85,Normal
2026-02-13 10:30:26.216828,Tokyo-54e5,-14,66,Normal
2026-02-13 10:30:27.216828,Tokyo-54e5,-30,63,Normal
2026-02-13 10:30:28.216828,Tokyo-54e5,19,39,Normal
2026-02-13 10:30:29.216828,Tokyo-54e5,14,26,Normal
2026-02-13 10:30:30.216828,Tokyo-54e5,34,4,Normal
2026-02-13 10:30:31.216828,Tokyo-54e5,-21,34,Normal
2026-02-13 10:30:32.216828,Tokyo-54e5,10,68,Normal
2026-02-13 10:30:33.216828,Tokyo-54e5,1,31,Normal
2026-02-13 10:30:34.216828,Tokyo-54e5,42,83,Normal
2026-02-13 10:30:35.216828,Tokyo-54e5,-3,61,Normal
2026-02-13 10:30:36.216828,Tokyo-54e5,-22,77,Normal
2026-02-13 10:30:37.216828,Tokyo-54e5,-21,44,Normal
2026-02-13 10:30:38.216828,Tokyo-54e5,-17,88,Normal
2026-02-13 10:30:39.216828,Tokyo-54e5,15,5,Normal
2026-02-13 10:30:40.216828,Tokyo-54e5,-8,59,Normal
2026-02-13 10:30:41.216828,Tokyo-54e5,-21,46,Normal
2026-02-13 10:30:42.216828,Tokyo-54e5,12,59,Normal
2026-02-13 10:30:43.216828,Tokyo-54e5,27,54,Normal
2026-02-13 10:30:44.216828,Tokyo-54e5,27,17,Normal
2026-02-13 10:30:45.216828,Tokyo-54e5,49,88,Normal
2026-02-13 10:30:46.216828,Tokyo-54e5,49,64,Normal
2026-02-13 10:30:47.216828,Tokyo-54e5,33,55,Normal
2026-02-13 10:30:48.216828,Tokyo-54e5,40,16,Normal
2026-02-13 10:30:49.216828,Tokyo-54e5,22,99,Normal
2026-02-13 10:30:50.216828,Tokyo-54e5,-4,39,Normal
2026-02-13 10:30:51.216828,Tokyo-54e5,10,57,Normal
2026-02-13 10:30:52.216828,Tokyo-54e5,0,46,Normal
2026-02-13 10:30:53.216828,Tokyo-54e5,-26,71,Normal
2026-02-13 10:30:54.216828,Tokyo-54e5,50,16,Normal
2026-02-13 10:30:55.216828,Tokyo-54e5,-8,67,Normal
2026-02-13 10:30:56.216828,Tokyo-54e5,-3,19,Normal
2026-02-13 10:30:57.216828,Tokyo-54e5,33,64,Normal
2026-02-13 10:30:58.216828,Tokyo-54e5,15,38,Normal
2026-02-13 10:30:59.216828,Tokyo-54e5,6,97,Normal
2026-02-13 10:31:00.216828,Tokyo-54e5,-13,99,Normal
2026-02-13 10:31:01.216828,Tokyo-54e5,-17,64,Normal
2026-02-13 10:31:02.216828,Tokyo-54e5,35,88,Normal
2026-02-13 10:31:03.216828,Tokyo-54e5,48,67,Normal
2026-02-13 10:31:04.216828,Tokyo-54e5,-11,18,Normal
2026-02-13 10:31:05.216828,Tokyo-54e5,37,91,Normal
2026-02-13 10:31:06.216828,Tokyo-54e5,34,52,Normal
2026-02-13 10:31:07.216828,Tokyo-54e5,16,5,Normal
2026-02-13 10:31:08.216828,Tokyo-54e5,-19,85,Normal
2026-02-13 10:31:09.216828,Tokyo-54e5,30,86,Normal
2026-02-13 10:31:10.216828,Tokyo-54e5,-6,59,Normal
2026-02-13 10:31:11.216828,Tokyo-54e5,36,6,Normal
2026-02-13 10:31:12.216828,Tokyo-54e5,23,96,Normal
2026-02-13 10:31:13.216828,Tokyo-54e5,33,17,Normal
2026-02-13 10:31:14.216828,Tokyo-54e5,-28,11,Normal
2026-02-13 10:31:15.216828,Tokyo-54e5,48,61,Normal
2026-02-13 10:31:16.216828,Tokyo-54e5,13,92,Normal
2026-02-13 10:31:17.216828,Tokyo-54e5,-26,14,Normal
2026-02-13 10:31:18.216828,Tokyo-54e5,-27,35,Normal
2026-02-13 10:31:19.216828,Tokyo-54e5,-24,10,Normal
2026-02-13 10:31:20.216828,Tokyo-54e5,-9,13,Normal
2026-02-13 10:31:21.216828,Tokyo-54e5,46,31,Normal
2026-02-13 10:31:22.216828,Tokyo-54e5,-15,31,Normal
2026-02-13 10:31:23.216828,Tokyo-54e5,30,83,Normal
2026-02-13 10:31:24.216828,Tokyo-54e5,-10,98,Normal
2026-02-13 10:31:25.216828,Tokyo-54e5,-17,65,Normal
2026-02-13 10:31:26.216828,Tokyo-54e5,49,20,Normal
2026-02-13 10:31:27.216828,Tokyo-54e5,22,32,Normal
2026-02-13 10:31:28.216828,Tokyo-54e5,-12,18,Normal
2026-02-13 10:31:29.216828,Tokyo-54e5,5,14,Normal
2026-02-13 10:31:30.216828,Tokyo-54e5,44,66,Normal
2026-02-13 10:31:31.216828,Tokyo-54e5,-16,25,Normal
2026-02-13 10:31:32.216828,Tokyo-54e5,18,99,Normal
2026-02-13 10:31:33.216828,Tokyo-54e5,19,21,Normal
2026-02-13 10:31:34.216828,Tokyo-54e5,-8,7,Normal
2026-02-13 10:31:35.216828,Tokyo-54e5,36,96,Normal
2026-02-13 10:31:36.216828,Tokyo-54e5,23,26,Normal
2026-02-13 10:31:37.216828,Tokyo-54e5,4,12,Normal
2026-02-13 10:31:38.216828,Tokyo-54e5,-10,60,Normal
2026-02-13 10:31:39.216828,Tokyo-54e5,32,38,Normal
2026-02-13 10:31:40.216828,Tokyo-54e5,49,24,Normal
2026-02-13 10:31:41.216828,Tokyo-54e5,30,81,Normal
2026-02-13 10:31:42.216828,Tokyo-54e5,-12,32,Normal
2026-02-13 10:31:43.216828,Tokyo-54e5,36,8,Normal
2026-02-13 10:31:44.216828,Tokyo-54e5,-16,21,Normal
2026-02-13 10:31:45.216828,Tokyo-54e5,30,28,Normal
2026-02-13 10:31:46.216828,Tokyo-54e5,24,22,Normal
2026-02-13 10:31:47.216828,Tokyo-54e5,3,34,Normal
2026-02-13 10:31:48.216828,Tokyo-54e5,-5,83,Normal
2026-02-13 10:31:49.216828,Tokyo-54e5,32,92,Normal
2026-02-13 10:31:50.216828,Tokyo-54e5,36,76,Normal
2026-02-13 10:31:51.216828,Tokyo-54e5,46,48,Normal
2026-02-13 10:31:52.216828,Tokyo-54e5,-30,51,Normal
2026-02-13 10:31:53.216828,Tokyo-54e5,-30,81,Normal
2026-02-13 10:31:54.216828,Tokyo-54e5,-5,60,Normal
2026-02-13 10:31:55.216828,Tokyo-54e5,35,86,Normal
2026-02-13 10:31:56.216828,Tokyo-54e5,-20,7,Normal
2026-02-13 10:31:57.216828,Tokyo-54e5,44,89,Normal
2026-02-13 10:31:58.216828,Tokyo-54e5,31,11,Normal
2026-02-13 10:31:59.216828,Tokyo-54e5,-6,37,Normal
2026-02-13 10:32:00.216828,Tokyo-54e5,50,75,Normal
2026-02-13 10:32:01.216828,Tokyo-54e5,24,19,Normal
2026-02-13 10:32:02.216828,Tokyo-54e5,42,72,Normal
2026-02-13 10:32:03.216828,Tokyo-54e5,21,22,Normal
2026-02-13 10:32:04.216828,Tokyo-54e5,45,10,Normal
2026-02-13 10:32:05.216828,Tokyo-54e5,48,3,Normal
2026-02-13 10:32:06.216828,Tokyo-54e5,-10,70,Normal
2026-02-13 10:32:07.216828,Tokyo-54e5,1,13,Normal
2026-02-13 10:32:08.216828,Tokyo-54e5,-8,1,Normal
2026-02-13 10:32:09.216828,Tokyo-54e5,-14,14,Normal
2026-02-13 10:32:10.216828,Tokyo-54e5,-17,73,Normal
2026-02-13 10:32:11.216828,Tokyo-54e5,32,92,Normal
2026-02-13 10:32:12.216828,Tokyo-54e5,-18,92,Normal
2026-02-13 10:32:13.216828,Tokyo-54e5,44,77,Normal
2026-02-13 10:32:14.216828,Tokyo-54e5,-27,43,Normal
2026-02-13 10:32:15.216828,Tokyo-54e5,-18,25,Normal
2026-02-13 10:32:16.216828,Tokyo-54e5,-25,31,Normal
2026-02-13 10:32:17.216828,Tokyo-54e5,41,15,Normal
2026-02-13 10:32:18.216828,Tokyo-54e5,-12,60,Normal
2026-02-13 10:32:19.216828,Tokyo-54e5,-25,9,Normal
2026-02-13 10:32:20.216828,Tokyo-54e5,12,36,Normal
2026-02-13 10:32:21.216828,Tokyo-54e5,34,98,Normal
2026-02-13 10:32:22.216828,Tokyo-54e5,50,47,Normal
2026-02-13 10:32:23.216828,Tokyo-54e5,-15,2,Normal
2026-02-13 10:32:24.216828,Tokyo-54e5,22,15,Normal
2026-02-13 10:32:25.216828,Tokyo-54e5,19,84,Normal
2026-02-13 10:32:26.216828,Tokyo-54e5,-7,41,Normal
2026-02-13 10:32:27.216828,Tokyo-54e5,-29,35,Normal
2026-02-13 10:32:28.216828,Tokyo-54e5,-2,40,Normal
2026-02-13 10:32:29.216828,Tokyo-54e5,32,87,Normal
2026-02-13 10:32:30.216828,Tokyo-54e5,17,59,Normal
2026-02-13 10:32:31.216828,Tokyo-54e5,-7,46,Normal
2026-02-13 10:32:32.216828,Tokyo-54e5,0,65,Normal
2026-02-13 10:32:33.216828,Tokyo-54e5,11,31,Normal
2026-02-13 10:32:34.216828,Tokyo-54e5,11,3,Normal
2026-02-13 10:32:35.216828,Tokyo-54e5,37,95,Normal
2026-02-13 10:32:36.216828,Tokyo-54e5,-5,29,Normal
2026-02-13 10:32:37.216828,Tokyo-54e5,-20,53,Normal
2026-02-13 10:32:38.216828,Tokyo-54e5,-15,23,Normal
2026-02-13 10:32:39.216828,Tokyo-54e5,8,15,Normal
2026-02-13 10:32:40.216828,Tokyo-54e5,-19,100,Normal
2026-02-13 10:32:41.216828,Tokyo-54e5,19,17,Normal
2026-02-13 10:32:42.216828,Tokyo-54e5,-7,19,Normal
2026-02-13 10:32:43.216828,Tokyo-54e5,-1,2,Normal
2026-02-13 10:32:44.216828,Tokyo-54e5,15,15,Normal
2026-02-13 10:32:45.216828,Tokyo-54e5,26,5,Normal
2026-02-13 10:32:46.216828,Tokyo-54e5,34,46,Normal
2026-02-13 10:32:47.216828,Tokyo-54e5,31,13,Normal
2026-02-13 10:32:48.216828,Tokyo-54e5,29,99,Normal
2026-02-13 10:32:49.216828,Tokyo-54e5,40,96,Normal
2026-02-13 10:32:50.216828,Tokyo-54e5,-27,80,Normal
2026-02-13 10:32:51.216828,Tokyo-54e5,11,42,Normal
2026-02-13 10:32:52.216828,Tokyo-54e5,35,61,Normal
2026-02-13 10:32:53.216828,Tokyo-54e5,-3,18,Normal
2026-02-13 10:32:54.216828,Tokyo-54e5,16,29,Normal
2026-02-13 10:32:55.216828,Tokyo-54e5,38,78,Normal
2026-02-13 10:32:56.216828,Tokyo-54e5,-22,64,Normal
2026-02-13 10:32:57.216828,Tokyo-54e5,-25,99,Normal
2026-02-13 10:32:58.216828,Tokyo-54e5,5,94,Normal
2026-02-13 10:32:59.216828,Tokyo-54e5,19,53,Normal
2026-02-13 10:33:00.216828,Tokyo-54e5,-1,71,Normal
2026-02-13 10:33:01.216828,Tokyo-54e5,39,32,Normal
2026-02-13 10:33:02.216828,Tokyo-54e5,14,23,Normal
2026-02-13 10:33:03.216828,Tokyo-54e5,6,64,Normal
2026-02-13 10:33:04.216828,Tokyo-54e5,37,51,Normal
2026-02-13 10:33:05.216828,Tokyo-54e5,4,8,Normal
2026-02-13 10:33:06.216828,Tokyo-54e5,46,65,Normal
2026-02-13 10:33:07.216828,Tokyo-54e5,47,89,Normal
2026-02-13 10:33:08.216828,Tokyo-54e5,29,77,Normal
2026-02-13 10:33:09.216828,Tokyo-54e5,0,70,Normal
2026-02-13 10:33:10.216828,Tokyo-54e5,23,80,Normal
2026-02-13 10:33:11.216828,Tokyo-54e5,-17,90,Normal
2026-02-13 10:33:12.216828,Tokyo-54e5,-6,10,Normal
2026-02-13 10:33:13.216828,Tokyo-54e5,-27,47,Normal
2026-02-13 10:33:14.216828,Tokyo-54e5,-19,94,Normal
2026-02-13 10:33:15.216828,Tokyo-54e5,24,70,Normal
2026-02-13 10:33:16.216828,Tokyo-54e5,-6,23,Normal
2026-02-13 10:33:17.216828,Tokyo-54e5,37,23,Normal
2026-02-13 10:33:18.216828,Tokyo-54e5,-16,70,Normal
2026-02-13 10:33:19.216828,Tokyo-54e5,11,62,Normal
2026-02-13 10:33:20.216828,Tokyo-54e5,32,11,Normal
2026-02-13 10:33:21.216828,Tokyo-54e5,-19,78,Normal
2026-02-13 10:33:22.216828,Tokyo-54e5,41,52,Normal
2026-02-13 10:33:23.216828,Tokyo-54e5,-19,37,Normal
2026-02-13 10:33:24.216828,Tokyo-54e5,9,81,Normal
2026-02-13 10:33:25.216828,Tokyo-54e5,48,27,Normal
2026-02-13 10:33:26.216828,Tokyo-54e5,-28,38,Normal
2026-02-13 10:33:27.216828,Tokyo-54e5,-28,83,Normal
2026-02-13 10:33:28.216828,Tokyo-54e5,-21,63,Normal
2026-02-13 10:33:29.216828,Tokyo-54e5,-10,89,Normal
2026-02-13 10:33:30.216828,Tokyo-54e5,5,86,Normal
2026-02-13 10:33:31.216828,Tokyo-54e5,46,57,Normal
2026-02-13 10:33:32.216828,Tokyo-54e5,44,68,Normal
2026-02-13 10:33:33.216828,Tokyo-54e5,40,65,Normal
2026-02-13 10:33:34.216828,Tokyo-54e5,36,88,Normal
2026-02-13 10:33:35.216828,Tokyo-54e5,-21,73,Normal
2026-02-13 10:33:36.216828,Tokyo-54e5,-11,10,Normal
2026-02-13 10:33:37.216828,Tokyo-54e5,1,68,Normal
2026-02-13 10:33:38.216828,Tokyo-54e5,-10,83,Normal
2026-02-13 10:33:39.216828,Tokyo-54e5,3,34,Normal
2026-02-13 10:33:40.216828,Tokyo-54e5,47,20,Normal
2026-02-13 10:33:41.216828,Tokyo-54e5,-13,55,Normal
2026-02-13 10:33:42.216828,Tokyo-54e5,-6,19,Normal
2026-02-13 10:33:43.216828,Tokyo-54e5,24,25,Normal
2026-02-13 10:33:44.216828,Tokyo-54e5,38,5,Normal
2026-02-13 10:33:45.216828,Tokyo-54e5,5,94,Normal
2026-02-13 10:33:46.216828,Tokyo-54e5,16,87,Normal
2026-02-13 10:33:47.216828,Tokyo-54e5,31,16,Normal
2026-02-13 10:33:48.216828,Tokyo-54e5,17,72,Normal
2026-02-13 10:33:49.216828,Tokyo-54e5,47,70,Normal
2026-02-13 10:33:50.216828,Tokyo-54e5,32,78,Normal
2026-02-13 10:33:51.216828,Tokyo-54e5,41,42,Normal
2026-02-13 10:33:52.216828,Tokyo-54e5,47,20,Normal
2026-02-13 10:33:53.216828,Tokyo-54e5,-15,3,Normal
2026-02-13 10:33:54.216828,Tokyo-54e5,41,60,Normal
2026-02-13 10:33:55.216828,Tokyo-54e5,28,14,Normal
2026-02-13 10:33:56.216828,Tokyo-54e5,22,84,Normal
2026-02-13 10:33:57.216828,Tokyo-54e5,-27,71,Normal
2026-02-13 10:33:58.216828,Tokyo-54e5,0,24,Normal
2026-02-13 10:33:59.216828,Tokyo-54e5,17,13,Normal
2026-02-13 10:34:00.216828,Tokyo-54e5,-22,2,Normal
2026-02-13 10:34:01.216828,Tokyo-54e5,7,9,Normal
2026-02-13 10:34:02.216828,Tokyo-54e5,44,44,Normal
2026-02-13 10:34:03.216828,Tokyo-54e5,36,14,Normal
2026-02-13 10:34:04.216828,Tokyo-54e5,38,78,Normal
2026-02-13 10:34:05.216828,Tokyo-54e5,-24,95,Normal
2026-02-13 10:34:06.216828,Tokyo-54e5,26,93,Normal
2026-02-13 10:34:07.216828,Tokyo-54e5,-28,85,Normal
2026-02-13 10:34:08.216828,Tokyo-54e5,2,49,Normal
2026-02-13 10:34:09.216828,Tokyo-54e5,47,78,Normal
2026-02-13 10:34:10.216828,Tokyo-54e5,-17,47,Normal
2026-02-13 10:34:11.216828,Tokyo-54e5,32,31,Normal
2026-02-13 10:34:12.216828,Tokyo-54e5,49,16,Normal
2026-02-13 10:34:13.216828,Tokyo-54e5,-28,38,Normal
2026-02-13 10:34:14.216828,Tokyo-54e5,39,7,Normal
2026-02-13 10:34:15.216828,Tokyo-54e5,-2,6,Normal
2026-02-13 10:34:16.216828,Tokyo-54e5,38,11,Normal
2026-02-13 10:34:17.216828,Tokyo-54e5,36,5,Normal
2026-02-13 10:34:18.216828,Tokyo-54e5,32,42,Normal
2026-02-13 10:34:19.216828,Tokyo-54e5,20,52,Normal
2026-02-13 10:34:20.216828,Tokyo-54e5,14,57,Normal
2026-02-13 10:34:21.216828,Tokyo-54e5,-17,87,Normal
