timestamp,station_id,temp,humid,condition
2026-02-16 18:03:48.960869,Seoul-1656,2,76,Normal
2026-02-16 18:03:49.960869,Seoul-1656,-30,59,Normal
2026-02-16 18:03:50.960869,Seoul-1656,9,36,Normal
2026-02-16 18:03:51.960869,Seoul-1656,47,18,Normal
2026-02-16 18:03:52.960869,Seoul-1656,33,59,Normal
2026-02-16 18:03:53.960869,Seoul-1656,-10,78,Normal
2026-02-16 18:03:54.960869,Seoul-1656,-2,43,Normal
2026-02-16 18:03:55.960869,Seoul-1656,-22,74,Normal
2026-02-16 18:03:56.960869,Seoul-1656,22,46,Normal
2026-02-16 18:03:57.960869,Seoul-1656,0,65,Normal
2026-02-16 18:03:58.960869,Seoul-1656,25,95,Normal
2026-02-16 18:03:59.960869,Seoul-1656,-2,36,Normal
2026-02-16 18:04:00.960869,Seoul-1656,-18,67,Normal
2026-02-16 18:04:01.960869,Seoul-1656,50,65,Normal
2026-02-16 18:04:02.960869,Seoul-1656,31,25,Normal
2026-02-16 18:04:03.960869,Seoul-1656,13,57,Normal
2026-02-16 18:04:04.960869,Seoul-1656,5,18,Normal
2026-02-16 18:04:05.960869,Seoul-1656,33,23,Normal
2026-02-16 18:04:06.960869,Seoul-1656,29,99,Normal
2026-02-16 18:04:07.960869,Seoul-1656,-6,1,Normal
2026-02-16 18:04:08.960869,Seoul-1656,20,24,Normal
2026-02-16 18:04:09.960869,Seoul-1656,22,65,Normal
2026-02-16 18:04:10.960869,Seoul-1656,23,71,Normal
2026-02-16 18:04:11.960869,Seoul-1656,-6,92,Normal
2026-02-16 18:04:12.960869,Seoul-1656,2,6,Normal
2026-02-16 18:04:13.960869,Seoul-1656,33,17,Normal
2026-02-16 18:04:14.960869,Seoul-1656,23,57,Normal
2026-02-16 18:04:15.960869,Seoul-1656,14,45,Normal
2026-02-16 18:04:16.960869,Seoul-1656,38,18,Normal
2026-02-16 18:04:17.960869,Seoul-1656,34,22,Normal
2026-02-16 18:04:18.960869,Seoul-1656,-25,30,Normal
2026-02-16 18:04:19.960869,Seoul-1656,21,34,Normal
2026-02-16 18:04:20.960869,Seoul-1656,-28,8,Normal
2026-02-16 18:04:21.960869,Seoul-1656,-22,23,Normal
2026-02-16 18:04:22.960869,Seoul-1656,12,18,Normal
2026-02-16 18:04:23.960869,Seoul-1656,45,83,Normal
2026-02-16 18:04:24.960869,Seoul-1656,30,6,Normal
2026-02-16 18:04:25.960869,Seoul-1656,-20,4,Normal
2026-02-16 18:04:26.960869,Seoul-1656,21,65,Normal
2026-02-16 18:04:27.960869,Seoul-1656,-15,51,Normal
2026-02-16 18:04:28.960869,Seoul-1656,-29,49,Normal
2026-02-16 18:04:29.960869,Seoul-1656,-9,49,Normal
2026-02-16 18:04:30.960869,Seoul-1656,37,64,Normal
2026-02-16 18:04:31.960869,Seoul-1656,-3,4,Normal
2026-02-16 18:04:32.960869,Seoul-1656,26,15,Normal
2026-02-16 18:04:33.960869,Seoul-1656,-11,9,Normal
2026-02-16 18:04:34.960869,Seoul-1656,14,89,Normal
2026-02-16 18:04:35.960869,Seoul-1656,-10,100,Normal
2026-02-16 18:04:36.960869,Seoul-1656,28,92,Normal
2026-02-16 18:04:37.960869,Seoul-1656,35,18,Normal
2026-02-16 18:04:38.960869,Seoul-1656,50,41,Normal
2026-02-16 18:04:39.960869,Seoul-1656,15,34,Normal
2026-02-16 18:04:40.960869,Seoul-1656,48,70,Normal
2026-02-16 18:04:41.960869,Seoul-1656,-12,24,Normal
2026-02-16 18:04:42.960869,Seoul-1656,-14,98,Normal
2026-02-16 18:04:43.960869,Seoul-1656,-23,56,Normal
2026-02-16 18:04:44.960869,Seoul-1656,0,74,Normal
2026-02-16 18:04:45.960869,Seoul-1656,13,39,Normal
2026-02-16 18:04:46.960869,Seoul-1656,-21,83,Normal
2026-02-16 18:04:47.960869,Seoul-1656,-16,81,Normal
2026-02-16 18:04:48.960869,Seoul-1656,20,73,Normal
2026-02-16 18:04:49.960869,Seoul-1656,15,68,Normal
2026-02-16 18:04:50.960869,Seoul-1656,7,11,Normal
2026-02-16 18:04:51.960869,Seoul-1656,-19,53,Normal
2026-02-16 18:04:52.960869,Seoul-1656,-2,92,Normal
2026-02-16 18:04:53.960869,Seoul-1656,22,51,Normal
2026-02-16 18:04:54.960869,Seoul-1656,-29,23,Normal
2026-02-16 18:04:55.960869,Seoul-1656,14,60,Normal
2026-02-16 18:04:56.960869,Seoul-1656,18,60,Normal
2026-02-16 18:04:57.960869,Seoul-1656,-9,15,Normal
2026-02-16 18:04:58.960869,Seoul-1656,39,33,Normal
2026-02-16 18:04:59.960869,Seoul-1656,-16,32,Normal
2026-02-16 18:05:00.960869,Seoul-1656,29,88,Normal
2026-02-16 18:05:01.960869,Seoul-1656,50,24,Normal
2026-02-16 18:05:02.960869,Seoul-1656,-11,77,Normal
2026-02-16 18:05:03.960869,Seoul-1656,48,59,Normal
2026-02-16 18:05:04.960869,Seoul-1656,9,12,Normal
2026-02-16 18:05:05.960869,Seoul-1656,4,15,Normal
2026-02-16 18:05:06.960869,Seoul-1656,-1,47,Normal
2026-02-16 18:05:07.960869,Seoul-1656,11,44,Normal
2026-02-16 18:05:08.960869,Seoul-1656,50,64,Normal
2026-02-16 18:05:09.960869,Seoul-1656,11,51,Normal
2026-02-16 18:05:10.960869,Seoul-1656,30,97,Normal
2026-02-16 18:05:11.960869,Seoul-1656,1,10,Normal
2026-02-16 18:05:12.960869,Seoul-1656,45,22,Normal
2026-02-16 18:05:13.960869,Seoul-1656,10,80,Normal
2026-02-16 18:05:14.960869,Seoul-1656,-11,93,Normal
2026-02-16 18:05:15.960869,Seoul-1656,38,63,Normal
2026-02-16 18:05:16.960869,Seoul-1656,-15,83,Normal
2026-02-16 18:05:17.960869,Seoul-1656,-17,72,Normal
2026-02-16 18:05:18.960869,Seoul-1656,-3,67,Normal
2026-02-16 18:05:19.960869,Seoul-1656,-11,52,Normal
2026-02-16 18:05:20.960869,Seoul-1656,-2,53,Normal
2026-02-16 18:05:21.960869,Seoul-1656,22,0,Normal
2026-02-16 18:05:22.960869,Seoul-1656,21,57,Normal
2026-02-16 18:05:23.960869,Seoul-1656,-9,82,Normal
2026-02-16 18:05:24.960869,Seoul-1656,-9,8,Normal
2026-02-16 18:05:25.960869,Seoul-1656,15,49,Normal
2026-02-16 18:05:26.960869,Seoul-1656,-7,6,Normal
2026-02-16 18:05:27.960869,Seoul-1656,46,14,Normal
2026-02-16 18:05:28.960869,Seoul-1656,27,0,Normal
2026-02-16 18:05:29.960869,Seoul-1656,20,95,Normal
2026-02-16 18:05:30.960869,Seoul-1656,47,60,Normal
2026-02-16 18:05:31.960869,Seoul-1656,-25,15,Normal
2026-02-16 18:05:32.960869,Seoul-1656,21,60,Normal
2026-02-16 18:05:33.960869,Seoul-1656,29,93,Normal
2026-02-16 18:05:34.960869,Seoul-1656,23,89,Normal
2026-02-16 18:05:35.960869,Seoul-1656,45,36,Normal
2026-02-16 18:05:36.960869,Seoul-1656,44,29,Normal
2026-02-16 18:05:37.960869,Seoul-1656,-13,54,Normal
2026-02-16 18:05:38.960869,Seoul-1656,-27,94,Normal
2026-02-16 18:05:39.960869,Seoul-1656,32,15,Normal
2026-02-16 18:05:40.960869,Seoul-1656,2,30,Normal
2026-02-16 18:05:41.960869,Seoul-1656,7,85,Normal
2026-02-16 18:05:42.960869,Seoul-1656,-15,51,Normal
2026-02-16 18:05:43.960869,Seoul-1656,35,82,Normal
2026-02-16 18:05:44.960869,Seoul-1656,42,54,Normal
2026-02-16 18:05:45.960869,Seoul-1656,46,89,Normal
2026-02-16 18:05:46.960869,Seoul-1656,40,10,Normal
2026-02-16 18:05:47.960869,Seoul-1656,40,1,Normal
2026-02-16 18:05:48.960869,Seoul-1656,10,21,Normal
2026-02-16 18:05:49.960869,Seoul-1656,44,59,Normal
2026-02-16 18:05:50.960869,Seoul-1656,14,22,Normal
2026-02-16 18:05:51.960869,Seoul-1656,8,17,Normal
2026-02-16 18:05:52.960869,Seoul-1656,-8,43,Normal
2026-02-16 18:05:53.960869,Seoul-1656,-13,93,Normal
2026-02-16 18:05:54.960869,Seoul-1656,49,12,Normal
2026-02-16 18:05:55.960869,Seoul-1656,-21,57,Normal
2026-02-16 18:05:56.960869,Seoul-1656,-1,88,Normal
2026-02-16 18:05:57.960869,Seoul-1656,-28,29,Normal
2026-02-16 18:05:58.960869,Seoul-1656,-27,72,Normal
2026-02-16 18:05:59.960869,Seoul-1656,22,81,Normal
2026-02-16 18:06:00.960869,Seoul-1656,45,77,Normal
2026-02-16 18:06:01.960869,Seoul-1656,-19,39,Normal
2026-02-16 18:06:02.960869,Seoul-1656,-5,60,Normal
2026-02-16 18:06:03.960869,Seoul-1656,19,36,Normal
2026-02-16 18:06:04.960869,Seoul-1656,38,66,Normal
2026-02-16 18:06:05.960869,Seoul-1656,16,60,Normal
2026-02-16 18:06:06.960869,Seoul-1656,29,44,Normal
2026-02-16 18:06:07.960869,Seoul-1656,-9,65,Normal
2026-02-16 18:06:08.960869,Seoul-1656,36,57,Normal
2026-02-16 18:06:09.960869,Seoul-1656,-7,89,Normal
2026-02-16 18:06:10.960869,Seoul-1656,31,18,Normal
2026-02-16 18:06:11.960869,Seoul-1656,-4,20,Normal
2026-02-16 18:06:12.960869,Seoul-1656,21,50,Normal
2026-02-16 18:06:13.960869,Seoul-1656,-26,87,Normal
2026-02-16 18:06:14.960869,Seoul-1656,-13,8,Normal
2026-02-16 18:06:15.960869,Seoul-1656,-1,13,Normal
2026-02-16 18:06:16.960869,Seoul-1656,-26,49,Normal
2026-02-16 18:06:17.960869,Seoul-1656,-11,45,Normal
2026-02-16 18:06:18.960869,Seoul-1656,35,26,Normal
2026-02-16 18:06:19.960869,Seoul-1656,-13,9,Normal
2026-02-16 18:06:20.960869,Seoul-1656,-6,2,Normal
2026-02-16 18:06:21.960869,Seoul-1656,43,50,Normal
2026-02-16 18:06:22.960869,Seoul-1656,-21,67,Normal
2026-02-16 18:06:23.960869,Seoul-1656,-29,66,Normal
2026-02-16 18:06:24.960869,Seoul-1656,39,3,Normal
2026-02-16 18:06:25.960869,Seoul-1656,31,83,Normal
2026-02-16 18:06:26.960869,Seoul-1656,27,7,Normal
2026-02-16 18:06:27.960869,Seoul-1656,42,13,Normal
2026-02-16 18:06:28.960869,Seoul-1656,-23,39,Normal
2026-02-16 18:06:29.960869,Seoul-1656,41,25,Normal
2026-02-16 18:06:30.960869,Seoul-1656,-17,11,Normal
2026-02-16 18:06:31.960869,Seoul-1656,3,18,Normal
2026-02-16 18:06:32.960869,Seoul-1656,1,32,Normal
2026-02-16 18:06:33.960869,Seoul-1656,35,88,Normal
2026-02-16 18:06:34.960869,Seoul-1656,36,80,Normal
2026-02-16 18:06:35.960869,Seoul-1656,-26,64,Normal
2026-02-16 18:06:36.960869,Seoul-1656,33,38,Normal
2026-02-16 18:06:37.960869,Seoul-1656,21,79,Normal
2026-02-16 18:06:38.960869,Seoul-1656,-12,25,Normal
2026-02-16 18:06:39.960869,Seoul-1656,50,83,Normal
2026-02-16 18:06:40.960869,Seoul-1656,35,20,Normal
2026-02-16 18:06:41.960869,Seoul-1656,8,71,Normal
2026-02-16 18:06:42.960869,Seoul-1656,25,59,Normal
2026-02-16 18:06:43.960869,Seoul-1656,42,36,Normal
2026-02-16 18:06:44.960869,Seoul-1656,-17,78,Normal
2026-02-16 18:06:45.960869,Seoul-1656,-26,36,Normal
2026-02-16 18:06:46.960869,Seoul-1656,44,24,Normal
2026-02-16 18:06:47.960869,Seoul-1656,35,99,Normal
2026-02-16 18:06:48.960869,Seoul-1656,-25,49,Normal
2026-02-16 18:06:49.960869,Seoul-1656,-23,50,Normal
2026-02-16 18:06:50.960869,Seoul-1656,43,72,Normal
2026-02-16 18:06:51.960869,Seoul-1656,-22,9,Normal
2026-02-16 18:06:52.960869,Seoul-1656,-21,50,Normal
2026-02-16 18:06:53.960869,Seoul-1656,9,85,Normal
2026-02-16 18:06:54.960869,Seoul-1656,40,9,Normal
2026-02-16 18:06:55.960869,Seoul-1656,8,57,Normal
2026-02-16 18:06:56.960869,Seoul-1656,32,58,Normal
2026-02-16 18:06:57.960869,Seoul-1656,14,64,Normal
2026-02-16 18:06:58.960869,Seoul-1656,-27,37,Normal
2026-02-16 18:06:59.960869,Seoul-1656,-13,76,Normal
2026-02-16 18:07:00.960869,Seoul-1656,-21,28,Normal
2026-02-16 18:07:01.960869,Seoul-1656,-4,46,Normal
2026-02-16 18:07:02.960869,Seoul-1656,28,97,Normal
2026-02-16 18:07:03.960869,Seoul-1656,-14,30,Normal
2026-02-16 18:07:04.960869,Seoul-1656,35,27,Normal
2026-02-16 18:07:05.960869,Seoul-1656,26,18,Normal
2026-02-16 18:07:06.960869,Seoul-1656,-24,74,Normal
2026-02-16 18:07:07.960869,Seoul-1656,45,44,Normal
2026-02-16 18:07:08.960869,Seoul-1656,-15,60,Normal
2026-02-16 18:07:09.960869,Seoul-1656,-4,63,Normal
2026-02-16 18:07:10.960869,Seoul-1656,-4,76,Normal
2026-02-16 18:07:11.960869,Seoul-1656,9,97,Normal
2026-02-16 18:07:12.960869,Seoul-1656,31,21,Normal
2026-02-16 18:07:13.960869,Seoul-1656,2,100,Normal
2026-02-16 18:07:14.960869,Seoul-1656,15,69,Normal
2026-02-16 18:07:15.960869,Seoul-1656,26,45,Normal
2026-02-16 18:07:16.960869,Seoul-1656,46,20,Normal
2026-02-16 18:07:17.960869,Seoul-1656,33,23,Normal
2026-02-16 18:07:18.960869,Seoul-1656,49,10,Normal
2026-02-16 18:07:19.960869,Seoul-1656,-29,16,Normal
2026-02-16 18:07:20.960869,Seoul-1656,24,2,Normal
2026-02-16 18:07:21.960869,Seoul-1656,34,31,Normal
2026-02-16 18:07:22.960869,Seoul-1656,33,75,Normal
2026-02-16 18:07:23.960869,Seoul-1656,5,61,Normal
2026-02-16 18:07:24.960869,Seoul-1656,-12,66,Normal
2026-02-16 18:07:25.960869,Seoul-1656,29,30,Normal
2026-02-16 18:07:26.960869,Seoul-1656,39,45,Normal
2026-02-16 18:07:27.960869,Seoul-1656,-10,76,Normal
2026-02-16 18:07:28.960869,Seoul-1656,-9,42,Normal
2026-02-16 18:07:29.960869,Seoul-1656,-3,87,Normal
2026-02-16 18:07:30.960869,Seoul-1656,-18,68,Normal
2026-02-16 18:07:31.960869,Seoul-1656,31,74,Normal
2026-02-16 18:07:32.960869,Seoul-1656,42,33,Normal
2026-02-16 18:07:33.960869,Seoul-1656,13,19,Normal
2026-02-16 18:07:34.960869,Seoul-1656,1,48,Normal
2026-02-16 18:07:35.960869,Seoul-1656,-25,17,Normal
2026-02-16 18:07:36.960869,Seoul-1656,-4,99,Normal
2026-02-16 18:07:37.960869,Seoul-1656,26,45,Normal
2026-02-16 18:07:38.960869,Seoul-1656,5,71,Normal
2026-02-16 18:07:39.960869,Seoul-1656,18,17,Normal
2026-02-16 18:07:40.960869,Seoul-1656,15,69,Normal
2026-02-16 18:07:41.960869,Seoul-1656,45,65,Normal
2026-02-16 18:07:42.960869,Seoul-1656,34,38,Normal
2026-02-16 18:07:43.960869,Seoul-1656,46,74,Normal
2026-02-16 18:07:44.960869,Seoul-1656,-9,40,Normal
2026-02-16 18:07:45.960869,Seoul-1656,-2,4,Normal
2026-02-16 18:07:46.960869,Seoul-1656,5,55,Normal
2026-02-16 18:07:47.960869,Seoul-1656,32,62,Normal
2026-02-16 18:07:48.960869,Seoul-1656,14,89,Normal
2026-02-16 18:07:49.960869,Seoul-1656,41,10,Normal
2026-02-16 18:07:50.960869,Seoul-1656,-16,16,Normal
2026-02-16 18:07:51.960869,Seoul-1656,48,15,Normal
2026-02-16 18:07:52.960869,Seoul-1656,11,52,Normal
2026-02-16 18:07:53.960869,Seoul-1656,-28,37,Normal
2026-02-16 18:07:54.960869,Seoul-1656,-30,42,Normal
2026-02-16 18:07:55.960869,Seoul-1656,-6,97,Normal
2026-02-16 18:07:56.960869,Seoul-1656,-7,47,Normal
2026-02-16 18:07:57.960869,Seoul-1656,-21,93,Normal
2026-02-16 18:07:58.960869,Seoul-1656,38,66,Normal
2026-02-16 18:07:59.960869,Seoul-1656,26,76,Normal
2026-02-16 18:08:00.960869,Seoul-1656,-16,19,Normal
2026-02-16 18:08:01.960869,Seoul-1656,19,93,Normal
2026-02-16 18:08:02.960869,Seoul-1656,9,13,Normal
2026-02-16 18:08:03.960869,Seoul-1656,15,4,Normal
2026-02-16 18:08:04.960869,Seoul-1656,-14,14,Normal
2026-02-16 18:08:05.960869,Seoul-1656,5,92,Normal
2026-02-16 18:08:06.960869,Seoul-1656,28,21,Normal
2026-02-16 18:08:07.960869,Seoul-1656,6,60,Normal
2026-02-16 18:08:08.960869,Seoul-1656,9,73,Normal
2026-02-16 18:08:09.960869,Seoul-1656,-5,85,Normal
2026-02-16 18:08:10.960869,Seoul-1656,-23,78,Normal
2026-02-16 18:08:11.960869,Seoul-1656,-18,20,Normal
2026-02-16 18:08:12.960869,Seoul-1656,-30,40,Normal
2026-02-16 18:08:13.960869,Seoul-1656,9,94,Normal
2026-02-16 18:08:14.960869,Seoul-1656,-20,15,Normal
2026-02-16 18:08:15.960869,Seoul-1656,5,55,Normal
2026-02-16 18:08:16.960869,Seoul-1656,6,28,Normal
2026-02-16 18:08:17.960869,Seoul-1656,29,2,Normal
2026-02-16 18:08:18.960869,Seoul-1656,46,27,Normal
2026-02-16 18:08:19.960869,Seoul-1656,20,57,Normal
2026-02-16 18:08:20.960869,Seoul-1656,39,98,Normal
2026-02-16 18:08:21.960869,Seoul-1656,37,4,Normal
2026-02-16 18:08:22.960869,Seoul-1656,2,64,Normal
2026-02-16 18:08:23.960869,Seoul-1656,0,32,Normal
2026-02-16 18:08:24.960869,Seoul-1656,-8,5,Normal
2026-02-16 18:08:25.960869,Seoul-1656,26,33,Normal
2026-02-16 18:08:26.960869,Seoul-1656,49,57,Normal
2026-02-16 18:08:27.960869,Seoul-1656,17,58,Normal
2026-02-16 18:08:28.960869,Seoul-1656,37,63,Normal
2026-02-16 18:08:29.960869,Seoul-1656,-10,84,Normal
2026-02-16 18:08:30.960869,Seoul-1656,-24,15,Normal
2026-02-16 18:08:31.960869,Seoul-1656,48,99,Normal
2026-02-16 18:08:32.960869,Seoul-1656,13,19,Normal
2026-02-16 18:08:33.960869,Seoul-1656,2,60,Normal
2026-02-16 18:08:34.960869,Seoul-1656,11,64,Normal
2026-02-16 18:08:35.960869,Seoul-1656,-17,59,Normal
2026-02-16 18:08:36.960869,Seoul-1656,16,88,Normal
2026-02-16 18:08:37.960869,Seoul-1656,-8,73,Normal
2026-02-16 18:08:38.960869,Seoul-1656,-4,7,Normal
2026-02-16 18:08:39.960869,Seoul-1656,47,34,Normal
2026-02-16 18:08:40.960869,Seoul-1656,14,71,Normal
2026-02-16 18:08:41.960869,Seoul-1656,7,93,Normal
2026-02-16 18:08:42.960869,Seoul-1656,23,26,Normal
2026-02-16 18:08:43.960869,Seoul-1656,-12,59,Normal
2026-02-16 18:08:44.960869,Seoul-1656,-22,24,Normal
2026-02-16 18:08:45.960869,Seoul-1656,42,38,Normal
2026-02-16 18:08:46.960869,Seoul-1656,32,6,Normal
2026-02-16 18:08:47.960869,Seoul-1656,38,96,Normal
2026-02-16 18:08:48.960869,Seoul-1656,0,9,Normal
2026-02-16 18:08:49.960869,Seoul-1656,46,71,Normal
2026-02-16 18:08:50.960869,Seoul-1656,31,38,Normal
2026-02-16 18:08:51.960869,Seoul-1656,7,69,Normal
2026-02-16 18:08:52.960869,Seoul-1656,-9,85,Normal
2026-02-16 18:08:53.960869,Seoul-1656,33,13,Normal
2026-02-16 18:08:54.960869,Seoul-1656,9,33,Normal
2026-02-16 18:08:55.960869,Seoul-1656,-10,39,Normal
2026-02-16 18:08:56.960869,Seoul-1656,49,79,Normal
2026-02-16 18:08:57.960869,Seoul-1656,25,50,Normal
2026-02-16 18:08:58.960869,Seoul-1656,44,3,Normal
2026-02-16 18:08:59.960869,Seoul-1656,18,69,Normal
2026-02-16 18:09:00.960869,Seoul-1656,-14,1,Normal
2026-02-16 18:09:01.960869,Seoul-1656,3,73,Normal
2026-02-16 18:09:02.960869,Seoul-1656,-23,42,Normal
2026-02-16 18:09:03.960869,Seoul-1656,-14,52,Normal
2026-02-16 18:09:04.960869,Seoul-1656,-11,82,Normal
2026-02-16 18:09:05.960869,Seoul-1656,-2,13,Normal
2026-02-16 18:09:06.960869,Seoul-1656,12,71,Normal
2026-02-16 18:09:07.960869,Seoul-1656,49,16,Normal
2026-02-16 18:09:08.960869,Seoul-1656,8,13,Normal
2026-02-16 18:09:09.960869,Seoul-1656,44,58,Normal
2026-02-16 18:09:10.960869,Seoul-1656,1,84,Normal
2026-02-16 18:09:11.960869,Seoul-1656,20,48,Normal
2026-02-16 18:09:12.960869,Seoul-1656,48,83,Normal
2026-02-16 18:09:13.960869,Seoul-1656,-2,94,Normal
2026-02-16 18:09:14.960869,Seoul-1656,32,42,Normal
2026-02-16 18:09:15.960869,Seoul-1656,14,2,Normal
2026-02-16 18:09:16.960869,Seoul-1656,36,83,Normal
2026-02-16 18:09:17.960869,Seoul-1656,40,14,Normal
2026-02-16 18:09:18.960869,Seoul-1656,-2,87,Normal
2026-02-16 18:09:19.960869,Seoul-1656,20,56,Normal
2026-02-16 18:09:20.960869,Seoul-1656,27,57,Normal
2026-02-16 18:09:21.960869,Seoul-1656,-2,37,Normal
2026-02-16 18:09:22.960869,Seoul-1656,21,43,Normal
2026-02-16 18:09:23.960869,Seoul-1656,39,12,Normal
2026-02-16 18:09:24.960869,Seoul-1656,10,42,Normal
2026-02-16 18:09:25.960869,Seoul-1656,14,52,Normal
2026-02-16 18:09:26.960869,Seoul-1656,13,36,Normal
2026-02-16 18:09:27.960869,Seoul-1656,-30,10,Normal
2026-02-16 18:09:28.960869,Seoul-1656,21,69,Normal
2026-02-16 18:09:29.960869,Seoul-1656,-13,14,Normal
2026-02-16 18:09:30.960869,Seoul-1656,-10,55,Normal
2026-02-16 18:09:31.960869,Seoul-1656,36,34,Normal
2026-02-16 18:09:32.960869,Seoul-1656,3,81,Normal
2026-02-16 18:09:33.960869,Seoul-1656,9,54,Normal
2026-02-16 18:09:34.960869,Seoul-1656,38,40,Normal
2026-02-16 18:09:35.960869,Seoul-1656,44,94,Normal
2026-02-16 18:09:36.960869,Seoul-1656,42,15,Normal
2026-02-16 18:09:37.960869,Seoul-1656,-7,19,Normal
2026-02-16 18:09:38.960869,Seoul-1656,23,26,Normal
2026-02-16 18:09:39.960869,Seoul-1656,0,40,Normal
2026-02-16 18:09:40.960869,Seoul-1656,-5,62,Normal
2026-02-16 18:09:41.960869,Seoul-1656,-11,27,Normal
2026-02-16 18:09:42.960869,Seoul-1656,0,59,Normal
2026-02-16 18:09:43.960869,Seoul-1656,-7,95,Normal
2026-02-16 18:09:44.960869,Seoul-1656,1,35,Normal
2026-02-16 18:09:45.960869,Seoul-1656,10,61,Normal
2026-02-16 18:09:46.960869,Seoul-1656,-7,19,Normal
2026-02-16 18:09:47.960869,Seoul-1656,-22,100,Normal
2026-02-16 18:09:48.960869,Seoul-1656,-23,41,Normal
2026-02-16 18:09:49.960869,Seoul-1656,41,67,Normal
2026-02-16 18:09:50.960869,Seoul-1656,32,73,Normal
2026-02-16 18:09:51.960869,Seoul-1656,30,85,Normal
2026-02-16 18:09:52.960869,Seoul-1656,21,9,Normal
2026-02-16 18:09:53.960869,Seoul-1656,49,72,Normal
2026-02-16 18:09:54.960869,Seoul-1656,29,69,Normal
2026-02-16 18:09:55.960869,Seoul-1656,-27,34,Normal
2026-02-16 18:09:56.960869,Seoul-1656,-18,22,Normal
2026-02-16 18:09:57.960869,Seoul-1656,1,31,Normal
2026-02-16 18:09:58.960869,Seoul-1656,-20,59,Normal
2026-02-16 18:09:59.960869,Seoul-1656,44,67,Normal
2026-02-16 18:10:00.960869,Seoul-1656,-19,58,Normal
2026-02-16 18:10:01.960869,Seoul-1656,16,91,Normal
2026-02-16 18:10:02.960869,Seoul-1656,32,85,Normal
2026-02-16 18:10:03.960869,Seoul-1656,33,64,Normal
2026-02-16 18:10:04.960869,Seoul-1656,5,68,Normal
2026-02-16 18:10:05.960869,Seoul-1656,-10,71,Normal
2026-02-16 18:10:06.960869,Seoul-1656,19,36,Normal
2026-02-16 18:10:07.960869,Seoul-1656,-28,77,Normal
2026-02-16 18:10:08.960869,Seoul-1656,43,49,Normal
2026-02-16 18:10:09.960869,Seoul-1656,-10,42,Normal
2026-02-16 18:10:10.960869,Seoul-1656,43,31,Normal
2026-02-16 18:10:11.960869,Seoul-1656,39,43,Normal
2026-02-16 18:10:12.960869,Seoul-1656,5,43,Normal
2026-02-16 18:10:13.960869,Seoul-1656,-28,10,Normal
2026-02-16 18:10:14.960869,Seoul-1656,-8,23,Normal
2026-02-16 18:10:15.960869,Seoul-1656,-2,87,Normal
2026-02-16 18:10:16.960869,Seoul-1656,-24,13,Normal
2026-02-16 18:10:17.960869,Seoul-1656,30,67,Normal
2026-02-16 18:10:18.960869,Seoul-1656,-3,37,Normal
2026-02-16 18:10:19.960869,Seoul-1656,8,84,Normal
2026-02-16 18:10:20.960869,Seoul-1656,31,8,Normal
2026-02-16 18:10:21.960869,Seoul-1656,-18,6,Normal
2026-02-16 18:10:22.960869,Seoul-1656,41,0,Normal
2026-02-16 18:10:23.960869,Seoul-1656,-23,54,Normal
2026-02-16 18:10:24.960869,Seoul-1656,-23,84,Normal
2026-02-16 18:10:25.960869,Seoul-1656,-17,67,Normal
2026-02-16 18:10:26.960869,Seoul-1656,-5,99,Normal
2026-02-16 18:10:27.960869,Seoul-1656,-2,71,Normal
2026-02-16 18:10:28.960869,Seoul-1656,-7,97,Normal
2026-02-16 18:10:29.960869,Seoul-1656,-19,5,Normal
2026-02-16 18:10:30.960869,Seoul-1656,30,90,Normal
2026-02-16 18:10:31.960869,Seoul-1656,42,23,Normal
2026-02-16 18:10:32.960869,Seoul-1656,33,67,Normal
2026-02-16 18:10:33.960869,Seoul-1656,23,60,Normal
2026-02-16 18:10:34.960869,Seoul-1656,-3,26,Normal
2026-02-16 18:10:35.960869,Seoul-1656,-1,72,Normal
2026-02-16 18:10:36.960869,Seoul-1656,14,92,Normal
2026-02-16 18:10:37.960869,Seoul-1656,6,5,Normal
2026-02-16 18:10:38.960869,Seoul-1656,-22,55,Normal
2026-02-16 18:10:39.960869,Seoul-1656,-16,71,Normal
2026-02-16 18:10:40.960869,Seoul-1656,20,11,Normal
2026-02-16 18:10:41.960869,Seoul-1656,14,19,Normal
2026-02-16 18:10:42.960869,Seoul-1656,46,25,Normal
2026-02-16 18:10:43.960869,Seoul-1656,14,9,Normal
2026-02-16 18:10:44.960869,Seoul-1656,21,25,Normal
2026-02-16 18:10:45.960869,Seoul-1656,10,42,Normal
2026-02-16 18:10:46.960869,Seoul-1656,-30,52,Normal
2026-02-16 18:10:47.960869,Seoul-1656,22,96,Normal
2026-02-16 18:10:48.960869,Seoul-1656,13,54,Normal
2026-02-16 18:10:49.960869,Seoul-1656,29,83,Normal
2026-02-16 18:10:50.960869,Seoul-1656,32,2,Normal
2026-02-16 18:10:51.960869,Seoul-1656,19,88,Normal
2026-02-16 18:10:52.960869,Seoul-1656,-10,66,Normal
2026-02-16 18:10:53.960869,Seoul-1656,11,29,Normal
2026-02-16 18:10:54.960869,Seoul-1656,38,72,Normal
2026-02-16 18:10:55.960869,Seoul-1656,19,4,Normal
2026-02-16 18:10:56.960869,Seoul-1656,35,54,Normal
2026-02-16 18:10:57.960869,Seoul-1656,19,92,Normal
2026-02-16 18:10:58.960869,Seoul-1656,23,88,Normal
2026-02-16 18:10:59.960869,Seoul-1656,22,29,Normal
2026-02-16 18:11:00.960869,Seoul-1656,-26,68,Normal
2026-02-16 18:11:01.960869,Seoul-1656,-3,73,Normal
2026-02-16 18:11:02.960869,Seoul-1656,47,94,Normal
2026-02-16 18:11:03.960869,Seoul-1656,19,24,Normal
2026-02-16 18:11:04.960869,Seoul-1656,15,98,Normal
2026-02-16 18:11:05.960869,Seoul-1656,27,100,Normal
2026-02-16 18:11:06.960869,Seoul-1656,28,65,Normal
2026-02-16 18:11:07.960869,Seoul-1656,48,1,Normal
2026-02-16 18:11:08.960869,Seoul-1656,12,22,Normal
2026-02-16 18:11:09.960869,Seoul-1656,41,4,Normal
2026-02-16 18:11:10.960869,Seoul-1656,18,69,Normal
2026-02-16 18:11:11.960869,Seoul-1656,-12,98,Normal
2026-02-16 18:11:12.960869,Seoul-1656,25,47,Normal
2026-02-16 18:11:13.960869,Seoul-1656,15,7,Normal
2026-02-16 18:11:14.960869,Seoul-1656,17,24,Normal
2026-02-16 18:11:15.960869,Seoul-1656,-13,20,Normal
2026-02-16 18:11:16.960869,Seoul-1656,24,4,Normal
2026-02-16 18:11:17.960869,Seoul-1656,-6,94,Normal
2026-02-16 18:11:18.960869,Seoul-1656,-25,35,Normal
2026-02-16 18:11:19.960869,Seoul-1656,3,83,Normal
2026-02-16 18:11:20.960869,Seoul-1656,46,35,Normal
2026-02-16 18:11:21.960869,Seoul-1656,23,85,Normal
2026-02-16 18:11:22.960869,Seoul-1656,-20,50,Normal
2026-02-16 18:11:23.960869,Seoul-1656,-29,63,Normal
2026-02-16 18:11:24.960869,Seoul-1656,-2,76,Normal
2026-02-16 18:11:25.960869,Seoul-1656,-20,91,Normal
2026-02-16 18:11:26.960869,Seoul-1656,35,71,Normal
2026-02-16 18:11:27.960869,Seoul-1656,7,13,Normal
2026-02-16 18:11:28.960869,Seoul-1656,-9,69,Normal
2026-02-16 18:11:29.960869,Seoul-1656,14,49,Normal
2026-02-16 18:11:30.960869,Seoul-1656,21,78,Normal
2026-02-16 18:11:31.960869,Seoul-1656,44,59,Normal
2026-02-16 18:11:32.960869,Seoul-1656,37,2,Normal
2026-02-16 18:11:33.960869,Seoul-1656,-2,31,Normal
2026-02-16 18:11:34.960869,Seoul-1656,16,30,Normal
2026-02-16 18:11:35.960869,Seoul-1656,32,3,Normal
2026-02-16 18:11:36.960869,Seoul-1656,-18,94,Normal
2026-02-16 18:11:37.960869,Seoul-1656,-10,88,Normal
2026-02-16 18:11:38.960869,Seoul-1656,-17,57,Normal
2026-02-16 18:11:39.960869,Seoul-1656,40,49,Normal
2026-02-16 18:11:40.960869,Seoul-1656,26,92,Normal
2026-02-16 18:11:41.960869,Seoul-1656,20,21,Normal
2026-02-16 18:11:42.960869,Seoul-1656,49,42,Normal
2026-02-16 18:11:43.960869,Seoul-1656,-28,78,Normal
2026-02-16 18:11:44.960869,Seoul-1656,45,20,Normal
2026-02-16 18:11:45.960869,Seoul-1656,15,62,Normal
2026-02-16 18:11:46.960869,Seoul-1656,2,67,Normal
2026-02-16 18:11:47.960869,Seoul-1656,7,12,Normal
2026-02-16 18:11:48.960869,Seoul-1656,49,57,Normal
2026-02-16 18:11:49.960869,Seoul-1656,-20,57,Normal
2026-02-16 18:11:50.960869,Seoul-1656,-19,8,Normal
2026-02-16 18:11:51.960869,Seoul-1656,22,72,Normal
2026-02-16 18:11:52.960869,Seoul-1656,48,56,Normal
2026-02-16 18:11:53.960869,Seoul-1656,44,88,Normal
2026-02-16 18:11:54.960869,Seoul-1656,7,85,Normal
2026-02-16 18:11:55.960869,Seoul-1656,24,29,Normal
2026-02-16 18:11:56.960869,Seoul-1656,-2,62,Normal
2026-02-16 18:11:57.960869,Seoul-1656,-14,53,Normal
2026-02-16 18:11:58.960869,Seoul-1656,7,27,Normal
2026-02-16 18:11:59.960869,Seoul-1656,5,97,Normal
2026-02-16 18:12:00.960869,Seoul-1656,46,30,Normal
2026-02-16 18:12:01.960869,Seoul-1656,-2,81,Normal
2026-02-16 18:12:02.960869,Seoul-1656,12,6,Normal
2026-02-16 18:12:03.960869,Seoul-1656,-5,90,Normal
2026-02-16 18:12:04.960869,Seoul-1656,13,29,Normal
2026-02-16 18:12:05.960869,Seoul-1656,28,95,Normal
2026-02-16 18:12:06.960869,Seoul-1656,48,50,Normal
2026-02-16 18:12:07.960869,Seoul-1656,33,93,Normal
2026-02-16 18:12:08.960869,Seoul-1656,23,19,Normal
2026-02-16 18:12:09.960869,Seoul-1656,26,94,Normal
2026-02-16 18:12:10.960869,Seoul-1656,46,29,Normal
2026-02-16 18:12:11.960869,Seoul-1656,11,95,Normal
2026-02-16 18:12:12.960869,Seoul-1656,-8,3,Normal
2026-02-16 18:12:13.960869,Seoul-1656,49,40,Normal
2026-02-16 18:12:14.960869,Seoul-1656,35,90,Normal
2026-02-16 18:12:15.960869,Seoul-1656,28,63,Normal
2026-02-16 18:12:16.960869,Seoul-1656,-9,68,Normal
2026-02-16 18:12:17.960869,Seoul-1656,15,47,Normal
2026-02-16 18:12:18.960869,Seoul-1656,2,28,Normal
2026-02-16 18:12:19.960869,Seoul-1656,41,10,Normal
2026-02-16 18:12:20.960869,Seoul-1656,-3,75,Normal
2026-02-16 18:12:21.960869,Seoul-1656,10,21,Normal
2026-02-16 18:12:22.960869,Seoul-1656,-29,43,Normal
2026-02-16 18:12:23.960869,Seoul-1656,29,20,Normal
2026-02-16 18:12:24.960869,Seoul-1656,26,44,Normal
2026-02-16 18:12:25.960869,Seoul-1656,-16,39,Normal
2026-02-16 18:12:26.960869,Seoul-1656,31,73,Normal
2026-02-16 18:12:27.960869,Seoul-1656,18,97,Normal
2026-02-16 18:12:28.960869,Seoul-1656,-24,66,Normal
2026-02-16 18:12:29.960869,Seoul-1656,0,65,Normal
2026-02-16 18:12:30.960869,Seoul-1656,4,47,Normal
2026-02-16 18:12:31.960869,Seoul-1656,-30,37,Normal
2026-02-16 18:12:32.960869,Seoul-1656,49,14,Normal
2026-02-16 18:12:33.960869,Seoul-1656,-11,68,Normal
2026-02-16 18:12:34.960869,Seoul-1656,39,34,Normal
2026-02-16 18:12:35.960869,Seoul-1656,19,29,Normal
2026-02-16 18:12:36.960869,Seoul-1656,-23,0,Normal
2026-02-16 18:12:37.960869,Seoul-1656,-29,10,Normal
2026-02-16 18:12:38.960869,Seoul-1656,6,90,Normal
2026-02-16 18:12:39.960869,Seoul-1656,24,71,Normal
2026-02-16 18:12:40.960869,Seoul-1656,-6,89,Normal
2026-02-16 18:12:41.960869,Seoul-1656,-23,100,Normal
2026-02-16 18:12:42.960869,Seoul-1656,-2,90,Normal
2026-02-16 18:12:43.960869,Seoul-1656,42,54,Normal
2026-02-16 18:12:44.960869,Seoul-1656,49,1,Normal
2026-02-16 18:12:45.960869,Seoul-1656,-26,25,Normal
2026-02-16 18:12:46.960869,Seoul-1656,4,79,Normal
2026-02-16 18:12:47.960869,Seoul-1656,-27,7,Normal
2026-02-16 18:12:48.960869,Seoul-1656,32,51,Normal
2026-02-16 18:12:49.960869,Seoul-1656,-14,56,Normal
2026-02-16 18:12:50.960869,Seoul-1656,-6,84,Normal
2026-02-16 18:12:51.960869,Seoul-1656,13,70,Normal
2026-02-16 18:12:52.960869,Seoul-1656,30,84,Normal
2026-02-16 18:12:53.960869,Seoul-1656,-10,15,Normal
2026-02-16 18:12:54.960869,Seoul-1656,46,21,Normal
2026-02-16 18:12:55.960869,Seoul-1656,25,52,Normal
2026-02-16 18:12:56.960869,Seoul-1656,-4,40,Normal
2026-02-16 18:12:57.960869,Seoul-1656,22,12,Normal
2026-02-16 18:12:58.960869,Seoul-1656,42,54,Normal
2026-02-16 18:12:59.960869,Seoul-1656,36,3,Normal
2026-02-16 18:13:00.960869,Seoul-1656,50,53,Normal
2026-02-16 18:13:01.960869,Seoul-1656,-5,86,Normal
2026-02-16 18:13:02.960869,Seoul-1656,46,24,Normal
2026-02-16 18:13:03.960869,Seoul-1656,1,14,Normal
2026-02-16 18:13:04.960869,Seoul-1656,18,15,Normal
2026-02-16 18:13:05.960869,Seoul-1656,-18,95,Normal
2026-02-16 18:13:06.960869,Seoul-1656,-16,37,Normal
2026-02-16 18:13:07.960869,Seoul-1656,36,19,Normal
2026-02-16 18:13:08.960869,Seoul-1656,-14,62,Normal
2026-02-16 18:13:09.960869,Seoul-1656,39,69,Normal
2026-02-16 18:13:10.960869,Seoul-1656,44,67,Normal
2026-02-16 18:13:11.960869,Seoul-1656,-22,21,Normal
2026-02-16 18:13:12.960869,Seoul-1656,4,33,Normal
2026-02-16 18:13:13.960869,Seoul-1656,-25,67,Normal
2026-02-16 18:13:14.960869,Seoul-1656,-12,41,Normal
2026-02-16 18:13:15.960869,Seoul-1656,11,92,Normal
2026-02-16 18:13:16.960869,Seoul-1656,41,18,Normal
2026-02-16 18:13:17.960869,Seoul-1656,-8,73,Normal
2026-02-16 18:13:18.960869,Seoul-1656,14,90,Normal
2026-02-16 18:13:19.960869,Seoul-1656,-19,18,Normal
2026-02-16 18:13:20.960869,Seoul-1656,32,92,Normal
2026-02-16 18:13:21.960869,Seoul-1656,-5,42,Normal
2026-02-16 18:13:22.960869,Seoul-1656,49,89,Normal
2026-02-16 18:13:23.960869,Seoul-1656,22,85,Normal
2026-02-16 18:13:24.960869,Seoul-1656,43,75,Normal
2026-02-16 18:13:25.960869,Seoul-1656,-22,69,Normal
2026-02-16 18:13:26.960869,Seoul-1656,4,53,Normal
2026-02-16 18:13:27.960869,Seoul-1656,36,60,Normal
2026-02-16 18:13:28.960869,Seoul-1656,18,87,Normal
2026-02-16 18:13:29.960869,Seoul-1656,1,97,Normal
2026-02-16 18:13:30.960869,Seoul-1656,-28,54,Normal
2026-02-16 18:13:31.960869,Seoul-1656,46,45,Normal
2026-02-16 18:13:32.960869,Seoul-1656,42,45,Normal
2026-02-16 18:13:33.960869,Seoul-1656,14,68,Normal
2026-02-16 18:13:34.960869,Seoul-1656,5,10,Normal
2026-02-16 18:13:35.960869,Seoul-1656,-13,3,Normal
2026-02-16 18:13:36.960869,Seoul-1656,17,48,Normal
2026-02-16 18:13:37.960869,Seoul-1656,12,75,Normal
2026-02-16 18:13:38.960869,Seoul-1656,31,66,Normal
2026-02-16 18:13:39.960869,Seoul-1656,9,27,Normal
2026-02-16 18:13:40.960869,Seoul-1656,34,97,Normal
2026-02-16 18:13:41.960869,Seoul-1656,15,17,Normal
2026-02-16 18:13:42.960869,Seoul-1656,-2,96,Normal
2026-02-16 18:13:43.960869,Seoul-1656,15,93,Normal
2026-02-16 18:13:44.960869,Seoul-1656,-13,10,Normal
2026-02-16 18:13:45.960869,Seoul-1656,8,88,Normal
2026-02-16 18:13:46.960869,Seoul-1656,-22,100,Normal
2026-02-16 18:13:47.960869,Seoul-1656,4,95,Normal
2026-02-16 18:13:48.960869,Seoul-1656,10,54,Normal
2026-02-16 18:13:49.960869,Seoul-1656,-21,95,Normal
2026-02-16 18:13:50.960869,Seoul-1656,1,26,Normal
2026-02-16 18:13:51.960869,Seoul-1656,22,56,Normal
2026-02-16 18:13:52.960869,Seoul-1656,-16,26,Normal
2026-02-16 18:13:53.960869,Seoul-1656,40,45,Normal
2026-02-16 18:13:54.960869,Seoul-1656,39,56,Normal
2026-02-16 18:13:55.960869,Seoul-1656,3,0,Normal
2026-02-16 18:13:56.960869,Seoul-1656,-15,84,Normal
2026-02-16 18:13:57.960869,Seoul-1656,28,19,Normal
2026-02-16 18:13:58.960869,Seoul-1656,7,53,Normal
2026-02-16 18:13:59.960869,Seoul-1656,-17,57,Normal
2026-02-16 18:14:00.960869,Seoul-1656,21,5,Normal
2026-02-16 18:14:01.960869,Seoul-1656,-13,80,Normal
2026-02-16 18:14:02.960869,Seoul-1656,23,71,Normal
2026-02-16 18:14:03.960869,Seoul-1656,20,64,Normal
2026-02-16 18:14:04.960869,Seoul-1656,44,94,Normal
2026-02-16 18:14:05.960869,Seoul-1656,40,36,Normal
2026-02-16 18:14:06.960869,Seoul-1656,7,42,Normal
2026-02-16 18:14:07.960869,Seoul-1656,-5,35,Normal
2026-02-16 18:14:08.960869,Seoul-1656,29,43,Normal
2026-02-16 18:14:09.960869,Seoul-1656,-1,9,Normal
2026-02-16 18:14:10.960869,Seoul-1656,-12,27,Normal
2026-02-16 18:14:11.960869,Seoul-1656,20,81,Normal
2026-02-16 18:14:12.960869,Seoul-1656,5,0,Normal
2026-02-16 18:14:13.960869,Seoul-1656,44,54,Normal
2026-02-16 18:14:14.960869,Seoul-1656,4,61,Normal
2026-02-16 18:14:15.960869,Seoul-1656,-1,2,Normal
2026-02-16 18:14:16.960869,Seoul-1656,15,91,Normal
2026-02-16 18:14:17.960869,Seoul-1656,34,6,Normal
2026-02-16 18:14:18.960869,Seoul-1656,-11,11,Normal
2026-02-16 18:14:19.960869,Seoul-1656,43,90,Normal
2026-02-16 18:14:20.960869,Seoul-1656,40,14,Normal
2026-02-16 18:14:21.960869,Seoul-1656,-20,46,Normal
2026-02-16 18:14:22.960869,Seoul-1656,35,99,Normal
2026-02-16 18:14:23.960869,Seoul-1656,-30,15,Normal
2026-02-16 18:14:24.960869,Seoul-1656,-22,35,Normal
2026-02-16 18:14:25.960869,Seoul-1656,22,53,Normal
2026-02-16 18:14:26.960869,Seoul-1656,25,40,Normal
2026-02-16 18:14:27.960869,Seoul-1656,17,80,Normal
2026-02-16 18:14:28.960869,Seoul-1656,21,7,Normal
2026-02-16 18:14:29.960869,Seoul-1656,-8,13,Normal
2026-02-16 18:14:30.960869,Seoul-1656,19,96,Normal
2026-02-16 18:14:31.960869,Seoul-1656,22,72,Normal
2026-02-16 18:14:32.960869,Seoul-1656,20,77,Normal
2026-02-16 18:14:33.960869,Seoul-1656,27,42,Normal
2026-02-16 18:14:34.960869,Seoul-1656,-29,90,Normal
2026-02-16 18:14:35.960869,Seoul-1656,30,17,Normal
2026-02-16 18:14:36.960869,Seoul-1656,46,16,Normal
2026-02-16 18:14:37.960869,Seoul-1656,-14,82,Normal
2026-02-16 18:14:38.960869,Seoul-1656,39,27,Normal
2026-02-16 18:14:39.960869,Seoul-1656,-4,45,Normal
2026-02-16 18:14:40.960869,Seoul-1656,21,96,Normal
2026-02-16 18:14:41.960869,Seoul-1656,17,36,Normal
2026-02-16 18:14:42.960869,Seoul-1656,-16,33,Normal
2026-02-16 18:14:43.960869,Seoul-1656,-8,0,Normal
2026-02-16 18:14:44.960869,Seoul-1656,-20,85,Normal
2026-02-16 18:14:45.960869,Seoul-1656,-15,89,Normal
2026-02-16 18:14:46.960869,Seoul-1656,49,96,Normal
2026-02-16 18:14:47.960869,Seoul-1656,2,21,Normal
2026-02-16 18:14:48.960869,Seoul-1656,3,11,Normal
2026-02-16 18:14:49.960869,Seoul-1656,20,4,Normal
2026-02-16 18:14:50.960869,Seoul-1656,-23,42,Normal
2026-02-16 18:14:51.960869,Seoul-1656,-17,31,Normal
2026-02-16 18:14:52.960869,Seoul-1656,43,28,Normal
2026-02-16 18:14:53.960869,Seoul-1656,31,92,Normal
2026-02-16 18:14:54.960869,Seoul-1656,-14,72,Normal
2026-02-16 18:14:55.960869,Seoul-1656,8,87,Normal
2026-02-16 18:14:56.960869,Seoul-1656,-18,69,Normal
2026-02-16 18:14:57.960869,Seoul-1656,31,68,Normal
2026-02-16 18:14:58.960869,Seoul-1656,2,81,Normal
2026-02-16 18:14:59.960869,Seoul-1656,46,90,Normal
2026-02-16 18:15:00.960869,Seoul-1656,50,64,Normal
2026-02-16 18:15:01.960869,Seoul-1656,39,39,Normal
2026-02-16 18:15:02.960869,Seoul-1656,27,66,Normal
2026-02-16 18:15:03.960869,Seoul-1656,-28,31,Normal
2026-02-16 18:15:04.960869,Seoul-1656,25,66,Normal
2026-02-16 18:15:05.960869,Seoul-1656,35,81,Normal
2026-02-16 18:15:06.960869,Seoul-1656,12,8,Normal
2026-02-16 18:15:07.960869,Seoul-1656,-26,29,Normal
2026-02-16 18:15:08.960869,Seoul-1656,39,97,Normal
2026-02-16 18:15:09.960869,Seoul-1656,19,61,Normal
2026-02-16 18:15:10.960869,Seoul-1656,-16,99,Normal
2026-02-16 18:15:11.960869,Seoul-1656,-29,81,Normal
2026-02-16 18:15:12.960869,Seoul-1656,-19,92,Normal
2026-02-16 18:15:13.960869,Seoul-1656,-4,20,Normal
2026-02-16 18:15:14.960869,Seoul-1656,-3,8,Normal
2026-02-16 18:15:15.960869,Seoul-1656,-14,31,Normal
2026-02-16 18:15:16.960869,Seoul-1656,-20,78,Normal
2026-02-16 18:15:17.960869,Seoul-1656,41,82,Normal
2026-02-16 18:15:18.960869,Seoul-1656,38,17,Normal
2026-02-16 18:15:19.960869,Seoul-1656,-2,15,Normal
2026-02-16 18:15:20.960869,Seoul-1656,34,54,Normal
2026-02-16 18:15:21.960869,Seoul-1656,-27,64,Normal
2026-02-16 18:15:22.960869,Seoul-1656,40,9,Normal
2026-02-16 18:15:23.960869,Seoul-1656,18,86,Normal
2026-02-16 18:15:24.960869,Seoul-1656,-11,13,Normal
2026-02-16 18:15:25.960869,Seoul-1656,-30,74,Normal
2026-02-16 18:15:26.960869,Seoul-1656,19,83,Normal
2026-02-16 18:15:27.960869,Seoul-1656,31,29,Normal
2026-02-16 18:15:28.960869,Seoul-1656,19,62,Normal
2026-02-16 18:15:29.960869,Seoul-1656,24,35,Normal
2026-02-16 18:15:30.960869,Seoul-1656,24,88,Normal
2026-02-16 18:15:31.960869,Seoul-1656,21,4,Normal
2026-02-16 18:15:32.960869,Seoul-1656,19,86,Normal
2026-02-16 18:15:33.960869,Seoul-1656,-7,83,Normal
2026-02-16 18:15:34.960869,Seoul-1656,-26,62,Normal
2026-02-16 18:15:35.960869,Seoul-1656,6,28,Normal
2026-02-16 18:15:36.960869,Seoul-1656,-3,52,Normal
2026-02-16 18:15:37.960869,Seoul-1656,-9,18,Normal
2026-02-16 18:15:38.960869,Seoul-1656,9,62,Normal
2026-02-16 18:15:39.960869,Seoul-1656,39,42,Normal
2026-02-16 18:15:40.960869,Seoul-1656,-21,49,Normal
2026-02-16 18:15:41.960869,Seoul-1656,-23,77,Normal
2026-02-16 18:15:42.960869,Seoul-1656,-26,10,Normal
2026-02-16 18:15:43.960869,Seoul-1656,0,35,Normal
2026-02-16 18:15:44.960869,Seoul-1656,3,78,Normal
2026-02-16 18:15:45.960869,Seoul-1656,7,75,Normal
2026-02-16 18:15:46.960869,Seoul-1656,37,53,Normal
2026-02-16 18:15:47.960869,Seoul-1656,41,47,Normal
2026-02-16 18:15:48.960869,Seoul-1656,42,15,Normal
2026-02-16 18:15:49.960869,Seoul-1656,19,98,Normal
2026-02-16 18:15:50.960869,Seoul-1656,-13,22,Normal
2026-02-16 18:15:51.960869,Seoul-1656,31,85,Normal
2026-02-16 18:15:52.960869,Seoul-1656,-1,78,Normal
2026-02-16 18:15:53.960869,Seoul-1656,24,76,Normal
2026-02-16 18:15:54.960869,Seoul-1656,-11,38,Normal
2026-02-16 18:15:55.960869,Seoul-1656,17,49,Normal
2026-02-16 18:15:56.960869,Seoul-1656,-12,35,Normal
2026-02-16 18:15:57.960869,Seoul-1656,49,9,Normal
2026-02-16 18:15:58.960869,Seoul-1656,11,32,Normal
2026-02-16 18:15:59.960869,Seoul-1656,8,51,Normal
2026-02-16 18:16:00.960869,Seoul-1656,5,27,Normal
2026-02-16 18:16:01.960869,Seoul-1656,-7,9,Normal
2026-02-16 18:16:02.960869,Seoul-1656,-2,34,Normal
2026-02-16 18:16:03.960869,Seoul-1656,10,67,Normal
2026-02-16 18:16:04.960869,Seoul-1656,7,48,Normal
2026-02-16 18:16:05.960869,Seoul-1656,50,42,Normal
2026-02-16 18:16:06.960869,Seoul-1656,-6,65,Normal
2026-02-16 18:16:07.960869,Seoul-1656,25,64,Normal
2026-02-16 18:16:08.960869,Seoul-1656,35,36,Normal
2026-02-16 18:16:09.960869,Seoul-1656,-22,39,Normal
2026-02-16 18:16:10.960869,Seoul-1656,33,25,Normal
2026-02-16 18:16:11.960869,Seoul-1656,23,94,Normal
2026-02-16 18:16:12.960869,Seoul-1656,20,39,Normal
2026-02-16 18:16:13.960869,Seoul-1656,10,68,Normal
2026-02-16 18:16:14.960869,Seoul-1656,-21,31,Normal
2026-02-16 18:16:15.960869,Seoul-1656,-20,50,Normal
2026-02-16 18:16:16.960869,Seoul-1656,-3,61,Normal
2026-02-16 18:16:17.960869,Seoul-1656,-22,78,Normal
2026-02-16 18:16:18.960869,Seoul-1656,46,63,Normal
2026-02-16 18:16:19.960869,Seoul-1656,33,13,Normal
2026-02-16 18:16:20.960869,Seoul-1656,3,32,Normal
2026-02-16 18:16:21.960869,Seoul-1656,-14,33,Normal
2026-02-16 18:16:22.960869,Seoul-1656,43,45,Normal
2026-02-16 18:16:23.960869,Seoul-1656,37,91,Normal
2026-02-16 18:16:24.960869,Seoul-1656,1,82,Normal
2026-02-16 18:16:25.960869,Seoul-1656,-22,11,Normal
2026-02-16 18:16:26.960869,Seoul-1656,-27,73,Normal
2026-02-16 18:16:27.960869,Seoul-1656,-21,37,Normal
2026-02-16 18:16:28.960869,Seoul-1656,31,55,Normal
2026-02-16 18:16:29.960869,Seoul-1656,-30,9,Normal
2026-02-16 18:16:30.960869,Seoul-1656,-1,75,Normal
2026-02-16 18:16:31.960869,Seoul-1656,10,73,Normal
2026-02-16 18:16:32.960869,Seoul-1656,-7,27,Normal
2026-02-16 18:16:33.960869,Seoul-1656,35,96,Normal
2026-02-16 18:16:34.960869,Seoul-1656,15,3,Normal
2026-02-16 18:16:35.960869,Seoul-1656,19,26,Normal
2026-02-16 18:16:36.960869,Seoul-1656,19,2,Normal
2026-02-16 18:16:37.960869,Seoul-1656,-6,50,Normal
2026-02-16 18:16:38.960869,Seoul-1656,-6,18,Normal
2026-02-16 18:16:39.960869,Seoul-1656,-23,64,Normal
2026-02-16 18:16:40.960869,Seoul-1656,-7,52,Normal
2026-02-16 18:16:41.960869,Seoul-1656,-17,36,Normal
2026-02-16 18:16:42.960869,Seoul-1656,-8,27,Normal
2026-02-16 18:16:43.960869,Seoul-1656,26,8,Normal
2026-02-16 18:16:44.960869,Seoul-1656,-2,85,Normal
2026-02-16 18:16:45.960869,Seoul-1656,23,42,Normal
2026-02-16 18:16:46.960869,Seoul-1656,7,32,Normal
2026-02-16 18:16:47.960869,Seoul-1656,18,37,Normal
2026-02-16 18:16:48.960869,Seoul-1656,22,81,Normal
2026-02-16 18:16:49.960869,Seoul-1656,-2,46,Normal
2026-02-16 18:16:50.960869,Seoul-1656,-21,15,Normal
2026-02-16 18:16:51.960869,Seoul-1656,-25,79,Normal
2026-02-16 18:16:52.960869,Seoul-1656,-13,8,Normal
2026-02-16 18:16:53.960869,Seoul-1656,45,37,Normal
2026-02-16 18:16:54.960869,Seoul-1656,-23,42,Normal
2026-02-16 18:16:55.960869,Seoul-1656,42,76,Normal
2026-02-16 18:16:56.960869,Seoul-1656,-22,63,Normal
2026-02-16 18:16:57.960869,Seoul-1656,5,53,Normal
2026-02-16 18:16:58.960869,Seoul-1656,11,39,Normal
2026-02-16 18:16:59.960869,Seoul-1656,-13,23,Normal
2026-02-16 18:17:00.960869,Seoul-1656,41,26,Normal
2026-02-16 18:17:01.960869,Seoul-1656,16,53,Normal
2026-02-16 18:17:02.960869,Seoul-1656,-11,42,Normal
2026-02-16 18:17:03.960869,Seoul-1656,44,13,Normal
2026-02-16 18:17:04.960869,Seoul-1656,35,22,Normal
2026-02-16 18:17:05.960869,Seoul-1656,-1,19,Normal
2026-02-16 18:17:06.960869,Seoul-1656,44,22,Normal
2026-02-16 18:17:07.960869,Seoul-1656,9,68,Normal
2026-02-16 18:17:08.960869,Seoul-1656,-18,56,Normal
2026-02-16 18:17:09.960869,Seoul-1656,-21,8,Normal
2026-02-16 18:17:10.960869,Seoul-1656,34,14,Normal
2026-02-16 18:17:11.960869,Seoul-1656,-16,63,Normal
2026-02-16 18:17:12.960869,Seoul-1656,-27,61,Normal
2026-02-16 18:17:13.960869,Seoul-1656,21,88,Normal
2026-02-16 18:17:14.960869,Seoul-1656,9,67,Normal
2026-02-16 18:17:15.960869,Seoul-1656,38,4,Normal
2026-02-16 18:17:16.960869,Seoul-1656,-29,2,Normal
2026-02-16 18:17:17.960869,Seoul-1656,46,57,Normal
2026-02-16 18:17:18.960869,Seoul-1656,-30,72,Normal
2026-02-16 18:17:19.960869,Seoul-1656,24,88,Normal
2026-02-16 18:17:20.960869,Seoul-1656,33,26,Normal
2026-02-16 18:17:21.960869,Seoul-1656,-3,65,Normal
2026-02-16 18:17:22.960869,Seoul-1656,41,36,Normal
2026-02-16 18:17:23.960869,Seoul-1656,11,38,Normal
2026-02-16 18:17:24.960869,Seoul-1656,-19,13,Normal
2026-02-16 18:17:25.960869,Seoul-1656,12,8,Normal
2026-02-16 18:17:26.960869,Seoul-1656,49,58,Normal
2026-02-16 18:17:27.960869,Seoul-1656,-12,68,Normal
2026-02-16 18:17:28.960869,Seoul-1656,30,31,Normal
2026-02-16 18:17:29.960869,Seoul-1656,-28,16,Normal
2026-02-16 18:17:30.960869,Seoul-1656,47,75,Normal
2026-02-16 18:17:31.960869,Seoul-1656,40,4,Normal
2026-02-16 18:17:32.960869,Seoul-1656,5,79,Normal
2026-02-16 18:17:33.960869,Seoul-1656,10,69,Normal
2026-02-16 18:17:34.960869,Seoul-1656,-20,97,Normal
2026-02-16 18:17:35.960869,Seoul-1656,19,32,Normal
2026-02-16 18:17:36.960869,Seoul-1656,-16,12,Normal
2026-02-16 18:17:37.960869,Seoul-1656,10,71,Normal
2026-02-16 18:17:38.960869,Seoul-1656,30,41,Normal
2026-02-16 18:17:39.960869,Seoul-1656,-11,51,Normal
2026-02-16 18:17:40.960869,Seoul-1656,43,95,Normal
2026-02-16 18:17:41.960869,Seoul-1656,-28,23,Normal
2026-02-16 18:17:42.960869,Seoul-1656,-14,6,Normal
2026-02-16 18:17:43.960869,Seoul-1656,45,60,Normal
2026-02-16 18:17:44.960869,Seoul-1656,-11,43,Normal
2026-02-16 18:17:45.960869,Seoul-1656,23,52,Normal
2026-02-16 18:17:46.960869,Seoul-1656,-29,14,Normal
2026-02-16 18:17:47.960869,Seoul-1656,34,45,Normal
2026-02-16 18:17:48.960869,Seoul-1656,24,40,Normal
2026-02-16 18:17:49.960869,Seoul-1656,-13,60,Normal
2026-02-16 18:17:50.960869,Seoul-1656,12,87,Normal
2026-02-16 18:17:51.960869,Seoul-1656,-16,21,Normal
2026-02-16 18:17:52.960869,Seoul-1656,-15,29,Normal
2026-02-16 18:17:53.960869,Seoul-1656,-30,89,Normal
2026-02-16 18:17:54.960869,Seoul-1656,43,100,Normal
2026-02-16 18:17:55.960869,Seoul-1656,38,4,Normal
2026-02-16 18:17:56.960869,Seoul-1656,-17,56,Normal
2026-02-16 18:17:57.960869,Seoul-1656,37,90,Normal
2026-02-16 18:17:58.960869,Seoul-1656,15,29,Normal
2026-02-16 18:17:59.960869,Seoul-1656,-24,40,Normal
2026-02-16 18:18:00.960869,Seoul-1656,30,37,Normal
2026-02-16 18:18:01.960869,Seoul-1656,15,85,Normal
2026-02-16 18:18:02.960869,Seoul-1656,0,69,Normal
2026-02-16 18:18:03.960869,Seoul-1656,41,79,Normal
2026-02-16 18:18:04.960869,Seoul-1656,-9,33,Normal
2026-02-16 18:18:05.960869,Seoul-1656,-26,86,Normal
2026-02-16 18:18:06.960869,Seoul-1656,-26,0,Normal
2026-02-16 18:18:07.960869,Seoul-1656,26,17,Normal
2026-02-16 18:18:08.960869,Seoul-1656,3,52,Normal
2026-02-16 18:18:09.960869,Seoul-1656,-13,41,Normal
2026-02-16 18:18:10.960869,Seoul-1656,-28,42,Normal
2026-02-16 18:18:11.960869,Seoul-1656,42,20,Normal
2026-02-16 18:18:12.960869,Seoul-1656,-14,10,Normal
2026-02-16 18:18:13.960869,Seoul-1656,1,36,Normal
2026-02-16 18:18:14.960869,Seoul-1656,33,87,Normal
2026-02-16 18:18:15.960869,Seoul-1656,-23,90,Normal
2026-02-16 18:18:16.960869,Seoul-1656,-10,36,Normal
2026-02-16 18:18:17.960869,Seoul-1656,1,21,Normal
2026-02-16 18:18:18.960869,Seoul-1656,-28,93,Normal
2026-02-16 18:18:19.960869,Seoul-1656,38,97,Normal
2026-02-16 18:18:20.960869,Seoul-1656,43,75,Normal
2026-02-16 18:18:21.960869,Seoul-1656,40,33,Normal
2026-02-16 18:18:22.960869,Seoul-1656,-14,60,Normal
2026-02-16 18:18:23.960869,Seoul-1656,3,68,Normal
2026-02-16 18:18:24.960869,Seoul-1656,13,65,Normal
2026-02-16 18:18:25.960869,Seoul-1656,-9,47,Normal
2026-02-16 18:18:26.960869,Seoul-1656,11,56,Normal
2026-02-16 18:18:27.960869,Seoul-1656,18,93,Normal
2026-02-16 18:18:28.960869,Seoul-1656,16,97,Normal
2026-02-16 18:18:29.960869,Seoul-1656,-3,12,Normal
2026-02-16 18:18:30.960869,Seoul-1656,-10,60,Normal
2026-02-16 18:18:31.960869,Seoul-1656,11,68,Normal
2026-02-16 18:18:32.960869,Seoul-1656,28,27,Normal
2026-02-16 18:18:33.960869,Seoul-1656,14,27,Normal
2026-02-16 18:18:34.960869,Seoul-1656,35,83,Normal
2026-02-16 18:18:35.960869,Seoul-1656,5,1,Normal
2026-02-16 18:18:36.960869,Seoul-1656,-24,88,Normal
2026-02-16 18:18:37.960869,Seoul-1656,16,68,Normal
2026-02-16 18:18:38.960869,Seoul-1656,-29,11,Normal
2026-02-16 18:18:39.960869,Seoul-1656,-1,89,Normal
2026-02-16 18:18:40.960869,Seoul-1656,-18,26,Normal
2026-02-16 18:18:41.960869,Seoul-1656,-5,67,Normal
2026-02-16 18:18:42.960869,Seoul-1656,47,16,Normal
2026-02-16 18:18:43.960869,Seoul-1656,-10,21,Normal
2026-02-16 18:18:44.960869,Seoul-1656,37,62,Normal
2026-02-16 18:18:45.960869,Seoul-1656,43,66,Normal
2026-02-16 18:18:46.960869,Seoul-1656,2,63,Normal
2026-02-16 18:18:47.960869,Seoul-1656,5,54,Normal
2026-02-16 18:18:48.960869,Seoul-1656,37,14,Normal
2026-02-16 18:18:49.960869,Seoul-1656,15,4,Normal
2026-02-16 18:18:50.960869,Seoul-1656,35,84,Normal
2026-02-16 18:18:51.960869,Seoul-1656,-5,7,Normal
2026-02-16 18:18:52.960869,Seoul-1656,6,22,Normal
2026-02-16 18:18:53.960869,Seoul-1656,-27,40,Normal
2026-02-16 18:18:54.960869,Seoul-1656,-27,71,Normal
2026-02-16 18:18:55.960869,Seoul-1656,-2,15,Normal
2026-02-16 18:18:56.960869,Seoul-1656,-13,86,Normal
2026-02-16 18:18:57.960869,Seoul-1656,25,84,Normal
2026-02-16 18:18:58.960869,Seoul-1656,2,65,Normal
2026-02-16 18:18:59.960869,Seoul-1656,-18,50,Normal
2026-02-16 18:19:00.960869,Seoul-1656,41,59,Normal
2026-02-16 18:19:01.960869,Seoul-1656,39,79,Normal
2026-02-16 18:19:02.960869,Seoul-1656,33,20,Normal
2026-02-16 18:19:03.960869,Seoul-1656,-18,60,Normal
2026-02-16 18:19:04.960869,Seoul-1656,24,2,Normal
2026-02-16 18:19:05.960869,Seoul-1656,-30,69,Normal
2026-02-16 18:19:06.960869,Seoul-1656,-9,15,Normal
2026-02-16 18:19:07.960869,Seoul-1656,-22,34,Normal
2026-02-16 18:19:08.960869,Seoul-1656,10,67,Normal
2026-02-16 18:19:09.960869,Seoul-1656,33,90,Normal
2026-02-16 18:19:10.960869,Seoul-1656,14,21,Normal
2026-02-16 18:19:11.960869,Seoul-1656,8,46,Normal
2026-02-16 18:19:12.960869,Seoul-1656,22,66,Normal
2026-02-16 18:19:13.960869,Seoul-1656,14,33,Normal
2026-02-16 18:19:14.960869,Seoul-1656,1,20,Normal
2026-02-16 18:19:15.960869,Seoul-1656,41,76,Normal
2026-02-16 18:19:16.960869,Seoul-1656,4,35,Normal
2026-02-16 18:19:17.960869,Seoul-1656,-24,83,Normal
2026-02-16 18:19:18.960869,Seoul-1656,-30,23,Normal
2026-02-16 18:19:19.960869,Seoul-1656,-18,2,Normal
2026-02-16 18:19:20.960869,Seoul-1656,10,62,Normal
2026-02-16 18:19:21.960869,Seoul-1656,-5,14,Normal
2026-02-16 18:19:22.960869,Seoul-1656,5,39,Normal
2026-02-16 18:19:23.960869,Seoul-1656,22,5,Normal
2026-02-16 18:19:24.960869,Seoul-1656,47,63,Normal
2026-02-16 18:19:25.960869,Seoul-1656,-25,45,Normal
2026-02-16 18:19:26.960869,Seoul-1656,-17,90,Normal
2026-02-16 18:19:27.960869,Seoul-1656,47,16,Normal
2026-02-16 18:19:28.960869,Seoul-1656,-8,96,Normal
2026-02-16 18:19:29.960869,Seoul-1656,48,7,Normal
2026-02-16 18:19:30.960869,Seoul-1656,21,56,Normal
2026-02-16 18:19:31.960869,Seoul-1656,6,89,Normal
2026-02-16 18:19:32.960869,Seoul-1656,47,88,Normal
2026-02-16 18:19:33.960869,Seoul-1656,46,92,Normal
2026-02-16 18:19:34.960869,Seoul-1656,50,89,Normal
2026-02-16 18:19:35.960869,Seoul-1656,42,85,Normal
2026-02-16 18:19:36.960869,Seoul-1656,44,61,Normal
2026-02-16 18:19:37.960869,Seoul-1656,-27,28,Normal
2026-02-16 18:19:38.960869,Seoul-1656,20,73,Normal
2026-02-16 18:19:39.960869,Seoul-1656,40,44,Normal
2026-02-16 18:19:40.960869,Seoul-1656,32,86,Normal
2026-02-16 18:19:41.960869,Seoul-1656,19,5,Normal
2026-02-16 18:19:42.960869,Seoul-1656,-9,52,Normal
2026-02-16 18:19:43.960869,Seoul-1656,48,56,Normal
2026-02-16 18:19:44.960869,Seoul-1656,47,68,Normal
2026-02-16 18:19:45.960869,Seoul-1656,-5,65,Normal
2026-02-16 18:19:46.960869,Seoul-1656,26,60,Normal
2026-02-16 18:19:47.960869,Seoul-1656,8,96,Normal
2026-02-16 18:19:48.960869,Seoul-1656,-21,17,Normal
2026-02-16 18:19:49.960869,Seoul-1656,-16,36,Normal
2026-02-16 18:19:50.960869,Seoul-1656,44,96,Normal
2026-02-16 18:19:51.960869,Seoul-1656,-22,37,Normal
2026-02-16 18:19:52.960869,Seoul-1656,42,95,Normal
2026-02-16 18:19:53.960869,Seoul-1656,12,46,Normal
2026-02-16 18:19:54.960869,Seoul-1656,37,79,Normal
2026-02-16 18:19:55.960869,Seoul-1656,-20,8,Normal
2026-02-16 18:19:56.960869,Seoul-1656,4,68,Normal
2026-02-16 18:19:57.960869,Seoul-1656,-24,6,Normal
2026-02-16 18:19:58.960869,Seoul-1656,3,6,Normal
2026-02-16 18:19:59.960869,Seoul-1656,15,12,Normal
2026-02-16 18:20:00.960869,Seoul-1656,-13,56,Normal
2026-02-16 18:20:01.960869,Seoul-1656,30,4,Normal
2026-02-16 18:20:02.960869,Seoul-1656,-22,98,Normal
2026-02-16 18:20:03.960869,Seoul-1656,-18,22,Normal
2026-02-16 18:20:04.960869,Seoul-1656,34,1,Normal
2026-02-16 18:20:05.960869,Seoul-1656,-29,82,Normal
2026-02-16 18:20:06.960869,Seoul-1656,2,39,Normal
2026-02-16 18:20:07.960869,Seoul-1656,-2,93,Normal
2026-02-16 18:20:08.960869,Seoul-1656,20,59,Normal
2026-02-16 18:20:09.960869,Seoul-1656,50,98,Normal
2026-02-16 18:20:10.960869,Seoul-1656,29,93,Normal
2026-02-16 18:20:11.960869,Seoul-1656,50,90,Normal
2026-02-16 18:20:12.960869,Seoul-1656,48,55,Normal
2026-02-16 18:20:13.960869,Seoul-1656,17,63,Normal
2026-02-16 18:20:14.960869,Seoul-1656,28,46,Normal
2026-02-16 18:20:15.960869,Seoul-1656,29,26,Normal
2026-02-16 18:20:16.960869,Seoul-1656,32,59,Normal
2026-02-16 18:20:17.960869,Seoul-1656,-9,81,Normal
2026-02-16 18:20:18.960869,Seoul-1656,37,31,Normal
2026-02-16 18:20:19.960869,Seoul-1656,-1,4,Normal
2026-02-16 18:20:20.960869,Seoul-1656,-18,47,Normal
2026-02-16 18:20:21.960869,Seoul-1656,-11,76,Normal
2026-02-16 18:20:22.960869,Seoul-1656,35,30,Normal
2026-02-16 18:20:23.960869,Seoul-1656,13,52,Normal
2026-02-16 18:20:24.960869,Seoul-1656,34,91,Normal
2026-02-16 18:20:25.960869,Seoul-1656,33,98,Normal
2026-02-16 18:20:26.960869,Seoul-1656,-21,41,Normal
2026-02-16 18:20:27.960869,Seoul-1656,33,63,Normal
2026-02-16 18:20:28.960869,Seoul-1656,40,90,Normal
2026-02-16 18:20:29.960869,Seoul-1656,18,81,Normal
2026-02-16 18:20:30.960869,Seoul-1656,39,70,Normal
2026-02-16 18:20:31.960869,Seoul-1656,-28,13,Normal
2026-02-16 18:20:32.960869,Seoul-1656,21,55,Normal
2026-02-16 18:20:33.960869,Seoul-1656,40,61,Normal
2026-02-16 18:20:34.960869,Seoul-1656,-10,24,Normal
2026-02-16 18:20:35.960869,Seoul-1656,32,9,Normal
2026-02-16 18:20:36.960869,Seoul-1656,45,70,Normal
2026-02-16 18:20:37.960869,Seoul-1656,-20,58,Normal
2026-02-16 18:20:38.960869,Seoul-1656,25,41,Normal
2026-02-16 18:20:39.960869,Seoul-1656,24,25,Normal
2026-02-16 18:20:40.960869,Seoul-1656,2,98,Normal
2026-02-16 18:20:41.960869,Seoul-1656,0,52,Normal
2026-02-16 18:20:42.960869,Seoul-1656,49,29,Normal
2026-02-16 18:20:43.960869,Seoul-1656,-21,64,Normal
2026-02-16 18:20:44.960869,Seoul-1656,-8,32,Normal
2026-02-16 18:20:45.960869,Seoul-1656,46,93,Normal
2026-02-16 18:20:46.960869,Seoul-1656,1,76,Normal
2026-02-16 18:20:47.960869,Seoul-1656,-11,55,Normal
2026-02-16 18:20:48.960869,Seoul-1656,21,17,Normal
2026-02-16 18:20:49.960869,Seoul-1656,-30,53,Normal
2026-02-16 18:20:50.960869,Seoul-1656,-20,78,Normal
2026-02-16 18:20:51.960869,Seoul-1656,43,19,Normal
2026-02-16 18:20:52.960869,Seoul-1656,-9,46,Normal
2026-02-16 18:20:53.960869,Seoul-1656,20,70,Normal
2026-02-16 18:20:54.960869,Seoul-1656,30,63,Normal
2026-02-16 18:20:55.960869,Seoul-1656,-4,57,Normal
2026-02-16 18:20:56.960869,Seoul-1656,-3,77,Normal
2026-02-16 18:20:57.960869,Seoul-1656,-17,21,Normal
2026-02-16 18:20:58.960869,Seoul-1656,13,34,Normal
2026-02-16 18:20:59.960869,Seoul-1656,-17,23,Normal
2026-02-16 18:21:00.960869,Seoul-1656,42,96,Normal
2026-02-16 18:21:01.960869,Seoul-1656,-8,68,Normal
2026-02-16 18:21:02.960869,Seoul-1656,43,39,Normal
2026-02-16 18:21:03.960869,Seoul-1656,-11,4,Normal
2026-02-16 18:21:04.960869,Seoul-1656,-30,34,Normal
2026-02-16 18:21:05.960869,Seoul-1656,7,95,Normal
2026-02-16 18:21:06.960869,Seoul-1656,-21,47,Normal
2026-02-16 18:21:07.960869,Seoul-1656,-23,79,Normal
2026-02-16 18:21:08.960869,Seoul-1656,9,81,Normal
2026-02-16 18:21:09.960869,Seoul-1656,0,29,Normal
2026-02-16 18:21:10.960869,Seoul-1656,-7,84,Normal
2026-02-16 18:21:11.960869,Seoul-1656,-27,47,Normal
2026-02-16 18:21:12.960869,Seoul-1656,14,89,Normal
2026-02-16 18:21:13.960869,Seoul-1656,-26,78,Normal
2026-02-16 18:21:14.960869,Seoul-1656,16,5,Normal
2026-02-16 18:21:15.960869,Seoul-1656,44,90,Normal
2026-02-16 18:21:16.960869,Seoul-1656,23,92,Normal
2026-02-16 18:21:17.960869,Seoul-1656,38,99,Normal
2026-02-16 18:21:18.960869,Seoul-1656,17,34,Normal
2026-02-16 18:21:19.960869,Seoul-1656,18,2,Normal
2026-02-16 18:21:20.960869,Seoul-1656,36,4,Normal
2026-02-16 18:21:21.960869,Seoul-1656,8,8,Normal
2026-02-16 18:21:22.960869,Seoul-1656,40,11,Normal
2026-02-16 18:21:23.960869,Seoul-1656,36,15,Normal
2026-02-16 18:21:24.960869,Seoul-1656,22,12,Normal
2026-02-16 18:21:25.960869,Seoul-1656,3,0,Normal
2026-02-16 18:21:26.960869,Seoul-1656,31,81,Normal
2026-02-16 18:21:27.960869,Seoul-1656,43,77,Normal
2026-02-16 18:21:28.960869,Seoul-1656,44,83,Normal
2026-02-16 18:21:29.960869,Seoul-1656,7,25,Normal
2026-02-16 18:21:30.960869,Seoul-1656,22,28,Normal
2026-02-16 18:21:31.960869,Seoul-1656,-10,41,Normal
2026-02-16 18:21:32.960869,Seoul-1656,4,16,Normal
2026-02-16 18:21:33.960869,Seoul-1656,46,94,Normal
2026-02-16 18:21:34.960869,Seoul-1656,25,26,Normal
2026-02-16 18:21:35.960869,Seoul-1656,47,34,Normal
2026-02-16 18:21:36.960869,Seoul-1656,44,5,Normal
2026-02-16 18:21:37.960869,Seoul-1656,-4,73,Normal
2026-02-16 18:21:38.960869,Seoul-1656,-20,30,Normal
2026-02-16 18:21:39.960869,Seoul-1656,-4,81,Normal
2026-02-16 18:21:40.960869,Seoul-1656,13,79,Normal
2026-02-16 18:21:41.960869,Seoul-1656,-25,14,Normal
2026-02-16 18:21:42.960869,Seoul-1656,42,53,Normal
2026-02-16 18:21:43.960869,Seoul-1656,31,1,Normal
2026-02-16 18:21:44.960869,Seoul-1656,31,37,Normal
2026-02-16 18:21:45.960869,Seoul-1656,-4,14,Normal
2026-02-16 18:21:46.960869,Seoul-1656,22,61,Normal
2026-02-16 18:21:47.960869,Seoul-1656,-3,49,Normal
2026-02-16 18:21:48.960869,Seoul-1656,-16,55,Normal
2026-02-16 18:21:49.960869,Seoul-1656,41,9,Normal
2026-02-16 18:21:50.960869,Seoul-1656,-18,19,Normal
2026-02-16 18:21:51.960869,Seoul-1656,-12,62,Normal
2026-02-16 18:21:52.960869,Seoul-1656,-23,99,Normal
2026-02-16 18:21:53.960869,Seoul-1656,38,0,Normal
2026-02-16 18:21:54.960869,Seoul-1656,-12,87,Normal
2026-02-16 18:21:55.960869,Seoul-1656,-28,97,Normal
2026-02-16 18:21:56.960869,Seoul-1656,25,100,Normal
2026-02-16 18:21:57.960869,Seoul-1656,6,87,Normal
2026-02-16 18:21:58.960869,Seoul-1656,-24,70,Normal
2026-02-16 18:21:59.960869,Seoul-1656,-7,32,Normal
2026-02-16 18:22:00.960869,Seoul-1656,-21,86,Normal
2026-02-16 18:22:01.960869,Seoul-1656,35,5,Normal
2026-02-16 18:22:02.960869,Seoul-1656,14,82,Normal
2026-02-16 18:22:03.960869,Seoul-1656,48,73,Normal
2026-02-16 18:22:04.960869,Seoul-1656,-11,41,Normal
2026-02-16 18:22:05.960869,Seoul-1656,-26,55,Normal
2026-02-16 18:22:06.960869,Seoul-1656,-6,89,Normal
2026-02-16 18:22:07.960869,Seoul-1656,36,14,Normal
2026-02-16 18:22:08.960869,Seoul-1656,9,0,Normal
2026-02-16 18:22:09.960869,Seoul-1656,32,95,Normal
2026-02-16 18:22:10.960869,Seoul-1656,31,76,Normal
2026-02-16 18:22:11.960869,Seoul-1656,37,13,Normal
2026-02-16 18:22:12.960869,Seoul-1656,45,50,Normal
2026-02-16 18:22:13.960869,Seoul-1656,-18,92,Normal
2026-02-16 18:22:14.960869,Seoul-1656,-16,20,Normal
2026-02-16 18:22:15.960869,Seoul-1656,39,60,Normal
2026-02-16 18:22:16.960869,Seoul-1656,-14,6,Normal
2026-02-16 18:22:17.960869,Seoul-1656,31,40,Normal
2026-02-16 18:22:18.960869,Seoul-1656,19,83,Normal
2026-02-16 18:22:19.960869,Seoul-1656,-10,59,Normal
2026-02-16 18:22:20.960869,Seoul-1656,-25,18,Normal
2026-02-16 18:22:21.960869,Seoul-1656,26,82,Normal
2026-02-16 18:22:22.960869,Seoul-1656,29,85,Normal
2026-02-16 18:22:23.960869,Seoul-1656,-28,1,Normal
2026-02-16 18:22:24.960869,Seoul-1656,32,15,Normal
2026-02-16 18:22:25.960869,Seoul-1656,46,98,Normal
2026-02-16 18:22:26.960869,Seoul-1656,12,96,Normal
2026-02-16 18:22:27.960869,Seoul-1656,-3,8,Normal
2026-02-16 18:22:28.960869,Seoul-1656,-25,4,Normal
2026-02-16 18:22:29.960869,Seoul-1656,-10,64,Normal
2026-02-16 18:22:30.960869,Seoul-1656,-12,90,Normal
2026-02-16 18:22:31.960869,Seoul-1656,-19,5,Normal
2026-02-16 18:22:32.960869,Seoul-1656,-10,87,Normal
2026-02-16 18:22:33.960869,Seoul-1656,20,70,Normal
2026-02-16 18:22:34.960869,Seoul-1656,19,48,Normal
2026-02-16 18:22:35.960869,Seoul-1656,35,73,Normal
2026-02-16 18:22:36.960869,Seoul-1656,-22,22,Normal
2026-02-16 18:22:37.960869,Seoul-1656,-29,76,Normal
2026-02-16 18:22:38.960869,Seoul-1656,20,72,Normal
2026-02-16 18:22:39.960869,Seoul-1656,-6,23,Normal
2026-02-16 18:22:40.960869,Seoul-1656,49,86,Normal
2026-02-16 18:22:41.960869,Seoul-1656,34,97,Normal
2026-02-16 18:22:42.960869,Seoul-1656,30,1,Normal
2026-02-16 18:22:43.960869,Seoul-1656,17,54,Normal
2026-02-16 18:22:44.960869,Seoul-1656,1,41,Normal
2026-02-16 18:22:45.960869,Seoul-1656,-25,97,Normal
2026-02-16 18:22:46.960869,Seoul-1656,-13,27,Normal
2026-02-16 18:22:47.960869,Seoul-1656,26,30,Normal
2026-02-16 18:22:48.960869,Seoul-1656,5,42,Normal
2026-02-16 18:22:49.960869,Seoul-1656,49,84,Normal
2026-02-16 18:22:50.960869,Seoul-1656,20,91,Normal
2026-02-16 18:22:51.960869,Seoul-1656,-14,42,Normal
2026-02-16 18:22:52.960869,Seoul-1656,18,8,Normal
2026-02-16 18:22:53.960869,Seoul-1656,9,47,Normal
2026-02-16 18:22:54.960869,Seoul-1656,-30,67,Normal
2026-02-16 18:22:55.960869,Seoul-1656,19,97,Normal
2026-02-16 18:22:56.960869,Seoul-1656,29,79,Normal
2026-02-16 18:22:57.960869,Seoul-1656,44,90,Normal
2026-02-16 18:22:58.960869,Seoul-1656,31,11,Normal
2026-02-16 18:22:59.960869,Seoul-1656,14,41,Normal
2026-02-16 18:23:00.960869,Seoul-1656,-28,17,Normal
2026-02-16 18:23:01.960869,Seoul-1656,-9,61,Normal
2026-02-16 18:23:02.960869,Seoul-1656,35,1,Normal
2026-02-16 18:23:03.960869,Seoul-1656,48,80,Normal
2026-02-16 18:23:04.960869,Seoul-1656,-4,98,Normal
2026-02-16 18:23:05.960869,Seoul-1656,47,6,Normal
2026-02-16 18:23:06.960869,Seoul-1656,23,18,Normal
2026-02-16 18:23:07.960869,Seoul-1656,-17,27,Normal
2026-02-16 18:23:08.960869,Seoul-1656,1,83,Normal
2026-02-16 18:23:09.960869,Seoul-1656,25,22,Normal
2026-02-16 18:23:10.960869,Seoul-1656,30,64,Normal
2026-02-16 18:23:11.960869,Seoul-1656,-12,50,Normal
2026-02-16 18:23:12.960869,Seoul-1656,25,24,Normal
2026-02-16 18:23:13.960869,Seoul-1656,24,92,Normal
2026-02-16 18:23:14.960869,Seoul-1656,40,19,Normal
2026-02-16 18:23:15.960869,Seoul-1656,22,48,Normal
2026-02-16 18:23:16.960869,Seoul-1656,-21,45,Normal
2026-02-16 18:23:17.960869,Seoul-1656,-27,61,Normal
2026-02-16 18:23:18.960869,Seoul-1656,31,44,Normal
2026-02-16 18:23:19.960869,Seoul-1656,-6,26,Normal
2026-02-16 18:23:20.960869,Seoul-1656,33,56,Normal
2026-02-16 18:23:21.960869,Seoul-1656,22,28,Normal
2026-02-16 18:23:22.960869,Seoul-1656,1,57,Normal
2026-02-16 18:23:23.960869,Seoul-1656,-1,25,Normal
2026-02-16 18:23:24.960869,Seoul-1656,10,64,Normal
2026-02-16 18:23:25.960869,Seoul-1656,-1,36,Normal
2026-02-16 18:23:26.960869,Seoul-1656,-15,77,Normal
2026-02-16 18:23:27.960869,Seoul-1656,13,67,Normal
2026-02-16 18:23:28.960869,Seoul-1656,-25,64,Normal
2026-02-16 18:23:29.960869,Seoul-1656,2,36,Normal
2026-02-16 18:23:30.960869,Seoul-1656,3,9,Normal
2026-02-16 18:23:31.960869,Seoul-1656,-4,16,Normal
2026-02-16 18:23:32.960869,Seoul-1656,2,71,Normal
2026-02-16 18:23:33.960869,Seoul-1656,49,31,Normal
2026-02-16 18:23:34.960869,Seoul-1656,31,32,Normal
2026-02-16 18:23:35.960869,Seoul-1656,43,62,Normal
2026-02-16 18:23:36.960869,Seoul-1656,-5,33,Normal
2026-02-16 18:23:37.960869,Seoul-1656,-21,32,Normal
2026-02-16 18:23:38.960869,Seoul-1656,48,18,Normal
2026-02-16 18:23:39.960869,Seoul-1656,-23,2,Normal
2026-02-16 18:23:40.960869,Seoul-1656,25,14,Normal
2026-02-16 18:23:41.960869,Seoul-1656,25,78,Normal
2026-02-16 18:23:42.960869,Seoul-1656,-11,1,Normal
2026-02-16 18:23:43.960869,Seoul-1656,24,70,Normal
2026-02-16 18:23:44.960869,Seoul-1656,-27,7,Normal
2026-02-16 18:23:45.960869,Seoul-1656,47,9,Normal
2026-02-16 18:23:46.960869,Seoul-1656,8,33,Normal
2026-02-16 18:23:47.960869,Seoul-1656,39,25,Normal
2026-02-16 18:23:48.960869,Seoul-1656,-3,73,Normal
2026-02-16 18:23:49.960869,Seoul-1656,-27,66,Normal
2026-02-16 18:23:50.960869,Seoul-1656,-26,93,Normal
2026-02-16 18:23:51.960869,Seoul-1656,43,91,Normal
2026-02-16 18:23:52.960869,Seoul-1656,-4,95,Normal
2026-02-16 18:23:53.960869,Seoul-1656,-28,41,Normal
2026-02-16 18:23:54.960869,Seoul-1656,13,8,Normal
2026-02-16 18:23:55.960869,Seoul-1656,-2,66,Normal
2026-02-16 18:23:56.960869,Seoul-1656,-29,52,Normal
2026-02-16 18:23:57.960869,Seoul-1656,37,71,Normal
2026-02-16 18:23:58.960869,Seoul-1656,-21,2,Normal
2026-02-16 18:23:59.960869,Seoul-1656,-18,26,Normal
2026-02-16 18:24:00.960869,Seoul-1656,-18,61,Normal
2026-02-16 18:24:01.960869,Seoul-1656,-14,92,Normal
2026-02-16 18:24:02.960869,Seoul-1656,-4,89,Normal
2026-02-16 18:24:03.960869,Seoul-1656,-18,3,Normal
2026-02-16 18:24:04.960869,Seoul-1656,41,0,Normal
2026-02-16 18:24:05.960869,Seoul-1656,12,65,Normal
2026-02-16 18:24:06.960869,Seoul-1656,-13,90,Normal
2026-02-16 18:24:07.960869,Seoul-1656,-14,74,Normal
2026-02-16 18:24:08.960869,Seoul-1656,-20,57,Normal
2026-02-16 18:24:09.960869,Seoul-1656,39,30,Normal
2026-02-16 18:24:10.960869,Seoul-1656,9,64,Normal
2026-02-16 18:24:11.960869,Seoul-1656,-1,12,Normal
2026-02-16 18:24:12.960869,Seoul-1656,-26,19,Normal
2026-02-16 18:24:13.960869,Seoul-1656,49,11,Normal
2026-02-16 18:24:14.960869,Seoul-1656,-18,44,Normal
2026-02-16 18:24:15.960869,Seoul-1656,-1,11,Normal
2026-02-16 18:24:16.960869,Seoul-1656,17,48,Normal
2026-02-16 18:24:17.960869,Seoul-1656,12,30,Normal
2026-02-16 18:24:18.960869,Seoul-1656,-8,43,Normal
2026-02-16 18:24:19.960869,Seoul-1656,18,25,Normal
2026-02-16 18:24:20.960869,Seoul-1656,50,60,Normal
2026-02-16 18:24:21.960869,Seoul-1656,1,34,Normal
2026-02-16 18:24:22.960869,Seoul-1656,14,24,Normal
2026-02-16 18:24:23.960869,Seoul-1656,25,28,Normal
2026-02-16 18:24:24.960869,Seoul-1656,15,43,Normal
2026-02-16 18:24:25.960869,Seoul-1656,35,54,Normal
2026-02-16 18:24:26.960869,Seoul-1656,40,54,Normal
2026-02-16 18:24:27.960869,Seoul-1656,-16,34,Normal
2026-02-16 18:24:28.960869,Seoul-1656,13,41,Normal
2026-02-16 18:24:29.960869,Seoul-1656,-28,92,Normal
2026-02-16 18:24:30.960869,Seoul-1656,-21,85,Normal
2026-02-16 18:24:31.960869,Seoul-1656,-26,97,Normal
2026-02-16 18:24:32.960869,Seoul-1656,2,70,Normal
2026-02-16 18:24:33.960869,Seoul-1656,-2,75,Normal
2026-02-16 18:24:34.960869,Seoul-1656,25,68,Normal
2026-02-16 18:24:35.960869,Seoul-1656,0,42,Normal
2026-02-16 18:24:36.960869,Seoul-1656,21,45,Normal
2026-02-16 18:24:37.960869,Seoul-1656,33,32,Normal
2026-02-16 18:24:38.960869,Seoul-1656,-17,19,Normal
2026-02-16 18:24:39.960869,Seoul-1656,44,81,Normal
2026-02-16 18:24:40.960869,Seoul-1656,22,36,Normal
2026-02-16 18:24:41.960869,Seoul-1656,-11,12,Normal
2026-02-16 18:24:42.960869,Seoul-1656,35,78,Normal
2026-02-16 18:24:43.960869,Seoul-1656,32,76,Normal
2026-02-16 18:24:44.960869,Seoul-1656,20,61,Normal
2026-02-16 18:24:45.960869,Seoul-1656,20,51,Normal
2026-02-16 18:24:46.960869,Seoul-1656,43,60,Normal
2026-02-16 18:24:47.960869,Seoul-1656,-29,48,Normal
2026-02-16 18:24:48.960869,Seoul-1656,-16,70,Normal
2026-02-16 18:24:49.960869,Seoul-1656,37,61,Normal
2026-02-16 18:24:50.960869,Seoul-1656,28,57,Normal
2026-02-16 18:24:51.960869,Seoul-1656,-22,10,Normal
2026-02-16 18:24:52.960869,Seoul-1656,10,89,Normal
2026-02-16 18:24:53.960869,Seoul-1656,-2,87,Normal
2026-02-16 18:24:54.960869,Seoul-1656,26,82,Normal
2026-02-16 18:24:55.960869,Seoul-1656,-16,34,Normal
2026-02-16 18:24:56.960869,Seoul-1656,43,65,Normal
2026-02-16 18:24:57.960869,Seoul-1656,-1,91,Normal
2026-02-16 18:24:58.960869,Seoul-1656,41,67,Normal
2026-02-16 18:24:59.960869,Seoul-1656,16,73,Normal
2026-02-16 18:25:00.960869,Seoul-1656,23,21,Normal
2026-02-16 18:25:01.960869,Seoul-1656,-15,16,Normal
2026-02-16 18:25:02.960869,Seoul-1656,49,35,Normal
2026-02-16 18:25:03.960869,Seoul-1656,28,82,Normal
2026-02-16 18:25:04.960869,Seoul-1656,36,62,Normal
2026-02-16 18:25:05.960869,Seoul-1656,36,67,Normal
2026-02-16 18:25:06.960869,Seoul-1656,-13,96,Normal
2026-02-16 18:25:07.960869,Seoul-1656,22,65,Normal
2026-02-16 18:25:08.960869,Seoul-1656,-17,14,Normal
2026-02-16 18:25:09.960869,Seoul-1656,31,47,Normal
2026-02-16 18:25:10.960869,Seoul-1656,27,62,Normal
2026-02-16 18:25:11.960869,Seoul-1656,22,65,Normal
2026-02-16 18:25:12.960869,Seoul-1656,-20,94,Normal
2026-02-16 18:25:13.960869,Seoul-1656,-7,51,Normal
2026-02-16 18:25:14.960869,Seoul-1656,-24,58,Normal
2026-02-16 18:25:15.960869,Seoul-1656,22,51,Normal
2026-02-16 18:25:16.960869,Seoul-1656,0,41,Normal
2026-02-16 18:25:17.960869,Seoul-1656,-9,47,Normal
2026-02-16 18:25:18.960869,Seoul-1656,14,34,Normal
2026-02-16 18:25:19.960869,Seoul-1656,-26,82,Normal
2026-02-16 18:25:20.960869,Seoul-1656,-3,23,Normal
2026-02-16 18:25:21.960869,Seoul-1656,13,50,Normal
2026-02-16 18:25:22.960869,Seoul-1656,12,32,Normal
2026-02-16 18:25:23.960869,Seoul-1656,26,71,Normal
2026-02-16 18:25:24.960869,Seoul-1656,40,11,Normal
2026-02-16 18:25:25.960869,Seoul-1656,13,71,Normal
2026-02-16 18:25:26.960869,Seoul-1656,2,63,Normal
2026-02-16 18:25:27.960869,Seoul-1656,35,78,Normal
2026-02-16 18:25:28.960869,Seoul-1656,2,3,Normal
2026-02-16 18:25:29.960869,Seoul-1656,-30,40,Normal
2026-02-16 18:25:30.960869,Seoul-1656,33,24,Normal
2026-02-16 18:25:31.960869,Seoul-1656,27,60,Normal
2026-02-16 18:25:32.960869,Seoul-1656,41,12,Normal
2026-02-16 18:25:33.960869,Seoul-1656,29,82,Normal
2026-02-16 18:25:34.960869,Seoul-1656,34,81,Normal
2026-02-16 18:25:35.960869,Seoul-1656,49,92,Normal
2026-02-16 18:25:36.960869,Seoul-1656,2,77,Normal
2026-02-16 18:25:37.960869,Seoul-1656,44,51,Normal
2026-02-16 18:25:38.960869,Seoul-1656,-26,2,Normal
2026-02-16 18:25:39.960869,Seoul-1656,-27,51,Normal
2026-02-16 18:25:40.960869,Seoul-1656,-3,76,Normal
2026-02-16 18:25:41.960869,Seoul-1656,-9,7,Normal
2026-02-16 18:25:42.960869,Seoul-1656,-24,92,Normal
2026-02-16 18:25:43.960869,Seoul-1656,22,2,Normal
2026-02-16 18:25:44.960869,Seoul-1656,35,43,Normal
2026-02-16 18:25:45.960869,Seoul-1656,29,69,Normal
2026-02-16 18:25:46.960869,Seoul-1656,-1,64,Normal
2026-02-16 18:25:47.960869,Seoul-1656,43,81,Normal
2026-02-16 18:25:48.960869,Seoul-1656,-11,27,Normal
2026-02-16 18:25:49.960869,Seoul-1656,-2,16,Normal
2026-02-16 18:25:50.960869,Seoul-1656,-1,53,Normal
2026-02-16 18:25:51.960869,Seoul-1656,32,63,Normal
2026-02-16 18:25:52.960869,Seoul-1656,1,18,Normal
2026-02-16 18:25:53.960869,Seoul-1656,26,83,Normal
2026-02-16 18:25:54.960869,Seoul-1656,-22,92,Normal
2026-02-16 18:25:55.960869,Seoul-1656,-26,4,Normal
2026-02-16 18:25:56.960869,Seoul-1656,45,28,Normal
2026-02-16 18:25:57.960869,Seoul-1656,-26,64,Normal
2026-02-16 18:25:58.960869,Seoul-1656,28,0,Normal
2026-02-16 18:25:59.960869,Seoul-1656,29,87,Normal
2026-02-16 18:26:00.960869,Seoul-1656,-28,2,Normal
2026-02-16 18:26:01.960869,Seoul-1656,-11,30,Normal
2026-02-16 18:26:02.960869,Seoul-1656,-4,44,Normal
2026-02-16 18:26:03.960869,Seoul-1656,-27,90,Normal
2026-02-16 18:26:04.960869,Seoul-1656,16,44,Normal
2026-02-16 18:26:05.960869,Seoul-1656,24,73,Normal
2026-02-16 18:26:06.960869,Seoul-1656,13,20,Normal
2026-02-16 18:26:07.960869,Seoul-1656,40,74,Normal
2026-02-16 18:26:08.960869,Seoul-1656,24,21,Normal
2026-02-16 18:26:09.960869,Seoul-1656,-8,100,Normal
2026-02-16 18:26:10.960869,Seoul-1656,36,45,Normal
2026-02-16 18:26:11.960869,Seoul-1656,-8,33,Normal
2026-02-16 18:26:12.960869,Seoul-1656,-18,92,Normal
2026-02-16 18:26:13.960869,Seoul-1656,37,58,Normal
2026-02-16 18:26:14.960869,Seoul-1656,0,82,Normal
2026-02-16 18:26:15.960869,Seoul-1656,-17,38,Normal
2026-02-16 18:26:16.960869,Seoul-1656,38,40,Normal
2026-02-16 18:26:17.960869,Seoul-1656,22,65,Normal
2026-02-16 18:26:18.960869,Seoul-1656,45,1,Normal
2026-02-16 18:26:19.960869,Seoul-1656,-30,0,Normal
2026-02-16 18:26:20.960869,Seoul-1656,-26,60,Normal
2026-02-16 18:26:21.960869,Seoul-1656,-30,36,Normal
2026-02-16 18:26:22.960869,Seoul-1656,34,60,Normal
2026-02-16 18:26:23.960869,Seoul-1656,25,90,Normal
2026-02-16 18:26:24.960869,Seoul-1656,8,25,Normal
2026-02-16 18:26:25.960869,Seoul-1656,-12,68,Normal
2026-02-16 18:26:26.960869,Seoul-1656,10,12,Normal
2026-02-16 18:26:27.960869,Seoul-1656,-24,80,Normal
2026-02-16 18:26:28.960869,Seoul-1656,-5,13,Normal
2026-02-16 18:26:29.960869,Seoul-1656,-19,79,Normal
2026-02-16 18:26:30.960869,Seoul-1656,17,59,Normal
2026-02-16 18:26:31.960869,Seoul-1656,17,80,Normal
2026-02-16 18:26:32.960869,Seoul-1656,-23,79,Normal
2026-02-16 18:26:33.960869,Seoul-1656,15,53,Normal
2026-02-16 18:26:34.960869,Seoul-1656,10,76,Normal
2026-02-16 18:26:35.960869,Seoul-1656,12,72,Normal
2026-02-16 18:26:36.960869,Seoul-1656,-11,56,Normal
2026-02-16 18:26:37.960869,Seoul-1656,48,72,Normal
2026-02-16 18:26:38.960869,Seoul-1656,41,90,Normal
2026-02-16 18:26:39.960869,Seoul-1656,25,63,Normal
2026-02-16 18:26:40.960869,Seoul-1656,-11,39,Normal
2026-02-16 18:26:41.960869,Seoul-1656,-27,5,Normal
2026-02-16 18:26:42.960869,Seoul-1656,14,23,Normal
2026-02-16 18:26:43.960869,Seoul-1656,38,93,Normal
2026-02-16 18:26:44.960869,Seoul-1656,0,21,Normal
2026-02-16 18:26:45.960869,Seoul-1656,24,42,Normal
2026-02-16 18:26:46.960869,Seoul-1656,-5,20,Normal
2026-02-16 18:26:47.960869,Seoul-1656,-4,52,Normal
2026-02-16 18:26:48.960869,Seoul-1656,-9,3,Normal
2026-02-16 18:26:49.960869,Seoul-1656,49,64,Normal
2026-02-16 18:26:50.960869,Seoul-1656,-2,69,Normal
2026-02-16 18:26:51.960869,Seoul-1656,-3,64,Normal
2026-02-16 18:26:52.960869,Seoul-1656,-26,25,Normal
2026-02-16 18:26:53.960869,Seoul-1656,-28,18,Normal
2026-02-16 18:26:54.960869,Seoul-1656,50,69,Normal
2026-02-16 18:26:55.960869,Seoul-1656,-7,88,Normal
2026-02-16 18:26:56.960869,Seoul-1656,36,91,Normal
2026-02-16 18:26:57.960869,Seoul-1656,-10,15,Normal
2026-02-16 18:26:58.960869,Seoul-1656,-16,1,Normal
2026-02-16 18:26:59.960869,Seoul-1656,38,22,Normal
2026-02-16 18:27:00.960869,Seoul-1656,9,16,Normal
2026-02-16 18:27:01.960869,Seoul-1656,-27,81,Normal
2026-02-16 18:27:02.960869,Seoul-1656,32,67,Normal
2026-02-16 18:27:03.960869,Seoul-1656,39,83,Normal
2026-02-16 18:27:04.960869,Seoul-1656,46,0,Normal
2026-02-16 18:27:05.960869,Seoul-1656,-28,23,Normal
2026-02-16 18:27:06.960869,Seoul-1656,13,33,Normal
2026-02-16 18:27:07.960869,Seoul-1656,46,52,Normal
2026-02-16 18:27:08.960869,Seoul-1656,34,60,Normal
2026-02-16 18:27:09.960869,Seoul-1656,-16,40,Normal
2026-02-16 18:27:10.960869,Seoul-1656,-17,4,Normal
2026-02-16 18:27:11.960869,Seoul-1656,25,85,Normal
2026-02-16 18:27:12.960869,Seoul-1656,-26,19,Normal
2026-02-16 18:27:13.960869,Seoul-1656,3,47,Normal
2026-02-16 18:27:14.960869,Seoul-1656,15,45,Normal
2026-02-16 18:27:15.960869,Seoul-1656,-10,81,Normal
2026-02-16 18:27:16.960869,Seoul-1656,38,18,Normal
2026-02-16 18:27:17.960869,Seoul-1656,22,96,Normal
2026-02-16 18:27:18.960869,Seoul-1656,-4,0,Normal
2026-02-16 18:27:19.960869,Seoul-1656,-30,96,Normal
2026-02-16 18:27:20.960869,Seoul-1656,-11,2,Normal
2026-02-16 18:27:21.960869,Seoul-1656,25,35,Normal
2026-02-16 18:27:22.960869,Seoul-1656,-17,4,Normal
2026-02-16 18:27:23.960869,Seoul-1656,8,7,Normal
2026-02-16 18:27:24.960869,Seoul-1656,24,69,Normal
2026-02-16 18:27:25.960869,Seoul-1656,30,74,Normal
2026-02-16 18:27:26.960869,Seoul-1656,28,91,Normal
2026-02-16 18:27:27.960869,Seoul-1656,22,80,Normal
2026-02-16 18:27:28.960869,Seoul-1656,33,9,Normal
2026-02-16 18:27:29.960869,Seoul-1656,-25,4,Normal
2026-02-16 18:27:30.960869,Seoul-1656,11,89,Normal
2026-02-16 18:27:31.960869,Seoul-1656,38,30,Normal
2026-02-16 18:27:32.960869,Seoul-1656,11,68,Normal
2026-02-16 18:27:33.960869,Seoul-1656,-23,89,Normal
2026-02-16 18:27:34.960869,Seoul-1656,-19,54,Normal
2026-02-16 18:27:35.960869,Seoul-1656,24,90,Normal
2026-02-16 18:27:36.960869,Seoul-1656,-7,89,Normal
2026-02-16 18:27:37.960869,Seoul-1656,-12,10,Normal
2026-02-16 18:27:38.960869,Seoul-1656,33,58,Normal
2026-02-16 18:27:39.960869,Seoul-1656,-19,27,Normal
2026-02-16 18:27:40.960869,Seoul-1656,-10,49,Normal
2026-02-16 18:27:41.960869,Seoul-1656,10,11,Normal
2026-02-16 18:27:42.960869,Seoul-1656,24,18,Normal
2026-02-16 18:27:43.960869,Seoul-1656,-9,92,Normal
2026-02-16 18:27:44.960869,Seoul-1656,41,84,Normal
2026-02-16 18:27:45.960869,Seoul-1656,25,31,Normal
2026-02-16 18:27:46.960869,Seoul-1656,-8,54,Normal
2026-02-16 18:27:47.960869,Seoul-1656,-14,88,Normal
2026-02-16 18:27:48.960869,Seoul-1656,-21,51,Normal
2026-02-16 18:27:49.960869,Seoul-1656,0,92,Normal
2026-02-16 18:27:50.960869,Seoul-1656,-16,75,Normal
2026-02-16 18:27:51.960869,Seoul-1656,25,58,Normal
2026-02-16 18:27:52.960869,Seoul-1656,44,5,Normal
2026-02-16 18:27:53.960869,Seoul-1656,-18,71,Normal
2026-02-16 18:27:54.960869,Seoul-1656,10,5,Normal
2026-02-16 18:27:55.960869,Seoul-1656,-22,21,Normal
2026-02-16 18:27:56.960869,Seoul-1656,0,64,Normal
2026-02-16 18:27:57.960869,Seoul-1656,2,16,Normal
2026-02-16 18:27:58.960869,Seoul-1656,-22,38,Normal
2026-02-16 18:27:59.960869,Seoul-1656,48,40,Normal
2026-02-16 18:28:00.960869,Seoul-1656,22,41,Normal
2026-02-16 18:28:01.960869,Seoul-1656,48,99,Normal
2026-02-16 18:28:02.960869,Seoul-1656,-27,51,Normal
2026-02-16 18:28:03.960869,Seoul-1656,28,61,Normal
2026-02-16 18:28:04.960869,Seoul-1656,39,93,Normal
2026-02-16 18:28:05.960869,Seoul-1656,-14,45,Normal
2026-02-16 18:28:06.960869,Seoul-1656,-2,9,Normal
2026-02-16 18:28:07.960869,Seoul-1656,29,57,Normal
2026-02-16 18:28:08.960869,Seoul-1656,-23,85,Normal
2026-02-16 18:28:09.960869,Seoul-1656,9,90,Normal
2026-02-16 18:28:10.960869,Seoul-1656,29,27,Normal
2026-02-16 18:28:11.960869,Seoul-1656,22,43,Normal
2026-02-16 18:28:12.960869,Seoul-1656,1,83,Normal
2026-02-16 18:28:13.960869,Seoul-1656,11,71,Normal
2026-02-16 18:28:14.960869,Seoul-1656,-20,80,Normal
2026-02-16 18:28:15.960869,Seoul-1656,46,79,Normal
2026-02-16 18:28:16.960869,Seoul-1656,26,40,Normal
2026-02-16 18:28:17.960869,Seoul-1656,43,39,Normal
2026-02-16 18:28:18.960869,Seoul-1656,-10,7,Normal
2026-02-16 18:28:19.960869,Seoul-1656,-20,44,Normal
2026-02-16 18:28:20.960869,Seoul-1656,2,19,Normal
2026-02-16 18:28:21.960869,Seoul-1656,0,85,Normal
2026-02-16 18:28:22.960869,Seoul-1656,4,100,Normal
2026-02-16 18:28:23.960869,Seoul-1656,0,99,Normal
2026-02-16 18:28:24.960869,Seoul-1656,43,10,Normal
2026-02-16 18:28:25.960869,Seoul-1656,34,97,Normal
2026-02-16 18:28:26.960869,Seoul-1656,36,0,Normal
2026-02-16 18:28:27.960869,Seoul-1656,-25,60,Normal
2026-02-16 18:28:28.960869,Seoul-1656,29,88,Normal
2026-02-16 18:28:29.960869,Seoul-1656,-14,67,Normal
2026-02-16 18:28:30.960869,Seoul-1656,31,30,Normal
2026-02-16 18:28:31.960869,Seoul-1656,-19,87,Normal
2026-02-16 18:28:32.960869,Seoul-1656,0,8,Normal
2026-02-16 18:28:33.960869,Seoul-1656,-10,36,Normal
2026-02-16 18:28:34.960869,Seoul-1656,49,53,Normal
2026-02-16 18:28:35.960869,Seoul-1656,19,10,Normal
2026-02-16 18:28:36.960869,Seoul-1656,40,43,Normal
2026-02-16 18:28:37.960869,Seoul-1656,-16,20,Normal
2026-02-16 18:28:38.960869,Seoul-1656,3,3,Normal
2026-02-16 18:28:39.960869,Seoul-1656,25,94,Normal
2026-02-16 18:28:40.960869,Seoul-1656,-11,17,Normal
2026-02-16 18:28:41.960869,Seoul-1656,27,72,Normal
2026-02-16 18:28:42.960869,Seoul-1656,22,8,Normal
2026-02-16 18:28:43.960869,Seoul-1656,28,78,Normal
2026-02-16 18:28:44.960869,Seoul-1656,47,55,Normal
2026-02-16 18:28:45.960869,Seoul-1656,18,13,Normal
2026-02-16 18:28:46.960869,Seoul-1656,-28,66,Normal
2026-02-16 18:28:47.960869,Seoul-1656,-17,50,Normal
2026-02-16 18:28:48.960869,Seoul-1656,32,63,Normal
2026-02-16 18:28:49.960869,Seoul-1656,-13,67,Normal
2026-02-16 18:28:50.960869,Seoul-1656,-6,64,Normal
2026-02-16 18:28:51.960869,Seoul-1656,-9,38,Normal
2026-02-16 18:28:52.960869,Seoul-1656,29,97,Normal
2026-02-16 18:28:53.960869,Seoul-1656,-21,65,Normal
2026-02-16 18:28:54.960869,Seoul-1656,-12,77,Normal
2026-02-16 18:28:55.960869,Seoul-1656,18,55,Normal
2026-02-16 18:28:56.960869,Seoul-1656,-10,51,Normal
2026-02-16 18:28:57.960869,Seoul-1656,-9,6,Normal
2026-02-16 18:28:58.960869,Seoul-1656,-6,40,Normal
2026-02-16 18:28:59.960869,Seoul-1656,-18,61,Normal
2026-02-16 18:29:00.960869,Seoul-1656,-11,17,Normal
2026-02-16 18:29:01.960869,Seoul-1656,34,28,Normal
2026-02-16 18:29:02.960869,Seoul-1656,49,44,Normal
2026-02-16 18:29:03.960869,Seoul-1656,-26,98,Normal
2026-02-16 18:29:04.960869,Seoul-1656,40,54,Normal
2026-02-16 18:29:05.960869,Seoul-1656,-2,20,Normal
2026-02-16 18:29:06.960869,Seoul-1656,-22,1,Normal
2026-02-16 18:29:07.960869,Seoul-1656,-20,8,Normal
2026-02-16 18:29:08.960869,Seoul-1656,-8,97,Normal
2026-02-16 18:29:09.960869,Seoul-1656,31,63,Normal
2026-02-16 18:29:10.960869,Seoul-1656,-2,35,Normal
2026-02-16 18:29:11.960869,Seoul-1656,40,40,Normal
2026-02-16 18:29:12.960869,Seoul-1656,-14,79,Normal
2026-02-16 18:29:13.960869,Seoul-1656,49,72,Normal
2026-02-16 18:29:14.960869,Seoul-1656,34,22,Normal
2026-02-16 18:29:15.960869,Seoul-1656,10,80,Normal
2026-02-16 18:29:16.960869,Seoul-1656,12,83,Normal
2026-02-16 18:29:17.960869,Seoul-1656,-25,50,Normal
2026-02-16 18:29:18.960869,Seoul-1656,44,50,Normal
2026-02-16 18:29:19.960869,Seoul-1656,35,43,Normal
2026-02-16 18:29:20.960869,Seoul-1656,5,12,Normal
2026-02-16 18:29:21.960869,Seoul-1656,28,33,Normal
2026-02-16 18:29:22.960869,Seoul-1656,5,89,Normal
2026-02-16 18:29:23.960869,Seoul-1656,-22,25,Normal
2026-02-16 18:29:24.960869,Seoul-1656,30,62,Normal
2026-02-16 18:29:25.960869,Seoul-1656,44,79,Normal
2026-02-16 18:29:26.960869,Seoul-1656,-19,10,Normal
2026-02-16 18:29:27.960869,Seoul-1656,20,80,Normal
2026-02-16 18:29:28.960869,Seoul-1656,30,61,Normal
2026-02-16 18:29:29.960869,Seoul-1656,-1,49,Normal
2026-02-16 18:29:30.960869,Seoul-1656,26,52,Normal
2026-02-16 18:29:31.960869,Seoul-1656,36,89,Normal
2026-02-16 18:29:32.960869,Seoul-1656,23,27,Normal
2026-02-16 18:29:33.960869,Seoul-1656,0,44,Normal
2026-02-16 18:29:34.960869,Seoul-1656,44,93,Normal
2026-02-16 18:29:35.960869,Seoul-1656,13,64,Normal
2026-02-16 18:29:36.960869,Seoul-1656,11,77,Normal
2026-02-16 18:29:37.960869,Seoul-1656,37,48,Normal
2026-02-16 18:29:38.960869,Seoul-1656,21,32,Normal
2026-02-16 18:29:39.960869,Seoul-1656,-15,74,Normal
2026-02-16 18:29:40.960869,Seoul-1656,-6,85,Normal
2026-02-16 18:29:41.960869,Seoul-1656,40,89,Normal
2026-02-16 18:29:42.960869,Seoul-1656,-9,44,Normal
2026-02-16 18:29:43.960869,Seoul-1656,10,93,Normal
2026-02-16 18:29:44.960869,Seoul-1656,17,82,Normal
2026-02-16 18:29:45.960869,Seoul-1656,10,65,Normal
2026-02-16 18:29:46.960869,Seoul-1656,49,20,Normal
2026-02-16 18:29:47.960869,Seoul-1656,5,87,Normal
2026-02-16 18:29:48.960869,Seoul-1656,41,53,Normal
2026-02-16 18:29:49.960869,Seoul-1656,-26,95,Normal
2026-02-16 18:29:50.960869,Seoul-1656,3,28,Normal
2026-02-16 18:29:51.960869,Seoul-1656,3,35,Normal
2026-02-16 18:29:52.960869,Seoul-1656,-1,13,Normal
2026-02-16 18:29:53.960869,Seoul-1656,15,79,Normal
2026-02-16 18:29:54.960869,Seoul-1656,-4,14,Normal
2026-02-16 18:29:55.960869,Seoul-1656,36,28,Normal
2026-02-16 18:29:56.960869,Seoul-1656,46,15,Normal
2026-02-16 18:29:57.960869,Seoul-1656,19,95,Normal
2026-02-16 18:29:58.960869,Seoul-1656,45,96,Normal
2026-02-16 18:29:59.960869,Seoul-1656,-30,56,Normal
2026-02-16 18:30:00.960869,Seoul-1656,-5,99,Normal
2026-02-16 18:30:01.960869,Seoul-1656,15,64,Normal
2026-02-16 18:30:02.960869,Seoul-1656,39,93,Normal
2026-02-16 18:30:03.960869,Seoul-1656,46,69,Normal
2026-02-16 18:30:04.960869,Seoul-1656,37,24,Normal
2026-02-16 18:30:05.960869,Seoul-1656,46,67,Normal
2026-02-16 18:30:06.960869,Seoul-1656,20,10,Normal
2026-02-16 18:30:07.960869,Seoul-1656,-4,65,Normal
2026-02-16 18:30:08.960869,Seoul-1656,10,40,Normal
2026-02-16 18:30:09.960869,Seoul-1656,-5,0,Normal
2026-02-16 18:30:10.960869,Seoul-1656,48,98,Normal
2026-02-16 18:30:11.960869,Seoul-1656,-22,31,Normal
2026-02-16 18:30:12.960869,Seoul-1656,33,73,Normal
2026-02-16 18:30:13.960869,Seoul-1656,31,69,Normal
2026-02-16 18:30:14.960869,Seoul-1656,3,0,Normal
2026-02-16 18:30:15.960869,Seoul-1656,39,98,Normal
2026-02-16 18:30:16.960869,Seoul-1656,47,52,Normal
2026-02-16 18:30:17.960869,Seoul-1656,15,44,Normal
2026-02-16 18:30:18.960869,Seoul-1656,36,77,Normal
2026-02-16 18:30:19.960869,Seoul-1656,20,9,Normal
2026-02-16 18:30:20.960869,Seoul-1656,18,89,Normal
2026-02-16 18:30:21.960869,Seoul-1656,30,37,Normal
2026-02-16 18:30:22.960869,Seoul-1656,-6,45,Normal
2026-02-16 18:30:23.960869,Seoul-1656,-23,13,Normal
2026-02-16 18:30:24.960869,Seoul-1656,-17,61,Normal
2026-02-16 18:30:25.960869,Seoul-1656,21,95,Normal
2026-02-16 18:30:26.960869,Seoul-1656,16,15,Normal
2026-02-16 18:30:27.960869,Seoul-1656,15,73,Normal
2026-02-16 18:30:28.960869,Seoul-1656,-22,3,Normal
2026-02-16 18:30:29.960869,Seoul-1656,21,57,Normal
2026-02-16 18:30:30.960869,Seoul-1656,-8,7,Normal
2026-02-16 18:30:31.960869,Seoul-1656,28,36,Normal
2026-02-16 18:30:32.960869,Seoul-1656,-2,55,Normal
2026-02-16 18:30:33.960869,Seoul-1656,-18,75,Normal
2026-02-16 18:30:34.960869,Seoul-1656,38,29,Normal
2026-02-16 18:30:35.960869,Seoul-1656,15,100,Normal
2026-02-16 18:30:36.960869,Seoul-1656,49,92,Normal
2026-02-16 18:30:37.960869,Seoul-1656,29,46,Normal
2026-02-16 18:30:38.960869,Seoul-1656,49,79,Normal
2026-02-16 18:30:39.960869,Seoul-1656,21,9,Normal
2026-02-16 18:30:40.960869,Seoul-1656,4,59,Normal
2026-02-16 18:30:41.960869,Seoul-1656,-4,33,Normal
2026-02-16 18:30:42.960869,Seoul-1656,-13,47,Normal
2026-02-16 18:30:43.960869,Seoul-1656,30,51,Normal
2026-02-16 18:30:44.960869,Seoul-1656,-10,59,Normal
2026-02-16 18:30:45.960869,Seoul-1656,45,74,Normal
2026-02-16 18:30:46.960869,Seoul-1656,-23,22,Normal
2026-02-16 18:30:47.960869,Seoul-1656,33,10,Normal
2026-02-16 18:30:48.960869,Seoul-1656,-4,69,Normal
2026-02-16 18:30:49.960869,Seoul-1656,25,5,Normal
2026-02-16 18:30:50.960869,Seoul-1656,12,8,Normal
2026-02-16 18:30:51.960869,Seoul-1656,-21,19,Normal
2026-02-16 18:30:52.960869,Seoul-1656,49,100,Normal
2026-02-16 18:30:53.960869,Seoul-1656,45,84,Normal
2026-02-16 18:30:54.960869,Seoul-1656,50,2,Normal
2026-02-16 18:30:55.960869,Seoul-1656,-27,76,Normal
2026-02-16 18:30:56.960869,Seoul-1656,-3,35,Normal
2026-02-16 18:30:57.960869,Seoul-1656,-24,23,Normal
2026-02-16 18:30:58.960869,Seoul-1656,-4,23,Normal
2026-02-16 18:30:59.960869,Seoul-1656,-15,47,Normal
2026-02-16 18:31:00.960869,Seoul-1656,26,42,Normal
2026-02-16 18:31:01.960869,Seoul-1656,-7,92,Normal
2026-02-16 18:31:02.960869,Seoul-1656,-4,67,Normal
2026-02-16 18:31:03.960869,Seoul-1656,48,61,Normal
2026-02-16 18:31:04.960869,Seoul-1656,2,12,Normal
2026-02-16 18:31:05.960869,Seoul-1656,13,9,Normal
2026-02-16 18:31:06.960869,Seoul-1656,32,72,Normal
2026-02-16 18:31:07.960869,Seoul-1656,-4,56,Normal
2026-02-16 18:31:08.960869,Seoul-1656,36,76,Normal
2026-02-16 18:31:09.960869,Seoul-1656,47,99,Normal
2026-02-16 18:31:10.960869,Seoul-1656,7,46,Normal
2026-02-16 18:31:11.960869,Seoul-1656,-15,72,Normal
2026-02-16 18:31:12.960869,Seoul-1656,31,99,Normal
2026-02-16 18:31:13.960869,Seoul-1656,-12,62,Normal
2026-02-16 18:31:14.960869,Seoul-1656,26,64,Normal
2026-02-16 18:31:15.960869,Seoul-1656,-12,59,Normal
2026-02-16 18:31:16.960869,Seoul-1656,28,0,Normal
2026-02-16 18:31:17.960869,Seoul-1656,21,16,Normal
2026-02-16 18:31:18.960869,Seoul-1656,-30,13,Normal
2026-02-16 18:31:19.960869,Seoul-1656,-3,26,Normal
2026-02-16 18:31:20.960869,Seoul-1656,24,60,Normal
2026-02-16 18:31:21.960869,Seoul-1656,29,87,Normal
2026-02-16 18:31:22.960869,Seoul-1656,19,11,Normal
2026-02-16 18:31:23.960869,Seoul-1656,22,57,Normal
2026-02-16 18:31:24.960869,Seoul-1656,-6,61,Normal
2026-02-16 18:31:25.960869,Seoul-1656,16,51,Normal
2026-02-16 18:31:26.960869,Seoul-1656,46,27,Normal
2026-02-16 18:31:27.960869,Seoul-1656,5,77,Normal
2026-02-16 18:31:28.960869,Seoul-1656,13,77,Normal
2026-02-16 18:31:29.960869,Seoul-1656,31,47,Normal
2026-02-16 18:31:30.960869,Seoul-1656,45,15,Normal
2026-02-16 18:31:31.960869,Seoul-1656,10,67,Normal
2026-02-16 18:31:32.960869,Seoul-1656,-4,96,Normal
2026-02-16 18:31:33.960869,Seoul-1656,16,42,Normal
2026-02-16 18:31:34.960869,Seoul-1656,-27,75,Normal
2026-02-16 18:31:35.960869,Seoul-1656,38,40,Normal
2026-02-16 18:31:36.960869,Seoul-1656,27,53,Normal
2026-02-16 18:31:37.960869,Seoul-1656,32,63,Normal
2026-02-16 18:31:38.960869,Seoul-1656,24,67,Normal
2026-02-16 18:31:39.960869,Seoul-1656,49,44,Normal
2026-02-16 18:31:40.960869,Seoul-1656,22,71,Normal
2026-02-16 18:31:41.960869,Seoul-1656,17,49,Normal
2026-02-16 18:31:42.960869,Seoul-1656,28,84,Normal
2026-02-16 18:31:43.960869,Seoul-1656,11,3,Normal
2026-02-16 18:31:44.960869,Seoul-1656,25,87,Normal
2026-02-16 18:31:45.960869,Seoul-1656,-5,70,Normal
2026-02-16 18:31:46.960869,Seoul-1656,-4,76,Normal
2026-02-16 18:31:47.960869,Seoul-1656,12,77,Normal
2026-02-16 18:31:48.960869,Seoul-1656,23,42,Normal
2026-02-16 18:31:49.960869,Seoul-1656,34,45,Normal
2026-02-16 18:31:50.960869,Seoul-1656,-7,60,Normal
2026-02-16 18:31:51.960869,Seoul-1656,12,95,Normal
2026-02-16 18:31:52.960869,Seoul-1656,16,61,Normal
2026-02-16 18:31:53.960869,Seoul-1656,2,67,Normal
2026-02-16 18:31:54.960869,Seoul-1656,47,3,Normal
2026-02-16 18:31:55.960869,Seoul-1656,29,27,Normal
2026-02-16 18:31:56.960869,Seoul-1656,-16,11,Normal
2026-02-16 18:31:57.960869,Seoul-1656,34,73,Normal
2026-02-16 18:31:58.960869,Seoul-1656,10,5,Normal
2026-02-16 18:31:59.960869,Seoul-1656,-11,13,Normal
2026-02-16 18:32:00.960869,Seoul-1656,38,63,Normal
2026-02-16 18:32:01.960869,Seoul-1656,30,86,Normal
2026-02-16 18:32:02.960869,Seoul-1656,37,37,Normal
2026-02-16 18:32:03.960869,Seoul-1656,6,18,Normal
2026-02-16 18:32:04.960869,Seoul-1656,22,2,Normal
2026-02-16 18:32:05.960869,Seoul-1656,-16,45,Normal
2026-02-16 18:32:06.960869,Seoul-1656,26,87,Normal
2026-02-16 18:32:07.960869,Seoul-1656,-12,7,Normal
2026-02-16 18:32:08.960869,Seoul-1656,-26,32,Normal
2026-02-16 18:32:09.960869,Seoul-1656,40,2,Normal
2026-02-16 18:32:10.960869,Seoul-1656,25,86,Normal
2026-02-16 18:32:11.960869,Seoul-1656,-8,54,Normal
2026-02-16 18:32:12.960869,Seoul-1656,42,40,Normal
2026-02-16 18:32:13.960869,Seoul-1656,-28,78,Normal
2026-02-16 18:32:14.960869,Seoul-1656,32,85,Normal
2026-02-16 18:32:15.960869,Seoul-1656,28,60,Normal
2026-02-16 18:32:16.960869,Seoul-1656,7,38,Normal
2026-02-16 18:32:17.960869,Seoul-1656,23,27,Normal
2026-02-16 18:32:18.960869,Seoul-1656,30,0,Normal
2026-02-16 18:32:19.960869,Seoul-1656,11,42,Normal
2026-02-16 18:32:20.960869,Seoul-1656,40,89,Normal
2026-02-16 18:32:21.960869,Seoul-1656,-3,43,Normal
2026-02-16 18:32:22.960869,Seoul-1656,29,79,Normal
2026-02-16 18:32:23.960869,Seoul-1656,-14,69,Normal
2026-02-16 18:32:24.960869,Seoul-1656,-20,80,Normal
2026-02-16 18:32:25.960869,Seoul-1656,26,80,Normal
2026-02-16 18:32:26.960869,Seoul-1656,8,64,Normal
2026-02-16 18:32:27.960869,Seoul-1656,-25,76,Normal
2026-02-16 18:32:28.960869,Seoul-1656,-27,32,Normal
2026-02-16 18:32:29.960869,Seoul-1656,-15,4,Normal
2026-02-16 18:32:30.960869,Seoul-1656,-3,48,Normal
2026-02-16 18:32:31.960869,Seoul-1656,32,41,Normal
2026-02-16 18:32:32.960869,Seoul-1656,43,95,Normal
2026-02-16 18:32:33.960869,Seoul-1656,9,50,Normal
2026-02-16 18:32:34.960869,Seoul-1656,-12,29,Normal
2026-02-16 18:32:35.960869,Seoul-1656,-29,27,Normal
2026-02-16 18:32:36.960869,Seoul-1656,-8,15,Normal
2026-02-16 18:32:37.960869,Seoul-1656,41,55,Normal
2026-02-16 18:32:38.960869,Seoul-1656,21,52,Normal
2026-02-16 18:32:39.960869,Seoul-1656,3,87,Normal
2026-02-16 18:32:40.960869,Seoul-1656,-30,41,Normal
2026-02-16 18:32:41.960869,Seoul-1656,9,26,Normal
2026-02-16 18:32:42.960869,Seoul-1656,0,91,Normal
2026-02-16 18:32:43.960869,Seoul-1656,-22,5,Normal
2026-02-16 18:32:44.960869,Seoul-1656,20,89,Normal
2026-02-16 18:32:45.960869,Seoul-1656,-18,97,Normal
2026-02-16 18:32:46.960869,Seoul-1656,15,98,Normal
2026-02-16 18:32:47.960869,Seoul-1656,-25,89,Normal
2026-02-16 18:32:48.960869,Seoul-1656,8,23,Normal
2026-02-16 18:32:49.960869,Seoul-1656,-1,65,Normal
2026-02-16 18:32:50.960869,Seoul-1656,-16,65,Normal
2026-02-16 18:32:51.960869,Seoul-1656,-8,70,Normal
2026-02-16 18:32:52.960869,Seoul-1656,-23,94,Normal
2026-02-16 18:32:53.960869,Seoul-1656,-13,21,Normal
2026-02-16 18:32:54.960869,Seoul-1656,44,19,Normal
2026-02-16 18:32:55.960869,Seoul-1656,6,17,Normal
2026-02-16 18:32:56.960869,Seoul-1656,9,32,Normal
2026-02-16 18:32:57.960869,Seoul-1656,-5,61,Normal
2026-02-16 18:32:58.960869,Seoul-1656,17,98,Normal
2026-02-16 18:32:59.960869,Seoul-1656,29,49,Normal
2026-02-16 18:33:00.960869,Seoul-1656,12,8,Normal
2026-02-16 18:33:01.960869,Seoul-1656,18,34,Normal
2026-02-16 18:33:02.960869,Seoul-1656,7,98,Normal
2026-02-16 18:33:03.960869,Seoul-1656,-2,69,Normal
2026-02-16 18:33:04.960869,Seoul-1656,-18,9,Normal
2026-02-16 18:33:05.960869,Seoul-1656,4,13,Normal
2026-02-16 18:33:06.960869,Seoul-1656,38,14,Normal
2026-02-16 18:33:07.960869,Seoul-1656,-16,58,Normal
2026-02-16 18:33:08.960869,Seoul-1656,21,29,Normal
2026-02-16 18:33:09.960869,Seoul-1656,-12,39,Normal
2026-02-16 18:33:10.960869,Seoul-1656,44,87,Normal
2026-02-16 18:33:11.960869,Seoul-1656,-20,10,Normal
2026-02-16 18:33:12.960869,Seoul-1656,-13,28,Normal
2026-02-16 18:33:13.960869,Seoul-1656,15,53,Normal
2026-02-16 18:33:14.960869,Seoul-1656,9,65,Normal
2026-02-16 18:33:15.960869,Seoul-1656,-3,61,Normal
2026-02-16 18:33:16.960869,Seoul-1656,-9,6,Normal
2026-02-16 18:33:17.960869,Seoul-1656,-19,1,Normal
2026-02-16 18:33:18.960869,Seoul-1656,14,14,Normal
2026-02-16 18:33:19.960869,Seoul-1656,39,2,Normal
2026-02-16 18:33:20.960869,Seoul-1656,29,20,Normal
2026-02-16 18:33:21.960869,Seoul-1656,-22,79,Normal
2026-02-16 18:33:22.960869,Seoul-1656,38,91,Normal
2026-02-16 18:33:23.960869,Seoul-1656,20,63,Normal
2026-02-16 18:33:24.960869,Seoul-1656,-9,16,Normal
2026-02-16 18:33:25.960869,Seoul-1656,-14,29,Normal
2026-02-16 18:33:26.960869,Seoul-1656,33,25,Normal
2026-02-16 18:33:27.960869,Seoul-1656,44,19,Normal
2026-02-16 18:33:28.960869,Seoul-1656,40,16,Normal
2026-02-16 18:33:29.960869,Seoul-1656,43,39,Normal
2026-02-16 18:33:30.960869,Seoul-1656,22,33,Normal
2026-02-16 18:33:31.960869,Seoul-1656,2,31,Normal
2026-02-16 18:33:32.960869,Seoul-1656,31,95,Normal
2026-02-16 18:33:33.960869,Seoul-1656,3,45,Normal
2026-02-16 18:33:34.960869,Seoul-1656,27,82,Normal
2026-02-16 18:33:35.960869,Seoul-1656,26,1,Normal
2026-02-16 18:33:36.960869,Seoul-1656,50,80,Normal
2026-02-16 18:33:37.960869,Seoul-1656,-28,50,Normal
2026-02-16 18:33:38.960869,Seoul-1656,44,58,Normal
2026-02-16 18:33:39.960869,Seoul-1656,47,25,Normal
2026-02-16 18:33:40.960869,Seoul-1656,-12,17,Normal
2026-02-16 18:33:41.960869,Seoul-1656,48,66,Normal
2026-02-16 18:33:42.960869,Seoul-1656,21,64,Normal
2026-02-16 18:33:43.960869,Seoul-1656,40,87,Normal
2026-02-16 18:33:44.960869,Seoul-1656,0,47,Normal
2026-02-16 18:33:45.960869,Seoul-1656,19,68,Normal
2026-02-16 18:33:46.960869,Seoul-1656,31,64,Normal
2026-02-16 18:33:47.960869,Seoul-1656,40,73,Normal
2026-02-16 18:33:48.960869,Seoul-1656,1,64,Normal
2026-02-16 18:33:49.960869,Seoul-1656,-2,1,Normal
2026-02-16 18:33:50.960869,Seoul-1656,-24,13,Normal
2026-02-16 18:33:51.960869,Seoul-1656,11,100,Normal
2026-02-16 18:33:52.960869,Seoul-1656,-13,54,Normal
2026-02-16 18:33:53.960869,Seoul-1656,10,42,Normal
2026-02-16 18:33:54.960869,Seoul-1656,-16,57,Normal
2026-02-16 18:33:55.960869,Seoul-1656,-30,35,Normal
2026-02-16 18:33:56.960869,Seoul-1656,25,3,Normal
2026-02-16 18:33:57.960869,Seoul-1656,-3,7,Normal
2026-02-16 18:33:58.960869,Seoul-1656,15,31,Normal
2026-02-16 18:33:59.960869,Seoul-1656,2,23,Normal
2026-02-16 18:34:00.960869,Seoul-1656,-21,97,Normal
2026-02-16 18:34:01.960869,Seoul-1656,39,36,Normal
2026-02-16 18:34:02.960869,Seoul-1656,-2,92,Normal
2026-02-16 18:34:03.960869,Seoul-1656,-5,43,Normal
2026-02-16 18:34:04.960869,Seoul-1656,-4,66,Normal
2026-02-16 18:34:05.960869,Seoul-1656,47,53,Normal
2026-02-16 18:34:06.960869,Seoul-1656,-16,96,Normal
2026-02-16 18:34:07.960869,Seoul-1656,46,98,Normal
2026-02-16 18:34:08.960869,Seoul-1656,29,40,Normal
2026-02-16 18:34:09.960869,Seoul-1656,25,4,Normal
2026-02-16 18:34:10.960869,Seoul-1656,46,68,Normal
2026-02-16 18:34:11.960869,Seoul-1656,12,78,Normal
2026-02-16 18:34:12.960869,Seoul-1656,-29,90,Normal
2026-02-16 18:34:13.960869,Seoul-1656,-7,49,Normal
2026-02-16 18:34:14.960869,Seoul-1656,22,56,Normal
2026-02-16 18:34:15.960869,Seoul-1656,50,66,Normal
2026-02-16 18:34:16.960869,Seoul-1656,3,73,Normal
2026-02-16 18:34:17.960869,Seoul-1656,-17,57,Normal
2026-02-16 18:34:18.960869,Seoul-1656,5,16,Normal
2026-02-16 18:34:19.960869,Seoul-1656,20,54,Normal
2026-02-16 18:34:20.960869,Seoul-1656,38,7,Normal
2026-02-16 18:34:21.960869,Seoul-1656,33,64,Normal
2026-02-16 18:34:22.960869,Seoul-1656,22,88,Normal
2026-02-16 18:34:23.960869,Seoul-1656,18,74,Normal
2026-02-16 18:34:24.960869,Seoul-1656,39,56,Normal
2026-02-16 18:34:25.960869,Seoul-1656,16,59,Normal
2026-02-16 18:34:26.960869,Seoul-1656,3,2,Normal
2026-02-16 18:34:27.960869,Seoul-1656,-24,30,Normal
2026-02-16 18:34:28.960869,Seoul-1656,30,41,Normal
2026-02-16 18:34:29.960869,Seoul-1656,-28,33,Normal
2026-02-16 18:34:30.960869,Seoul-1656,8,81,Normal
2026-02-16 18:34:31.960869,Seoul-1656,-29,75,Normal
2026-02-16 18:34:32.960869,Seoul-1656,-29,89,Normal
2026-02-16 18:34:33.960869,Seoul-1656,48,69,Normal
2026-02-16 18:34:34.960869,Seoul-1656,-19,19,Normal
2026-02-16 18:34:35.960869,Seoul-1656,41,12,Normal
2026-02-16 18:34:36.960869,Seoul-1656,9,56,Normal
2026-02-16 18:34:37.960869,Seoul-1656,-6,30,Normal
2026-02-16 18:34:38.960869,Seoul-1656,-16,37,Normal
2026-02-16 18:34:39.960869,Seoul-1656,-11,25,Normal
2026-02-16 18:34:40.960869,Seoul-1656,30,94,Normal
2026-02-16 18:34:41.960869,Seoul-1656,-30,40,Normal
2026-02-16 18:34:42.960869,Seoul-1656,-26,11,Normal
2026-02-16 18:34:43.960869,Seoul-1656,-16,87,Normal
2026-02-16 18:34:44.960869,Seoul-1656,2,84,Normal
2026-02-16 18:34:45.960869,Seoul-1656,-28,60,Normal
2026-02-16 18:34:46.960869,Seoul-1656,38,73,Normal
2026-02-16 18:34:47.960869,Seoul-1656,-4,75,Normal
2026-02-16 18:34:48.960869,Seoul-1656,49,36,Normal
2026-02-16 18:34:49.960869,Seoul-1656,15,19,Normal
2026-02-16 18:34:50.960869,Seoul-1656,9,100,Normal
2026-02-16 18:34:51.960869,Seoul-1656,-26,19,Normal
2026-02-16 18:34:52.960869,Seoul-1656,18,45,Normal
2026-02-16 18:34:53.960869,Seoul-1656,25,34,Normal
2026-02-16 18:34:54.960869,Seoul-1656,31,4,Normal
2026-02-16 18:34:55.960869,Seoul-1656,35,5,Normal
2026-02-16 18:34:56.960869,Seoul-1656,39,13,Normal
2026-02-16 18:34:57.960869,Seoul-1656,-14,99,Normal
2026-02-16 18:34:58.960869,Seoul-1656,-20,53,Normal
2026-02-16 18:34:59.960869,Seoul-1656,38,6,Normal
2026-02-16 18:35:00.960869,Seoul-1656,17,80,Normal
2026-02-16 18:35:01.960869,Seoul-1656,13,25,Normal
2026-02-16 18:35:02.960869,Seoul-1656,-1,62,Normal
2026-02-16 18:35:03.960869,Seoul-1656,34,92,Normal
2026-02-16 18:35:04.960869,Seoul-1656,44,95,Normal
2026-02-16 18:35:05.960869,Seoul-1656,-3,43,Normal
2026-02-16 18:35:06.960869,Seoul-1656,-23,60,Normal
2026-02-16 18:35:07.960869,Seoul-1656,39,24,Normal
2026-02-16 18:35:08.960869,Seoul-1656,16,17,Normal
2026-02-16 18:35:09.960869,Seoul-1656,1,64,Normal
2026-02-16 18:35:10.960869,Seoul-1656,-11,19,Normal
2026-02-16 18:35:11.960869,Seoul-1656,-26,55,Normal
2026-02-16 18:35:12.960869,Seoul-1656,13,59,Normal
2026-02-16 18:35:13.960869,Seoul-1656,3,88,Normal
2026-02-16 18:35:14.960869,Seoul-1656,-24,12,Normal
2026-02-16 18:35:15.960869,Seoul-1656,-29,98,Normal
2026-02-16 18:35:16.960869,Seoul-1656,-5,48,Normal
2026-02-16 18:35:17.960869,Seoul-1656,29,7,Normal
2026-02-16 18:35:18.960869,Seoul-1656,24,95,Normal
2026-02-16 18:35:19.960869,Seoul-1656,24,82,Normal
2026-02-16 18:35:20.960869,Seoul-1656,37,35,Normal
2026-02-16 18:35:21.960869,Seoul-1656,-13,11,Normal
2026-02-16 18:35:22.960869,Seoul-1656,6,23,Normal
2026-02-16 18:35:23.960869,Seoul-1656,-30,1,Normal
2026-02-16 18:35:24.960869,Seoul-1656,2,60,Normal
2026-02-16 18:35:25.960869,Seoul-1656,6,24,Normal
2026-02-16 18:35:26.960869,Seoul-1656,1,33,Normal
2026-02-16 18:35:27.960869,Seoul-1656,40,45,Normal
2026-02-16 18:35:28.960869,Seoul-1656,-12,16,Normal
2026-02-16 18:35:29.960869,Seoul-1656,14,31,Normal
2026-02-16 18:35:30.960869,Seoul-1656,8,86,Normal
2026-02-16 18:35:31.960869,Seoul-1656,37,68,Normal
2026-02-16 18:35:32.960869,Seoul-1656,33,70,Normal
2026-02-16 18:35:33.960869,Seoul-1656,-13,29,Normal
2026-02-16 18:35:34.960869,Seoul-1656,15,38,Normal
2026-02-16 18:35:35.960869,Seoul-1656,-21,65,Normal
2026-02-16 18:35:36.960869,Seoul-1656,-19,82,Normal
2026-02-16 18:35:37.960869,Seoul-1656,-28,35,Normal
2026-02-16 18:35:38.960869,Seoul-1656,-11,5,Normal
2026-02-16 18:35:39.960869,Seoul-1656,-20,90,Normal
2026-02-16 18:35:40.960869,Seoul-1656,40,45,Normal
2026-02-16 18:35:41.960869,Seoul-1656,2,1,Normal
2026-02-16 18:35:42.960869,Seoul-1656,3,63,Normal
2026-02-16 18:35:43.960869,Seoul-1656,11,24,Normal
2026-02-16 18:35:44.960869,Seoul-1656,41,86,Normal
2026-02-16 18:35:45.960869,Seoul-1656,34,18,Normal
2026-02-16 18:35:46.960869,Seoul-1656,14,13,Normal
2026-02-16 18:35:47.960869,Seoul-1656,33,5,Normal
2026-02-16 18:35:48.960869,Seoul-1656,19,43,Normal
2026-02-16 18:35:49.960869,Seoul-1656,2,28,Normal
2026-02-16 18:35:50.960869,Seoul-1656,-2,35,Normal
2026-02-16 18:35:51.960869,Seoul-1656,44,87,Normal
2026-02-16 18:35:52.960869,Seoul-1656,-28,5,Normal
2026-02-16 18:35:53.960869,Seoul-1656,-15,28,Normal
2026-02-16 18:35:54.960869,Seoul-1656,-11,8,Normal
2026-02-16 18:35:55.960869,Seoul-1656,44,94,Normal
2026-02-16 18:35:56.960869,Seoul-1656,1,13,Normal
2026-02-16 18:35:57.960869,Seoul-1656,-5,83,Normal
2026-02-16 18:35:58.960869,Seoul-1656,19,59,Normal
2026-02-16 18:35:59.960869,Seoul-1656,48,59,Normal
2026-02-16 18:36:00.960869,Seoul-1656,-5,100,Normal
2026-02-16 18:36:01.960869,Seoul-1656,18,83,Normal
2026-02-16 18:36:02.960869,Seoul-1656,-30,84,Normal
2026-02-16 18:36:03.960869,Seoul-1656,-18,89,Normal
2026-02-16 18:36:04.960869,Seoul-1656,-2,6,Normal
2026-02-16 18:36:05.960869,Seoul-1656,14,54,Normal
2026-02-16 18:36:06.960869,Seoul-1656,4,21,Normal
2026-02-16 18:36:07.960869,Seoul-1656,31,5,Normal
2026-02-16 18:36:08.960869,Seoul-1656,2,70,Normal
2026-02-16 18:36:09.960869,Seoul-1656,14,81,Normal
2026-02-16 18:36:10.960869,Seoul-1656,43,14,Normal
2026-02-16 18:36:11.960869,Seoul-1656,13,16,Normal
2026-02-16 18:36:12.960869,Seoul-1656,-15,56,Normal
2026-02-16 18:36:13.960869,Seoul-1656,14,32,Normal
2026-02-16 18:36:14.960869,Seoul-1656,-19,74,Normal
2026-02-16 18:36:15.960869,Seoul-1656,41,74,Normal
2026-02-16 18:36:16.960869,Seoul-1656,-27,31,Normal
2026-02-16 18:36:17.960869,Seoul-1656,20,32,Normal
2026-02-16 18:36:18.960869,Seoul-1656,-12,91,Normal
2026-02-16 18:36:19.960869,Seoul-1656,-22,53,Normal
2026-02-16 18:36:20.960869,Seoul-1656,-1,86,Normal
2026-02-16 18:36:21.960869,Seoul-1656,12,68,Normal
2026-02-16 18:36:22.960869,Seoul-1656,34,43,Normal
2026-02-16 18:36:23.960869,Seoul-1656,0,92,Normal
2026-02-16 18:36:24.960869,Seoul-1656,2,9,Normal
2026-02-16 18:36:25.960869,Seoul-1656,44,47,Normal
2026-02-16 18:36:26.960869,Seoul-1656,44,47,Normal
2026-02-16 18:36:27.960869,Seoul-1656,22,29,Normal
2026-02-16 18:36:28.960869,Seoul-1656,-1,76,Normal
2026-02-16 18:36:29.960869,Seoul-1656,0,43,Normal
2026-02-16 18:36:30.960869,Seoul-1656,42,4,Normal
2026-02-16 18:36:31.960869,Seoul-1656,-12,13,Normal
2026-02-16 18:36:32.960869,Seoul-1656,2,79,Normal
2026-02-16 18:36:33.960869,Seoul-1656,10,27,Normal
2026-02-16 18:36:34.960869,Seoul-1656,12,28,Normal
2026-02-16 18:36:35.960869,Seoul-1656,8,64,Normal
2026-02-16 18:36:36.960869,Seoul-1656,21,32,Normal
2026-02-16 18:36:37.960869,Seoul-1656,-18,76,Normal
2026-02-16 18:36:38.960869,Seoul-1656,23,69,Normal
2026-02-16 18:36:39.960869,Seoul-1656,-23,85,Normal
2026-02-16 18:36:40.960869,Seoul-1656,27,35,Normal
2026-02-16 18:36:41.960869,Seoul-1656,-3,82,Normal
2026-02-16 18:36:42.960869,Seoul-1656,50,100,Normal
2026-02-16 18:36:43.960869,Seoul-1656,-13,46,Normal
2026-02-16 18:36:44.960869,Seoul-1656,49,61,Normal
2026-02-16 18:36:45.960869,Seoul-1656,-2,89,Normal
2026-02-16 18:36:46.960869,Seoul-1656,11,87,Normal
2026-02-16 18:36:47.960869,Seoul-1656,49,54,Normal
2026-02-16 18:36:48.960869,Seoul-1656,-12,16,Normal
2026-02-16 18:36:49.960869,Seoul-1656,45,22,Normal
2026-02-16 18:36:50.960869,Seoul-1656,15,51,Normal
2026-02-16 18:36:51.960869,Seoul-1656,31,85,Normal
2026-02-16 18:36:52.960869,Seoul-1656,3,88,Normal
2026-02-16 18:36:53.960869,Seoul-1656,-1,3,Normal
2026-02-16 18:36:54.960869,Seoul-1656,14,51,Normal
2026-02-16 18:36:55.960869,Seoul-1656,38,81,Normal
2026-02-16 18:36:56.960869,Seoul-1656,-30,75,Normal
2026-02-16 18:36:57.960869,Seoul-1656,27,18,Normal
2026-02-16 18:36:58.960869,Seoul-1656,27,91,Normal
2026-02-16 18:36:59.960869,Seoul-1656,22,78,Normal
2026-02-16 18:37:00.960869,Seoul-1656,2,84,Normal
2026-02-16 18:37:01.960869,Seoul-1656,1,5,Normal
2026-02-16 18:37:02.960869,Seoul-1656,19,38,Normal
2026-02-16 18:37:03.960869,Seoul-1656,26,37,Normal
2026-02-16 18:37:04.960869,Seoul-1656,47,33,Normal
2026-02-16 18:37:05.960869,Seoul-1656,29,47,Normal
2026-02-16 18:37:06.960869,Seoul-1656,37,11,Normal
2026-02-16 18:37:07.960869,Seoul-1656,17,93,Normal
