timestamp,station_id,temp,humid,condition
2026-02-13 14:55:34.083526,London-3560,-16,23,Normal
2026-02-13 14:55:35.083526,London-3560,30,70,Normal
2026-02-13 14:55:36.083526,London-3560,-17,34,Normal
2026-02-13 14:55:37.083526,London-3560,43,46,Normal
2026-02-13 14:55:38.083526,London-3560,-27,19,Normal
2026-02-13 14:55:39.083526,London-3560,17,75,Normal
2026-02-13 14:55:40.083526,London-3560,8,73,Normal
2026-02-13 14:55:41.083526,London-3560,-14,0,Normal
2026-02-13 14:55:42.083526,London-3560,-19,95,Normal
2026-02-13 14:55:43.083526,London-3560,32,61,Normal
2026-02-13 14:55:44.083526,London-3560,-4,36,Normal
2026-02-13 14:55:45.083526,London-3560,-27,53,Normal
2026-02-13 14:55:46.083526,London-3560,46,20,Normal
2026-02-13 14:55:47.083526,London-3560,-18,93,Normal
2026-02-13 14:55:48.083526,London-3560,19,32,Normal
2026-02-13 14:55:49.083526,London-3560,18,45,Normal
2026-02-13 14:55:50.083526,London-3560,-13,55,Normal
2026-02-13 14:55:51.083526,London-3560,24,28,Normal
2026-02-13 14:55:52.083526,London-3560,25,74,Normal
2026-02-13 14:55:53.083526,London-3560,41,21,Normal
2026-02-13 14:55:54.083526,London-3560,25,32,Normal
2026-02-13 14:55:55.083526,London-3560,-16,74,Normal
2026-02-13 14:55:56.083526,London-3560,11,31,Normal
2026-02-13 14:55:57.083526,London-3560,-10,41,Normal
2026-02-13 14:55:58.083526,London-3560,38,30,Normal
2026-02-13 14:55:59.083526,London-3560,24,12,Normal
2026-02-13 14:56:00.083526,London-3560,-15,62,Normal
2026-02-13 14:56:01.083526,London-3560,33,20,Normal
2026-02-13 14:56:02.083526,London-3560,27,49,Normal
2026-02-13 14:56:03.083526,London-3560,34,10,Normal
2026-02-13 14:56:04.083526,London-3560,-3,78,Normal
2026-02-13 14:56:05.083526,London-3560,33,55,Normal
2026-02-13 14:56:06.083526,London-3560,7,89,Normal
2026-02-13 14:56:07.083526,London-3560,34,68,Normal
2026-02-13 14:56:08.083526,London-3560,20,73,Normal
2026-02-13 14:56:09.083526,London-3560,-26,39,Normal
2026-02-13 14:56:10.083526,London-3560,50,54,Normal
2026-02-13 14:56:11.083526,London-3560,6,42,Normal
2026-02-13 14:56:12.083526,London-3560,35,52,Normal
2026-02-13 14:56:13.083526,London-3560,17,20,Normal
2026-02-13 14:56:14.083526,London-3560,36,15,Normal
2026-02-13 14:56:15.083526,London-3560,36,18,Normal
2026-02-13 14:56:16.083526,London-3560,10,13,Normal
2026-02-13 14:56:17.083526,London-3560,26,16,Normal
2026-02-13 14:56:18.083526,London-3560,33,47,Normal
2026-02-13 14:56:19.083526,London-3560,18,90,Normal
2026-02-13 14:56:20.083526,London-3560,8,23,Normal
2026-02-13 14:56:21.083526,London-3560,-9,53,Normal
2026-02-13 14:56:22.083526,London-3560,21,32,Normal
2026-02-13 14:56:23.083526,London-3560,-7,15,Normal
2026-02-13 14:56:24.083526,London-3560,33,50,Normal
2026-02-13 14:56:25.083526,London-3560,-16,33,Normal
2026-02-13 14:56:26.083526,London-3560,30,19,Normal
2026-02-13 14:56:27.083526,London-3560,-16,88,Normal
2026-02-13 14:56:28.083526,London-3560,36,59,Normal
2026-02-13 14:56:29.083526,London-3560,39,82,Normal
2026-02-13 14:56:30.083526,London-3560,39,82,Normal
2026-02-13 14:56:31.083526,London-3560,48,22,Normal
2026-02-13 14:56:32.083526,London-3560,41,77,Normal
2026-02-13 14:56:33.083526,London-3560,-30,55,Normal
2026-02-13 14:56:34.083526,London-3560,-16,33,Normal
2026-02-13 14:56:35.083526,London-3560,10,67,Normal
2026-02-13 14:56:36.083526,London-3560,28,53,Normal
2026-02-13 14:56:37.083526,London-3560,12,32,Normal
2026-02-13 14:56:38.083526,London-3560,50,93,Normal
2026-02-13 14:56:39.083526,London-3560,-27,8,Normal
2026-02-13 14:56:40.083526,London-3560,-28,0,Normal
2026-02-13 14:56:41.083526,London-3560,-5,97,Normal
2026-02-13 14:56:42.083526,London-3560,49,80,Normal
2026-02-13 14:56:43.083526,London-3560,9,10,Normal
2026-02-13 14:56:44.083526,London-3560,-7,84,Normal
2026-02-13 14:56:45.083526,London-3560,23,72,Normal
2026-02-13 14:56:46.083526,London-3560,-17,9,Normal
2026-02-13 14:56:47.083526,London-3560,47,21,Normal
2026-02-13 14:56:48.083526,London-3560,-17,86,Normal
2026-02-13 14:56:49.083526,London-3560,-10,81,Normal
2026-02-13 14:56:50.083526,London-3560,26,75,Normal
2026-02-13 14:56:51.083526,London-3560,9,17,Normal
2026-02-13 14:56:52.083526,London-3560,37,90,Normal
2026-02-13 14:56:53.083526,London-3560,-6,21,Normal
2026-02-13 14:56:54.083526,London-3560,-8,4,Normal
2026-02-13 14:56:55.083526,London-3560,41,49,Normal
2026-02-13 14:56:56.083526,London-3560,-8,61,Normal
2026-02-13 14:56:57.083526,London-3560,-30,90,Normal
2026-02-13 14:56:58.083526,London-3560,25,69,Normal
2026-02-13 14:56:59.083526,London-3560,7,71,Normal
2026-02-13 14:57:00.083526,London-3560,4,59,Normal
2026-02-13 14:57:01.083526,London-3560,38,42,Normal
2026-02-13 14:57:02.083526,London-3560,-30,99,Normal
2026-02-13 14:57:03.083526,London-3560,-13,30,Normal
2026-02-13 14:57:04.083526,London-3560,9,24,Normal
2026-02-13 14:57:05.083526,London-3560,34,50,Normal
2026-02-13 14:57:06.083526,London-3560,45,40,Normal
2026-02-13 14:57:07.083526,London-3560,7,69,Normal
2026-02-13 14:57:08.083526,London-3560,-24,32,Normal
2026-02-13 14:57:09.083526,London-3560,26,35,Normal
2026-02-13 14:57:10.083526,London-3560,38,55,Normal
2026-02-13 14:57:11.083526,London-3560,7,71,Normal
2026-02-13 14:57:12.083526,London-3560,-26,93,Normal
2026-02-13 14:57:13.083526,London-3560,5,38,Normal
2026-02-13 14:57:14.083526,London-3560,13,59,Normal
2026-02-13 14:57:15.083526,London-3560,48,38,Normal
2026-02-13 14:57:16.083526,London-3560,43,33,Normal
2026-02-13 14:57:17.083526,London-3560,23,99,Normal
2026-02-13 14:57:18.083526,London-3560,-27,11,Normal
2026-02-13 14:57:19.083526,London-3560,-7,40,Normal
2026-02-13 14:57:20.083526,London-3560,-28,82,Normal
2026-02-13 14:57:21.083526,London-3560,12,20,Normal
2026-02-13 14:57:22.083526,London-3560,14,27,Normal
2026-02-13 14:57:23.083526,London-3560,46,51,Normal
2026-02-13 14:57:24.083526,London-3560,-6,21,Normal
2026-02-13 14:57:25.083526,London-3560,-30,69,Normal
2026-02-13 14:57:26.083526,London-3560,30,82,Normal
2026-02-13 14:57:27.083526,London-3560,41,30,Normal
2026-02-13 14:57:28.083526,London-3560,1,84,Normal
2026-02-13 14:57:29.083526,London-3560,44,43,Normal
2026-02-13 14:57:30.083526,London-3560,-22,83,Normal
2026-02-13 14:57:31.083526,London-3560,33,27,Normal
2026-02-13 14:57:32.083526,London-3560,40,75,Normal
2026-02-13 14:57:33.083526,London-3560,-1,50,Normal
2026-02-13 14:57:34.083526,London-3560,24,43,Normal
2026-02-13 14:57:35.083526,London-3560,-10,46,Normal
2026-02-13 14:57:36.083526,London-3560,-21,53,Normal
2026-02-13 14:57:37.083526,London-3560,30,90,Normal
2026-02-13 14:57:38.083526,London-3560,-14,77,Normal
2026-02-13 14:57:39.083526,London-3560,43,70,Normal
2026-02-13 14:57:40.083526,London-3560,27,71,Normal
2026-02-13 14:57:41.083526,London-3560,-29,80,Normal
2026-02-13 14:57:42.083526,London-3560,8,100,Normal
2026-02-13 14:57:43.083526,London-3560,22,39,Normal
2026-02-13 14:57:44.083526,London-3560,-1,37,Normal
2026-02-13 14:57:45.083526,London-3560,-30,78,Normal
2026-02-13 14:57:46.083526,London-3560,-25,26,Normal
2026-02-13 14:57:47.083526,London-3560,-3,9,Normal
2026-02-13 14:57:48.083526,London-3560,18,70,Normal
2026-02-13 14:57:49.083526,London-3560,44,31,Normal
2026-02-13 14:57:50.083526,London-3560,50,24,Normal
2026-02-13 14:57:51.083526,London-3560,16,89,Normal
2026-02-13 14:57:52.083526,London-3560,5,24,Normal
2026-02-13 14:57:53.083526,London-3560,-22,29,Normal
2026-02-13 14:57:54.083526,London-3560,-4,27,Normal
2026-02-13 14:57:55.083526,London-3560,8,58,Normal
2026-02-13 14:57:56.083526,London-3560,38,1,Normal
2026-02-13 14:57:57.083526,London-3560,41,92,Normal
2026-02-13 14:57:58.083526,London-3560,21,74,Normal
2026-02-13 14:57:59.083526,London-3560,-6,14,Normal
2026-02-13 14:58:00.083526,London-3560,-22,58,Normal
2026-02-13 14:58:01.083526,London-3560,44,71,Normal
2026-02-13 14:58:02.083526,London-3560,-30,52,Normal
2026-02-13 14:58:03.083526,London-3560,-24,0,Normal
2026-02-13 14:58:04.083526,London-3560,-27,78,Normal
2026-02-13 14:58:05.083526,London-3560,-14,38,Normal
2026-02-13 14:58:06.083526,London-3560,12,13,Normal
2026-02-13 14:58:07.083526,London-3560,-29,18,Normal
2026-02-13 14:58:08.083526,London-3560,32,86,Normal
2026-02-13 14:58:09.083526,London-3560,31,70,Normal
2026-02-13 14:58:10.083526,London-3560,-11,81,Normal
2026-02-13 14:58:11.083526,London-3560,47,9,Normal
2026-02-13 14:58:12.083526,London-3560,19,52,Normal
2026-02-13 14:58:13.083526,London-3560,20,17,Normal
2026-02-13 14:58:14.083526,London-3560,-8,54,Normal
2026-02-13 14:58:15.083526,London-3560,-20,29,Normal
2026-02-13 14:58:16.083526,London-3560,47,18,Normal
2026-02-13 14:58:17.083526,London-3560,49,54,Normal
2026-02-13 14:58:18.083526,London-3560,-11,26,Normal
2026-02-13 14:58:19.083526,London-3560,13,5,Normal
2026-02-13 14:58:20.083526,London-3560,13,30,Normal
2026-02-13 14:58:21.083526,London-3560,-5,9,Normal
2026-02-13 14:58:22.083526,London-3560,11,100,Normal
2026-02-13 14:58:23.083526,London-3560,-7,68,Normal
2026-02-13 14:58:24.083526,London-3560,-1,96,Normal
2026-02-13 14:58:25.083526,London-3560,45,17,Normal
2026-02-13 14:58:26.083526,London-3560,48,10,Normal
2026-02-13 14:58:27.083526,London-3560,0,81,Normal
2026-02-13 14:58:28.083526,London-3560,25,26,Normal
2026-02-13 14:58:29.083526,London-3560,-12,16,Normal
2026-02-13 14:58:30.083526,London-3560,-13,7,Normal
2026-02-13 14:58:31.083526,London-3560,-16,40,Normal
2026-02-13 14:58:32.083526,London-3560,37,97,Normal
2026-02-13 14:58:33.083526,London-3560,46,52,Normal
2026-02-13 14:58:34.083526,London-3560,-25,59,Normal
2026-02-13 14:58:35.083526,London-3560,36,46,Normal
2026-02-13 14:58:36.083526,London-3560,-4,93,Normal
2026-02-13 14:58:37.083526,London-3560,32,9,Normal
2026-02-13 14:58:38.083526,London-3560,-5,86,Normal
2026-02-13 14:58:39.083526,London-3560,50,67,Normal
2026-02-13 14:58:40.083526,London-3560,15,43,Normal
2026-02-13 14:58:41.083526,London-3560,25,3,Normal
2026-02-13 14:58:42.083526,London-3560,-29,42,Normal
2026-02-13 14:58:43.083526,London-3560,40,90,Normal
2026-02-13 14:58:44.083526,London-3560,21,20,Normal
2026-02-13 14:58:45.083526,London-3560,20,4,Normal
2026-02-13 14:58:46.083526,London-3560,2,34,Normal
2026-02-13 14:58:47.083526,London-3560,16,82,Normal
2026-02-13 14:58:48.083526,London-3560,50,9,Normal
2026-02-13 14:58:49.083526,London-3560,38,43,Normal
2026-02-13 14:58:50.083526,London-3560,-3,20,Normal
2026-02-13 14:58:51.083526,London-3560,0,100,Normal
2026-02-13 14:58:52.083526,London-3560,39,23,Normal
2026-02-13 14:58:53.083526,London-3560,43,53,Normal
2026-02-13 14:58:54.083526,London-3560,-17,100,Normal
2026-02-13 14:58:55.083526,London-3560,49,22,Normal
2026-02-13 14:58:56.083526,London-3560,35,79,Normal
2026-02-13 14:58:57.083526,London-3560,-21,20,Normal
2026-02-13 14:58:58.083526,London-3560,-27,79,Normal
2026-02-13 14:58:59.083526,London-3560,26,95,Normal
2026-02-13 14:59:00.083526,London-3560,15,39,Normal
2026-02-13 14:59:01.083526,London-3560,-1,70,Normal
2026-02-13 14:59:02.083526,London-3560,-6,94,Normal
2026-02-13 14:59:03.083526,London-3560,-7,10,Normal
2026-02-13 14:59:04.083526,London-3560,-4,53,Normal
2026-02-13 14:59:05.083526,London-3560,-6,6,Normal
2026-02-13 14:59:06.083526,London-3560,22,97,Normal
2026-02-13 14:59:07.083526,London-3560,-11,18,Normal
2026-02-13 14:59:08.083526,London-3560,-18,26,Normal
2026-02-13 14:59:09.083526,London-3560,12,78,Normal
2026-02-13 14:59:10.083526,London-3560,24,35,Normal
2026-02-13 14:59:11.083526,London-3560,15,44,Normal
2026-02-13 14:59:12.083526,London-3560,-6,71,Normal
2026-02-13 14:59:13.083526,London-3560,-11,74,Normal
2026-02-13 14:59:14.083526,London-3560,-18,55,Normal
2026-02-13 14:59:15.083526,London-3560,41,18,Normal
2026-02-13 14:59:16.083526,London-3560,-30,10,Normal
2026-02-13 14:59:17.083526,London-3560,3,13,Normal
2026-02-13 14:59:18.083526,London-3560,27,71,Normal
2026-02-13 14:59:19.083526,London-3560,3,5,Normal
2026-02-13 14:59:20.083526,London-3560,32,16,Normal
2026-02-13 14:59:21.083526,London-3560,49,69,Normal
2026-02-13 14:59:22.083526,London-3560,-5,60,Normal
2026-02-13 14:59:23.083526,London-3560,-21,12,Normal
2026-02-13 14:59:24.083526,London-3560,-3,57,Normal
2026-02-13 14:59:25.083526,London-3560,11,74,Normal
2026-02-13 14:59:26.083526,London-3560,-11,76,Normal
2026-02-13 14:59:27.083526,London-3560,48,26,Normal
2026-02-13 14:59:28.083526,London-3560,22,61,Normal
2026-02-13 14:59:29.083526,London-3560,-12,14,Normal
2026-02-13 14:59:30.083526,London-3560,-19,70,Normal
2026-02-13 14:59:31.083526,London-3560,26,32,Normal
2026-02-13 14:59:32.083526,London-3560,-6,15,Normal
2026-02-13 14:59:33.083526,London-3560,-7,88,Normal
2026-02-13 14:59:34.083526,London-3560,-7,13,Normal
2026-02-13 14:59:35.083526,London-3560,0,58,Normal
2026-02-13 14:59:36.083526,London-3560,37,65,Normal
2026-02-13 14:59:37.083526,London-3560,23,62,Normal
2026-02-13 14:59:38.083526,London-3560,32,56,Normal
2026-02-13 14:59:39.083526,London-3560,-10,93,Normal
2026-02-13 14:59:40.083526,London-3560,-6,85,Normal
2026-02-13 14:59:41.083526,London-3560,0,56,Normal
2026-02-13 14:59:42.083526,London-3560,-5,44,Normal
2026-02-13 14:59:43.083526,London-3560,-7,92,Normal
2026-02-13 14:59:44.083526,London-3560,48,84,Normal
2026-02-13 14:59:45.083526,London-3560,26,77,Normal
2026-02-13 14:59:46.083526,London-3560,4,93,Normal
2026-02-13 14:59:47.083526,London-3560,-10,52,Normal
2026-02-13 14:59:48.083526,London-3560,8,91,Normal
2026-02-13 14:59:49.083526,London-3560,45,64,Normal
2026-02-13 14:59:50.083526,London-3560,19,65,Normal
2026-02-13 14:59:51.083526,London-3560,-1,57,Normal
2026-02-13 14:59:52.083526,London-3560,-6,88,Normal
2026-02-13 14:59:53.083526,London-3560,-5,61,Normal
2026-02-13 14:59:54.083526,London-3560,-26,67,Normal
2026-02-13 14:59:55.083526,London-3560,14,69,Normal
2026-02-13 14:59:56.083526,London-3560,26,33,Normal
2026-02-13 14:59:57.083526,London-3560,25,84,Normal
2026-02-13 14:59:58.083526,London-3560,-25,97,Normal
2026-02-13 14:59:59.083526,London-3560,26,48,Normal
2026-02-13 15:00:00.083526,London-3560,-20,73,Normal
2026-02-13 15:00:01.083526,London-3560,26,61,Normal
2026-02-13 15:00:02.083526,London-3560,25,19,Normal
2026-02-13 15:00:03.083526,London-3560,-19,43,Normal
2026-02-13 15:00:04.083526,London-3560,4,14,Normal
2026-02-13 15:00:05.083526,London-3560,45,75,Normal
2026-02-13 15:00:06.083526,London-3560,22,69,Normal
2026-02-13 15:00:07.083526,London-3560,-24,97,Normal
2026-02-13 15:00:08.083526,London-3560,22,65,Normal
2026-02-13 15:00:09.083526,London-3560,39,12,Normal
2026-02-13 15:00:10.083526,London-3560,-14,91,Normal
2026-02-13 15:00:11.083526,London-3560,2,31,Normal
2026-02-13 15:00:12.083526,London-3560,5,34,Normal
2026-02-13 15:00:13.083526,London-3560,20,24,Normal
2026-02-13 15:00:14.083526,London-3560,13,42,Normal
2026-02-13 15:00:15.083526,London-3560,-25,14,Normal
2026-02-13 15:00:16.083526,London-3560,43,16,Normal
2026-02-13 15:00:17.083526,London-3560,15,38,Normal
2026-02-13 15:00:18.083526,London-3560,-24,28,Normal
2026-02-13 15:00:19.083526,London-3560,5,78,Normal
2026-02-13 15:00:20.083526,London-3560,42,14,Normal
2026-02-13 15:00:21.083526,London-3560,17,26,Normal
2026-02-13 15:00:22.083526,London-3560,23,76,Normal
2026-02-13 15:00:23.083526,London-3560,1,79,Normal
2026-02-13 15:00:24.083526,London-3560,47,21,Normal
2026-02-13 15:00:25.083526,London-3560,36,72,Normal
2026-02-13 15:00:26.083526,London-3560,-25,60,Normal
2026-02-13 15:00:27.083526,London-3560,-27,87,Normal
2026-02-13 15:00:28.083526,London-3560,31,20,Normal
2026-02-13 15:00:29.083526,London-3560,37,6,Normal
2026-02-13 15:00:30.083526,London-3560,36,89,Normal
2026-02-13 15:00:31.083526,London-3560,-18,45,Normal
2026-02-13 15:00:32.083526,London-3560,-23,0,Normal
2026-02-13 15:00:33.083526,London-3560,-8,59,Normal
2026-02-13 15:00:34.083526,London-3560,47,58,Normal
2026-02-13 15:00:35.083526,London-3560,21,74,Normal
2026-02-13 15:00:36.083526,London-3560,16,1,Normal
2026-02-13 15:00:37.083526,London-3560,5,44,Normal
2026-02-13 15:00:38.083526,London-3560,28,30,Normal
2026-02-13 15:00:39.083526,London-3560,41,55,Normal
2026-02-13 15:00:40.083526,London-3560,23,28,Normal
2026-02-13 15:00:41.083526,London-3560,13,13,Normal
2026-02-13 15:00:42.083526,London-3560,6,15,Normal
2026-02-13 15:00:43.083526,London-3560,29,86,Normal
2026-02-13 15:00:44.083526,London-3560,-7,5,Normal
2026-02-13 15:00:45.083526,London-3560,28,33,Normal
2026-02-13 15:00:46.083526,London-3560,-28,69,Normal
2026-02-13 15:00:47.083526,London-3560,27,37,Normal
2026-02-13 15:00:48.083526,London-3560,-2,74,Normal
2026-02-13 15:00:49.083526,London-3560,18,54,Normal
2026-02-13 15:00:50.083526,London-3560,41,13,Normal
2026-02-13 15:00:51.083526,London-3560,16,91,Normal
2026-02-13 15:00:52.083526,London-3560,-7,1,Normal
2026-02-13 15:00:53.083526,London-3560,48,39,Normal
2026-02-13 15:00:54.083526,London-3560,-1,42,Normal
2026-02-13 15:00:55.083526,London-3560,-10,81,Normal
2026-02-13 15:00:56.083526,London-3560,30,66,Normal
2026-02-13 15:00:57.083526,London-3560,1,90,Normal
2026-02-13 15:00:58.083526,London-3560,9,55,Normal
2026-02-13 15:00:59.083526,London-3560,35,56,Normal
2026-02-13 15:01:00.083526,London-3560,3,78,Normal
2026-02-13 15:01:01.083526,London-3560,26,99,Normal
2026-02-13 15:01:02.083526,London-3560,-9,91,Normal
2026-02-13 15:01:03.083526,London-3560,6,66,Normal
2026-02-13 15:01:04.083526,London-3560,40,0,Normal
2026-02-13 15:01:05.083526,London-3560,-6,16,Normal
2026-02-13 15:01:06.083526,London-3560,-10,55,Normal
2026-02-13 15:01:07.083526,London-3560,9,7,Normal
2026-02-13 15:01:08.083526,London-3560,36,18,Normal
2026-02-13 15:01:09.083526,London-3560,-7,72,Normal
2026-02-13 15:01:10.083526,London-3560,-18,20,Normal
2026-02-13 15:01:11.083526,London-3560,22,19,Normal
2026-02-13 15:01:12.083526,London-3560,0,39,Normal
2026-02-13 15:01:13.083526,London-3560,22,91,Normal
2026-02-13 15:01:14.083526,London-3560,-7,84,Normal
2026-02-13 15:01:15.083526,London-3560,-25,84,Normal
2026-02-13 15:01:16.083526,London-3560,21,15,Normal
2026-02-13 15:01:17.083526,London-3560,-3,62,Normal
2026-02-13 15:01:18.083526,London-3560,-7,47,Normal
2026-02-13 15:01:19.083526,London-3560,-17,66,Normal
2026-02-13 15:01:20.083526,London-3560,44,89,Normal
2026-02-13 15:01:21.083526,London-3560,42,34,Normal
2026-02-13 15:01:22.083526,London-3560,15,100,Normal
2026-02-13 15:01:23.083526,London-3560,-15,17,Normal
2026-02-13 15:01:24.083526,London-3560,14,51,Normal
2026-02-13 15:01:25.083526,London-3560,-16,17,Normal
2026-02-13 15:01:26.083526,London-3560,-30,6,Normal
2026-02-13 15:01:27.083526,London-3560,-17,50,Normal
2026-02-13 15:01:28.083526,London-3560,4,100,Normal
2026-02-13 15:01:29.083526,London-3560,-16,74,Normal
2026-02-13 15:01:30.083526,London-3560,38,98,Normal
2026-02-13 15:01:31.083526,London-3560,23,93,Normal
2026-02-13 15:01:32.083526,London-3560,42,79,Normal
2026-02-13 15:01:33.083526,London-3560,31,22,Normal
2026-02-13 15:01:34.083526,London-3560,-29,5,Normal
2026-02-13 15:01:35.083526,London-3560,-8,65,Normal
2026-02-13 15:01:36.083526,London-3560,-25,49,Normal
2026-02-13 15:01:37.083526,London-3560,38,64,Normal
2026-02-13 15:01:38.083526,London-3560,40,11,Normal
2026-02-13 15:01:39.083526,London-3560,29,63,Normal
2026-02-13 15:01:40.083526,London-3560,18,84,Normal
2026-02-13 15:01:41.083526,London-3560,5,60,Normal
2026-02-13 15:01:42.083526,London-3560,9,80,Normal
2026-02-13 15:01:43.083526,London-3560,33,50,Normal
2026-02-13 15:01:44.083526,London-3560,44,34,Normal
2026-02-13 15:01:45.083526,London-3560,-2,83,Normal
2026-02-13 15:01:46.083526,London-3560,45,29,Normal
2026-02-13 15:01:47.083526,London-3560,7,95,Normal
2026-02-13 15:01:48.083526,London-3560,34,77,Normal
2026-02-13 15:01:49.083526,London-3560,26,47,Normal
2026-02-13 15:01:50.083526,London-3560,41,36,Normal
2026-02-13 15:01:51.083526,London-3560,31,10,Normal
2026-02-13 15:01:52.083526,London-3560,40,86,Normal
2026-02-13 15:01:53.083526,London-3560,-7,86,Normal
2026-02-13 15:01:54.083526,London-3560,45,44,Normal
2026-02-13 15:01:55.083526,London-3560,-19,24,Normal
2026-02-13 15:01:56.083526,London-3560,45,44,Normal
2026-02-13 15:01:57.083526,London-3560,36,38,Normal
2026-02-13 15:01:58.083526,London-3560,18,62,Normal
2026-02-13 15:01:59.083526,London-3560,39,30,Normal
2026-02-13 15:02:00.083526,London-3560,-14,22,Normal
2026-02-13 15:02:01.083526,London-3560,45,8,Normal
2026-02-13 15:02:02.083526,London-3560,50,37,Normal
2026-02-13 15:02:03.083526,London-3560,43,76,Normal
2026-02-13 15:02:04.083526,London-3560,38,24,Normal
2026-02-13 15:02:05.083526,London-3560,32,89,Normal
2026-02-13 15:02:06.083526,London-3560,-16,34,Normal
2026-02-13 15:02:07.083526,London-3560,25,2,Normal
2026-02-13 15:02:08.083526,London-3560,48,76,Normal
2026-02-13 15:02:09.083526,London-3560,20,82,Normal
2026-02-13 15:02:10.083526,London-3560,-16,69,Normal
2026-02-13 15:02:11.083526,London-3560,43,3,Normal
2026-02-13 15:02:12.083526,London-3560,-27,37,Normal
2026-02-13 15:02:13.083526,London-3560,4,38,Normal
2026-02-13 15:02:14.083526,London-3560,17,40,Normal
2026-02-13 15:02:15.083526,London-3560,-20,4,Normal
2026-02-13 15:02:16.083526,London-3560,23,23,Normal
2026-02-13 15:02:17.083526,London-3560,-19,31,Normal
2026-02-13 15:02:18.083526,London-3560,-6,17,Normal
2026-02-13 15:02:19.083526,London-3560,-20,26,Normal
2026-02-13 15:02:20.083526,London-3560,-29,16,Normal
2026-02-13 15:02:21.083526,London-3560,-30,56,Normal
2026-02-13 15:02:22.083526,London-3560,36,59,Normal
2026-02-13 15:02:23.083526,London-3560,30,80,Normal
2026-02-13 15:02:24.083526,London-3560,6,61,Normal
2026-02-13 15:02:25.083526,London-3560,24,2,Normal
2026-02-13 15:02:26.083526,London-3560,42,49,Normal
2026-02-13 15:02:27.083526,London-3560,1,26,Normal
2026-02-13 15:02:28.083526,London-3560,5,64,Normal
2026-02-13 15:02:29.083526,London-3560,3,77,Normal
2026-02-13 15:02:30.083526,London-3560,-29,22,Normal
2026-02-13 15:02:31.083526,London-3560,11,50,Normal
2026-02-13 15:02:32.083526,London-3560,-26,91,Normal
2026-02-13 15:02:33.083526,London-3560,50,7,Normal
2026-02-13 15:02:34.083526,London-3560,-26,37,Normal
2026-02-13 15:02:35.083526,London-3560,-9,24,Normal
2026-02-13 15:02:36.083526,London-3560,-6,95,Normal
2026-02-13 15:02:37.083526,London-3560,48,47,Normal
2026-02-13 15:02:38.083526,London-3560,46,95,Normal
2026-02-13 15:02:39.083526,London-3560,2,33,Normal
2026-02-13 15:02:40.083526,London-3560,12,35,Normal
2026-02-13 15:02:41.083526,London-3560,-8,76,Normal
2026-02-13 15:02:42.083526,London-3560,47,19,Normal
2026-02-13 15:02:43.083526,London-3560,39,65,Normal
2026-02-13 15:02:44.083526,London-3560,7,13,Normal
2026-02-13 15:02:45.083526,London-3560,42,70,Normal
2026-02-13 15:02:46.083526,London-3560,7,68,Normal
2026-02-13 15:02:47.083526,London-3560,-14,3,Normal
2026-02-13 15:02:48.083526,London-3560,-16,92,Normal
2026-02-13 15:02:49.083526,London-3560,-17,1,Normal
2026-02-13 15:02:50.083526,London-3560,-25,4,Normal
2026-02-13 15:02:51.083526,London-3560,2,85,Normal
2026-02-13 15:02:52.083526,London-3560,32,43,Normal
2026-02-13 15:02:53.083526,London-3560,45,26,Normal
2026-02-13 15:02:54.083526,London-3560,30,2,Normal
2026-02-13 15:02:55.083526,London-3560,29,69,Normal
2026-02-13 15:02:56.083526,London-3560,19,19,Normal
2026-02-13 15:02:57.083526,London-3560,-13,34,Normal
2026-02-13 15:02:58.083526,London-3560,12,5,Normal
2026-02-13 15:02:59.083526,London-3560,-29,21,Normal
2026-02-13 15:03:00.083526,London-3560,36,75,Normal
2026-02-13 15:03:01.083526,London-3560,-17,76,Normal
2026-02-13 15:03:02.083526,London-3560,2,17,Normal
2026-02-13 15:03:03.083526,London-3560,14,96,Normal
2026-02-13 15:03:04.083526,London-3560,9,2,Normal
2026-02-13 15:03:05.083526,London-3560,11,0,Normal
2026-02-13 15:03:06.083526,London-3560,49,4,Normal
2026-02-13 15:03:07.083526,London-3560,27,51,Normal
2026-02-13 15:03:08.083526,London-3560,-4,34,Normal
2026-02-13 15:03:09.083526,London-3560,23,22,Normal
2026-02-13 15:03:10.083526,London-3560,-30,38,Normal
2026-02-13 15:03:11.083526,London-3560,-29,39,Normal
2026-02-13 15:03:12.083526,London-3560,19,73,Normal
2026-02-13 15:03:13.083526,London-3560,-25,75,Normal
2026-02-13 15:03:14.083526,London-3560,-19,55,Normal
2026-02-13 15:03:15.083526,London-3560,-13,94,Normal
2026-02-13 15:03:16.083526,London-3560,-1,42,Normal
2026-02-13 15:03:17.083526,London-3560,40,26,Normal
2026-02-13 15:03:18.083526,London-3560,41,92,Normal
2026-02-13 15:03:19.083526,London-3560,5,99,Normal
2026-02-13 15:03:20.083526,London-3560,-25,54,Normal
2026-02-13 15:03:21.083526,London-3560,41,81,Normal
2026-02-13 15:03:22.083526,London-3560,21,58,Normal
2026-02-13 15:03:23.083526,London-3560,-9,20,Normal
2026-02-13 15:03:24.083526,London-3560,38,23,Normal
2026-02-13 15:03:25.083526,London-3560,27,30,Normal
2026-02-13 15:03:26.083526,London-3560,15,1,Normal
2026-02-13 15:03:27.083526,London-3560,8,40,Normal
2026-02-13 15:03:28.083526,London-3560,-16,6,Normal
2026-02-13 15:03:29.083526,London-3560,-25,61,Normal
2026-02-13 15:03:30.083526,London-3560,32,84,Normal
2026-02-13 15:03:31.083526,London-3560,42,44,Normal
2026-02-13 15:03:32.083526,London-3560,39,89,Normal
2026-02-13 15:03:33.083526,London-3560,-20,47,Normal
2026-02-13 15:03:34.083526,London-3560,2,74,Normal
2026-02-13 15:03:35.083526,London-3560,24,34,Normal
2026-02-13 15:03:36.083526,London-3560,19,87,Normal
2026-02-13 15:03:37.083526,London-3560,18,33,Normal
2026-02-13 15:03:38.083526,London-3560,-28,39,Normal
2026-02-13 15:03:39.083526,London-3560,44,11,Normal
2026-02-13 15:03:40.083526,London-3560,24,70,Normal
2026-02-13 15:03:41.083526,London-3560,-20,78,Normal
2026-02-13 15:03:42.083526,London-3560,-9,12,Normal
2026-02-13 15:03:43.083526,London-3560,-27,19,Normal
2026-02-13 15:03:44.083526,London-3560,12,46,Normal
2026-02-13 15:03:45.083526,London-3560,-5,53,Normal
2026-02-13 15:03:46.083526,London-3560,14,64,Normal
2026-02-13 15:03:47.083526,London-3560,9,59,Normal
2026-02-13 15:03:48.083526,London-3560,9,91,Normal
2026-02-13 15:03:49.083526,London-3560,-4,70,Normal
2026-02-13 15:03:50.083526,London-3560,-29,26,Normal
2026-02-13 15:03:51.083526,London-3560,10,19,Normal
2026-02-13 15:03:52.083526,London-3560,-9,37,Normal
2026-02-13 15:03:53.083526,London-3560,43,38,Normal
2026-02-13 15:03:54.083526,London-3560,7,70,Normal
2026-02-13 15:03:55.083526,London-3560,15,41,Normal
2026-02-13 15:03:56.083526,London-3560,17,54,Normal
2026-02-13 15:03:57.083526,London-3560,-21,62,Normal
2026-02-13 15:03:58.083526,London-3560,-13,55,Normal
2026-02-13 15:03:59.083526,London-3560,25,93,Normal
2026-02-13 15:04:00.083526,London-3560,43,56,Normal
2026-02-13 15:04:01.083526,London-3560,50,82,Normal
2026-02-13 15:04:02.083526,London-3560,34,65,Normal
2026-02-13 15:04:03.083526,London-3560,26,41,Normal
2026-02-13 15:04:04.083526,London-3560,10,98,Normal
2026-02-13 15:04:05.083526,London-3560,-19,0,Normal
2026-02-13 15:04:06.083526,London-3560,-30,23,Normal
2026-02-13 15:04:07.083526,London-3560,38,5,Normal
2026-02-13 15:04:08.083526,London-3560,32,55,Normal
2026-02-13 15:04:09.083526,London-3560,-6,87,Normal
2026-02-13 15:04:10.083526,London-3560,5,60,Normal
2026-02-13 15:04:11.083526,London-3560,-3,93,Normal
2026-02-13 15:04:12.083526,London-3560,13,35,Normal
2026-02-13 15:04:13.083526,London-3560,27,27,Normal
2026-02-13 15:04:14.083526,London-3560,-23,8,Normal
2026-02-13 15:04:15.083526,London-3560,11,73,Normal
2026-02-13 15:04:16.083526,London-3560,43,17,Normal
2026-02-13 15:04:17.083526,London-3560,-16,81,Normal
2026-02-13 15:04:18.083526,London-3560,11,17,Normal
2026-02-13 15:04:19.083526,London-3560,4,40,Normal
2026-02-13 15:04:20.083526,London-3560,8,92,Normal
2026-02-13 15:04:21.083526,London-3560,-18,64,Normal
2026-02-13 15:04:22.083526,London-3560,-13,88,Normal
2026-02-13 15:04:23.083526,London-3560,-11,38,Normal
2026-02-13 15:04:24.083526,London-3560,50,62,Normal
2026-02-13 15:04:25.083526,London-3560,44,77,Normal
2026-02-13 15:04:26.083526,London-3560,-21,3,Normal
2026-02-13 15:04:27.083526,London-3560,40,3,Normal
2026-02-13 15:04:28.083526,London-3560,22,64,Normal
2026-02-13 15:04:29.083526,London-3560,-1,74,Normal
2026-02-13 15:04:30.083526,London-3560,-6,13,Normal
2026-02-13 15:04:31.083526,London-3560,19,100,Normal
2026-02-13 15:04:32.083526,London-3560,0,54,Normal
2026-02-13 15:04:33.083526,London-3560,-27,27,Normal
2026-02-13 15:04:34.083526,London-3560,47,96,Normal
2026-02-13 15:04:35.083526,London-3560,30,45,Normal
2026-02-13 15:04:36.083526,London-3560,11,26,Normal
2026-02-13 15:04:37.083526,London-3560,-16,6,Normal
2026-02-13 15:04:38.083526,London-3560,16,27,Normal
2026-02-13 15:04:39.083526,London-3560,46,59,Normal
2026-02-13 15:04:40.083526,London-3560,3,78,Normal
2026-02-13 15:04:41.083526,London-3560,26,51,Normal
2026-02-13 15:04:42.083526,London-3560,4,25,Normal
2026-02-13 15:04:43.083526,London-3560,-4,8,Normal
2026-02-13 15:04:44.083526,London-3560,-2,8,Normal
2026-02-13 15:04:45.083526,London-3560,-18,23,Normal
2026-02-13 15:04:46.083526,London-3560,-11,49,Normal
2026-02-13 15:04:47.083526,London-3560,-5,26,Normal
2026-02-13 15:04:48.083526,London-3560,14,56,Normal
2026-02-13 15:04:49.083526,London-3560,17,73,Normal
2026-02-13 15:04:50.083526,London-3560,-5,86,Normal
2026-02-13 15:04:51.083526,London-3560,-18,28,Normal
2026-02-13 15:04:52.083526,London-3560,43,82,Normal
2026-02-13 15:04:53.083526,London-3560,-13,6,Normal
2026-02-13 15:04:54.083526,London-3560,39,87,Normal
2026-02-13 15:04:55.083526,London-3560,35,64,Normal
2026-02-13 15:04:56.083526,London-3560,-26,57,Normal
2026-02-13 15:04:57.083526,London-3560,46,91,Normal
2026-02-13 15:04:58.083526,London-3560,5,95,Normal
2026-02-13 15:04:59.083526,London-3560,29,60,Normal
2026-02-13 15:05:00.083526,London-3560,43,67,Normal
2026-02-13 15:05:01.083526,London-3560,15,66,Normal
2026-02-13 15:05:02.083526,London-3560,18,75,Normal
2026-02-13 15:05:03.083526,London-3560,-9,82,Normal
2026-02-13 15:05:04.083526,London-3560,41,38,Normal
2026-02-13 15:05:05.083526,London-3560,-25,16,Normal
2026-02-13 15:05:06.083526,London-3560,22,80,Normal
2026-02-13 15:05:07.083526,London-3560,-21,58,Normal
2026-02-13 15:05:08.083526,London-3560,8,100,Normal
2026-02-13 15:05:09.083526,London-3560,-21,52,Normal
2026-02-13 15:05:10.083526,London-3560,28,99,Normal
2026-02-13 15:05:11.083526,London-3560,-3,22,Normal
2026-02-13 15:05:12.083526,London-3560,-28,62,Normal
2026-02-13 15:05:13.083526,London-3560,12,75,Normal
2026-02-13 15:05:14.083526,London-3560,45,19,Normal
2026-02-13 15:05:15.083526,London-3560,-28,95,Normal
2026-02-13 15:05:16.083526,London-3560,39,67,Normal
2026-02-13 15:05:17.083526,London-3560,44,47,Normal
2026-02-13 15:05:18.083526,London-3560,-25,0,Normal
2026-02-13 15:05:19.083526,London-3560,-2,29,Normal
2026-02-13 15:05:20.083526,London-3560,40,30,Normal
2026-02-13 15:05:21.083526,London-3560,29,55,Normal
2026-02-13 15:05:22.083526,London-3560,33,95,Normal
2026-02-13 15:05:23.083526,London-3560,42,91,Normal
2026-02-13 15:05:24.083526,London-3560,2,70,Normal
2026-02-13 15:05:25.083526,London-3560,14,53,Normal
2026-02-13 15:05:26.083526,London-3560,40,45,Normal
2026-02-13 15:05:27.083526,London-3560,32,16,Normal
2026-02-13 15:05:28.083526,London-3560,9,94,Normal
2026-02-13 15:05:29.083526,London-3560,-16,1,Normal
2026-02-13 15:05:30.083526,London-3560,13,11,Normal
2026-02-13 15:05:31.083526,London-3560,-24,31,Normal
2026-02-13 15:05:32.083526,London-3560,-14,42,Normal
2026-02-13 15:05:33.083526,London-3560,-23,81,Normal
2026-02-13 15:05:34.083526,London-3560,9,14,Normal
2026-02-13 15:05:35.083526,London-3560,-12,62,Normal
2026-02-13 15:05:36.083526,London-3560,-8,98,Normal
2026-02-13 15:05:37.083526,London-3560,6,2,Normal
2026-02-13 15:05:38.083526,London-3560,22,72,Normal
2026-02-13 15:05:39.083526,London-3560,5,47,Normal
2026-02-13 15:05:40.083526,London-3560,-11,70,Normal
2026-02-13 15:05:41.083526,London-3560,37,55,Normal
2026-02-13 15:05:42.083526,London-3560,-1,28,Normal
2026-02-13 15:05:43.083526,London-3560,12,26,Normal
2026-02-13 15:05:44.083526,London-3560,-1,70,Normal
2026-02-13 15:05:45.083526,London-3560,13,53,Normal
2026-02-13 15:05:46.083526,London-3560,-10,2,Normal
2026-02-13 15:05:47.083526,London-3560,24,92,Normal
2026-02-13 15:05:48.083526,London-3560,-12,52,Normal
2026-02-13 15:05:49.083526,London-3560,10,14,Normal
2026-02-13 15:05:50.083526,London-3560,31,75,Normal
2026-02-13 15:05:51.083526,London-3560,-16,48,Normal
2026-02-13 15:05:52.083526,London-3560,5,40,Normal
2026-02-13 15:05:53.083526,London-3560,8,19,Normal
2026-02-13 15:05:54.083526,London-3560,-7,99,Normal
2026-02-13 15:05:55.083526,London-3560,24,5,Normal
2026-02-13 15:05:56.083526,London-3560,29,94,Normal
2026-02-13 15:05:57.083526,London-3560,6,89,Normal
2026-02-13 15:05:58.083526,London-3560,36,78,Normal
2026-02-13 15:05:59.083526,London-3560,6,70,Normal
2026-02-13 15:06:00.083526,London-3560,-19,34,Normal
2026-02-13 15:06:01.083526,London-3560,-12,78,Normal
2026-02-13 15:06:02.083526,London-3560,3,7,Normal
2026-02-13 15:06:03.083526,London-3560,-26,89,Normal
2026-02-13 15:06:04.083526,London-3560,4,82,Normal
2026-02-13 15:06:05.083526,London-3560,29,88,Normal
2026-02-13 15:06:06.083526,London-3560,-9,77,Normal
2026-02-13 15:06:07.083526,London-3560,-27,26,Normal
2026-02-13 15:06:08.083526,London-3560,17,36,Normal
2026-02-13 15:06:09.083526,London-3560,16,70,Normal
2026-02-13 15:06:10.083526,London-3560,14,55,Normal
2026-02-13 15:06:11.083526,London-3560,17,31,Normal
2026-02-13 15:06:12.083526,London-3560,-3,35,Normal
2026-02-13 15:06:13.083526,London-3560,30,4,Normal
2026-02-13 15:06:14.083526,London-3560,43,77,Normal
2026-02-13 15:06:15.083526,London-3560,-5,96,Normal
2026-02-13 15:06:16.083526,London-3560,8,19,Normal
2026-02-13 15:06:17.083526,London-3560,-17,78,Normal
2026-02-13 15:06:18.083526,London-3560,13,89,Normal
2026-02-13 15:06:19.083526,London-3560,32,37,Normal
2026-02-13 15:06:20.083526,London-3560,-9,15,Normal
2026-02-13 15:06:21.083526,London-3560,-3,55,Normal
2026-02-13 15:06:22.083526,London-3560,42,59,Normal
2026-02-13 15:06:23.083526,London-3560,41,43,Normal
2026-02-13 15:06:24.083526,London-3560,14,28,Normal
2026-02-13 15:06:25.083526,London-3560,39,82,Normal
2026-02-13 15:06:26.083526,London-3560,-15,62,Normal
2026-02-13 15:06:27.083526,London-3560,49,13,Normal
2026-02-13 15:06:28.083526,London-3560,27,88,Normal
2026-02-13 15:06:29.083526,London-3560,20,82,Normal
2026-02-13 15:06:30.083526,London-3560,-29,5,Normal
2026-02-13 15:06:31.083526,London-3560,-22,37,Normal
2026-02-13 15:06:32.083526,London-3560,-28,86,Normal
2026-02-13 15:06:33.083526,London-3560,-23,73,Normal
2026-02-13 15:06:34.083526,London-3560,34,18,Normal
2026-02-13 15:06:35.083526,London-3560,9,64,Normal
2026-02-13 15:06:36.083526,London-3560,36,11,Normal
2026-02-13 15:06:37.083526,London-3560,-24,55,Normal
2026-02-13 15:06:38.083526,London-3560,12,62,Normal
2026-02-13 15:06:39.083526,London-3560,26,32,Normal
2026-02-13 15:06:40.083526,London-3560,-27,58,Normal
2026-02-13 15:06:41.083526,London-3560,35,84,Normal
2026-02-13 15:06:42.083526,London-3560,-2,27,Normal
2026-02-13 15:06:43.083526,London-3560,-3,10,Normal
2026-02-13 15:06:44.083526,London-3560,-18,19,Normal
2026-02-13 15:06:45.083526,London-3560,29,99,Normal
2026-02-13 15:06:46.083526,London-3560,4,34,Normal
2026-02-13 15:06:47.083526,London-3560,-22,42,Normal
2026-02-13 15:06:48.083526,London-3560,35,72,Normal
2026-02-13 15:06:49.083526,London-3560,23,71,Normal
2026-02-13 15:06:50.083526,London-3560,30,60,Normal
2026-02-13 15:06:51.083526,London-3560,10,67,Normal
2026-02-13 15:06:52.083526,London-3560,-24,87,Normal
2026-02-13 15:06:53.083526,London-3560,3,100,Normal
2026-02-13 15:06:54.083526,London-3560,15,94,Normal
2026-02-13 15:06:55.083526,London-3560,-7,73,Normal
2026-02-13 15:06:56.083526,London-3560,22,71,Normal
2026-02-13 15:06:57.083526,London-3560,-21,36,Normal
2026-02-13 15:06:58.083526,London-3560,-25,31,Normal
2026-02-13 15:06:59.083526,London-3560,-27,76,Normal
2026-02-13 15:07:00.083526,London-3560,15,79,Normal
2026-02-13 15:07:01.083526,London-3560,12,100,Normal
2026-02-13 15:07:02.083526,London-3560,-15,34,Normal
2026-02-13 15:07:03.083526,London-3560,17,10,Normal
2026-02-13 15:07:04.083526,London-3560,33,15,Normal
2026-02-13 15:07:05.083526,London-3560,16,94,Normal
2026-02-13 15:07:06.083526,London-3560,-24,17,Normal
2026-02-13 15:07:07.083526,London-3560,25,67,Normal
2026-02-13 15:07:08.083526,London-3560,22,87,Normal
2026-02-13 15:07:09.083526,London-3560,42,39,Normal
2026-02-13 15:07:10.083526,London-3560,37,95,Normal
2026-02-13 15:07:11.083526,London-3560,18,70,Normal
2026-02-13 15:07:12.083526,London-3560,7,40,Normal
2026-02-13 15:07:13.083526,London-3560,7,16,Normal
2026-02-13 15:07:14.083526,London-3560,31,28,Normal
2026-02-13 15:07:15.083526,London-3560,13,35,Normal
2026-02-13 15:07:16.083526,London-3560,-23,0,Normal
2026-02-13 15:07:17.083526,London-3560,10,34,Normal
2026-02-13 15:07:18.083526,London-3560,15,34,Normal
2026-02-13 15:07:19.083526,London-3560,0,77,Normal
2026-02-13 15:07:20.083526,London-3560,42,77,Normal
2026-02-13 15:07:21.083526,London-3560,18,43,Normal
2026-02-13 15:07:22.083526,London-3560,-27,28,Normal
2026-02-13 15:07:23.083526,London-3560,17,64,Normal
2026-02-13 15:07:24.083526,London-3560,34,80,Normal
2026-02-13 15:07:25.083526,London-3560,-1,77,Normal
2026-02-13 15:07:26.083526,London-3560,38,44,Normal
2026-02-13 15:07:27.083526,London-3560,39,53,Normal
2026-02-13 15:07:28.083526,London-3560,42,67,Normal
2026-02-13 15:07:29.083526,London-3560,45,19,Normal
2026-02-13 15:07:30.083526,London-3560,-29,26,Normal
2026-02-13 15:07:31.083526,London-3560,-2,86,Normal
2026-02-13 15:07:32.083526,London-3560,-26,23,Normal
2026-02-13 15:07:33.083526,London-3560,-26,94,Normal
2026-02-13 15:07:34.083526,London-3560,33,19,Normal
2026-02-13 15:07:35.083526,London-3560,-20,38,Normal
2026-02-13 15:07:36.083526,London-3560,-30,14,Normal
2026-02-13 15:07:37.083526,London-3560,-18,98,Normal
2026-02-13 15:07:38.083526,London-3560,8,64,Normal
2026-02-13 15:07:39.083526,London-3560,-6,71,Normal
2026-02-13 15:07:40.083526,London-3560,38,45,Normal
2026-02-13 15:07:41.083526,London-3560,-30,55,Normal
2026-02-13 15:07:42.083526,London-3560,-9,18,Normal
2026-02-13 15:07:43.083526,London-3560,-5,32,Normal
2026-02-13 15:07:44.083526,London-3560,43,0,Normal
2026-02-13 15:07:45.083526,London-3560,29,83,Normal
2026-02-13 15:07:46.083526,London-3560,-11,79,Normal
2026-02-13 15:07:47.083526,London-3560,-12,10,Normal
2026-02-13 15:07:48.083526,London-3560,37,51,Normal
2026-02-13 15:07:49.083526,London-3560,41,20,Normal
2026-02-13 15:07:50.083526,London-3560,2,49,Normal
2026-02-13 15:07:51.083526,London-3560,47,85,Normal
2026-02-13 15:07:52.083526,London-3560,50,15,Normal
2026-02-13 15:07:53.083526,London-3560,-16,70,Normal
2026-02-13 15:07:54.083526,London-3560,39,81,Normal
2026-02-13 15:07:55.083526,London-3560,38,25,Normal
2026-02-13 15:07:56.083526,London-3560,-7,81,Normal
2026-02-13 15:07:57.083526,London-3560,-13,4,Normal
2026-02-13 15:07:58.083526,London-3560,-30,16,Normal
2026-02-13 15:07:59.083526,London-3560,-15,78,Normal
2026-02-13 15:08:00.083526,London-3560,6,11,Normal
2026-02-13 15:08:01.083526,London-3560,48,22,Normal
2026-02-13 15:08:02.083526,London-3560,-19,85,Normal
2026-02-13 15:08:03.083526,London-3560,21,64,Normal
2026-02-13 15:08:04.083526,London-3560,-18,65,Normal
2026-02-13 15:08:05.083526,London-3560,-29,20,Normal
2026-02-13 15:08:06.083526,London-3560,36,33,Normal
2026-02-13 15:08:07.083526,London-3560,17,84,Normal
2026-02-13 15:08:08.083526,London-3560,-23,32,Normal
2026-02-13 15:08:09.083526,London-3560,-25,27,Normal
2026-02-13 15:08:10.083526,London-3560,-7,99,Normal
2026-02-13 15:08:11.083526,London-3560,33,34,Normal
2026-02-13 15:08:12.083526,London-3560,47,54,Normal
2026-02-13 15:08:13.083526,London-3560,10,54,Normal
2026-02-13 15:08:14.083526,London-3560,30,68,Normal
2026-02-13 15:08:15.083526,London-3560,34,51,Normal
2026-02-13 15:08:16.083526,London-3560,-28,33,Normal
2026-02-13 15:08:17.083526,London-3560,-11,76,Normal
2026-02-13 15:08:18.083526,London-3560,47,65,Normal
2026-02-13 15:08:19.083526,London-3560,50,52,Normal
2026-02-13 15:08:20.083526,London-3560,22,39,Normal
2026-02-13 15:08:21.083526,London-3560,-8,5,Normal
2026-02-13 15:08:22.083526,London-3560,-20,79,Normal
2026-02-13 15:08:23.083526,London-3560,-12,94,Normal
2026-02-13 15:08:24.083526,London-3560,9,32,Normal
2026-02-13 15:08:25.083526,London-3560,-11,24,Normal
2026-02-13 15:08:26.083526,London-3560,18,26,Normal
2026-02-13 15:08:27.083526,London-3560,-9,100,Normal
2026-02-13 15:08:28.083526,London-3560,46,57,Normal
2026-02-13 15:08:29.083526,London-3560,-8,64,Normal
2026-02-13 15:08:30.083526,London-3560,22,15,Normal
2026-02-13 15:08:31.083526,London-3560,17,56,Normal
2026-02-13 15:08:32.083526,London-3560,21,89,Normal
2026-02-13 15:08:33.083526,London-3560,-15,58,Normal
2026-02-13 15:08:34.083526,London-3560,14,15,Normal
2026-02-13 15:08:35.083526,London-3560,-6,17,Normal
2026-02-13 15:08:36.083526,London-3560,43,80,Normal
2026-02-13 15:08:37.083526,London-3560,3,51,Normal
2026-02-13 15:08:38.083526,London-3560,41,24,Normal
2026-02-13 15:08:39.083526,London-3560,46,60,Normal
2026-02-13 15:08:40.083526,London-3560,22,65,Normal
2026-02-13 15:08:41.083526,London-3560,-23,50,Normal
2026-02-13 15:08:42.083526,London-3560,21,27,Normal
2026-02-13 15:08:43.083526,London-3560,26,32,Normal
2026-02-13 15:08:44.083526,London-3560,-22,26,Normal
2026-02-13 15:08:45.083526,London-3560,3,36,Normal
2026-02-13 15:08:46.083526,London-3560,-23,46,Normal
2026-02-13 15:08:47.083526,London-3560,-15,31,Normal
2026-02-13 15:08:48.083526,London-3560,22,51,Normal
2026-02-13 15:08:49.083526,London-3560,-19,1,Normal
2026-02-13 15:08:50.083526,London-3560,13,7,Normal
2026-02-13 15:08:51.083526,London-3560,8,59,Normal
2026-02-13 15:08:52.083526,London-3560,-30,23,Normal
2026-02-13 15:08:53.083526,London-3560,-29,50,Normal
2026-02-13 15:08:54.083526,London-3560,5,72,Normal
2026-02-13 15:08:55.083526,London-3560,5,46,Normal
2026-02-13 15:08:56.083526,London-3560,-22,4,Normal
2026-02-13 15:08:57.083526,London-3560,-10,43,Normal
2026-02-13 15:08:58.083526,London-3560,15,57,Normal
2026-02-13 15:08:59.083526,London-3560,49,43,Normal
2026-02-13 15:09:00.083526,London-3560,50,16,Normal
2026-02-13 15:09:01.083526,London-3560,-30,0,Normal
2026-02-13 15:09:02.083526,London-3560,48,15,Normal
2026-02-13 15:09:03.083526,London-3560,20,29,Normal
2026-02-13 15:09:04.083526,London-3560,4,8,Normal
2026-02-13 15:09:05.083526,London-3560,-11,64,Normal
2026-02-13 15:09:06.083526,London-3560,-29,19,Normal
2026-02-13 15:09:07.083526,London-3560,11,51,Normal
2026-02-13 15:09:08.083526,London-3560,-14,62,Normal
2026-02-13 15:09:09.083526,London-3560,-27,43,Normal
2026-02-13 15:09:10.083526,London-3560,18,63,Normal
2026-02-13 15:09:11.083526,London-3560,42,62,Normal
2026-02-13 15:09:12.083526,London-3560,49,78,Normal
2026-02-13 15:09:13.083526,London-3560,36,54,Normal
2026-02-13 15:09:14.083526,London-3560,-6,5,Normal
2026-02-13 15:09:15.083526,London-3560,-15,14,Normal
2026-02-13 15:09:16.083526,London-3560,-6,58,Normal
2026-02-13 15:09:17.083526,London-3560,-13,7,Normal
2026-02-13 15:09:18.083526,London-3560,-6,68,Normal
2026-02-13 15:09:19.083526,London-3560,-5,80,Normal
2026-02-13 15:09:20.083526,London-3560,-23,38,Normal
2026-02-13 15:09:21.083526,London-3560,19,71,Normal
2026-02-13 15:09:22.083526,London-3560,-18,88,Normal
2026-02-13 15:09:23.083526,London-3560,-22,22,Normal
2026-02-13 15:09:24.083526,London-3560,-12,46,Normal
2026-02-13 15:09:25.083526,London-3560,19,55,Normal
2026-02-13 15:09:26.083526,London-3560,3,20,Normal
2026-02-13 15:09:27.083526,London-3560,-14,57,Normal
2026-02-13 15:09:28.083526,London-3560,-6,89,Normal
2026-02-13 15:09:29.083526,London-3560,-25,31,Normal
2026-02-13 15:09:30.083526,London-3560,25,47,Normal
2026-02-13 15:09:31.083526,London-3560,-16,6,Normal
2026-02-13 15:09:32.083526,London-3560,0,65,Normal
2026-02-13 15:09:33.083526,London-3560,-9,2,Normal
2026-02-13 15:09:34.083526,London-3560,25,18,Normal
2026-02-13 15:09:35.083526,London-3560,16,10,Normal
2026-02-13 15:09:36.083526,London-3560,6,69,Normal
2026-02-13 15:09:37.083526,London-3560,1,6,Normal
2026-02-13 15:09:38.083526,London-3560,-15,26,Normal
2026-02-13 15:09:39.083526,London-3560,-17,85,Normal
2026-02-13 15:09:40.083526,London-3560,48,83,Normal
2026-02-13 15:09:41.083526,London-3560,41,77,Normal
2026-02-13 15:09:42.083526,London-3560,1,52,Normal
2026-02-13 15:09:43.083526,London-3560,41,42,Normal
2026-02-13 15:09:44.083526,London-3560,-10,37,Normal
2026-02-13 15:09:45.083526,London-3560,-25,99,Normal
2026-02-13 15:09:46.083526,London-3560,34,42,Normal
2026-02-13 15:09:47.083526,London-3560,12,22,Normal
2026-02-13 15:09:48.083526,London-3560,43,16,Normal
2026-02-13 15:09:49.083526,London-3560,8,31,Normal
2026-02-13 15:09:50.083526,London-3560,-7,67,Normal
2026-02-13 15:09:51.083526,London-3560,21,40,Normal
2026-02-13 15:09:52.083526,London-3560,9,46,Normal
2026-02-13 15:09:53.083526,London-3560,30,62,Normal
2026-02-13 15:09:54.083526,London-3560,37,76,Normal
2026-02-13 15:09:55.083526,London-3560,16,9,Normal
2026-02-13 15:09:56.083526,London-3560,-6,45,Normal
2026-02-13 15:09:57.083526,London-3560,-16,92,Normal
2026-02-13 15:09:58.083526,London-3560,-9,24,Normal
2026-02-13 15:09:59.083526,London-3560,0,71,Normal
2026-02-13 15:10:00.083526,London-3560,-18,68,Normal
2026-02-13 15:10:01.083526,London-3560,-30,67,Normal
2026-02-13 15:10:02.083526,London-3560,13,98,Normal
2026-02-13 15:10:03.083526,London-3560,-27,48,Normal
2026-02-13 15:10:04.083526,London-3560,-29,96,Normal
2026-02-13 15:10:05.083526,London-3560,-6,61,Normal
2026-02-13 15:10:06.083526,London-3560,-18,64,Normal
2026-02-13 15:10:07.083526,London-3560,-27,93,Normal
2026-02-13 15:10:08.083526,London-3560,35,70,Normal
2026-02-13 15:10:09.083526,London-3560,35,49,Normal
2026-02-13 15:10:10.083526,London-3560,-7,93,Normal
2026-02-13 15:10:11.083526,London-3560,-17,53,Normal
2026-02-13 15:10:12.083526,London-3560,-8,92,Normal
2026-02-13 15:10:13.083526,London-3560,29,36,Normal
2026-02-13 15:10:14.083526,London-3560,-15,27,Normal
2026-02-13 15:10:15.083526,London-3560,-22,97,Normal
2026-02-13 15:10:16.083526,London-3560,45,3,Normal
2026-02-13 15:10:17.083526,London-3560,7,88,Normal
2026-02-13 15:10:18.083526,London-3560,-7,67,Normal
2026-02-13 15:10:19.083526,London-3560,-17,31,Normal
2026-02-13 15:10:20.083526,London-3560,0,23,Normal
2026-02-13 15:10:21.083526,London-3560,5,92,Normal
2026-02-13 15:10:22.083526,London-3560,-1,61,Normal
2026-02-13 15:10:23.083526,London-3560,-5,47,Normal
2026-02-13 15:10:24.083526,London-3560,47,33,Normal
2026-02-13 15:10:25.083526,London-3560,-15,13,Normal
2026-02-13 15:10:26.083526,London-3560,49,36,Normal
2026-02-13 15:10:27.083526,London-3560,-16,79,Normal
2026-02-13 15:10:28.083526,London-3560,8,63,Normal
2026-02-13 15:10:29.083526,London-3560,46,33,Normal
2026-02-13 15:10:30.083526,London-3560,27,99,Normal
2026-02-13 15:10:31.083526,London-3560,-6,85,Normal
2026-02-13 15:10:32.083526,London-3560,4,42,Normal
2026-02-13 15:10:33.083526,London-3560,-21,37,Normal
2026-02-13 15:10:34.083526,London-3560,7,30,Normal
2026-02-13 15:10:35.083526,London-3560,22,28,Normal
2026-02-13 15:10:36.083526,London-3560,43,49,Normal
2026-02-13 15:10:37.083526,London-3560,-2,41,Normal
2026-02-13 15:10:38.083526,London-3560,4,35,Normal
2026-02-13 15:10:39.083526,London-3560,40,68,Normal
2026-02-13 15:10:40.083526,London-3560,11,61,Normal
2026-02-13 15:10:41.083526,London-3560,-18,45,Normal
2026-02-13 15:10:42.083526,London-3560,48,33,Normal
2026-02-13 15:10:43.083526,London-3560,-30,91,Normal
2026-02-13 15:10:44.083526,London-3560,43,14,Normal
2026-02-13 15:10:45.083526,London-3560,21,31,Normal
2026-02-13 15:10:46.083526,London-3560,-25,18,Normal
2026-02-13 15:10:47.083526,London-3560,0,90,Normal
2026-02-13 15:10:48.083526,London-3560,-25,52,Normal
2026-02-13 15:10:49.083526,London-3560,47,96,Normal
2026-02-13 15:10:50.083526,London-3560,18,54,Normal
2026-02-13 15:10:51.083526,London-3560,16,30,Normal
2026-02-13 15:10:52.083526,London-3560,-6,4,Normal
2026-02-13 15:10:53.083526,London-3560,-7,36,Normal
2026-02-13 15:10:54.083526,London-3560,-19,24,Normal
2026-02-13 15:10:55.083526,London-3560,-4,13,Normal
2026-02-13 15:10:56.083526,London-3560,12,57,Normal
2026-02-13 15:10:57.083526,London-3560,49,28,Normal
2026-02-13 15:10:58.083526,London-3560,-30,14,Normal
2026-02-13 15:10:59.083526,London-3560,-19,61,Normal
2026-02-13 15:11:00.083526,London-3560,20,77,Normal
2026-02-13 15:11:01.083526,London-3560,40,52,Normal
2026-02-13 15:11:02.083526,London-3560,10,38,Normal
2026-02-13 15:11:03.083526,London-3560,-23,70,Normal
2026-02-13 15:11:04.083526,London-3560,41,33,Normal
2026-02-13 15:11:05.083526,London-3560,49,81,Normal
2026-02-13 15:11:06.083526,London-3560,44,78,Normal
2026-02-13 15:11:07.083526,London-3560,17,69,Normal
2026-02-13 15:11:08.083526,London-3560,-21,11,Normal
2026-02-13 15:11:09.083526,London-3560,45,87,Normal
2026-02-13 15:11:10.083526,London-3560,31,47,Normal
2026-02-13 15:11:11.083526,London-3560,3,73,Normal
2026-02-13 15:11:12.083526,London-3560,-22,7,Normal
2026-02-13 15:11:13.083526,London-3560,50,42,Normal
2026-02-13 15:11:14.083526,London-3560,37,25,Normal
2026-02-13 15:11:15.083526,London-3560,-20,25,Normal
2026-02-13 15:11:16.083526,London-3560,26,41,Normal
2026-02-13 15:11:17.083526,London-3560,5,94,Normal
2026-02-13 15:11:18.083526,London-3560,-22,70,Normal
2026-02-13 15:11:19.083526,London-3560,9,52,Normal
2026-02-13 15:11:20.083526,London-3560,35,57,Normal
2026-02-13 15:11:21.083526,London-3560,-18,59,Normal
2026-02-13 15:11:22.083526,London-3560,-19,10,Normal
2026-02-13 15:11:23.083526,London-3560,45,59,Normal
2026-02-13 15:11:24.083526,London-3560,9,43,Normal
2026-02-13 15:11:25.083526,London-3560,39,56,Normal
2026-02-13 15:11:26.083526,London-3560,-16,22,Normal
2026-02-13 15:11:27.083526,London-3560,41,16,Normal
2026-02-13 15:11:28.083526,London-3560,49,57,Normal
2026-02-13 15:11:29.083526,London-3560,-20,4,Normal
2026-02-13 15:11:30.083526,London-3560,24,73,Normal
2026-02-13 15:11:31.083526,London-3560,49,99,Normal
2026-02-13 15:11:32.083526,London-3560,3,11,Normal
2026-02-13 15:11:33.083526,London-3560,34,17,Normal
2026-02-13 15:11:34.083526,London-3560,-6,47,Normal
2026-02-13 15:11:35.083526,London-3560,6,56,Normal
2026-02-13 15:11:36.083526,London-3560,-24,28,Normal
2026-02-13 15:11:37.083526,London-3560,-24,49,Normal
2026-02-13 15:11:38.083526,London-3560,37,34,Normal
2026-02-13 15:11:39.083526,London-3560,3,73,Normal
2026-02-13 15:11:40.083526,London-3560,-6,70,Normal
2026-02-13 15:11:41.083526,London-3560,-23,97,Normal
2026-02-13 15:11:42.083526,London-3560,-30,38,Normal
2026-02-13 15:11:43.083526,London-3560,0,43,Normal
2026-02-13 15:11:44.083526,London-3560,-7,90,Normal
2026-02-13 15:11:45.083526,London-3560,25,95,Normal
2026-02-13 15:11:46.083526,London-3560,-28,3,Normal
2026-02-13 15:11:47.083526,London-3560,21,41,Normal
2026-02-13 15:11:48.083526,London-3560,17,28,Normal
2026-02-13 15:11:49.083526,London-3560,50,47,Normal
2026-02-13 15:11:50.083526,London-3560,-5,54,Normal
2026-02-13 15:11:51.083526,London-3560,38,73,Normal
2026-02-13 15:11:52.083526,London-3560,11,21,Normal
2026-02-13 15:11:53.083526,London-3560,-4,48,Normal
2026-02-13 15:11:54.083526,London-3560,20,22,Normal
2026-02-13 15:11:55.083526,London-3560,7,9,Normal
2026-02-13 15:11:56.083526,London-3560,35,82,Normal
2026-02-13 15:11:57.083526,London-3560,9,46,Normal
2026-02-13 15:11:58.083526,London-3560,25,78,Normal
2026-02-13 15:11:59.083526,London-3560,11,47,Normal
2026-02-13 15:12:00.083526,London-3560,25,54,Normal
2026-02-13 15:12:01.083526,London-3560,11,9,Normal
2026-02-13 15:12:02.083526,London-3560,43,45,Normal
2026-02-13 15:12:03.083526,London-3560,-26,13,Normal
2026-02-13 15:12:04.083526,London-3560,-5,74,Normal
2026-02-13 15:12:05.083526,London-3560,-30,26,Normal
2026-02-13 15:12:06.083526,London-3560,26,51,Normal
2026-02-13 15:12:07.083526,London-3560,39,91,Normal
2026-02-13 15:12:08.083526,London-3560,7,78,Normal
2026-02-13 15:12:09.083526,London-3560,-14,68,Normal
2026-02-13 15:12:10.083526,London-3560,-17,80,Normal
2026-02-13 15:12:11.083526,London-3560,-29,42,Normal
2026-02-13 15:12:12.083526,London-3560,9,59,Normal
2026-02-13 15:12:13.083526,London-3560,47,78,Normal
2026-02-13 15:12:14.083526,London-3560,28,80,Normal
2026-02-13 15:12:15.083526,London-3560,39,67,Normal
2026-02-13 15:12:16.083526,London-3560,-9,55,Normal
2026-02-13 15:12:17.083526,London-3560,-17,68,Normal
2026-02-13 15:12:18.083526,London-3560,37,17,Normal
2026-02-13 15:12:19.083526,London-3560,1,60,Normal
2026-02-13 15:12:20.083526,London-3560,43,61,Normal
2026-02-13 15:12:21.083526,London-3560,-1,49,Normal
2026-02-13 15:12:22.083526,London-3560,-20,22,Normal
2026-02-13 15:12:23.083526,London-3560,3,90,Normal
2026-02-13 15:12:24.083526,London-3560,10,57,Normal
2026-02-13 15:12:25.083526,London-3560,14,55,Normal
2026-02-13 15:12:26.083526,London-3560,-10,36,Normal
2026-02-13 15:12:27.083526,London-3560,-19,56,Normal
2026-02-13 15:12:28.083526,London-3560,50,90,Normal
2026-02-13 15:12:29.083526,London-3560,-16,11,Normal
2026-02-13 15:12:30.083526,London-3560,47,67,Normal
2026-02-13 15:12:31.083526,London-3560,1,72,Normal
2026-02-13 15:12:32.083526,London-3560,-3,4,Normal
2026-02-13 15:12:33.083526,London-3560,-21,0,Normal
2026-02-13 15:12:34.083526,London-3560,-10,64,Normal
2026-02-13 15:12:35.083526,London-3560,48,86,Normal
2026-02-13 15:12:36.083526,London-3560,21,64,Normal
2026-02-13 15:12:37.083526,London-3560,-27,55,Normal
2026-02-13 15:12:38.083526,London-3560,-11,16,Normal
2026-02-13 15:12:39.083526,London-3560,-22,78,Normal
2026-02-13 15:12:40.083526,London-3560,33,8,Normal
2026-02-13 15:12:41.083526,London-3560,46,95,Normal
2026-02-13 15:12:42.083526,London-3560,3,26,Normal
2026-02-13 15:12:43.083526,London-3560,10,75,Normal
2026-02-13 15:12:44.083526,London-3560,42,70,Normal
2026-02-13 15:12:45.083526,London-3560,-28,58,Normal
2026-02-13 15:12:46.083526,London-3560,37,38,Normal
2026-02-13 15:12:47.083526,London-3560,-26,32,Normal
2026-02-13 15:12:48.083526,London-3560,20,80,Normal
2026-02-13 15:12:49.083526,London-3560,-7,16,Normal
2026-02-13 15:12:50.083526,London-3560,23,63,Normal
2026-02-13 15:12:51.083526,London-3560,-12,91,Normal
2026-02-13 15:12:52.083526,London-3560,28,17,Normal
2026-02-13 15:12:53.083526,London-3560,37,74,Normal
2026-02-13 15:12:54.083526,London-3560,21,38,Normal
2026-02-13 15:12:55.083526,London-3560,39,31,Normal
2026-02-13 15:12:56.083526,London-3560,-26,76,Normal
2026-02-13 15:12:57.083526,London-3560,46,5,Normal
2026-02-13 15:12:58.083526,London-3560,35,88,Normal
2026-02-13 15:12:59.083526,London-3560,39,85,Normal
2026-02-13 15:13:00.083526,London-3560,10,23,Normal
2026-02-13 15:13:01.083526,London-3560,34,43,Normal
2026-02-13 15:13:02.083526,London-3560,-4,78,Normal
2026-02-13 15:13:03.083526,London-3560,17,1,Normal
2026-02-13 15:13:04.083526,London-3560,15,80,Normal
2026-02-13 15:13:05.083526,London-3560,-30,59,Normal
2026-02-13 15:13:06.083526,London-3560,-14,15,Normal
2026-02-13 15:13:07.083526,London-3560,-9,86,Normal
2026-02-13 15:13:08.083526,London-3560,-7,23,Normal
2026-02-13 15:13:09.083526,London-3560,19,13,Normal
2026-02-13 15:13:10.083526,London-3560,-30,33,Normal
2026-02-13 15:13:11.083526,London-3560,44,40,Normal
2026-02-13 15:13:12.083526,London-3560,-5,10,Normal
2026-02-13 15:13:13.083526,London-3560,12,75,Normal
2026-02-13 15:13:14.083526,London-3560,14,54,Normal
2026-02-13 15:13:15.083526,London-3560,44,43,Normal
2026-02-13 15:13:16.083526,London-3560,-15,70,Normal
2026-02-13 15:13:17.083526,London-3560,45,37,Normal
2026-02-13 15:13:18.083526,London-3560,23,64,Normal
2026-02-13 15:13:19.083526,London-3560,-18,63,Normal
2026-02-13 15:13:20.083526,London-3560,19,9,Normal
2026-02-13 15:13:21.083526,London-3560,24,83,Normal
2026-02-13 15:13:22.083526,London-3560,3,90,Normal
2026-02-13 15:13:23.083526,London-3560,6,40,Normal
2026-02-13 15:13:24.083526,London-3560,30,22,Normal
2026-02-13 15:13:25.083526,London-3560,-3,20,Normal
2026-02-13 15:13:26.083526,London-3560,34,30,Normal
2026-02-13 15:13:27.083526,London-3560,33,81,Normal
2026-02-13 15:13:28.083526,London-3560,-6,7,Normal
2026-02-13 15:13:29.083526,London-3560,-6,26,Normal
2026-02-13 15:13:30.083526,London-3560,-28,26,Normal
2026-02-13 15:13:31.083526,London-3560,43,23,Normal
2026-02-13 15:13:32.083526,London-3560,-26,55,Normal
2026-02-13 15:13:33.083526,London-3560,9,79,Normal
2026-02-13 15:13:34.083526,London-3560,23,97,Normal
2026-02-13 15:13:35.083526,London-3560,25,15,Normal
2026-02-13 15:13:36.083526,London-3560,47,10,Normal
2026-02-13 15:13:37.083526,London-3560,-28,13,Normal
2026-02-13 15:13:38.083526,London-3560,-27,46,Normal
2026-02-13 15:13:39.083526,London-3560,8,17,Normal
2026-02-13 15:13:40.083526,London-3560,-18,41,Normal
2026-02-13 15:13:41.083526,London-3560,-13,33,Normal
2026-02-13 15:13:42.083526,London-3560,47,77,Normal
2026-02-13 15:13:43.083526,London-3560,23,24,Normal
2026-02-13 15:13:44.083526,London-3560,-4,23,Normal
2026-02-13 15:13:45.083526,London-3560,-18,4,Normal
2026-02-13 15:13:46.083526,London-3560,-5,75,Normal
2026-02-13 15:13:47.083526,London-3560,2,19,Normal
2026-02-13 15:13:48.083526,London-3560,-9,68,Normal
2026-02-13 15:13:49.083526,London-3560,47,21,Normal
2026-02-13 15:13:50.083526,London-3560,41,0,Normal
2026-02-13 15:13:51.083526,London-3560,43,32,Normal
2026-02-13 15:13:52.083526,London-3560,17,29,Normal
2026-02-13 15:13:53.083526,London-3560,32,84,Normal
2026-02-13 15:13:54.083526,London-3560,23,49,Normal
2026-02-13 15:13:55.083526,London-3560,-7,42,Normal
2026-02-13 15:13:56.083526,London-3560,27,24,Normal
2026-02-13 15:13:57.083526,London-3560,-4,49,Normal
2026-02-13 15:13:58.083526,London-3560,-6,24,Normal
2026-02-13 15:13:59.083526,London-3560,28,60,Normal
2026-02-13 15:14:00.083526,London-3560,46,84,Normal
2026-02-13 15:14:01.083526,London-3560,41,5,Normal
2026-02-13 15:14:02.083526,London-3560,-17,91,Normal
2026-02-13 15:14:03.083526,London-3560,-3,85,Normal
2026-02-13 15:14:04.083526,London-3560,28,75,Normal
2026-02-13 15:14:05.083526,London-3560,29,100,Normal
2026-02-13 15:14:06.083526,London-3560,-21,49,Normal
2026-02-13 15:14:07.083526,London-3560,0,74,Normal
2026-02-13 15:14:08.083526,London-3560,49,50,Normal
2026-02-13 15:14:09.083526,London-3560,46,7,Normal
2026-02-13 15:14:10.083526,London-3560,48,21,Normal
2026-02-13 15:14:11.083526,London-3560,49,77,Normal
2026-02-13 15:14:12.083526,London-3560,-8,58,Normal
2026-02-13 15:14:13.083526,London-3560,37,17,Normal
2026-02-13 15:14:14.083526,London-3560,33,85,Normal
2026-02-13 15:14:15.083526,London-3560,-14,8,Normal
2026-02-13 15:14:16.083526,London-3560,7,82,Normal
2026-02-13 15:14:17.083526,London-3560,49,96,Normal
2026-02-13 15:14:18.083526,London-3560,32,53,Normal
2026-02-13 15:14:19.083526,London-3560,-19,84,Normal
2026-02-13 15:14:20.083526,London-3560,37,19,Normal
2026-02-13 15:14:21.083526,London-3560,30,78,Normal
2026-02-13 15:14:22.083526,London-3560,47,81,Normal
2026-02-13 15:14:23.083526,London-3560,13,6,Normal
2026-02-13 15:14:24.083526,London-3560,26,94,Normal
2026-02-13 15:14:25.083526,London-3560,19,78,Normal
2026-02-13 15:14:26.083526,London-3560,25,63,Normal
2026-02-13 15:14:27.083526,London-3560,44,88,Normal
2026-02-13 15:14:28.083526,London-3560,6,25,Normal
2026-02-13 15:14:29.083526,London-3560,-5,31,Normal
2026-02-13 15:14:30.083526,London-3560,24,90,Normal
2026-02-13 15:14:31.083526,London-3560,18,45,Normal
2026-02-13 15:14:32.083526,London-3560,29,5,Normal
2026-02-13 15:14:33.083526,London-3560,16,63,Normal
2026-02-13 15:14:34.083526,London-3560,-7,87,Normal
2026-02-13 15:14:35.083526,London-3560,42,83,Normal
2026-02-13 15:14:36.083526,London-3560,15,39,Normal
2026-02-13 15:14:37.083526,London-3560,9,58,Normal
2026-02-13 15:14:38.083526,London-3560,45,46,Normal
2026-02-13 15:14:39.083526,London-3560,-6,17,Normal
2026-02-13 15:14:40.083526,London-3560,9,82,Normal
2026-02-13 15:14:41.083526,London-3560,30,80,Normal
2026-02-13 15:14:42.083526,London-3560,23,65,Normal
2026-02-13 15:14:43.083526,London-3560,29,35,Normal
2026-02-13 15:14:44.083526,London-3560,35,35,Normal
2026-02-13 15:14:45.083526,London-3560,38,99,Normal
2026-02-13 15:14:46.083526,London-3560,-13,55,Normal
2026-02-13 15:14:47.083526,London-3560,26,72,Normal
2026-02-13 15:14:48.083526,London-3560,-5,84,Normal
2026-02-13 15:14:49.083526,London-3560,-15,38,Normal
2026-02-13 15:14:50.083526,London-3560,-25,96,Normal
2026-02-13 15:14:51.083526,London-3560,32,90,Normal
2026-02-13 15:14:52.083526,London-3560,27,99,Normal
2026-02-13 15:14:53.083526,London-3560,19,50,Normal
2026-02-13 15:14:54.083526,London-3560,-13,14,Normal
2026-02-13 15:14:55.083526,London-3560,47,47,Normal
2026-02-13 15:14:56.083526,London-3560,47,91,Normal
2026-02-13 15:14:57.083526,London-3560,15,19,Normal
2026-02-13 15:14:58.083526,London-3560,16,84,Normal
2026-02-13 15:14:59.083526,London-3560,4,31,Normal
2026-02-13 15:15:00.083526,London-3560,24,12,Normal
2026-02-13 15:15:01.083526,London-3560,41,34,Normal
2026-02-13 15:15:02.083526,London-3560,-2,95,Normal
2026-02-13 15:15:03.083526,London-3560,19,12,Normal
2026-02-13 15:15:04.083526,London-3560,27,7,Normal
2026-02-13 15:15:05.083526,London-3560,-27,94,Normal
2026-02-13 15:15:06.083526,London-3560,38,66,Normal
2026-02-13 15:15:07.083526,London-3560,35,2,Normal
2026-02-13 15:15:08.083526,London-3560,23,67,Normal
2026-02-13 15:15:09.083526,London-3560,-20,41,Normal
2026-02-13 15:15:10.083526,London-3560,41,90,Normal
2026-02-13 15:15:11.083526,London-3560,17,20,Normal
2026-02-13 15:15:12.083526,London-3560,9,34,Normal
2026-02-13 15:15:13.083526,London-3560,1,9,Normal
2026-02-13 15:15:14.083526,London-3560,-13,34,Normal
2026-02-13 15:15:15.083526,London-3560,39,95,Normal
2026-02-13 15:15:16.083526,London-3560,23,76,Normal
2026-02-13 15:15:17.083526,London-3560,-28,64,Normal
2026-02-13 15:15:18.083526,London-3560,10,13,Normal
2026-02-13 15:15:19.083526,London-3560,-18,34,Normal
2026-02-13 15:15:20.083526,London-3560,-28,64,Normal
2026-02-13 15:15:21.083526,London-3560,50,14,Normal
2026-02-13 15:15:22.083526,London-3560,-25,4,Normal
2026-02-13 15:15:23.083526,London-3560,-21,59,Normal
2026-02-13 15:15:24.083526,London-3560,-19,8,Normal
2026-02-13 15:15:25.083526,London-3560,-6,15,Normal
2026-02-13 15:15:26.083526,London-3560,-28,47,Normal
2026-02-13 15:15:27.083526,London-3560,49,29,Normal
2026-02-13 15:15:28.083526,London-3560,6,20,Normal
2026-02-13 15:15:29.083526,London-3560,31,33,Normal
2026-02-13 15:15:30.083526,London-3560,-22,37,Normal
2026-02-13 15:15:31.083526,London-3560,43,82,Normal
2026-02-13 15:15:32.083526,London-3560,-4,99,Normal
2026-02-13 15:15:33.083526,London-3560,17,35,Normal
2026-02-13 15:15:34.083526,London-3560,-13,72,Normal
2026-02-13 15:15:35.083526,London-3560,1,34,Normal
2026-02-13 15:15:36.083526,London-3560,35,98,Normal
2026-02-13 15:15:37.083526,London-3560,-15,66,Normal
2026-02-13 15:15:38.083526,London-3560,-23,25,Normal
2026-02-13 15:15:39.083526,London-3560,35,36,Normal
2026-02-13 15:15:40.083526,London-3560,44,27,Normal
2026-02-13 15:15:41.083526,London-3560,10,89,Normal
2026-02-13 15:15:42.083526,London-3560,7,52,Normal
2026-02-13 15:15:43.083526,London-3560,34,31,Normal
2026-02-13 15:15:44.083526,London-3560,-17,92,Normal
2026-02-13 15:15:45.083526,London-3560,-16,36,Normal
2026-02-13 15:15:46.083526,London-3560,0,82,Normal
2026-02-13 15:15:47.083526,London-3560,-25,17,Normal
2026-02-13 15:15:48.083526,London-3560,21,38,Normal
2026-02-13 15:15:49.083526,London-3560,14,14,Normal
2026-02-13 15:15:50.083526,London-3560,7,83,Normal
2026-02-13 15:15:51.083526,London-3560,-3,2,Normal
2026-02-13 15:15:52.083526,London-3560,41,95,Normal
2026-02-13 15:15:53.083526,London-3560,-24,39,Normal
2026-02-13 15:15:54.083526,London-3560,-23,5,Normal
2026-02-13 15:15:55.083526,London-3560,28,83,Normal
2026-02-13 15:15:56.083526,London-3560,8,54,Normal
2026-02-13 15:15:57.083526,London-3560,-21,98,Normal
2026-02-13 15:15:58.083526,London-3560,-12,83,Normal
2026-02-13 15:15:59.083526,London-3560,7,19,Normal
2026-02-13 15:16:00.083526,London-3560,8,82,Normal
2026-02-13 15:16:01.083526,London-3560,34,33,Normal
2026-02-13 15:16:02.083526,London-3560,32,58,Normal
2026-02-13 15:16:03.083526,London-3560,3,38,Normal
2026-02-13 15:16:04.083526,London-3560,-20,33,Normal
2026-02-13 15:16:05.083526,London-3560,47,64,Normal
2026-02-13 15:16:06.083526,London-3560,49,6,Normal
2026-02-13 15:16:07.083526,London-3560,34,44,Normal
2026-02-13 15:16:08.083526,London-3560,-6,24,Normal
2026-02-13 15:16:09.083526,London-3560,40,58,Normal
2026-02-13 15:16:10.083526,London-3560,44,70,Normal
2026-02-13 15:16:11.083526,London-3560,-12,20,Normal
2026-02-13 15:16:12.083526,London-3560,45,15,Normal
2026-02-13 15:16:13.083526,London-3560,-8,45,Normal
2026-02-13 15:16:14.083526,London-3560,-30,88,Normal
2026-02-13 15:16:15.083526,London-3560,-10,65,Normal
2026-02-13 15:16:16.083526,London-3560,-24,6,Normal
2026-02-13 15:16:17.083526,London-3560,26,100,Normal
2026-02-13 15:16:18.083526,London-3560,34,7,Normal
2026-02-13 15:16:19.083526,London-3560,46,3,Normal
2026-02-13 15:16:20.083526,London-3560,3,93,Normal
2026-02-13 15:16:21.083526,London-3560,-1,8,Normal
2026-02-13 15:16:22.083526,London-3560,8,78,Normal
2026-02-13 15:16:23.083526,London-3560,30,2,Normal
2026-02-13 15:16:24.083526,London-3560,-2,98,Normal
2026-02-13 15:16:25.083526,London-3560,45,71,Normal
2026-02-13 15:16:26.083526,London-3560,-19,95,Normal
2026-02-13 15:16:27.083526,London-3560,11,68,Normal
2026-02-13 15:16:28.083526,London-3560,36,78,Normal
2026-02-13 15:16:29.083526,London-3560,25,96,Normal
2026-02-13 15:16:30.083526,London-3560,-23,47,Normal
2026-02-13 15:16:31.083526,London-3560,40,17,Normal
2026-02-13 15:16:32.083526,London-3560,-20,0,Normal
2026-02-13 15:16:33.083526,London-3560,50,63,Normal
2026-02-13 15:16:34.083526,London-3560,4,40,Normal
2026-02-13 15:16:35.083526,London-3560,-14,55,Normal
2026-02-13 15:16:36.083526,London-3560,48,91,Normal
2026-02-13 15:16:37.083526,London-3560,43,40,Normal
2026-02-13 15:16:38.083526,London-3560,13,3,Normal
2026-02-13 15:16:39.083526,London-3560,11,67,Normal
2026-02-13 15:16:40.083526,London-3560,-4,80,Normal
2026-02-13 15:16:41.083526,London-3560,-12,0,Normal
2026-02-13 15:16:42.083526,London-3560,3,40,Normal
2026-02-13 15:16:43.083526,London-3560,-14,20,Normal
2026-02-13 15:16:44.083526,London-3560,33,93,Normal
2026-02-13 15:16:45.083526,London-3560,19,10,Normal
2026-02-13 15:16:46.083526,London-3560,21,17,Normal
2026-02-13 15:16:47.083526,London-3560,20,42,Normal
2026-02-13 15:16:48.083526,London-3560,46,31,Normal
2026-02-13 15:16:49.083526,London-3560,-7,66,Normal
2026-02-13 15:16:50.083526,London-3560,0,38,Normal
2026-02-13 15:16:51.083526,London-3560,1,35,Normal
2026-02-13 15:16:52.083526,London-3560,33,94,Normal
2026-02-13 15:16:53.083526,London-3560,47,64,Normal
2026-02-13 15:16:54.083526,London-3560,18,20,Normal
2026-02-13 15:16:55.083526,London-3560,-18,37,Normal
2026-02-13 15:16:56.083526,London-3560,35,93,Normal
2026-02-13 15:16:57.083526,London-3560,31,40,Normal
2026-02-13 15:16:58.083526,London-3560,29,95,Normal
2026-02-13 15:16:59.083526,London-3560,42,49,Normal
2026-02-13 15:17:00.083526,London-3560,36,43,Normal
2026-02-13 15:17:01.083526,London-3560,17,76,Normal
2026-02-13 15:17:02.083526,London-3560,-27,78,Normal
2026-02-13 15:17:03.083526,London-3560,14,29,Normal
2026-02-13 15:17:04.083526,London-3560,-12,48,Normal
2026-02-13 15:17:05.083526,London-3560,-24,6,Normal
2026-02-13 15:17:06.083526,London-3560,-27,15,Normal
2026-02-13 15:17:07.083526,London-3560,38,60,Normal
2026-02-13 15:17:08.083526,London-3560,31,96,Normal
2026-02-13 15:17:09.083526,London-3560,22,45,Normal
2026-02-13 15:17:10.083526,London-3560,16,22,Normal
2026-02-13 15:17:11.083526,London-3560,-24,48,Normal
2026-02-13 15:17:12.083526,London-3560,-21,67,Normal
2026-02-13 15:17:13.083526,London-3560,-20,75,Normal
2026-02-13 15:17:14.083526,London-3560,-14,68,Normal
2026-02-13 15:17:15.083526,London-3560,-25,35,Normal
2026-02-13 15:17:16.083526,London-3560,38,83,Normal
2026-02-13 15:17:17.083526,London-3560,-5,77,Normal
2026-02-13 15:17:18.083526,London-3560,33,61,Normal
2026-02-13 15:17:19.083526,London-3560,-15,36,Normal
2026-02-13 15:17:20.083526,London-3560,-6,70,Normal
2026-02-13 15:17:21.083526,London-3560,16,91,Normal
2026-02-13 15:17:22.083526,London-3560,-18,60,Normal
2026-02-13 15:17:23.083526,London-3560,35,97,Normal
2026-02-13 15:17:24.083526,London-3560,-18,91,Normal
2026-02-13 15:17:25.083526,London-3560,44,4,Normal
2026-02-13 15:17:26.083526,London-3560,31,72,Normal
2026-02-13 15:17:27.083526,London-3560,43,4,Normal
2026-02-13 15:17:28.083526,London-3560,2,32,Normal
2026-02-13 15:17:29.083526,London-3560,14,95,Normal
2026-02-13 15:17:30.083526,London-3560,26,48,Normal
2026-02-13 15:17:31.083526,London-3560,22,25,Normal
2026-02-13 15:17:32.083526,London-3560,46,96,Normal
2026-02-13 15:17:33.083526,London-3560,0,92,Normal
2026-02-13 15:17:34.083526,London-3560,26,87,Normal
2026-02-13 15:17:35.083526,London-3560,-14,14,Normal
2026-02-13 15:17:36.083526,London-3560,43,65,Normal
2026-02-13 15:17:37.083526,London-3560,20,88,Normal
2026-02-13 15:17:38.083526,London-3560,-4,91,Normal
2026-02-13 15:17:39.083526,London-3560,29,26,Normal
2026-02-13 15:17:40.083526,London-3560,16,43,Normal
2026-02-13 15:17:41.083526,London-3560,-4,84,Normal
2026-02-13 15:17:42.083526,London-3560,1,21,Normal
2026-02-13 15:17:43.083526,London-3560,-25,45,Normal
2026-02-13 15:17:44.083526,London-3560,28,64,Normal
2026-02-13 15:17:45.083526,London-3560,7,68,Normal
2026-02-13 15:17:46.083526,London-3560,48,23,Normal
2026-02-13 15:17:47.083526,London-3560,-4,11,Normal
2026-02-13 15:17:48.083526,London-3560,4,16,Normal
2026-02-13 15:17:49.083526,London-3560,19,14,Normal
2026-02-13 15:17:50.083526,London-3560,37,13,Normal
2026-02-13 15:17:51.083526,London-3560,29,64,Normal
2026-02-13 15:17:52.083526,London-3560,22,32,Normal
2026-02-13 15:17:53.083526,London-3560,4,2,Normal
2026-02-13 15:17:54.083526,London-3560,44,0,Normal
2026-02-13 15:17:55.083526,London-3560,37,37,Normal
2026-02-13 15:17:56.083526,London-3560,8,89,Normal
2026-02-13 15:17:57.083526,London-3560,-20,59,Normal
2026-02-13 15:17:58.083526,London-3560,6,39,Normal
2026-02-13 15:17:59.083526,London-3560,29,23,Normal
2026-02-13 15:18:00.083526,London-3560,14,29,Normal
2026-02-13 15:18:01.083526,London-3560,11,28,Normal
2026-02-13 15:18:02.083526,London-3560,23,74,Normal
2026-02-13 15:18:03.083526,London-3560,28,50,Normal
2026-02-13 15:18:04.083526,London-3560,-15,46,Normal
2026-02-13 15:18:05.083526,London-3560,11,69,Normal
2026-02-13 15:18:06.083526,London-3560,19,87,Normal
2026-02-13 15:18:07.083526,London-3560,8,92,Normal
2026-02-13 15:18:08.083526,London-3560,46,48,Normal
2026-02-13 15:18:09.083526,London-3560,40,37,Normal
2026-02-13 15:18:10.083526,London-3560,34,48,Normal
2026-02-13 15:18:11.083526,London-3560,31,63,Normal
2026-02-13 15:18:12.083526,London-3560,-14,69,Normal
2026-02-13 15:18:13.083526,London-3560,-24,85,Normal
2026-02-13 15:18:14.083526,London-3560,34,100,Normal
2026-02-13 15:18:15.083526,London-3560,14,52,Normal
2026-02-13 15:18:16.083526,London-3560,-8,63,Normal
2026-02-13 15:18:17.083526,London-3560,-15,55,Normal
2026-02-13 15:18:18.083526,London-3560,48,25,Normal
2026-02-13 15:18:19.083526,London-3560,-5,7,Normal
2026-02-13 15:18:20.083526,London-3560,-16,0,Normal
2026-02-13 15:18:21.083526,London-3560,-17,62,Normal
2026-02-13 15:18:22.083526,London-3560,-20,48,Normal
2026-02-13 15:18:23.083526,London-3560,12,3,Normal
2026-02-13 15:18:24.083526,London-3560,19,33,Normal
2026-02-13 15:18:25.083526,London-3560,-12,20,Normal
2026-02-13 15:18:26.083526,London-3560,6,59,Normal
2026-02-13 15:18:27.083526,London-3560,21,26,Normal
2026-02-13 15:18:28.083526,London-3560,-13,98,Normal
2026-02-13 15:18:29.083526,London-3560,44,55,Normal
2026-02-13 15:18:30.083526,London-3560,-22,14,Normal
2026-02-13 15:18:31.083526,London-3560,-24,78,Normal
2026-02-13 15:18:32.083526,London-3560,8,78,Normal
2026-02-13 15:18:33.083526,London-3560,10,3,Normal
2026-02-13 15:18:34.083526,London-3560,18,54,Normal
2026-02-13 15:18:35.083526,London-3560,-9,52,Normal
2026-02-13 15:18:36.083526,London-3560,-24,96,Normal
2026-02-13 15:18:37.083526,London-3560,-2,90,Normal
2026-02-13 15:18:38.083526,London-3560,3,34,Normal
2026-02-13 15:18:39.083526,London-3560,-16,95,Normal
2026-02-13 15:18:40.083526,London-3560,-27,84,Normal
2026-02-13 15:18:41.083526,London-3560,34,25,Normal
2026-02-13 15:18:42.083526,London-3560,40,16,Normal
2026-02-13 15:18:43.083526,London-3560,-8,85,Normal
2026-02-13 15:18:44.083526,London-3560,-8,21,Normal
2026-02-13 15:18:45.083526,London-3560,35,75,Normal
2026-02-13 15:18:46.083526,London-3560,-10,41,Normal
2026-02-13 15:18:47.083526,London-3560,26,38,Normal
2026-02-13 15:18:48.083526,London-3560,24,100,Normal
2026-02-13 15:18:49.083526,London-3560,36,36,Normal
2026-02-13 15:18:50.083526,London-3560,-2,42,Normal
2026-02-13 15:18:51.083526,London-3560,-10,62,Normal
2026-02-13 15:18:52.083526,London-3560,-2,48,Normal
2026-02-13 15:18:53.083526,London-3560,22,17,Normal
2026-02-13 15:18:54.083526,London-3560,-7,41,Normal
2026-02-13 15:18:55.083526,London-3560,-18,4,Normal
2026-02-13 15:18:56.083526,London-3560,7,55,Normal
2026-02-13 15:18:57.083526,London-3560,0,52,Normal
2026-02-13 15:18:58.083526,London-3560,-1,52,Normal
2026-02-13 15:18:59.083526,London-3560,-27,82,Normal
2026-02-13 15:19:00.083526,London-3560,-28,26,Normal
2026-02-13 15:19:01.083526,London-3560,43,30,Normal
2026-02-13 15:19:02.083526,London-3560,3,35,Normal
2026-02-13 15:19:03.083526,London-3560,-18,79,Normal
2026-02-13 15:19:04.083526,London-3560,-20,11,Normal
2026-02-13 15:19:05.083526,London-3560,0,22,Normal
2026-02-13 15:19:06.083526,London-3560,-8,55,Normal
2026-02-13 15:19:07.083526,London-3560,2,42,Normal
2026-02-13 15:19:08.083526,London-3560,-17,57,Normal
2026-02-13 15:19:09.083526,London-3560,-29,97,Normal
2026-02-13 15:19:10.083526,London-3560,-2,33,Normal
2026-02-13 15:19:11.083526,London-3560,42,87,Normal
2026-02-13 15:19:12.083526,London-3560,28,99,Normal
2026-02-13 15:19:13.083526,London-3560,2,100,Normal
2026-02-13 15:19:14.083526,London-3560,8,69,Normal
2026-02-13 15:19:15.083526,London-3560,3,26,Normal
2026-02-13 15:19:16.083526,London-3560,23,85,Normal
2026-02-13 15:19:17.083526,London-3560,5,5,Normal
2026-02-13 15:19:18.083526,London-3560,-10,82,Normal
2026-02-13 15:19:19.083526,London-3560,11,14,Normal
2026-02-13 15:19:20.083526,London-3560,-26,30,Normal
2026-02-13 15:19:21.083526,London-3560,38,97,Normal
2026-02-13 15:19:22.083526,London-3560,-12,80,Normal
2026-02-13 15:19:23.083526,London-3560,50,19,Normal
2026-02-13 15:19:24.083526,London-3560,-1,7,Normal
2026-02-13 15:19:25.083526,London-3560,3,77,Normal
2026-02-13 15:19:26.083526,London-3560,2,56,Normal
2026-02-13 15:19:27.083526,London-3560,-4,93,Normal
2026-02-13 15:19:28.083526,London-3560,8,96,Normal
2026-02-13 15:19:29.083526,London-3560,-5,98,Normal
2026-02-13 15:19:30.083526,London-3560,47,85,Normal
2026-02-13 15:19:31.083526,London-3560,13,3,Normal
2026-02-13 15:19:32.083526,London-3560,17,77,Normal
2026-02-13 15:19:33.083526,London-3560,-13,99,Normal
2026-02-13 15:19:34.083526,London-3560,45,70,Normal
2026-02-13 15:19:35.083526,London-3560,29,92,Normal
2026-02-13 15:19:36.083526,London-3560,3,92,Normal
2026-02-13 15:19:37.083526,London-3560,3,17,Normal
2026-02-13 15:19:38.083526,London-3560,-29,99,Normal
2026-02-13 15:19:39.083526,London-3560,23,39,Normal
2026-02-13 15:19:40.083526,London-3560,14,83,Normal
2026-02-13 15:19:41.083526,London-3560,7,69,Normal
2026-02-13 15:19:42.083526,London-3560,36,74,Normal
2026-02-13 15:19:43.083526,London-3560,-24,77,Normal
2026-02-13 15:19:44.083526,London-3560,11,98,Normal
2026-02-13 15:19:45.083526,London-3560,0,4,Normal
2026-02-13 15:19:46.083526,London-3560,33,97,Normal
2026-02-13 15:19:47.083526,London-3560,49,54,Normal
2026-02-13 15:19:48.083526,London-3560,2,51,Normal
2026-02-13 15:19:49.083526,London-3560,13,63,Normal
2026-02-13 15:19:50.083526,London-3560,12,95,Normal
2026-02-13 15:19:51.083526,London-3560,14,60,Normal
2026-02-13 15:19:52.083526,London-3560,-21,100,Normal
2026-02-13 15:19:53.083526,London-3560,41,55,Normal
2026-02-13 15:19:54.083526,London-3560,19,48,Normal
2026-02-13 15:19:55.083526,London-3560,42,83,Normal
2026-02-13 15:19:56.083526,London-3560,-10,23,Normal
2026-02-13 15:19:57.083526,London-3560,-29,72,Normal
2026-02-13 15:19:58.083526,London-3560,-19,62,Normal
2026-02-13 15:19:59.083526,London-3560,30,98,Normal
2026-02-13 15:20:00.083526,London-3560,9,6,Normal
2026-02-13 15:20:01.083526,London-3560,39,56,Normal
2026-02-13 15:20:02.083526,London-3560,-13,18,Normal
2026-02-13 15:20:03.083526,London-3560,41,54,Normal
2026-02-13 15:20:04.083526,London-3560,-22,18,Normal
2026-02-13 15:20:05.083526,London-3560,-21,70,Normal
2026-02-13 15:20:06.083526,London-3560,-8,54,Normal
2026-02-13 15:20:07.083526,London-3560,-27,83,Normal
2026-02-13 15:20:08.083526,London-3560,34,76,Normal
2026-02-13 15:20:09.083526,London-3560,1,94,Normal
2026-02-13 15:20:10.083526,London-3560,-15,33,Normal
2026-02-13 15:20:11.083526,London-3560,33,45,Normal
2026-02-13 15:20:12.083526,London-3560,43,24,Normal
2026-02-13 15:20:13.083526,London-3560,-12,57,Normal
2026-02-13 15:20:14.083526,London-3560,-19,13,Normal
2026-02-13 15:20:15.083526,London-3560,33,94,Normal
2026-02-13 15:20:16.083526,London-3560,-6,11,Normal
2026-02-13 15:20:17.083526,London-3560,4,0,Normal
2026-02-13 15:20:18.083526,London-3560,-21,8,Normal
2026-02-13 15:20:19.083526,London-3560,37,48,Normal
2026-02-13 15:20:20.083526,London-3560,7,35,Normal
2026-02-13 15:20:21.083526,London-3560,-17,94,Normal
2026-02-13 15:20:22.083526,London-3560,11,64,Normal
2026-02-13 15:20:23.083526,London-3560,30,70,Normal
2026-02-13 15:20:24.083526,London-3560,22,20,Normal
2026-02-13 15:20:25.083526,London-3560,25,9,Normal
2026-02-13 15:20:26.083526,London-3560,-2,87,Normal
2026-02-13 15:20:27.083526,London-3560,-21,29,Normal
2026-02-13 15:20:28.083526,London-3560,41,76,Normal
2026-02-13 15:20:29.083526,London-3560,9,91,Normal
2026-02-13 15:20:30.083526,London-3560,25,89,Normal
2026-02-13 15:20:31.083526,London-3560,-27,72,Normal
2026-02-13 15:20:32.083526,London-3560,-20,22,Normal
2026-02-13 15:20:33.083526,London-3560,-2,12,Normal
2026-02-13 15:20:34.083526,London-3560,12,95,Normal
2026-02-13 15:20:35.083526,London-3560,13,1,Normal
2026-02-13 15:20:36.083526,London-3560,37,5,Normal
2026-02-13 15:20:37.083526,London-3560,-21,63,Normal
2026-02-13 15:20:38.083526,London-3560,9,47,Normal
2026-02-13 15:20:39.083526,London-3560,0,57,Normal
2026-02-13 15:20:40.083526,London-3560,39,88,Normal
2026-02-13 15:20:41.083526,London-3560,-16,82,Normal
2026-02-13 15:20:42.083526,London-3560,24,36,Normal
2026-02-13 15:20:43.083526,London-3560,49,73,Normal
2026-02-13 15:20:44.083526,London-3560,11,15,Normal
2026-02-13 15:20:45.083526,London-3560,20,13,Normal
2026-02-13 15:20:46.083526,London-3560,-5,66,Normal
2026-02-13 15:20:47.083526,London-3560,-13,33,Normal
2026-02-13 15:20:48.083526,London-3560,23,50,Normal
2026-02-13 15:20:49.083526,London-3560,28,48,Normal
2026-02-13 15:20:50.083526,London-3560,-24,91,Normal
2026-02-13 15:20:51.083526,London-3560,34,31,Normal
2026-02-13 15:20:52.083526,London-3560,6,92,Normal
2026-02-13 15:20:53.083526,London-3560,12,30,Normal
2026-02-13 15:20:54.083526,London-3560,-19,78,Normal
2026-02-13 15:20:55.083526,London-3560,-8,95,Normal
2026-02-13 15:20:56.083526,London-3560,-5,64,Normal
2026-02-13 15:20:57.083526,London-3560,3,59,Normal
2026-02-13 15:20:58.083526,London-3560,5,37,Normal
2026-02-13 15:20:59.083526,London-3560,19,85,Normal
2026-02-13 15:21:00.083526,London-3560,12,67,Normal
2026-02-13 15:21:01.083526,London-3560,9,49,Normal
2026-02-13 15:21:02.083526,London-3560,14,41,Normal
2026-02-13 15:21:03.083526,London-3560,15,48,Normal
2026-02-13 15:21:04.083526,London-3560,47,65,Normal
2026-02-13 15:21:05.083526,London-3560,39,73,Normal
2026-02-13 15:21:06.083526,London-3560,21,63,Normal
2026-02-13 15:21:07.083526,London-3560,-4,89,Normal
2026-02-13 15:21:08.083526,London-3560,40,81,Normal
2026-02-13 15:21:09.083526,London-3560,-5,29,Normal
2026-02-13 15:21:10.083526,London-3560,-10,1,Normal
2026-02-13 15:21:11.083526,London-3560,46,57,Normal
2026-02-13 15:21:12.083526,London-3560,13,100,Normal
2026-02-13 15:21:13.083526,London-3560,-18,21,Normal
2026-02-13 15:21:14.083526,London-3560,11,67,Normal
2026-02-13 15:21:15.083526,London-3560,29,20,Normal
2026-02-13 15:21:16.083526,London-3560,-9,18,Normal
2026-02-13 15:21:17.083526,London-3560,0,63,Normal
2026-02-13 15:21:18.083526,London-3560,32,34,Normal
2026-02-13 15:21:19.083526,London-3560,-12,71,Normal
2026-02-13 15:21:20.083526,London-3560,45,92,Normal
2026-02-13 15:21:21.083526,London-3560,43,55,Normal
2026-02-13 15:21:22.083526,London-3560,-22,100,Normal
2026-02-13 15:21:23.083526,London-3560,44,67,Normal
2026-02-13 15:21:24.083526,London-3560,46,27,Normal
2026-02-13 15:21:25.083526,London-3560,14,29,Normal
2026-02-13 15:21:26.083526,London-3560,30,0,Normal
2026-02-13 15:21:27.083526,London-3560,12,54,Normal
2026-02-13 15:21:28.083526,London-3560,13,43,Normal
2026-02-13 15:21:29.083526,London-3560,-13,22,Normal
2026-02-13 15:21:30.083526,London-3560,25,25,Normal
2026-02-13 15:21:31.083526,London-3560,49,89,Normal
2026-02-13 15:21:32.083526,London-3560,35,99,Normal
2026-02-13 15:21:33.083526,London-3560,-12,40,Normal
2026-02-13 15:21:34.083526,London-3560,32,89,Normal
2026-02-13 15:21:35.083526,London-3560,50,48,Normal
2026-02-13 15:21:36.083526,London-3560,28,34,Normal
2026-02-13 15:21:37.083526,London-3560,23,9,Normal
2026-02-13 15:21:38.083526,London-3560,5,36,Normal
2026-02-13 15:21:39.083526,London-3560,4,69,Normal
2026-02-13 15:21:40.083526,London-3560,28,17,Normal
2026-02-13 15:21:41.083526,London-3560,27,27,Normal
2026-02-13 15:21:42.083526,London-3560,30,80,Normal
2026-02-13 15:21:43.083526,London-3560,46,51,Normal
2026-02-13 15:21:44.083526,London-3560,-11,70,Normal
2026-02-13 15:21:45.083526,London-3560,36,47,Normal
2026-02-13 15:21:46.083526,London-3560,20,40,Normal
2026-02-13 15:21:47.083526,London-3560,7,88,Normal
2026-02-13 15:21:48.083526,London-3560,28,95,Normal
2026-02-13 15:21:49.083526,London-3560,-27,77,Normal
2026-02-13 15:21:50.083526,London-3560,23,93,Normal
2026-02-13 15:21:51.083526,London-3560,49,87,Normal
2026-02-13 15:21:52.083526,London-3560,34,99,Normal
2026-02-13 15:21:53.083526,London-3560,16,70,Normal
2026-02-13 15:21:54.083526,London-3560,-19,47,Normal
2026-02-13 15:21:55.083526,London-3560,45,85,Normal
2026-02-13 15:21:56.083526,London-3560,-2,20,Normal
2026-02-13 15:21:57.083526,London-3560,43,16,Normal
2026-02-13 15:21:58.083526,London-3560,1,95,Normal
2026-02-13 15:21:59.083526,London-3560,22,8,Normal
2026-02-13 15:22:00.083526,London-3560,-19,45,Normal
2026-02-13 15:22:01.083526,London-3560,41,71,Normal
2026-02-13 15:22:02.083526,London-3560,-7,44,Normal
2026-02-13 15:22:03.083526,London-3560,48,9,Normal
2026-02-13 15:22:04.083526,London-3560,-7,16,Normal
2026-02-13 15:22:05.083526,London-3560,-23,37,Normal
2026-02-13 15:22:06.083526,London-3560,7,30,Normal
2026-02-13 15:22:07.083526,London-3560,-11,24,Normal
2026-02-13 15:22:08.083526,London-3560,21,4,Normal
2026-02-13 15:22:09.083526,London-3560,22,25,Normal
2026-02-13 15:22:10.083526,London-3560,-28,99,Normal
2026-02-13 15:22:11.083526,London-3560,14,86,Normal
2026-02-13 15:22:12.083526,London-3560,30,98,Normal
2026-02-13 15:22:13.083526,London-3560,37,79,Normal
2026-02-13 15:22:14.083526,London-3560,36,53,Normal
2026-02-13 15:22:15.083526,London-3560,21,56,Normal
2026-02-13 15:22:16.083526,London-3560,7,23,Normal
2026-02-13 15:22:17.083526,London-3560,17,16,Normal
2026-02-13 15:22:18.083526,London-3560,24,65,Normal
2026-02-13 15:22:19.083526,London-3560,1,89,Normal
2026-02-13 15:22:20.083526,London-3560,15,77,Normal
2026-02-13 15:22:21.083526,London-3560,32,58,Normal
2026-02-13 15:22:22.083526,London-3560,-11,60,Normal
2026-02-13 15:22:23.083526,London-3560,36,63,Normal
2026-02-13 15:22:24.083526,London-3560,40,25,Normal
2026-02-13 15:22:25.083526,London-3560,33,57,Normal
2026-02-13 15:22:26.083526,London-3560,32,7,Normal
2026-02-13 15:22:27.083526,London-3560,41,68,Normal
2026-02-13 15:22:28.083526,London-3560,40,33,Normal
2026-02-13 15:22:29.083526,London-3560,35,68,Normal
2026-02-13 15:22:30.083526,London-3560,-3,33,Normal
2026-02-13 15:22:31.083526,London-3560,-10,15,Normal
2026-02-13 15:22:32.083526,London-3560,50,58,Normal
2026-02-13 15:22:33.083526,London-3560,14,65,Normal
2026-02-13 15:22:34.083526,London-3560,29,100,Normal
2026-02-13 15:22:35.083526,London-3560,8,89,Normal
2026-02-13 15:22:36.083526,London-3560,-16,33,Normal
2026-02-13 15:22:37.083526,London-3560,46,30,Normal
2026-02-13 15:22:38.083526,London-3560,16,34,Normal
2026-02-13 15:22:39.083526,London-3560,-6,54,Normal
2026-02-13 15:22:40.083526,London-3560,-21,43,Normal
2026-02-13 15:22:41.083526,London-3560,18,75,Normal
2026-02-13 15:22:42.083526,London-3560,-30,6,Normal
2026-02-13 15:22:43.083526,London-3560,25,82,Normal
2026-02-13 15:22:44.083526,London-3560,-27,23,Normal
2026-02-13 15:22:45.083526,London-3560,18,53,Normal
2026-02-13 15:22:46.083526,London-3560,17,58,Normal
2026-02-13 15:22:47.083526,London-3560,-1,37,Normal
2026-02-13 15:22:48.083526,London-3560,-13,25,Normal
2026-02-13 15:22:49.083526,London-3560,-5,35,Normal
2026-02-13 15:22:50.083526,London-3560,8,40,Normal
2026-02-13 15:22:51.083526,London-3560,47,19,Normal
2026-02-13 15:22:52.083526,London-3560,26,75,Normal
2026-02-13 15:22:53.083526,London-3560,9,98,Normal
2026-02-13 15:22:54.083526,London-3560,1,50,Normal
2026-02-13 15:22:55.083526,London-3560,23,65,Normal
2026-02-13 15:22:56.083526,London-3560,2,61,Normal
2026-02-13 15:22:57.083526,London-3560,-5,27,Normal
2026-02-13 15:22:58.083526,London-3560,10,66,Normal
2026-02-13 15:22:59.083526,London-3560,-26,68,Normal
2026-02-13 15:23:00.083526,London-3560,20,57,Normal
2026-02-13 15:23:01.083526,London-3560,21,87,Normal
2026-02-13 15:23:02.083526,London-3560,-20,7,Normal
2026-02-13 15:23:03.083526,London-3560,45,92,Normal
2026-02-13 15:23:04.083526,London-3560,29,93,Normal
2026-02-13 15:23:05.083526,London-3560,-3,96,Normal
2026-02-13 15:23:06.083526,London-3560,36,84,Normal
2026-02-13 15:23:07.083526,London-3560,-25,73,Normal
2026-02-13 15:23:08.083526,London-3560,-8,62,Normal
2026-02-13 15:23:09.083526,London-3560,-15,78,Normal
2026-02-13 15:23:10.083526,London-3560,5,40,Normal
2026-02-13 15:23:11.083526,London-3560,47,39,Normal
2026-02-13 15:23:12.083526,London-3560,28,82,Normal
2026-02-13 15:23:13.083526,London-3560,31,9,Normal
2026-02-13 15:23:14.083526,London-3560,25,75,Normal
2026-02-13 15:23:15.083526,London-3560,19,39,Normal
2026-02-13 15:23:16.083526,London-3560,12,44,Normal
2026-02-13 15:23:17.083526,London-3560,26,62,Normal
2026-02-13 15:23:18.083526,London-3560,21,97,Normal
2026-02-13 15:23:19.083526,London-3560,3,90,Normal
2026-02-13 15:23:20.083526,London-3560,-2,37,Normal
2026-02-13 15:23:21.083526,London-3560,-7,68,Normal
2026-02-13 15:23:22.083526,London-3560,17,31,Normal
2026-02-13 15:23:23.083526,London-3560,3,12,Normal
2026-02-13 15:23:24.083526,London-3560,3,51,Normal
2026-02-13 15:23:25.083526,London-3560,7,28,Normal
2026-02-13 15:23:26.083526,London-3560,20,7,Normal
2026-02-13 15:23:27.083526,London-3560,34,24,Normal
2026-02-13 15:23:28.083526,London-3560,40,88,Normal
2026-02-13 15:23:29.083526,London-3560,-12,29,Normal
2026-02-13 15:23:30.083526,London-3560,24,92,Normal
2026-02-13 15:23:31.083526,London-3560,19,62,Normal
2026-02-13 15:23:32.083526,London-3560,31,48,Normal
2026-02-13 15:23:33.083526,London-3560,-10,12,Normal
2026-02-13 15:23:34.083526,London-3560,21,35,Normal
2026-02-13 15:23:35.083526,London-3560,7,91,Normal
2026-02-13 15:23:36.083526,London-3560,36,73,Normal
2026-02-13 15:23:37.083526,London-3560,7,66,Normal
2026-02-13 15:23:38.083526,London-3560,7,93,Normal
2026-02-13 15:23:39.083526,London-3560,44,47,Normal
2026-02-13 15:23:40.083526,London-3560,-12,11,Normal
2026-02-13 15:23:41.083526,London-3560,-16,74,Normal
2026-02-13 15:23:42.083526,London-3560,40,91,Normal
2026-02-13 15:23:43.083526,London-3560,-26,70,Normal
2026-02-13 15:23:44.083526,London-3560,35,68,Normal
2026-02-13 15:23:45.083526,London-3560,-28,94,Normal
2026-02-13 15:23:46.083526,London-3560,0,46,Normal
2026-02-13 15:23:47.083526,London-3560,47,91,Normal
2026-02-13 15:23:48.083526,London-3560,6,33,Normal
2026-02-13 15:23:49.083526,London-3560,26,94,Normal
2026-02-13 15:23:50.083526,London-3560,23,20,Normal
2026-02-13 15:23:51.083526,London-3560,18,90,Normal
2026-02-13 15:23:52.083526,London-3560,41,11,Normal
2026-02-13 15:23:53.083526,London-3560,-18,42,Normal
2026-02-13 15:23:54.083526,London-3560,27,66,Normal
2026-02-13 15:23:55.083526,London-3560,-5,72,Normal
2026-02-13 15:23:56.083526,London-3560,5,85,Normal
2026-02-13 15:23:57.083526,London-3560,-12,27,Normal
2026-02-13 15:23:58.083526,London-3560,13,22,Normal
2026-02-13 15:23:59.083526,London-3560,-27,49,Normal
2026-02-13 15:24:00.083526,London-3560,2,37,Normal
2026-02-13 15:24:01.083526,London-3560,-15,44,Normal
2026-02-13 15:24:02.083526,London-3560,-3,8,Normal
2026-02-13 15:24:03.083526,London-3560,-15,72,Normal
2026-02-13 15:24:04.083526,London-3560,46,46,Normal
2026-02-13 15:24:05.083526,London-3560,48,39,Normal
2026-02-13 15:24:06.083526,London-3560,-19,27,Normal
2026-02-13 15:24:07.083526,London-3560,-21,46,Normal
2026-02-13 15:24:08.083526,London-3560,-29,19,Normal
2026-02-13 15:24:09.083526,London-3560,-22,19,Normal
2026-02-13 15:24:10.083526,London-3560,-22,76,Normal
2026-02-13 15:24:11.083526,London-3560,-7,7,Normal
2026-02-13 15:24:12.083526,London-3560,9,3,Normal
2026-02-13 15:24:13.083526,London-3560,24,94,Normal
2026-02-13 15:24:14.083526,London-3560,6,31,Normal
2026-02-13 15:24:15.083526,London-3560,49,1,Normal
2026-02-13 15:24:16.083526,London-3560,-27,79,Normal
2026-02-13 15:24:17.083526,London-3560,30,89,Normal
2026-02-13 15:24:18.083526,London-3560,33,73,Normal
2026-02-13 15:24:19.083526,London-3560,9,9,Normal
2026-02-13 15:24:20.083526,London-3560,43,74,Normal
2026-02-13 15:24:21.083526,London-3560,-9,3,Normal
2026-02-13 15:24:22.083526,London-3560,25,53,Normal
2026-02-13 15:24:23.083526,London-3560,-1,46,Normal
2026-02-13 15:24:24.083526,London-3560,-22,19,Normal
2026-02-13 15:24:25.083526,London-3560,7,40,Normal
2026-02-13 15:24:26.083526,London-3560,10,72,Normal
2026-02-13 15:24:27.083526,London-3560,31,27,Normal
2026-02-13 15:24:28.083526,London-3560,19,32,Normal
2026-02-13 15:24:29.083526,London-3560,-26,13,Normal
2026-02-13 15:24:30.083526,London-3560,40,26,Normal
2026-02-13 15:24:31.083526,London-3560,-27,64,Normal
2026-02-13 15:24:32.083526,London-3560,20,17,Normal
2026-02-13 15:24:33.083526,London-3560,20,19,Normal
2026-02-13 15:24:34.083526,London-3560,-26,45,Normal
2026-02-13 15:24:35.083526,London-3560,-16,100,Normal
2026-02-13 15:24:36.083526,London-3560,47,48,Normal
2026-02-13 15:24:37.083526,London-3560,-22,47,Normal
2026-02-13 15:24:38.083526,London-3560,11,31,Normal
2026-02-13 15:24:39.083526,London-3560,24,37,Normal
2026-02-13 15:24:40.083526,London-3560,0,16,Normal
2026-02-13 15:24:41.083526,London-3560,8,89,Normal
2026-02-13 15:24:42.083526,London-3560,10,2,Normal
2026-02-13 15:24:43.083526,London-3560,39,90,Normal
2026-02-13 15:24:44.083526,London-3560,-11,73,Normal
2026-02-13 15:24:45.083526,London-3560,-15,93,Normal
2026-02-13 15:24:46.083526,London-3560,40,82,Normal
2026-02-13 15:24:47.083526,London-3560,22,1,Normal
2026-02-13 15:24:48.083526,London-3560,-7,30,Normal
2026-02-13 15:24:49.083526,London-3560,10,12,Normal
2026-02-13 15:24:50.083526,London-3560,49,0,Normal
2026-02-13 15:24:51.083526,London-3560,38,62,Normal
2026-02-13 15:24:52.083526,London-3560,36,53,Normal
2026-02-13 15:24:53.083526,London-3560,45,30,Normal
2026-02-13 15:24:54.083526,London-3560,-1,60,Normal
2026-02-13 15:24:55.083526,London-3560,-26,82,Normal
2026-02-13 15:24:56.083526,London-3560,-11,65,Normal
2026-02-13 15:24:57.083526,London-3560,-9,70,Normal
2026-02-13 15:24:58.083526,London-3560,22,65,Normal
2026-02-13 15:24:59.083526,London-3560,41,13,Normal
2026-02-13 15:25:00.083526,London-3560,-16,55,Normal
2026-02-13 15:25:01.083526,London-3560,-11,6,Normal
2026-02-13 15:25:02.083526,London-3560,33,48,Normal
2026-02-13 15:25:03.083526,London-3560,7,58,Normal
2026-02-13 15:25:04.083526,London-3560,3,86,Normal
2026-02-13 15:25:05.083526,London-3560,18,26,Normal
2026-02-13 15:25:06.083526,London-3560,10,70,Normal
2026-02-13 15:25:07.083526,London-3560,-18,87,Normal
2026-02-13 15:25:08.083526,London-3560,-10,98,Normal
2026-02-13 15:25:09.083526,London-3560,-4,100,Normal
2026-02-13 15:25:10.083526,London-3560,-12,26,Normal
2026-02-13 15:25:11.083526,London-3560,-3,85,Normal
2026-02-13 15:25:12.083526,London-3560,-11,8,Normal
2026-02-13 15:25:13.083526,London-3560,38,48,Normal
2026-02-13 15:25:14.083526,London-3560,11,45,Normal
2026-02-13 15:25:15.083526,London-3560,23,82,Normal
2026-02-13 15:25:16.083526,London-3560,23,13,Normal
2026-02-13 15:25:17.083526,London-3560,25,1,Normal
2026-02-13 15:25:18.083526,London-3560,19,2,Normal
2026-02-13 15:25:19.083526,London-3560,-28,65,Normal
2026-02-13 15:25:20.083526,London-3560,48,88,Normal
2026-02-13 15:25:21.083526,London-3560,-5,46,Normal
2026-02-13 15:25:22.083526,London-3560,34,96,Normal
2026-02-13 15:25:23.083526,London-3560,2,85,Normal
2026-02-13 15:25:24.083526,London-3560,9,96,Normal
2026-02-13 15:25:25.083526,London-3560,19,60,Normal
2026-02-13 15:25:26.083526,London-3560,-25,31,Normal
2026-02-13 15:25:27.083526,London-3560,39,36,Normal
2026-02-13 15:25:28.083526,London-3560,-29,41,Normal
2026-02-13 15:25:29.083526,London-3560,-27,97,Normal
2026-02-13 15:25:30.083526,London-3560,19,80,Normal
2026-02-13 15:25:31.083526,London-3560,34,9,Normal
2026-02-13 15:25:32.083526,London-3560,14,86,Normal
2026-02-13 15:25:33.083526,London-3560,-23,80,Normal
2026-02-13 15:25:34.083526,London-3560,20,16,Normal
2026-02-13 15:25:35.083526,London-3560,-4,62,Normal
2026-02-13 15:25:36.083526,London-3560,33,92,Normal
2026-02-13 15:25:37.083526,London-3560,8,79,Normal
2026-02-13 15:25:38.083526,London-3560,14,55,Normal
2026-02-13 15:25:39.083526,London-3560,31,98,Normal
2026-02-13 15:25:40.083526,London-3560,23,12,Normal
2026-02-13 15:25:41.083526,London-3560,-19,91,Normal
2026-02-13 15:25:42.083526,London-3560,0,40,Normal
2026-02-13 15:25:43.083526,London-3560,43,46,Normal
2026-02-13 15:25:44.083526,London-3560,-28,34,Normal
2026-02-13 15:25:45.083526,London-3560,49,43,Normal
2026-02-13 15:25:46.083526,London-3560,-2,83,Normal
2026-02-13 15:25:47.083526,London-3560,44,15,Normal
2026-02-13 15:25:48.083526,London-3560,-2,78,Normal
2026-02-13 15:25:49.083526,London-3560,13,67,Normal
2026-02-13 15:25:50.083526,London-3560,33,55,Normal
2026-02-13 15:25:51.083526,London-3560,-18,32,Normal
2026-02-13 15:25:52.083526,London-3560,-30,100,Normal
2026-02-13 15:25:53.083526,London-3560,-21,81,Normal
2026-02-13 15:25:54.083526,London-3560,11,8,Normal
2026-02-13 15:25:55.083526,London-3560,-27,66,Normal
2026-02-13 15:25:56.083526,London-3560,18,40,Normal
2026-02-13 15:25:57.083526,London-3560,-4,56,Normal
2026-02-13 15:25:58.083526,London-3560,12,64,Normal
2026-02-13 15:25:59.083526,London-3560,6,57,Normal
2026-02-13 15:26:00.083526,London-3560,16,54,Normal
2026-02-13 15:26:01.083526,London-3560,41,69,Normal
2026-02-13 15:26:02.083526,London-3560,-22,42,Normal
2026-02-13 15:26:03.083526,London-3560,50,79,Normal
2026-02-13 15:26:04.083526,London-3560,-25,38,Normal
2026-02-13 15:26:05.083526,London-3560,-8,35,Normal
2026-02-13 15:26:06.083526,London-3560,17,9,Normal
2026-02-13 15:26:07.083526,London-3560,-22,91,Normal
2026-02-13 15:26:08.083526,London-3560,-11,100,Normal
2026-02-13 15:26:09.083526,London-3560,-26,26,Normal
2026-02-13 15:26:10.083526,London-3560,26,67,Normal
2026-02-13 15:26:11.083526,London-3560,31,41,Normal
2026-02-13 15:26:12.083526,London-3560,-21,20,Normal
2026-02-13 15:26:13.083526,London-3560,24,87,Normal
2026-02-13 15:26:14.083526,London-3560,13,35,Normal
2026-02-13 15:26:15.083526,London-3560,40,7,Normal
2026-02-13 15:26:16.083526,London-3560,38,97,Normal
2026-02-13 15:26:17.083526,London-3560,11,50,Normal
2026-02-13 15:26:18.083526,London-3560,-30,24,Normal
2026-02-13 15:26:19.083526,London-3560,11,85,Normal
2026-02-13 15:26:20.083526,London-3560,8,61,Normal
2026-02-13 15:26:21.083526,London-3560,-18,26,Normal
2026-02-13 15:26:22.083526,London-3560,30,48,Normal
2026-02-13 15:26:23.083526,London-3560,-24,63,Normal
2026-02-13 15:26:24.083526,London-3560,49,74,Normal
2026-02-13 15:26:25.083526,London-3560,13,42,Normal
2026-02-13 15:26:26.083526,London-3560,-4,69,Normal
2026-02-13 15:26:27.083526,London-3560,-27,75,Normal
2026-02-13 15:26:28.083526,London-3560,44,1,Normal
2026-02-13 15:26:29.083526,London-3560,24,13,Normal
2026-02-13 15:26:30.083526,London-3560,-19,86,Normal
2026-02-13 15:26:31.083526,London-3560,10,34,Normal
2026-02-13 15:26:32.083526,London-3560,47,93,Normal
2026-02-13 15:26:33.083526,London-3560,-17,83,Normal
2026-02-13 15:26:34.083526,London-3560,50,95,Normal
2026-02-13 15:26:35.083526,London-3560,15,60,Normal
2026-02-13 15:26:36.083526,London-3560,23,97,Normal
2026-02-13 15:26:37.083526,London-3560,31,2,Normal
2026-02-13 15:26:38.083526,London-3560,-7,60,Normal
2026-02-13 15:26:39.083526,London-3560,9,30,Normal
2026-02-13 15:26:40.083526,London-3560,-7,86,Normal
2026-02-13 15:26:41.083526,London-3560,38,15,Normal
2026-02-13 15:26:42.083526,London-3560,-7,31,Normal
2026-02-13 15:26:43.083526,London-3560,26,84,Normal
2026-02-13 15:26:44.083526,London-3560,3,17,Normal
2026-02-13 15:26:45.083526,London-3560,-19,56,Normal
2026-02-13 15:26:46.083526,London-3560,29,80,Normal
2026-02-13 15:26:47.083526,London-3560,18,12,Normal
2026-02-13 15:26:48.083526,London-3560,0,78,Normal
2026-02-13 15:26:49.083526,London-3560,-24,50,Normal
2026-02-13 15:26:50.083526,London-3560,-11,93,Normal
2026-02-13 15:26:51.083526,London-3560,28,82,Normal
2026-02-13 15:26:52.083526,London-3560,0,73,Normal
2026-02-13 15:26:53.083526,London-3560,22,4,Normal
2026-02-13 15:26:54.083526,London-3560,28,62,Normal
2026-02-13 15:26:55.083526,London-3560,41,25,Normal
2026-02-13 15:26:56.083526,London-3560,27,18,Normal
2026-02-13 15:26:57.083526,London-3560,8,16,Normal
2026-02-13 15:26:58.083526,London-3560,43,12,Normal
2026-02-13 15:26:59.083526,London-3560,-25,74,Normal
2026-02-13 15:27:00.083526,London-3560,49,49,Normal
2026-02-13 15:27:01.083526,London-3560,1,27,Normal
2026-02-13 15:27:02.083526,London-3560,-12,19,Normal
2026-02-13 15:27:03.083526,London-3560,-25,84,Normal
2026-02-13 15:27:04.083526,London-3560,46,21,Normal
2026-02-13 15:27:05.083526,London-3560,48,72,Normal
2026-02-13 15:27:06.083526,London-3560,-12,21,Normal
2026-02-13 15:27:07.083526,London-3560,29,21,Normal
2026-02-13 15:27:08.083526,London-3560,-7,100,Normal
2026-02-13 15:27:09.083526,London-3560,40,77,Normal
2026-02-13 15:27:10.083526,London-3560,-15,41,Normal
2026-02-13 15:27:11.083526,London-3560,-24,54,Normal
2026-02-13 15:27:12.083526,London-3560,42,96,Normal
2026-02-13 15:27:13.083526,London-3560,-24,37,Normal
2026-02-13 15:27:14.083526,London-3560,31,39,Normal
2026-02-13 15:27:15.083526,London-3560,-12,67,Normal
2026-02-13 15:27:16.083526,London-3560,33,2,Normal
2026-02-13 15:27:17.083526,London-3560,16,86,Normal
2026-02-13 15:27:18.083526,London-3560,-2,10,Normal
2026-02-13 15:27:19.083526,London-3560,27,27,Normal
2026-02-13 15:27:20.083526,London-3560,-10,67,Normal
2026-02-13 15:27:21.083526,London-3560,34,34,Normal
2026-02-13 15:27:22.083526,London-3560,-26,56,Normal
2026-02-13 15:27:23.083526,London-3560,-8,80,Normal
2026-02-13 15:27:24.083526,London-3560,-13,75,Normal
2026-02-13 15:27:25.083526,London-3560,-25,62,Normal
2026-02-13 15:27:26.083526,London-3560,-7,89,Normal
2026-02-13 15:27:27.083526,London-3560,49,22,Normal
2026-02-13 15:27:28.083526,London-3560,-18,17,Normal
2026-02-13 15:27:29.083526,London-3560,40,66,Normal
2026-02-13 15:27:30.083526,London-3560,-14,39,Normal
2026-02-13 15:27:31.083526,London-3560,18,76,Normal
2026-02-13 15:27:32.083526,London-3560,17,92,Normal
2026-02-13 15:27:33.083526,London-3560,-9,0,Normal
2026-02-13 15:27:34.083526,London-3560,-11,12,Normal
2026-02-13 15:27:35.083526,London-3560,-1,73,Normal
2026-02-13 15:27:36.083526,London-3560,30,74,Normal
2026-02-13 15:27:37.083526,London-3560,36,100,Normal
2026-02-13 15:27:38.083526,London-3560,39,82,Normal
2026-02-13 15:27:39.083526,London-3560,-20,29,Normal
2026-02-13 15:27:40.083526,London-3560,-6,47,Normal
2026-02-13 15:27:41.083526,London-3560,16,33,Normal
2026-02-13 15:27:42.083526,London-3560,8,15,Normal
2026-02-13 15:27:43.083526,London-3560,0,51,Normal
2026-02-13 15:27:44.083526,London-3560,-24,99,Normal
2026-02-13 15:27:45.083526,London-3560,-16,94,Normal
2026-02-13 15:27:46.083526,London-3560,-13,49,Normal
2026-02-13 15:27:47.083526,London-3560,21,96,Normal
2026-02-13 15:27:48.083526,London-3560,48,85,Normal
2026-02-13 15:27:49.083526,London-3560,2,74,Normal
2026-02-13 15:27:50.083526,London-3560,-13,83,Normal
2026-02-13 15:27:51.083526,London-3560,38,74,Normal
2026-02-13 15:27:52.083526,London-3560,31,0,Normal
2026-02-13 15:27:53.083526,London-3560,41,63,Normal
2026-02-13 15:27:54.083526,London-3560,-7,16,Normal
2026-02-13 15:27:55.083526,London-3560,-2,36,Normal
2026-02-13 15:27:56.083526,London-3560,-26,58,Normal
2026-02-13 15:27:57.083526,London-3560,33,65,Normal
2026-02-13 15:27:58.083526,London-3560,-2,18,Normal
2026-02-13 15:27:59.083526,London-3560,30,86,Normal
2026-02-13 15:28:00.083526,London-3560,-10,17,Normal
2026-02-13 15:28:01.083526,London-3560,3,57,Normal
2026-02-13 15:28:02.083526,London-3560,-4,59,Normal
2026-02-13 15:28:03.083526,London-3560,-21,2,Normal
2026-02-13 15:28:04.083526,London-3560,42,26,Normal
2026-02-13 15:28:05.083526,London-3560,-29,37,Normal
2026-02-13 15:28:06.083526,London-3560,5,87,Normal
2026-02-13 15:28:07.083526,London-3560,-28,49,Normal
2026-02-13 15:28:08.083526,London-3560,32,12,Normal
2026-02-13 15:28:09.083526,London-3560,-10,32,Normal
2026-02-13 15:28:10.083526,London-3560,6,9,Normal
2026-02-13 15:28:11.083526,London-3560,-17,62,Normal
2026-02-13 15:28:12.083526,London-3560,29,38,Normal
2026-02-13 15:28:13.083526,London-3560,27,63,Normal
2026-02-13 15:28:14.083526,London-3560,-8,41,Normal
2026-02-13 15:28:15.083526,London-3560,-4,0,Normal
2026-02-13 15:28:16.083526,London-3560,38,78,Normal
2026-02-13 15:28:17.083526,London-3560,34,48,Normal
2026-02-13 15:28:18.083526,London-3560,-16,19,Normal
2026-02-13 15:28:19.083526,London-3560,45,50,Normal
2026-02-13 15:28:20.083526,London-3560,28,97,Normal
2026-02-13 15:28:21.083526,London-3560,-27,69,Normal
2026-02-13 15:28:22.083526,London-3560,37,1,Normal
2026-02-13 15:28:23.083526,London-3560,25,60,Normal
2026-02-13 15:28:24.083526,London-3560,-4,36,Normal
2026-02-13 15:28:25.083526,London-3560,-17,38,Normal
2026-02-13 15:28:26.083526,London-3560,16,100,Normal
2026-02-13 15:28:27.083526,London-3560,9,89,Normal
2026-02-13 15:28:28.083526,London-3560,-29,89,Normal
2026-02-13 15:28:29.083526,London-3560,42,44,Normal
2026-02-13 15:28:30.083526,London-3560,2,73,Normal
2026-02-13 15:28:31.083526,London-3560,42,83,Normal
2026-02-13 15:28:32.083526,London-3560,19,5,Normal
2026-02-13 15:28:33.083526,London-3560,20,64,Normal
2026-02-13 15:28:34.083526,London-3560,41,28,Normal
2026-02-13 15:28:35.083526,London-3560,-3,24,Normal
2026-02-13 15:28:36.083526,London-3560,-7,45,Normal
2026-02-13 15:28:37.083526,London-3560,24,20,Normal
2026-02-13 15:28:38.083526,London-3560,41,73,Normal
2026-02-13 15:28:39.083526,London-3560,38,71,Normal
2026-02-13 15:28:40.083526,London-3560,10,88,Normal
2026-02-13 15:28:41.083526,London-3560,-9,21,Normal
2026-02-13 15:28:42.083526,London-3560,-11,65,Normal
2026-02-13 15:28:43.083526,London-3560,-8,73,Normal
2026-02-13 15:28:44.083526,London-3560,-4,83,Normal
2026-02-13 15:28:45.083526,London-3560,14,71,Normal
2026-02-13 15:28:46.083526,London-3560,-9,21,Normal
2026-02-13 15:28:47.083526,London-3560,40,44,Normal
2026-02-13 15:28:48.083526,London-3560,-26,52,Normal
2026-02-13 15:28:49.083526,London-3560,2,61,Normal
2026-02-13 15:28:50.083526,London-3560,-5,93,Normal
2026-02-13 15:28:51.083526,London-3560,12,77,Normal
2026-02-13 15:28:52.083526,London-3560,29,93,Normal
2026-02-13 15:28:53.083526,London-3560,32,38,Normal
