timestamp,station_id,temp,humid,condition
2026-02-16 04:37:19.962223,Toronto-7c50,3,58,Normal
2026-02-16 04:37:20.962223,Toronto-7c50,-11,46,Normal
2026-02-16 04:37:21.962223,Toronto-7c50,27,36,Normal
2026-02-16 04:37:22.962223,Toronto-7c50,40,81,Normal
2026-02-16 04:37:23.962223,Toronto-7c50,28,35,Normal
2026-02-16 04:37:24.962223,Toronto-7c50,-7,1,Normal
2026-02-16 04:37:25.962223,Toronto-7c50,14,55,Normal
2026-02-16 04:37:26.962223,Toronto-7c50,40,57,Normal
2026-02-16 04:37:27.962223,Toronto-7c50,-3,17,Normal
2026-02-16 04:37:28.962223,Toronto-7c50,6,76,Normal
2026-02-16 04:37:29.962223,Toronto-7c50,40,39,Normal
2026-02-16 04:37:30.962223,Toronto-7c50,-21,96,Normal
2026-02-16 04:37:31.962223,Toronto-7c50,1,60,Normal
2026-02-16 04:37:32.962223,Toronto-7c50,41,11,Normal
2026-02-16 04:37:33.962223,Toronto-7c50,5,96,Normal
2026-02-16 04:37:34.962223,Toronto-7c50,17,87,Normal
2026-02-16 04:37:35.962223,Toronto-7c50,0,91,Normal
2026-02-16 04:37:36.962223,Toronto-7c50,47,8,Normal
2026-02-16 04:37:37.962223,Toronto-7c50,0,80,Normal
2026-02-16 04:37:38.962223,Toronto-7c50,45,29,Normal
2026-02-16 04:37:39.962223,Toronto-7c50,-5,72,Normal
2026-02-16 04:37:40.962223,Toronto-7c50,26,99,Normal
2026-02-16 04:37:41.962223,Toronto-7c50,49,98,Normal
2026-02-16 04:37:42.962223,Toronto-7c50,37,82,Normal
2026-02-16 04:37:43.962223,Toronto-7c50,11,77,Normal
2026-02-16 04:37:44.962223,Toronto-7c50,24,57,Normal
2026-02-16 04:37:45.962223,Toronto-7c50,-3,89,Normal
2026-02-16 04:37:46.962223,Toronto-7c50,-1,22,Normal
2026-02-16 04:37:47.962223,Toronto-7c50,42,47,Normal
2026-02-16 04:37:48.962223,Toronto-7c50,29,65,Normal
2026-02-16 04:37:49.962223,Toronto-7c50,-23,55,Normal
2026-02-16 04:37:50.962223,Toronto-7c50,7,28,Normal
2026-02-16 04:37:51.962223,Toronto-7c50,49,20,Normal
2026-02-16 04:37:52.962223,Toronto-7c50,49,88,Normal
2026-02-16 04:37:53.962223,Toronto-7c50,29,56,Normal
2026-02-16 04:37:54.962223,Toronto-7c50,26,89,Normal
2026-02-16 04:37:55.962223,Toronto-7c50,2,5,Normal
2026-02-16 04:37:56.962223,Toronto-7c50,34,42,Normal
2026-02-16 04:37:57.962223,Toronto-7c50,-25,90,Normal
2026-02-16 04:37:58.962223,Toronto-7c50,-18,72,Normal
2026-02-16 04:37:59.962223,Toronto-7c50,-8,9,Normal
2026-02-16 04:38:00.962223,Toronto-7c50,46,29,Normal
2026-02-16 04:38:01.962223,Toronto-7c50,38,4,Normal
2026-02-16 04:38:02.962223,Toronto-7c50,14,33,Normal
2026-02-16 04:38:03.962223,Toronto-7c50,49,21,Normal
2026-02-16 04:38:04.962223,Toronto-7c50,-23,17,Normal
2026-02-16 04:38:05.962223,Toronto-7c50,47,62,Normal
2026-02-16 04:38:06.962223,Toronto-7c50,-10,95,Normal
2026-02-16 04:38:07.962223,Toronto-7c50,22,15,Normal
2026-02-16 04:38:08.962223,Toronto-7c50,41,62,Normal
2026-02-16 04:38:09.962223,Toronto-7c50,33,45,Normal
2026-02-16 04:38:10.962223,Toronto-7c50,38,51,Normal
2026-02-16 04:38:11.962223,Toronto-7c50,36,54,Normal
2026-02-16 04:38:12.962223,Toronto-7c50,12,27,Normal
2026-02-16 04:38:13.962223,Toronto-7c50,10,10,Normal
2026-02-16 04:38:14.962223,Toronto-7c50,46,78,Normal
2026-02-16 04:38:15.962223,Toronto-7c50,0,70,Normal
2026-02-16 04:38:16.962223,Toronto-7c50,-14,98,Normal
2026-02-16 04:38:17.962223,Toronto-7c50,47,29,Normal
2026-02-16 04:38:18.962223,Toronto-7c50,-3,69,Normal
2026-02-16 04:38:19.962223,Toronto-7c50,-26,66,Normal
2026-02-16 04:38:20.962223,Toronto-7c50,32,18,Normal
2026-02-16 04:38:21.962223,Toronto-7c50,45,31,Normal
2026-02-16 04:38:22.962223,Toronto-7c50,3,94,Normal
2026-02-16 04:38:23.962223,Toronto-7c50,47,20,Normal
2026-02-16 04:38:24.962223,Toronto-7c50,-15,39,Normal
2026-02-16 04:38:25.962223,Toronto-7c50,33,62,Normal
2026-02-16 04:38:26.962223,Toronto-7c50,41,35,Normal
2026-02-16 04:38:27.962223,Toronto-7c50,10,85,Normal
2026-02-16 04:38:28.962223,Toronto-7c50,24,74,Normal
2026-02-16 04:38:29.962223,Toronto-7c50,-4,66,Normal
2026-02-16 04:38:30.962223,Toronto-7c50,19,85,Normal
2026-02-16 04:38:31.962223,Toronto-7c50,36,69,Normal
2026-02-16 04:38:32.962223,Toronto-7c50,17,29,Normal
2026-02-16 04:38:33.962223,Toronto-7c50,22,72,Normal
2026-02-16 04:38:34.962223,Toronto-7c50,40,22,Normal
2026-02-16 04:38:35.962223,Toronto-7c50,49,85,Normal
2026-02-16 04:38:36.962223,Toronto-7c50,-14,46,Normal
2026-02-16 04:38:37.962223,Toronto-7c50,40,97,Normal
2026-02-16 04:38:38.962223,Toronto-7c50,50,13,Normal
2026-02-16 04:38:39.962223,Toronto-7c50,-25,9,Normal
2026-02-16 04:38:40.962223,Toronto-7c50,-6,26,Normal
2026-02-16 04:38:41.962223,Toronto-7c50,-21,89,Normal
2026-02-16 04:38:42.962223,Toronto-7c50,-23,5,Normal
2026-02-16 04:38:43.962223,Toronto-7c50,14,41,Normal
2026-02-16 04:38:44.962223,Toronto-7c50,16,78,Normal
2026-02-16 04:38:45.962223,Toronto-7c50,11,79,Normal
2026-02-16 04:38:46.962223,Toronto-7c50,8,81,Normal
2026-02-16 04:38:47.962223,Toronto-7c50,26,77,Normal
2026-02-16 04:38:48.962223,Toronto-7c50,-10,30,Normal
2026-02-16 04:38:49.962223,Toronto-7c50,-20,79,Normal
2026-02-16 04:38:50.962223,Toronto-7c50,-23,89,Normal
2026-02-16 04:38:51.962223,Toronto-7c50,27,25,Normal
2026-02-16 04:38:52.962223,Toronto-7c50,-11,25,Normal
2026-02-16 04:38:53.962223,Toronto-7c50,-15,6,Normal
2026-02-16 04:38:54.962223,Toronto-7c50,10,60,Normal
2026-02-16 04:38:55.962223,Toronto-7c50,43,87,Normal
2026-02-16 04:38:56.962223,Toronto-7c50,26,11,Normal
2026-02-16 04:38:57.962223,Toronto-7c50,40,85,Normal
2026-02-16 04:38:58.962223,Toronto-7c50,30,74,Normal
2026-02-16 04:38:59.962223,Toronto-7c50,11,8,Normal
2026-02-16 04:39:00.962223,Toronto-7c50,-27,31,Normal
2026-02-16 04:39:01.962223,Toronto-7c50,24,8,Normal
2026-02-16 04:39:02.962223,Toronto-7c50,39,57,Normal
2026-02-16 04:39:03.962223,Toronto-7c50,-27,17,Normal
2026-02-16 04:39:04.962223,Toronto-7c50,-17,82,Normal
2026-02-16 04:39:05.962223,Toronto-7c50,44,89,Normal
2026-02-16 04:39:06.962223,Toronto-7c50,-17,88,Normal
2026-02-16 04:39:07.962223,Toronto-7c50,-23,70,Normal
2026-02-16 04:39:08.962223,Toronto-7c50,42,6,Normal
2026-02-16 04:39:09.962223,Toronto-7c50,-9,41,Normal
2026-02-16 04:39:10.962223,Toronto-7c50,47,36,Normal
2026-02-16 04:39:11.962223,Toronto-7c50,1,58,Normal
2026-02-16 04:39:12.962223,Toronto-7c50,16,78,Normal
2026-02-16 04:39:13.962223,Toronto-7c50,42,10,Normal
2026-02-16 04:39:14.962223,Toronto-7c50,3,37,Normal
2026-02-16 04:39:15.962223,Toronto-7c50,23,82,Normal
2026-02-16 04:39:16.962223,Toronto-7c50,50,25,Normal
2026-02-16 04:39:17.962223,Toronto-7c50,-9,25,Normal
2026-02-16 04:39:18.962223,Toronto-7c50,24,40,Normal
2026-02-16 04:39:19.962223,Toronto-7c50,-24,78,Normal
2026-02-16 04:39:20.962223,Toronto-7c50,31,17,Normal
2026-02-16 04:39:21.962223,Toronto-7c50,31,60,Normal
2026-02-16 04:39:22.962223,Toronto-7c50,15,4,Normal
2026-02-16 04:39:23.962223,Toronto-7c50,25,65,Normal
2026-02-16 04:39:24.962223,Toronto-7c50,12,58,Normal
2026-02-16 04:39:25.962223,Toronto-7c50,44,54,Normal
2026-02-16 04:39:26.962223,Toronto-7c50,23,34,Normal
2026-02-16 04:39:27.962223,Toronto-7c50,3,18,Normal
2026-02-16 04:39:28.962223,Toronto-7c50,-2,52,Normal
2026-02-16 04:39:29.962223,Toronto-7c50,-16,34,Normal
2026-02-16 04:39:30.962223,Toronto-7c50,19,53,Normal
2026-02-16 04:39:31.962223,Toronto-7c50,13,18,Normal
2026-02-16 04:39:32.962223,Toronto-7c50,13,87,Normal
2026-02-16 04:39:33.962223,Toronto-7c50,-29,9,Normal
2026-02-16 04:39:34.962223,Toronto-7c50,-15,78,Normal
2026-02-16 04:39:35.962223,Toronto-7c50,-29,59,Normal
2026-02-16 04:39:36.962223,Toronto-7c50,19,17,Normal
2026-02-16 04:39:37.962223,Toronto-7c50,-28,99,Normal
2026-02-16 04:39:38.962223,Toronto-7c50,-14,80,Normal
2026-02-16 04:39:39.962223,Toronto-7c50,-11,36,Normal
2026-02-16 04:39:40.962223,Toronto-7c50,-14,48,Normal
2026-02-16 04:39:41.962223,Toronto-7c50,45,38,Normal
2026-02-16 04:39:42.962223,Toronto-7c50,-10,5,Normal
2026-02-16 04:39:43.962223,Toronto-7c50,-7,35,Normal
2026-02-16 04:39:44.962223,Toronto-7c50,38,93,Normal
2026-02-16 04:39:45.962223,Toronto-7c50,3,98,Normal
2026-02-16 04:39:46.962223,Toronto-7c50,-4,59,Normal
2026-02-16 04:39:47.962223,Toronto-7c50,40,89,Normal
2026-02-16 04:39:48.962223,Toronto-7c50,16,44,Normal
2026-02-16 04:39:49.962223,Toronto-7c50,6,54,Normal
2026-02-16 04:39:50.962223,Toronto-7c50,48,31,Normal
2026-02-16 04:39:51.962223,Toronto-7c50,-8,11,Normal
2026-02-16 04:39:52.962223,Toronto-7c50,-25,58,Normal
2026-02-16 04:39:53.962223,Toronto-7c50,9,18,Normal
2026-02-16 04:39:54.962223,Toronto-7c50,-30,75,Normal
2026-02-16 04:39:55.962223,Toronto-7c50,39,81,Normal
2026-02-16 04:39:56.962223,Toronto-7c50,-13,79,Normal
2026-02-16 04:39:57.962223,Toronto-7c50,-18,92,Normal
2026-02-16 04:39:58.962223,Toronto-7c50,-20,98,Normal
2026-02-16 04:39:59.962223,Toronto-7c50,-24,19,Normal
2026-02-16 04:40:00.962223,Toronto-7c50,42,50,Normal
2026-02-16 04:40:01.962223,Toronto-7c50,49,89,Normal
2026-02-16 04:40:02.962223,Toronto-7c50,17,13,Normal
2026-02-16 04:40:03.962223,Toronto-7c50,47,19,Normal
2026-02-16 04:40:04.962223,Toronto-7c50,45,40,Normal
2026-02-16 04:40:05.962223,Toronto-7c50,34,86,Normal
2026-02-16 04:40:06.962223,Toronto-7c50,24,19,Normal
2026-02-16 04:40:07.962223,Toronto-7c50,42,33,Normal
2026-02-16 04:40:08.962223,Toronto-7c50,-19,18,Normal
2026-02-16 04:40:09.962223,Toronto-7c50,-30,85,Normal
2026-02-16 04:40:10.962223,Toronto-7c50,28,43,Normal
2026-02-16 04:40:11.962223,Toronto-7c50,2,20,Normal
2026-02-16 04:40:12.962223,Toronto-7c50,13,80,Normal
2026-02-16 04:40:13.962223,Toronto-7c50,-29,29,Normal
2026-02-16 04:40:14.962223,Toronto-7c50,30,61,Normal
2026-02-16 04:40:15.962223,Toronto-7c50,31,2,Normal
2026-02-16 04:40:16.962223,Toronto-7c50,-13,20,Normal
2026-02-16 04:40:17.962223,Toronto-7c50,41,35,Normal
2026-02-16 04:40:18.962223,Toronto-7c50,40,69,Normal
2026-02-16 04:40:19.962223,Toronto-7c50,8,39,Normal
2026-02-16 04:40:20.962223,Toronto-7c50,-13,28,Normal
2026-02-16 04:40:21.962223,Toronto-7c50,40,16,Normal
2026-02-16 04:40:22.962223,Toronto-7c50,47,68,Normal
2026-02-16 04:40:23.962223,Toronto-7c50,45,71,Normal
2026-02-16 04:40:24.962223,Toronto-7c50,33,76,Normal
2026-02-16 04:40:25.962223,Toronto-7c50,-29,42,Normal
2026-02-16 04:40:26.962223,Toronto-7c50,10,97,Normal
2026-02-16 04:40:27.962223,Toronto-7c50,44,88,Normal
2026-02-16 04:40:28.962223,Toronto-7c50,26,24,Normal
2026-02-16 04:40:29.962223,Toronto-7c50,17,51,Normal
2026-02-16 04:40:30.962223,Toronto-7c50,16,18,Normal
2026-02-16 04:40:31.962223,Toronto-7c50,4,39,Normal
2026-02-16 04:40:32.962223,Toronto-7c50,18,8,Normal
2026-02-16 04:40:33.962223,Toronto-7c50,1,38,Normal
2026-02-16 04:40:34.962223,Toronto-7c50,9,46,Normal
2026-02-16 04:40:35.962223,Toronto-7c50,45,91,Normal
2026-02-16 04:40:36.962223,Toronto-7c50,-7,52,Normal
2026-02-16 04:40:37.962223,Toronto-7c50,-6,13,Normal
2026-02-16 04:40:38.962223,Toronto-7c50,4,75,Normal
2026-02-16 04:40:39.962223,Toronto-7c50,25,45,Normal
2026-02-16 04:40:40.962223,Toronto-7c50,29,60,Normal
2026-02-16 04:40:41.962223,Toronto-7c50,-12,51,Normal
2026-02-16 04:40:42.962223,Toronto-7c50,-15,93,Normal
2026-02-16 04:40:43.962223,Toronto-7c50,20,11,Normal
2026-02-16 04:40:44.962223,Toronto-7c50,-18,3,Normal
2026-02-16 04:40:45.962223,Toronto-7c50,49,66,Normal
2026-02-16 04:40:46.962223,Toronto-7c50,43,27,Normal
2026-02-16 04:40:47.962223,Toronto-7c50,36,47,Normal
2026-02-16 04:40:48.962223,Toronto-7c50,9,65,Normal
2026-02-16 04:40:49.962223,Toronto-7c50,35,23,Normal
2026-02-16 04:40:50.962223,Toronto-7c50,9,71,Normal
2026-02-16 04:40:51.962223,Toronto-7c50,-25,12,Normal
2026-02-16 04:40:52.962223,Toronto-7c50,20,49,Normal
2026-02-16 04:40:53.962223,Toronto-7c50,21,80,Normal
2026-02-16 04:40:54.962223,Toronto-7c50,32,18,Normal
2026-02-16 04:40:55.962223,Toronto-7c50,-23,21,Normal
2026-02-16 04:40:56.962223,Toronto-7c50,23,40,Normal
2026-02-16 04:40:57.962223,Toronto-7c50,2,80,Normal
2026-02-16 04:40:58.962223,Toronto-7c50,-13,1,Normal
2026-02-16 04:40:59.962223,Toronto-7c50,-17,77,Normal
2026-02-16 04:41:00.962223,Toronto-7c50,3,11,Normal
2026-02-16 04:41:01.962223,Toronto-7c50,-8,48,Normal
2026-02-16 04:41:02.962223,Toronto-7c50,21,82,Normal
2026-02-16 04:41:03.962223,Toronto-7c50,0,8,Normal
2026-02-16 04:41:04.962223,Toronto-7c50,-19,20,Normal
2026-02-16 04:41:05.962223,Toronto-7c50,25,59,Normal
2026-02-16 04:41:06.962223,Toronto-7c50,1,42,Normal
2026-02-16 04:41:07.962223,Toronto-7c50,-14,2,Normal
2026-02-16 04:41:08.962223,Toronto-7c50,46,78,Normal
2026-02-16 04:41:09.962223,Toronto-7c50,-23,58,Normal
2026-02-16 04:41:10.962223,Toronto-7c50,31,61,Normal
2026-02-16 04:41:11.962223,Toronto-7c50,-19,13,Normal
2026-02-16 04:41:12.962223,Toronto-7c50,28,49,Normal
2026-02-16 04:41:13.962223,Toronto-7c50,22,63,Normal
2026-02-16 04:41:14.962223,Toronto-7c50,-16,76,Normal
2026-02-16 04:41:15.962223,Toronto-7c50,8,99,Normal
2026-02-16 04:41:16.962223,Toronto-7c50,-20,35,Normal
2026-02-16 04:41:17.962223,Toronto-7c50,39,44,Normal
2026-02-16 04:41:18.962223,Toronto-7c50,4,39,Normal
2026-02-16 04:41:19.962223,Toronto-7c50,-7,80,Normal
2026-02-16 04:41:20.962223,Toronto-7c50,23,20,Normal
2026-02-16 04:41:21.962223,Toronto-7c50,-4,14,Normal
2026-02-16 04:41:22.962223,Toronto-7c50,-2,84,Normal
2026-02-16 04:41:23.962223,Toronto-7c50,-12,61,Normal
2026-02-16 04:41:24.962223,Toronto-7c50,46,18,Normal
2026-02-16 04:41:25.962223,Toronto-7c50,33,51,Normal
2026-02-16 04:41:26.962223,Toronto-7c50,-9,27,Normal
2026-02-16 04:41:27.962223,Toronto-7c50,-7,37,Normal
2026-02-16 04:41:28.962223,Toronto-7c50,40,22,Normal
2026-02-16 04:41:29.962223,Toronto-7c50,-3,61,Normal
2026-02-16 04:41:30.962223,Toronto-7c50,26,23,Normal
2026-02-16 04:41:31.962223,Toronto-7c50,12,37,Normal
2026-02-16 04:41:32.962223,Toronto-7c50,47,81,Normal
2026-02-16 04:41:33.962223,Toronto-7c50,-13,46,Normal
2026-02-16 04:41:34.962223,Toronto-7c50,24,52,Normal
2026-02-16 04:41:35.962223,Toronto-7c50,49,84,Normal
2026-02-16 04:41:36.962223,Toronto-7c50,-19,40,Normal
2026-02-16 04:41:37.962223,Toronto-7c50,-15,2,Normal
2026-02-16 04:41:38.962223,Toronto-7c50,-15,36,Normal
2026-02-16 04:41:39.962223,Toronto-7c50,41,95,Normal
2026-02-16 04:41:40.962223,Toronto-7c50,1,88,Normal
2026-02-16 04:41:41.962223,Toronto-7c50,22,74,Normal
2026-02-16 04:41:42.962223,Toronto-7c50,-25,15,Normal
2026-02-16 04:41:43.962223,Toronto-7c50,-9,0,Normal
2026-02-16 04:41:44.962223,Toronto-7c50,42,65,Normal
2026-02-16 04:41:45.962223,Toronto-7c50,-30,63,Normal
2026-02-16 04:41:46.962223,Toronto-7c50,17,85,Normal
2026-02-16 04:41:47.962223,Toronto-7c50,39,76,Normal
2026-02-16 04:41:48.962223,Toronto-7c50,45,66,Normal
2026-02-16 04:41:49.962223,Toronto-7c50,2,76,Normal
2026-02-16 04:41:50.962223,Toronto-7c50,-12,19,Normal
2026-02-16 04:41:51.962223,Toronto-7c50,20,66,Normal
2026-02-16 04:41:52.962223,Toronto-7c50,1,34,Normal
2026-02-16 04:41:53.962223,Toronto-7c50,26,2,Normal
2026-02-16 04:41:54.962223,Toronto-7c50,19,88,Normal
2026-02-16 04:41:55.962223,Toronto-7c50,-25,14,Normal
2026-02-16 04:41:56.962223,Toronto-7c50,-29,35,Normal
2026-02-16 04:41:57.962223,Toronto-7c50,48,67,Normal
2026-02-16 04:41:58.962223,Toronto-7c50,-28,100,Normal
2026-02-16 04:41:59.962223,Toronto-7c50,-6,34,Normal
2026-02-16 04:42:00.962223,Toronto-7c50,20,19,Normal
2026-02-16 04:42:01.962223,Toronto-7c50,29,97,Normal
2026-02-16 04:42:02.962223,Toronto-7c50,41,41,Normal
2026-02-16 04:42:03.962223,Toronto-7c50,-28,46,Normal
2026-02-16 04:42:04.962223,Toronto-7c50,28,33,Normal
2026-02-16 04:42:05.962223,Toronto-7c50,27,99,Normal
2026-02-16 04:42:06.962223,Toronto-7c50,-22,47,Normal
2026-02-16 04:42:07.962223,Toronto-7c50,29,18,Normal
2026-02-16 04:42:08.962223,Toronto-7c50,42,54,Normal
2026-02-16 04:42:09.962223,Toronto-7c50,48,47,Normal
2026-02-16 04:42:10.962223,Toronto-7c50,22,25,Normal
2026-02-16 04:42:11.962223,Toronto-7c50,31,50,Normal
2026-02-16 04:42:12.962223,Toronto-7c50,50,50,Normal
2026-02-16 04:42:13.962223,Toronto-7c50,18,50,Normal
2026-02-16 04:42:14.962223,Toronto-7c50,-4,43,Normal
2026-02-16 04:42:15.962223,Toronto-7c50,50,53,Normal
2026-02-16 04:42:16.962223,Toronto-7c50,17,98,Normal
2026-02-16 04:42:17.962223,Toronto-7c50,36,1,Normal
2026-02-16 04:42:18.962223,Toronto-7c50,-27,5,Normal
2026-02-16 04:42:19.962223,Toronto-7c50,17,80,Normal
2026-02-16 04:42:20.962223,Toronto-7c50,3,90,Normal
2026-02-16 04:42:21.962223,Toronto-7c50,25,77,Normal
2026-02-16 04:42:22.962223,Toronto-7c50,47,46,Normal
2026-02-16 04:42:23.962223,Toronto-7c50,-21,63,Normal
2026-02-16 04:42:24.962223,Toronto-7c50,4,27,Normal
2026-02-16 04:42:25.962223,Toronto-7c50,33,66,Normal
2026-02-16 04:42:26.962223,Toronto-7c50,9,81,Normal
2026-02-16 04:42:27.962223,Toronto-7c50,8,67,Normal
2026-02-16 04:42:28.962223,Toronto-7c50,15,41,Normal
2026-02-16 04:42:29.962223,Toronto-7c50,38,97,Normal
2026-02-16 04:42:30.962223,Toronto-7c50,3,35,Normal
2026-02-16 04:42:31.962223,Toronto-7c50,47,98,Normal
2026-02-16 04:42:32.962223,Toronto-7c50,-6,89,Normal
2026-02-16 04:42:33.962223,Toronto-7c50,44,34,Normal
2026-02-16 04:42:34.962223,Toronto-7c50,14,62,Normal
2026-02-16 04:42:35.962223,Toronto-7c50,-21,91,Normal
2026-02-16 04:42:36.962223,Toronto-7c50,41,29,Normal
2026-02-16 04:42:37.962223,Toronto-7c50,38,61,Normal
2026-02-16 04:42:38.962223,Toronto-7c50,-17,27,Normal
2026-02-16 04:42:39.962223,Toronto-7c50,-25,69,Normal
2026-02-16 04:42:40.962223,Toronto-7c50,-1,89,Normal
2026-02-16 04:42:41.962223,Toronto-7c50,-13,17,Normal
2026-02-16 04:42:42.962223,Toronto-7c50,-18,25,Normal
2026-02-16 04:42:43.962223,Toronto-7c50,-14,15,Normal
2026-02-16 04:42:44.962223,Toronto-7c50,-16,71,Normal
2026-02-16 04:42:45.962223,Toronto-7c50,24,95,Normal
2026-02-16 04:42:46.962223,Toronto-7c50,21,70,Normal
2026-02-16 04:42:47.962223,Toronto-7c50,4,10,Normal
2026-02-16 04:42:48.962223,Toronto-7c50,37,64,Normal
2026-02-16 04:42:49.962223,Toronto-7c50,36,97,Normal
2026-02-16 04:42:50.962223,Toronto-7c50,17,37,Normal
2026-02-16 04:42:51.962223,Toronto-7c50,-9,22,Normal
2026-02-16 04:42:52.962223,Toronto-7c50,34,66,Normal
2026-02-16 04:42:53.962223,Toronto-7c50,27,3,Normal
2026-02-16 04:42:54.962223,Toronto-7c50,-1,3,Normal
2026-02-16 04:42:55.962223,Toronto-7c50,-2,40,Normal
2026-02-16 04:42:56.962223,Toronto-7c50,45,84,Normal
2026-02-16 04:42:57.962223,Toronto-7c50,-8,58,Normal
2026-02-16 04:42:58.962223,Toronto-7c50,10,83,Normal
2026-02-16 04:42:59.962223,Toronto-7c50,50,5,Normal
2026-02-16 04:43:00.962223,Toronto-7c50,47,17,Normal
2026-02-16 04:43:01.962223,Toronto-7c50,-23,100,Normal
2026-02-16 04:43:02.962223,Toronto-7c50,43,63,Normal
2026-02-16 04:43:03.962223,Toronto-7c50,3,45,Normal
2026-02-16 04:43:04.962223,Toronto-7c50,6,25,Normal
2026-02-16 04:43:05.962223,Toronto-7c50,-16,5,Normal
2026-02-16 04:43:06.962223,Toronto-7c50,39,22,Normal
2026-02-16 04:43:07.962223,Toronto-7c50,42,3,Normal
2026-02-16 04:43:08.962223,Toronto-7c50,3,34,Normal
2026-02-16 04:43:09.962223,Toronto-7c50,38,28,Normal
2026-02-16 04:43:10.962223,Toronto-7c50,0,17,Normal
2026-02-16 04:43:11.962223,Toronto-7c50,39,87,Normal
2026-02-16 04:43:12.962223,Toronto-7c50,-24,76,Normal
2026-02-16 04:43:13.962223,Toronto-7c50,24,66,Normal
2026-02-16 04:43:14.962223,Toronto-7c50,17,71,Normal
2026-02-16 04:43:15.962223,Toronto-7c50,16,51,Normal
2026-02-16 04:43:16.962223,Toronto-7c50,-25,49,Normal
2026-02-16 04:43:17.962223,Toronto-7c50,34,56,Normal
2026-02-16 04:43:18.962223,Toronto-7c50,-10,18,Normal
2026-02-16 04:43:19.962223,Toronto-7c50,10,14,Normal
2026-02-16 04:43:20.962223,Toronto-7c50,-19,39,Normal
2026-02-16 04:43:21.962223,Toronto-7c50,30,51,Normal
2026-02-16 04:43:22.962223,Toronto-7c50,-12,19,Normal
2026-02-16 04:43:23.962223,Toronto-7c50,-26,81,Normal
2026-02-16 04:43:24.962223,Toronto-7c50,-24,65,Normal
2026-02-16 04:43:25.962223,Toronto-7c50,42,41,Normal
2026-02-16 04:43:26.962223,Toronto-7c50,-23,94,Normal
2026-02-16 04:43:27.962223,Toronto-7c50,-12,23,Normal
2026-02-16 04:43:28.962223,Toronto-7c50,8,20,Normal
2026-02-16 04:43:29.962223,Toronto-7c50,-20,11,Normal
2026-02-16 04:43:30.962223,Toronto-7c50,27,59,Normal
2026-02-16 04:43:31.962223,Toronto-7c50,36,71,Normal
2026-02-16 04:43:32.962223,Toronto-7c50,43,15,Normal
2026-02-16 04:43:33.962223,Toronto-7c50,-20,61,Normal
2026-02-16 04:43:34.962223,Toronto-7c50,-26,41,Normal
2026-02-16 04:43:35.962223,Toronto-7c50,36,48,Normal
2026-02-16 04:43:36.962223,Toronto-7c50,-10,12,Normal
2026-02-16 04:43:37.962223,Toronto-7c50,-11,25,Normal
2026-02-16 04:43:38.962223,Toronto-7c50,23,46,Normal
2026-02-16 04:43:39.962223,Toronto-7c50,-9,95,Normal
2026-02-16 04:43:40.962223,Toronto-7c50,36,7,Normal
2026-02-16 04:43:41.962223,Toronto-7c50,-24,57,Normal
2026-02-16 04:43:42.962223,Toronto-7c50,3,29,Normal
2026-02-16 04:43:43.962223,Toronto-7c50,12,49,Normal
2026-02-16 04:43:44.962223,Toronto-7c50,45,36,Normal
2026-02-16 04:43:45.962223,Toronto-7c50,32,36,Normal
2026-02-16 04:43:46.962223,Toronto-7c50,-15,30,Normal
2026-02-16 04:43:47.962223,Toronto-7c50,10,22,Normal
2026-02-16 04:43:48.962223,Toronto-7c50,-13,32,Normal
2026-02-16 04:43:49.962223,Toronto-7c50,23,89,Normal
2026-02-16 04:43:50.962223,Toronto-7c50,-22,30,Normal
2026-02-16 04:43:51.962223,Toronto-7c50,-8,12,Normal
2026-02-16 04:43:52.962223,Toronto-7c50,2,49,Normal
2026-02-16 04:43:53.962223,Toronto-7c50,14,34,Normal
2026-02-16 04:43:54.962223,Toronto-7c50,23,25,Normal
2026-02-16 04:43:55.962223,Toronto-7c50,-20,12,Normal
2026-02-16 04:43:56.962223,Toronto-7c50,9,24,Normal
2026-02-16 04:43:57.962223,Toronto-7c50,9,60,Normal
2026-02-16 04:43:58.962223,Toronto-7c50,-1,33,Normal
2026-02-16 04:43:59.962223,Toronto-7c50,11,94,Normal
2026-02-16 04:44:00.962223,Toronto-7c50,-2,49,Normal
2026-02-16 04:44:01.962223,Toronto-7c50,-22,37,Normal
2026-02-16 04:44:02.962223,Toronto-7c50,6,90,Normal
2026-02-16 04:44:03.962223,Toronto-7c50,14,56,Normal
2026-02-16 04:44:04.962223,Toronto-7c50,-6,72,Normal
2026-02-16 04:44:05.962223,Toronto-7c50,-13,54,Normal
2026-02-16 04:44:06.962223,Toronto-7c50,20,48,Normal
2026-02-16 04:44:07.962223,Toronto-7c50,16,9,Normal
2026-02-16 04:44:08.962223,Toronto-7c50,50,78,Normal
2026-02-16 04:44:09.962223,Toronto-7c50,-15,95,Normal
2026-02-16 04:44:10.962223,Toronto-7c50,34,76,Normal
2026-02-16 04:44:11.962223,Toronto-7c50,14,63,Normal
2026-02-16 04:44:12.962223,Toronto-7c50,5,23,Normal
2026-02-16 04:44:13.962223,Toronto-7c50,31,5,Normal
2026-02-16 04:44:14.962223,Toronto-7c50,30,46,Normal
2026-02-16 04:44:15.962223,Toronto-7c50,40,3,Normal
2026-02-16 04:44:16.962223,Toronto-7c50,43,1,Normal
2026-02-16 04:44:17.962223,Toronto-7c50,27,21,Normal
2026-02-16 04:44:18.962223,Toronto-7c50,47,16,Normal
2026-02-16 04:44:19.962223,Toronto-7c50,25,73,Normal
2026-02-16 04:44:20.962223,Toronto-7c50,-20,14,Normal
2026-02-16 04:44:21.962223,Toronto-7c50,5,81,Normal
2026-02-16 04:44:22.962223,Toronto-7c50,-15,26,Normal
2026-02-16 04:44:23.962223,Toronto-7c50,-30,30,Normal
2026-02-16 04:44:24.962223,Toronto-7c50,8,93,Normal
2026-02-16 04:44:25.962223,Toronto-7c50,-3,18,Normal
2026-02-16 04:44:26.962223,Toronto-7c50,36,98,Normal
2026-02-16 04:44:27.962223,Toronto-7c50,-14,84,Normal
2026-02-16 04:44:28.962223,Toronto-7c50,-21,99,Normal
2026-02-16 04:44:29.962223,Toronto-7c50,-27,36,Normal
2026-02-16 04:44:30.962223,Toronto-7c50,36,4,Normal
2026-02-16 04:44:31.962223,Toronto-7c50,-9,66,Normal
2026-02-16 04:44:32.962223,Toronto-7c50,-9,62,Normal
2026-02-16 04:44:33.962223,Toronto-7c50,-9,84,Normal
2026-02-16 04:44:34.962223,Toronto-7c50,-28,78,Normal
2026-02-16 04:44:35.962223,Toronto-7c50,2,71,Normal
2026-02-16 04:44:36.962223,Toronto-7c50,-15,99,Normal
2026-02-16 04:44:37.962223,Toronto-7c50,34,25,Normal
2026-02-16 04:44:38.962223,Toronto-7c50,24,3,Normal
2026-02-16 04:44:39.962223,Toronto-7c50,6,6,Normal
2026-02-16 04:44:40.962223,Toronto-7c50,-10,66,Normal
2026-02-16 04:44:41.962223,Toronto-7c50,-16,33,Normal
2026-02-16 04:44:42.962223,Toronto-7c50,13,88,Normal
2026-02-16 04:44:43.962223,Toronto-7c50,48,12,Normal
2026-02-16 04:44:44.962223,Toronto-7c50,-9,12,Normal
2026-02-16 04:44:45.962223,Toronto-7c50,21,94,Normal
2026-02-16 04:44:46.962223,Toronto-7c50,32,99,Normal
2026-02-16 04:44:47.962223,Toronto-7c50,9,66,Normal
2026-02-16 04:44:48.962223,Toronto-7c50,-25,11,Normal
2026-02-16 04:44:49.962223,Toronto-7c50,-22,11,Normal
2026-02-16 04:44:50.962223,Toronto-7c50,-12,34,Normal
2026-02-16 04:44:51.962223,Toronto-7c50,-4,49,Normal
2026-02-16 04:44:52.962223,Toronto-7c50,9,26,Normal
2026-02-16 04:44:53.962223,Toronto-7c50,-17,55,Normal
2026-02-16 04:44:54.962223,Toronto-7c50,-28,36,Normal
2026-02-16 04:44:55.962223,Toronto-7c50,-11,43,Normal
2026-02-16 04:44:56.962223,Toronto-7c50,-11,33,Normal
2026-02-16 04:44:57.962223,Toronto-7c50,-15,30,Normal
2026-02-16 04:44:58.962223,Toronto-7c50,28,10,Normal
2026-02-16 04:44:59.962223,Toronto-7c50,-17,26,Normal
2026-02-16 04:45:00.962223,Toronto-7c50,-4,12,Normal
2026-02-16 04:45:01.962223,Toronto-7c50,-1,6,Normal
2026-02-16 04:45:02.962223,Toronto-7c50,-4,21,Normal
2026-02-16 04:45:03.962223,Toronto-7c50,-10,36,Normal
2026-02-16 04:45:04.962223,Toronto-7c50,46,46,Normal
2026-02-16 04:45:05.962223,Toronto-7c50,6,7,Normal
2026-02-16 04:45:06.962223,Toronto-7c50,47,2,Normal
2026-02-16 04:45:07.962223,Toronto-7c50,-13,48,Normal
2026-02-16 04:45:08.962223,Toronto-7c50,-21,57,Normal
2026-02-16 04:45:09.962223,Toronto-7c50,42,70,Normal
2026-02-16 04:45:10.962223,Toronto-7c50,24,74,Normal
2026-02-16 04:45:11.962223,Toronto-7c50,-14,25,Normal
2026-02-16 04:45:12.962223,Toronto-7c50,38,93,Normal
2026-02-16 04:45:13.962223,Toronto-7c50,11,100,Normal
2026-02-16 04:45:14.962223,Toronto-7c50,-28,45,Normal
2026-02-16 04:45:15.962223,Toronto-7c50,5,70,Normal
2026-02-16 04:45:16.962223,Toronto-7c50,-6,80,Normal
2026-02-16 04:45:17.962223,Toronto-7c50,34,17,Normal
2026-02-16 04:45:18.962223,Toronto-7c50,-5,59,Normal
2026-02-16 04:45:19.962223,Toronto-7c50,42,19,Normal
2026-02-16 04:45:20.962223,Toronto-7c50,43,98,Normal
2026-02-16 04:45:21.962223,Toronto-7c50,25,18,Normal
2026-02-16 04:45:22.962223,Toronto-7c50,46,42,Normal
2026-02-16 04:45:23.962223,Toronto-7c50,-26,77,Normal
2026-02-16 04:45:24.962223,Toronto-7c50,29,24,Normal
2026-02-16 04:45:25.962223,Toronto-7c50,48,23,Normal
2026-02-16 04:45:26.962223,Toronto-7c50,17,75,Normal
2026-02-16 04:45:27.962223,Toronto-7c50,2,19,Normal
2026-02-16 04:45:28.962223,Toronto-7c50,36,97,Normal
2026-02-16 04:45:29.962223,Toronto-7c50,-26,48,Normal
2026-02-16 04:45:30.962223,Toronto-7c50,-9,95,Normal
2026-02-16 04:45:31.962223,Toronto-7c50,40,49,Normal
2026-02-16 04:45:32.962223,Toronto-7c50,9,87,Normal
2026-02-16 04:45:33.962223,Toronto-7c50,-3,46,Normal
2026-02-16 04:45:34.962223,Toronto-7c50,42,4,Normal
2026-02-16 04:45:35.962223,Toronto-7c50,5,5,Normal
2026-02-16 04:45:36.962223,Toronto-7c50,44,31,Normal
2026-02-16 04:45:37.962223,Toronto-7c50,0,96,Normal
2026-02-16 04:45:38.962223,Toronto-7c50,-7,37,Normal
2026-02-16 04:45:39.962223,Toronto-7c50,-19,56,Normal
2026-02-16 04:45:40.962223,Toronto-7c50,-23,55,Normal
2026-02-16 04:45:41.962223,Toronto-7c50,1,68,Normal
2026-02-16 04:45:42.962223,Toronto-7c50,-10,97,Normal
2026-02-16 04:45:43.962223,Toronto-7c50,50,20,Normal
2026-02-16 04:45:44.962223,Toronto-7c50,-30,19,Normal
2026-02-16 04:45:45.962223,Toronto-7c50,13,37,Normal
2026-02-16 04:45:46.962223,Toronto-7c50,-8,59,Normal
2026-02-16 04:45:47.962223,Toronto-7c50,25,4,Normal
2026-02-16 04:45:48.962223,Toronto-7c50,40,31,Normal
2026-02-16 04:45:49.962223,Toronto-7c50,-18,63,Normal
2026-02-16 04:45:50.962223,Toronto-7c50,-19,49,Normal
2026-02-16 04:45:51.962223,Toronto-7c50,-12,24,Normal
2026-02-16 04:45:52.962223,Toronto-7c50,37,26,Normal
2026-02-16 04:45:53.962223,Toronto-7c50,-16,16,Normal
2026-02-16 04:45:54.962223,Toronto-7c50,48,70,Normal
2026-02-16 04:45:55.962223,Toronto-7c50,-1,59,Normal
2026-02-16 04:45:56.962223,Toronto-7c50,48,56,Normal
2026-02-16 04:45:57.962223,Toronto-7c50,37,75,Normal
2026-02-16 04:45:58.962223,Toronto-7c50,-16,43,Normal
2026-02-16 04:45:59.962223,Toronto-7c50,-27,90,Normal
2026-02-16 04:46:00.962223,Toronto-7c50,0,81,Normal
2026-02-16 04:46:01.962223,Toronto-7c50,14,5,Normal
2026-02-16 04:46:02.962223,Toronto-7c50,46,3,Normal
2026-02-16 04:46:03.962223,Toronto-7c50,1,87,Normal
2026-02-16 04:46:04.962223,Toronto-7c50,-19,60,Normal
2026-02-16 04:46:05.962223,Toronto-7c50,47,77,Normal
2026-02-16 04:46:06.962223,Toronto-7c50,-29,24,Normal
2026-02-16 04:46:07.962223,Toronto-7c50,-13,93,Normal
2026-02-16 04:46:08.962223,Toronto-7c50,10,36,Normal
2026-02-16 04:46:09.962223,Toronto-7c50,-18,45,Normal
2026-02-16 04:46:10.962223,Toronto-7c50,6,33,Normal
2026-02-16 04:46:11.962223,Toronto-7c50,18,23,Normal
2026-02-16 04:46:12.962223,Toronto-7c50,-17,36,Normal
2026-02-16 04:46:13.962223,Toronto-7c50,27,22,Normal
2026-02-16 04:46:14.962223,Toronto-7c50,30,91,Normal
2026-02-16 04:46:15.962223,Toronto-7c50,47,97,Normal
2026-02-16 04:46:16.962223,Toronto-7c50,31,43,Normal
2026-02-16 04:46:17.962223,Toronto-7c50,-27,14,Normal
2026-02-16 04:46:18.962223,Toronto-7c50,-8,36,Normal
2026-02-16 04:46:19.962223,Toronto-7c50,42,55,Normal
2026-02-16 04:46:20.962223,Toronto-7c50,-1,61,Normal
2026-02-16 04:46:21.962223,Toronto-7c50,38,53,Normal
2026-02-16 04:46:22.962223,Toronto-7c50,-23,11,Normal
2026-02-16 04:46:23.962223,Toronto-7c50,-8,97,Normal
2026-02-16 04:46:24.962223,Toronto-7c50,35,87,Normal
2026-02-16 04:46:25.962223,Toronto-7c50,-14,89,Normal
2026-02-16 04:46:26.962223,Toronto-7c50,-25,39,Normal
2026-02-16 04:46:27.962223,Toronto-7c50,36,21,Normal
2026-02-16 04:46:28.962223,Toronto-7c50,-19,37,Normal
2026-02-16 04:46:29.962223,Toronto-7c50,8,98,Normal
2026-02-16 04:46:30.962223,Toronto-7c50,37,18,Normal
2026-02-16 04:46:31.962223,Toronto-7c50,-18,7,Normal
2026-02-16 04:46:32.962223,Toronto-7c50,32,59,Normal
2026-02-16 04:46:33.962223,Toronto-7c50,26,73,Normal
2026-02-16 04:46:34.962223,Toronto-7c50,7,66,Normal
2026-02-16 04:46:35.962223,Toronto-7c50,-7,81,Normal
2026-02-16 04:46:36.962223,Toronto-7c50,31,23,Normal
2026-02-16 04:46:37.962223,Toronto-7c50,-2,80,Normal
2026-02-16 04:46:38.962223,Toronto-7c50,33,100,Normal
2026-02-16 04:46:39.962223,Toronto-7c50,23,78,Normal
2026-02-16 04:46:40.962223,Toronto-7c50,14,40,Normal
2026-02-16 04:46:41.962223,Toronto-7c50,12,93,Normal
2026-02-16 04:46:42.962223,Toronto-7c50,-18,5,Normal
2026-02-16 04:46:43.962223,Toronto-7c50,-1,79,Normal
2026-02-16 04:46:44.962223,Toronto-7c50,18,57,Normal
2026-02-16 04:46:45.962223,Toronto-7c50,18,12,Normal
2026-02-16 04:46:46.962223,Toronto-7c50,-24,54,Normal
2026-02-16 04:46:47.962223,Toronto-7c50,-11,9,Normal
2026-02-16 04:46:48.962223,Toronto-7c50,30,18,Normal
2026-02-16 04:46:49.962223,Toronto-7c50,-14,40,Normal
2026-02-16 04:46:50.962223,Toronto-7c50,43,52,Normal
2026-02-16 04:46:51.962223,Toronto-7c50,47,3,Normal
2026-02-16 04:46:52.962223,Toronto-7c50,22,49,Normal
2026-02-16 04:46:53.962223,Toronto-7c50,41,66,Normal
2026-02-16 04:46:54.962223,Toronto-7c50,11,28,Normal
2026-02-16 04:46:55.962223,Toronto-7c50,34,94,Normal
2026-02-16 04:46:56.962223,Toronto-7c50,37,20,Normal
2026-02-16 04:46:57.962223,Toronto-7c50,43,83,Normal
2026-02-16 04:46:58.962223,Toronto-7c50,-11,26,Normal
2026-02-16 04:46:59.962223,Toronto-7c50,-9,16,Normal
2026-02-16 04:47:00.962223,Toronto-7c50,17,69,Normal
2026-02-16 04:47:01.962223,Toronto-7c50,-12,89,Normal
2026-02-16 04:47:02.962223,Toronto-7c50,42,79,Normal
2026-02-16 04:47:03.962223,Toronto-7c50,-20,77,Normal
2026-02-16 04:47:04.962223,Toronto-7c50,-26,41,Normal
2026-02-16 04:47:05.962223,Toronto-7c50,28,11,Normal
2026-02-16 04:47:06.962223,Toronto-7c50,-17,62,Normal
2026-02-16 04:47:07.962223,Toronto-7c50,6,87,Normal
2026-02-16 04:47:08.962223,Toronto-7c50,-19,39,Normal
2026-02-16 04:47:09.962223,Toronto-7c50,18,46,Normal
2026-02-16 04:47:10.962223,Toronto-7c50,12,84,Normal
2026-02-16 04:47:11.962223,Toronto-7c50,17,74,Normal
2026-02-16 04:47:12.962223,Toronto-7c50,15,13,Normal
2026-02-16 04:47:13.962223,Toronto-7c50,15,61,Normal
2026-02-16 04:47:14.962223,Toronto-7c50,-25,87,Normal
2026-02-16 04:47:15.962223,Toronto-7c50,-1,65,Normal
2026-02-16 04:47:16.962223,Toronto-7c50,-2,46,Normal
2026-02-16 04:47:17.962223,Toronto-7c50,2,22,Normal
2026-02-16 04:47:18.962223,Toronto-7c50,-27,9,Normal
2026-02-16 04:47:19.962223,Toronto-7c50,-2,96,Normal
2026-02-16 04:47:20.962223,Toronto-7c50,20,100,Normal
2026-02-16 04:47:21.962223,Toronto-7c50,31,11,Normal
2026-02-16 04:47:22.962223,Toronto-7c50,-23,8,Normal
2026-02-16 04:47:23.962223,Toronto-7c50,-6,36,Normal
2026-02-16 04:47:24.962223,Toronto-7c50,12,65,Normal
2026-02-16 04:47:25.962223,Toronto-7c50,39,71,Normal
2026-02-16 04:47:26.962223,Toronto-7c50,21,10,Normal
2026-02-16 04:47:27.962223,Toronto-7c50,32,86,Normal
2026-02-16 04:47:28.962223,Toronto-7c50,-22,89,Normal
2026-02-16 04:47:29.962223,Toronto-7c50,20,60,Normal
2026-02-16 04:47:30.962223,Toronto-7c50,17,9,Normal
2026-02-16 04:47:31.962223,Toronto-7c50,33,84,Normal
2026-02-16 04:47:32.962223,Toronto-7c50,7,89,Normal
2026-02-16 04:47:33.962223,Toronto-7c50,49,39,Normal
2026-02-16 04:47:34.962223,Toronto-7c50,18,40,Normal
2026-02-16 04:47:35.962223,Toronto-7c50,-1,90,Normal
2026-02-16 04:47:36.962223,Toronto-7c50,8,49,Normal
2026-02-16 04:47:37.962223,Toronto-7c50,-15,50,Normal
2026-02-16 04:47:38.962223,Toronto-7c50,29,79,Normal
2026-02-16 04:47:39.962223,Toronto-7c50,31,82,Normal
2026-02-16 04:47:40.962223,Toronto-7c50,7,33,Normal
2026-02-16 04:47:41.962223,Toronto-7c50,13,67,Normal
2026-02-16 04:47:42.962223,Toronto-7c50,47,5,Normal
2026-02-16 04:47:43.962223,Toronto-7c50,49,4,Normal
2026-02-16 04:47:44.962223,Toronto-7c50,21,10,Normal
2026-02-16 04:47:45.962223,Toronto-7c50,-16,60,Normal
2026-02-16 04:47:46.962223,Toronto-7c50,23,29,Normal
2026-02-16 04:47:47.962223,Toronto-7c50,12,18,Normal
2026-02-16 04:47:48.962223,Toronto-7c50,-7,34,Normal
2026-02-16 04:47:49.962223,Toronto-7c50,27,6,Normal
2026-02-16 04:47:50.962223,Toronto-7c50,15,50,Normal
2026-02-16 04:47:51.962223,Toronto-7c50,-18,94,Normal
2026-02-16 04:47:52.962223,Toronto-7c50,25,15,Normal
2026-02-16 04:47:53.962223,Toronto-7c50,34,3,Normal
2026-02-16 04:47:54.962223,Toronto-7c50,24,61,Normal
2026-02-16 04:47:55.962223,Toronto-7c50,10,91,Normal
2026-02-16 04:47:56.962223,Toronto-7c50,50,15,Normal
2026-02-16 04:47:57.962223,Toronto-7c50,-1,94,Normal
2026-02-16 04:47:58.962223,Toronto-7c50,-18,52,Normal
2026-02-16 04:47:59.962223,Toronto-7c50,32,31,Normal
2026-02-16 04:48:00.962223,Toronto-7c50,-4,61,Normal
2026-02-16 04:48:01.962223,Toronto-7c50,50,68,Normal
2026-02-16 04:48:02.962223,Toronto-7c50,42,18,Normal
2026-02-16 04:48:03.962223,Toronto-7c50,5,51,Normal
2026-02-16 04:48:04.962223,Toronto-7c50,2,71,Normal
2026-02-16 04:48:05.962223,Toronto-7c50,13,5,Normal
2026-02-16 04:48:06.962223,Toronto-7c50,16,46,Normal
2026-02-16 04:48:07.962223,Toronto-7c50,6,3,Normal
2026-02-16 04:48:08.962223,Toronto-7c50,-17,54,Normal
2026-02-16 04:48:09.962223,Toronto-7c50,7,62,Normal
2026-02-16 04:48:10.962223,Toronto-7c50,-5,90,Normal
2026-02-16 04:48:11.962223,Toronto-7c50,45,10,Normal
2026-02-16 04:48:12.962223,Toronto-7c50,9,90,Normal
2026-02-16 04:48:13.962223,Toronto-7c50,27,65,Normal
2026-02-16 04:48:14.962223,Toronto-7c50,39,40,Normal
2026-02-16 04:48:15.962223,Toronto-7c50,0,98,Normal
2026-02-16 04:48:16.962223,Toronto-7c50,-17,61,Normal
2026-02-16 04:48:17.962223,Toronto-7c50,-27,100,Normal
2026-02-16 04:48:18.962223,Toronto-7c50,-18,95,Normal
2026-02-16 04:48:19.962223,Toronto-7c50,-3,89,Normal
2026-02-16 04:48:20.962223,Toronto-7c50,7,65,Normal
2026-02-16 04:48:21.962223,Toronto-7c50,47,82,Normal
2026-02-16 04:48:22.962223,Toronto-7c50,-25,75,Normal
2026-02-16 04:48:23.962223,Toronto-7c50,49,52,Normal
2026-02-16 04:48:24.962223,Toronto-7c50,-5,52,Normal
2026-02-16 04:48:25.962223,Toronto-7c50,12,89,Normal
2026-02-16 04:48:26.962223,Toronto-7c50,-28,55,Normal
2026-02-16 04:48:27.962223,Toronto-7c50,-10,91,Normal
2026-02-16 04:48:28.962223,Toronto-7c50,19,49,Normal
2026-02-16 04:48:29.962223,Toronto-7c50,-1,47,Normal
2026-02-16 04:48:30.962223,Toronto-7c50,13,45,Normal
2026-02-16 04:48:31.962223,Toronto-7c50,-22,5,Normal
2026-02-16 04:48:32.962223,Toronto-7c50,11,75,Normal
2026-02-16 04:48:33.962223,Toronto-7c50,8,26,Normal
2026-02-16 04:48:34.962223,Toronto-7c50,23,41,Normal
2026-02-16 04:48:35.962223,Toronto-7c50,10,15,Normal
2026-02-16 04:48:36.962223,Toronto-7c50,8,65,Normal
2026-02-16 04:48:37.962223,Toronto-7c50,27,69,Normal
2026-02-16 04:48:38.962223,Toronto-7c50,39,37,Normal
2026-02-16 04:48:39.962223,Toronto-7c50,7,19,Normal
2026-02-16 04:48:40.962223,Toronto-7c50,3,45,Normal
2026-02-16 04:48:41.962223,Toronto-7c50,42,42,Normal
2026-02-16 04:48:42.962223,Toronto-7c50,22,30,Normal
2026-02-16 04:48:43.962223,Toronto-7c50,46,50,Normal
2026-02-16 04:48:44.962223,Toronto-7c50,-23,9,Normal
2026-02-16 04:48:45.962223,Toronto-7c50,-28,4,Normal
2026-02-16 04:48:46.962223,Toronto-7c50,15,98,Normal
2026-02-16 04:48:47.962223,Toronto-7c50,37,91,Normal
2026-02-16 04:48:48.962223,Toronto-7c50,17,75,Normal
2026-02-16 04:48:49.962223,Toronto-7c50,-27,99,Normal
2026-02-16 04:48:50.962223,Toronto-7c50,-20,97,Normal
2026-02-16 04:48:51.962223,Toronto-7c50,-22,98,Normal
2026-02-16 04:48:52.962223,Toronto-7c50,5,19,Normal
2026-02-16 04:48:53.962223,Toronto-7c50,11,82,Normal
2026-02-16 04:48:54.962223,Toronto-7c50,29,20,Normal
2026-02-16 04:48:55.962223,Toronto-7c50,-12,82,Normal
2026-02-16 04:48:56.962223,Toronto-7c50,20,82,Normal
2026-02-16 04:48:57.962223,Toronto-7c50,-6,1,Normal
2026-02-16 04:48:58.962223,Toronto-7c50,-25,72,Normal
2026-02-16 04:48:59.962223,Toronto-7c50,32,1,Normal
2026-02-16 04:49:00.962223,Toronto-7c50,44,41,Normal
2026-02-16 04:49:01.962223,Toronto-7c50,26,45,Normal
2026-02-16 04:49:02.962223,Toronto-7c50,8,83,Normal
2026-02-16 04:49:03.962223,Toronto-7c50,26,93,Normal
2026-02-16 04:49:04.962223,Toronto-7c50,6,40,Normal
2026-02-16 04:49:05.962223,Toronto-7c50,-27,76,Normal
2026-02-16 04:49:06.962223,Toronto-7c50,-21,2,Normal
2026-02-16 04:49:07.962223,Toronto-7c50,16,69,Normal
2026-02-16 04:49:08.962223,Toronto-7c50,11,92,Normal
2026-02-16 04:49:09.962223,Toronto-7c50,44,82,Normal
2026-02-16 04:49:10.962223,Toronto-7c50,-5,20,Normal
2026-02-16 04:49:11.962223,Toronto-7c50,8,72,Normal
2026-02-16 04:49:12.962223,Toronto-7c50,7,78,Normal
2026-02-16 04:49:13.962223,Toronto-7c50,-15,19,Normal
2026-02-16 04:49:14.962223,Toronto-7c50,-21,44,Normal
2026-02-16 04:49:15.962223,Toronto-7c50,33,41,Normal
2026-02-16 04:49:16.962223,Toronto-7c50,8,3,Normal
2026-02-16 04:49:17.962223,Toronto-7c50,36,3,Normal
2026-02-16 04:49:18.962223,Toronto-7c50,-7,27,Normal
2026-02-16 04:49:19.962223,Toronto-7c50,-2,78,Normal
2026-02-16 04:49:20.962223,Toronto-7c50,19,27,Normal
2026-02-16 04:49:21.962223,Toronto-7c50,-22,28,Normal
2026-02-16 04:49:22.962223,Toronto-7c50,29,23,Normal
2026-02-16 04:49:23.962223,Toronto-7c50,-13,23,Normal
2026-02-16 04:49:24.962223,Toronto-7c50,37,74,Normal
2026-02-16 04:49:25.962223,Toronto-7c50,20,48,Normal
2026-02-16 04:49:26.962223,Toronto-7c50,-24,40,Normal
2026-02-16 04:49:27.962223,Toronto-7c50,47,10,Normal
2026-02-16 04:49:28.962223,Toronto-7c50,-16,80,Normal
2026-02-16 04:49:29.962223,Toronto-7c50,-12,51,Normal
2026-02-16 04:49:30.962223,Toronto-7c50,-6,1,Normal
2026-02-16 04:49:31.962223,Toronto-7c50,36,83,Normal
2026-02-16 04:49:32.962223,Toronto-7c50,47,73,Normal
2026-02-16 04:49:33.962223,Toronto-7c50,24,83,Normal
2026-02-16 04:49:34.962223,Toronto-7c50,-20,7,Normal
2026-02-16 04:49:35.962223,Toronto-7c50,30,33,Normal
2026-02-16 04:49:36.962223,Toronto-7c50,-29,77,Normal
2026-02-16 04:49:37.962223,Toronto-7c50,8,17,Normal
2026-02-16 04:49:38.962223,Toronto-7c50,21,27,Normal
2026-02-16 04:49:39.962223,Toronto-7c50,-26,33,Normal
2026-02-16 04:49:40.962223,Toronto-7c50,-8,45,Normal
2026-02-16 04:49:41.962223,Toronto-7c50,14,71,Normal
2026-02-16 04:49:42.962223,Toronto-7c50,-11,27,Normal
2026-02-16 04:49:43.962223,Toronto-7c50,-12,45,Normal
2026-02-16 04:49:44.962223,Toronto-7c50,3,58,Normal
2026-02-16 04:49:45.962223,Toronto-7c50,28,79,Normal
2026-02-16 04:49:46.962223,Toronto-7c50,14,44,Normal
2026-02-16 04:49:47.962223,Toronto-7c50,5,31,Normal
2026-02-16 04:49:48.962223,Toronto-7c50,27,95,Normal
2026-02-16 04:49:49.962223,Toronto-7c50,18,66,Normal
2026-02-16 04:49:50.962223,Toronto-7c50,30,8,Normal
2026-02-16 04:49:51.962223,Toronto-7c50,8,46,Normal
2026-02-16 04:49:52.962223,Toronto-7c50,-19,92,Normal
2026-02-16 04:49:53.962223,Toronto-7c50,23,83,Normal
2026-02-16 04:49:54.962223,Toronto-7c50,28,71,Normal
2026-02-16 04:49:55.962223,Toronto-7c50,22,18,Normal
2026-02-16 04:49:56.962223,Toronto-7c50,45,23,Normal
2026-02-16 04:49:57.962223,Toronto-7c50,43,23,Normal
2026-02-16 04:49:58.962223,Toronto-7c50,27,84,Normal
2026-02-16 04:49:59.962223,Toronto-7c50,32,53,Normal
2026-02-16 04:50:00.962223,Toronto-7c50,3,54,Normal
2026-02-16 04:50:01.962223,Toronto-7c50,7,96,Normal
2026-02-16 04:50:02.962223,Toronto-7c50,-5,15,Normal
2026-02-16 04:50:03.962223,Toronto-7c50,-1,42,Normal
2026-02-16 04:50:04.962223,Toronto-7c50,6,41,Normal
2026-02-16 04:50:05.962223,Toronto-7c50,46,80,Normal
2026-02-16 04:50:06.962223,Toronto-7c50,-1,16,Normal
2026-02-16 04:50:07.962223,Toronto-7c50,4,67,Normal
2026-02-16 04:50:08.962223,Toronto-7c50,28,75,Normal
2026-02-16 04:50:09.962223,Toronto-7c50,-26,30,Normal
2026-02-16 04:50:10.962223,Toronto-7c50,-23,66,Normal
2026-02-16 04:50:11.962223,Toronto-7c50,-24,74,Normal
2026-02-16 04:50:12.962223,Toronto-7c50,-16,21,Normal
2026-02-16 04:50:13.962223,Toronto-7c50,32,48,Normal
2026-02-16 04:50:14.962223,Toronto-7c50,11,54,Normal
2026-02-16 04:50:15.962223,Toronto-7c50,-25,56,Normal
2026-02-16 04:50:16.962223,Toronto-7c50,36,50,Normal
2026-02-16 04:50:17.962223,Toronto-7c50,-5,37,Normal
2026-02-16 04:50:18.962223,Toronto-7c50,32,18,Normal
2026-02-16 04:50:19.962223,Toronto-7c50,9,42,Normal
2026-02-16 04:50:20.962223,Toronto-7c50,38,43,Normal
2026-02-16 04:50:21.962223,Toronto-7c50,39,97,Normal
2026-02-16 04:50:22.962223,Toronto-7c50,46,10,Normal
2026-02-16 04:50:23.962223,Toronto-7c50,34,74,Normal
2026-02-16 04:50:24.962223,Toronto-7c50,21,77,Normal
2026-02-16 04:50:25.962223,Toronto-7c50,10,74,Normal
2026-02-16 04:50:26.962223,Toronto-7c50,-27,3,Normal
2026-02-16 04:50:27.962223,Toronto-7c50,42,57,Normal
2026-02-16 04:50:28.962223,Toronto-7c50,42,51,Normal
2026-02-16 04:50:29.962223,Toronto-7c50,-27,86,Normal
2026-02-16 04:50:30.962223,Toronto-7c50,-28,84,Normal
2026-02-16 04:50:31.962223,Toronto-7c50,-17,4,Normal
2026-02-16 04:50:32.962223,Toronto-7c50,-3,7,Normal
2026-02-16 04:50:33.962223,Toronto-7c50,2,82,Normal
2026-02-16 04:50:34.962223,Toronto-7c50,-6,17,Normal
2026-02-16 04:50:35.962223,Toronto-7c50,43,79,Normal
2026-02-16 04:50:36.962223,Toronto-7c50,-4,83,Normal
2026-02-16 04:50:37.962223,Toronto-7c50,-16,91,Normal
2026-02-16 04:50:38.962223,Toronto-7c50,-7,7,Normal
2026-02-16 04:50:39.962223,Toronto-7c50,7,61,Normal
2026-02-16 04:50:40.962223,Toronto-7c50,0,20,Normal
2026-02-16 04:50:41.962223,Toronto-7c50,-27,8,Normal
2026-02-16 04:50:42.962223,Toronto-7c50,1,75,Normal
2026-02-16 04:50:43.962223,Toronto-7c50,-8,10,Normal
2026-02-16 04:50:44.962223,Toronto-7c50,6,40,Normal
2026-02-16 04:50:45.962223,Toronto-7c50,-22,84,Normal
2026-02-16 04:50:46.962223,Toronto-7c50,10,64,Normal
2026-02-16 04:50:47.962223,Toronto-7c50,32,91,Normal
2026-02-16 04:50:48.962223,Toronto-7c50,-17,44,Normal
2026-02-16 04:50:49.962223,Toronto-7c50,46,94,Normal
2026-02-16 04:50:50.962223,Toronto-7c50,1,7,Normal
2026-02-16 04:50:51.962223,Toronto-7c50,31,28,Normal
2026-02-16 04:50:52.962223,Toronto-7c50,20,72,Normal
2026-02-16 04:50:53.962223,Toronto-7c50,25,87,Normal
2026-02-16 04:50:54.962223,Toronto-7c50,11,7,Normal
2026-02-16 04:50:55.962223,Toronto-7c50,-13,18,Normal
2026-02-16 04:50:56.962223,Toronto-7c50,-21,65,Normal
2026-02-16 04:50:57.962223,Toronto-7c50,44,100,Normal
2026-02-16 04:50:58.962223,Toronto-7c50,-28,74,Normal
2026-02-16 04:50:59.962223,Toronto-7c50,27,12,Normal
2026-02-16 04:51:00.962223,Toronto-7c50,35,36,Normal
2026-02-16 04:51:01.962223,Toronto-7c50,6,40,Normal
2026-02-16 04:51:02.962223,Toronto-7c50,-11,26,Normal
2026-02-16 04:51:03.962223,Toronto-7c50,-17,4,Normal
2026-02-16 04:51:04.962223,Toronto-7c50,49,85,Normal
2026-02-16 04:51:05.962223,Toronto-7c50,45,17,Normal
2026-02-16 04:51:06.962223,Toronto-7c50,-3,13,Normal
2026-02-16 04:51:07.962223,Toronto-7c50,-24,83,Normal
2026-02-16 04:51:08.962223,Toronto-7c50,9,86,Normal
2026-02-16 04:51:09.962223,Toronto-7c50,30,60,Normal
2026-02-16 04:51:10.962223,Toronto-7c50,31,80,Normal
2026-02-16 04:51:11.962223,Toronto-7c50,35,50,Normal
2026-02-16 04:51:12.962223,Toronto-7c50,1,40,Normal
2026-02-16 04:51:13.962223,Toronto-7c50,40,80,Normal
2026-02-16 04:51:14.962223,Toronto-7c50,-9,68,Normal
2026-02-16 04:51:15.962223,Toronto-7c50,-26,66,Normal
2026-02-16 04:51:16.962223,Toronto-7c50,32,66,Normal
2026-02-16 04:51:17.962223,Toronto-7c50,-3,90,Normal
2026-02-16 04:51:18.962223,Toronto-7c50,48,8,Normal
2026-02-16 04:51:19.962223,Toronto-7c50,47,60,Normal
2026-02-16 04:51:20.962223,Toronto-7c50,50,45,Normal
2026-02-16 04:51:21.962223,Toronto-7c50,7,59,Normal
2026-02-16 04:51:22.962223,Toronto-7c50,-15,1,Normal
2026-02-16 04:51:23.962223,Toronto-7c50,48,87,Normal
2026-02-16 04:51:24.962223,Toronto-7c50,-5,81,Normal
2026-02-16 04:51:25.962223,Toronto-7c50,29,35,Normal
2026-02-16 04:51:26.962223,Toronto-7c50,-28,92,Normal
2026-02-16 04:51:27.962223,Toronto-7c50,-7,29,Normal
2026-02-16 04:51:28.962223,Toronto-7c50,-8,60,Normal
2026-02-16 04:51:29.962223,Toronto-7c50,39,9,Normal
2026-02-16 04:51:30.962223,Toronto-7c50,30,45,Normal
2026-02-16 04:51:31.962223,Toronto-7c50,19,85,Normal
2026-02-16 04:51:32.962223,Toronto-7c50,10,64,Normal
2026-02-16 04:51:33.962223,Toronto-7c50,23,33,Normal
2026-02-16 04:51:34.962223,Toronto-7c50,-12,29,Normal
2026-02-16 04:51:35.962223,Toronto-7c50,34,27,Normal
2026-02-16 04:51:36.962223,Toronto-7c50,47,72,Normal
2026-02-16 04:51:37.962223,Toronto-7c50,1,81,Normal
2026-02-16 04:51:38.962223,Toronto-7c50,-29,83,Normal
2026-02-16 04:51:39.962223,Toronto-7c50,-4,22,Normal
2026-02-16 04:51:40.962223,Toronto-7c50,-3,72,Normal
2026-02-16 04:51:41.962223,Toronto-7c50,3,69,Normal
2026-02-16 04:51:42.962223,Toronto-7c50,-15,86,Normal
2026-02-16 04:51:43.962223,Toronto-7c50,31,5,Normal
2026-02-16 04:51:44.962223,Toronto-7c50,15,98,Normal
2026-02-16 04:51:45.962223,Toronto-7c50,-5,11,Normal
2026-02-16 04:51:46.962223,Toronto-7c50,-28,3,Normal
2026-02-16 04:51:47.962223,Toronto-7c50,-11,67,Normal
2026-02-16 04:51:48.962223,Toronto-7c50,-11,52,Normal
2026-02-16 04:51:49.962223,Toronto-7c50,4,0,Normal
2026-02-16 04:51:50.962223,Toronto-7c50,1,25,Normal
2026-02-16 04:51:51.962223,Toronto-7c50,14,84,Normal
2026-02-16 04:51:52.962223,Toronto-7c50,-7,5,Normal
2026-02-16 04:51:53.962223,Toronto-7c50,21,10,Normal
2026-02-16 04:51:54.962223,Toronto-7c50,-26,11,Normal
2026-02-16 04:51:55.962223,Toronto-7c50,-2,21,Normal
2026-02-16 04:51:56.962223,Toronto-7c50,-10,46,Normal
2026-02-16 04:51:57.962223,Toronto-7c50,-1,66,Normal
2026-02-16 04:51:58.962223,Toronto-7c50,-28,72,Normal
2026-02-16 04:51:59.962223,Toronto-7c50,-12,30,Normal
2026-02-16 04:52:00.962223,Toronto-7c50,41,16,Normal
2026-02-16 04:52:01.962223,Toronto-7c50,-24,92,Normal
2026-02-16 04:52:02.962223,Toronto-7c50,-6,73,Normal
2026-02-16 04:52:03.962223,Toronto-7c50,-25,14,Normal
2026-02-16 04:52:04.962223,Toronto-7c50,50,15,Normal
2026-02-16 04:52:05.962223,Toronto-7c50,17,74,Normal
2026-02-16 04:52:06.962223,Toronto-7c50,-13,57,Normal
2026-02-16 04:52:07.962223,Toronto-7c50,33,68,Normal
2026-02-16 04:52:08.962223,Toronto-7c50,32,28,Normal
2026-02-16 04:52:09.962223,Toronto-7c50,35,1,Normal
2026-02-16 04:52:10.962223,Toronto-7c50,-1,80,Normal
2026-02-16 04:52:11.962223,Toronto-7c50,-21,56,Normal
2026-02-16 04:52:12.962223,Toronto-7c50,48,86,Normal
2026-02-16 04:52:13.962223,Toronto-7c50,36,35,Normal
2026-02-16 04:52:14.962223,Toronto-7c50,36,6,Normal
2026-02-16 04:52:15.962223,Toronto-7c50,44,23,Normal
2026-02-16 04:52:16.962223,Toronto-7c50,-1,52,Normal
2026-02-16 04:52:17.962223,Toronto-7c50,-4,42,Normal
2026-02-16 04:52:18.962223,Toronto-7c50,7,94,Normal
2026-02-16 04:52:19.962223,Toronto-7c50,32,61,Normal
2026-02-16 04:52:20.962223,Toronto-7c50,-5,88,Normal
2026-02-16 04:52:21.962223,Toronto-7c50,1,26,Normal
2026-02-16 04:52:22.962223,Toronto-7c50,37,56,Normal
2026-02-16 04:52:23.962223,Toronto-7c50,35,65,Normal
2026-02-16 04:52:24.962223,Toronto-7c50,28,55,Normal
2026-02-16 04:52:25.962223,Toronto-7c50,-8,38,Normal
2026-02-16 04:52:26.962223,Toronto-7c50,-14,90,Normal
2026-02-16 04:52:27.962223,Toronto-7c50,15,88,Normal
2026-02-16 04:52:28.962223,Toronto-7c50,43,92,Normal
2026-02-16 04:52:29.962223,Toronto-7c50,11,23,Normal
2026-02-16 04:52:30.962223,Toronto-7c50,22,51,Normal
2026-02-16 04:52:31.962223,Toronto-7c50,28,65,Normal
2026-02-16 04:52:32.962223,Toronto-7c50,-9,92,Normal
2026-02-16 04:52:33.962223,Toronto-7c50,-15,100,Normal
2026-02-16 04:52:34.962223,Toronto-7c50,-6,37,Normal
2026-02-16 04:52:35.962223,Toronto-7c50,-17,53,Normal
2026-02-16 04:52:36.962223,Toronto-7c50,48,20,Normal
2026-02-16 04:52:37.962223,Toronto-7c50,-27,91,Normal
2026-02-16 04:52:38.962223,Toronto-7c50,-8,62,Normal
2026-02-16 04:52:39.962223,Toronto-7c50,43,67,Normal
2026-02-16 04:52:40.962223,Toronto-7c50,6,54,Normal
2026-02-16 04:52:41.962223,Toronto-7c50,-23,17,Normal
2026-02-16 04:52:42.962223,Toronto-7c50,-24,97,Normal
2026-02-16 04:52:43.962223,Toronto-7c50,0,15,Normal
2026-02-16 04:52:44.962223,Toronto-7c50,1,12,Normal
2026-02-16 04:52:45.962223,Toronto-7c50,6,62,Normal
2026-02-16 04:52:46.962223,Toronto-7c50,14,47,Normal
2026-02-16 04:52:47.962223,Toronto-7c50,12,50,Normal
2026-02-16 04:52:48.962223,Toronto-7c50,-19,12,Normal
2026-02-16 04:52:49.962223,Toronto-7c50,21,71,Normal
2026-02-16 04:52:50.962223,Toronto-7c50,25,33,Normal
2026-02-16 04:52:51.962223,Toronto-7c50,6,84,Normal
2026-02-16 04:52:52.962223,Toronto-7c50,21,87,Normal
2026-02-16 04:52:53.962223,Toronto-7c50,44,57,Normal
2026-02-16 04:52:54.962223,Toronto-7c50,36,96,Normal
2026-02-16 04:52:55.962223,Toronto-7c50,45,41,Normal
2026-02-16 04:52:56.962223,Toronto-7c50,27,30,Normal
2026-02-16 04:52:57.962223,Toronto-7c50,44,22,Normal
2026-02-16 04:52:58.962223,Toronto-7c50,-17,56,Normal
2026-02-16 04:52:59.962223,Toronto-7c50,-16,51,Normal
2026-02-16 04:53:00.962223,Toronto-7c50,6,14,Normal
2026-02-16 04:53:01.962223,Toronto-7c50,-30,45,Normal
2026-02-16 04:53:02.962223,Toronto-7c50,-3,22,Normal
2026-02-16 04:53:03.962223,Toronto-7c50,-28,11,Normal
2026-02-16 04:53:04.962223,Toronto-7c50,27,94,Normal
2026-02-16 04:53:05.962223,Toronto-7c50,-16,20,Normal
2026-02-16 04:53:06.962223,Toronto-7c50,46,40,Normal
2026-02-16 04:53:07.962223,Toronto-7c50,43,84,Normal
2026-02-16 04:53:08.962223,Toronto-7c50,1,99,Normal
2026-02-16 04:53:09.962223,Toronto-7c50,-25,84,Normal
2026-02-16 04:53:10.962223,Toronto-7c50,29,16,Normal
2026-02-16 04:53:11.962223,Toronto-7c50,13,91,Normal
2026-02-16 04:53:12.962223,Toronto-7c50,9,24,Normal
2026-02-16 04:53:13.962223,Toronto-7c50,-23,44,Normal
2026-02-16 04:53:14.962223,Toronto-7c50,16,23,Normal
2026-02-16 04:53:15.962223,Toronto-7c50,-25,23,Normal
2026-02-16 04:53:16.962223,Toronto-7c50,49,75,Normal
2026-02-16 04:53:17.962223,Toronto-7c50,21,25,Normal
2026-02-16 04:53:18.962223,Toronto-7c50,33,5,Normal
2026-02-16 04:53:19.962223,Toronto-7c50,-19,48,Normal
2026-02-16 04:53:20.962223,Toronto-7c50,-4,65,Normal
2026-02-16 04:53:21.962223,Toronto-7c50,-30,88,Normal
2026-02-16 04:53:22.962223,Toronto-7c50,40,28,Normal
2026-02-16 04:53:23.962223,Toronto-7c50,0,28,Normal
2026-02-16 04:53:24.962223,Toronto-7c50,38,43,Normal
2026-02-16 04:53:25.962223,Toronto-7c50,48,10,Normal
2026-02-16 04:53:26.962223,Toronto-7c50,-17,76,Normal
2026-02-16 04:53:27.962223,Toronto-7c50,45,17,Normal
2026-02-16 04:53:28.962223,Toronto-7c50,-20,40,Normal
2026-02-16 04:53:29.962223,Toronto-7c50,37,55,Normal
2026-02-16 04:53:30.962223,Toronto-7c50,45,84,Normal
2026-02-16 04:53:31.962223,Toronto-7c50,7,16,Normal
2026-02-16 04:53:32.962223,Toronto-7c50,18,57,Normal
2026-02-16 04:53:33.962223,Toronto-7c50,-16,31,Normal
2026-02-16 04:53:34.962223,Toronto-7c50,-18,30,Normal
2026-02-16 04:53:35.962223,Toronto-7c50,36,50,Normal
2026-02-16 04:53:36.962223,Toronto-7c50,-10,26,Normal
2026-02-16 04:53:37.962223,Toronto-7c50,-15,6,Normal
2026-02-16 04:53:38.962223,Toronto-7c50,6,96,Normal
2026-02-16 04:53:39.962223,Toronto-7c50,-22,62,Normal
2026-02-16 04:53:40.962223,Toronto-7c50,3,59,Normal
2026-02-16 04:53:41.962223,Toronto-7c50,-16,21,Normal
2026-02-16 04:53:42.962223,Toronto-7c50,15,7,Normal
2026-02-16 04:53:43.962223,Toronto-7c50,-25,19,Normal
2026-02-16 04:53:44.962223,Toronto-7c50,20,92,Normal
2026-02-16 04:53:45.962223,Toronto-7c50,15,14,Normal
2026-02-16 04:53:46.962223,Toronto-7c50,-7,43,Normal
2026-02-16 04:53:47.962223,Toronto-7c50,-5,73,Normal
2026-02-16 04:53:48.962223,Toronto-7c50,-17,81,Normal
2026-02-16 04:53:49.962223,Toronto-7c50,23,60,Normal
2026-02-16 04:53:50.962223,Toronto-7c50,-16,42,Normal
2026-02-16 04:53:51.962223,Toronto-7c50,31,99,Normal
2026-02-16 04:53:52.962223,Toronto-7c50,28,74,Normal
2026-02-16 04:53:53.962223,Toronto-7c50,-18,6,Normal
2026-02-16 04:53:54.962223,Toronto-7c50,22,72,Normal
2026-02-16 04:53:55.962223,Toronto-7c50,-30,56,Normal
2026-02-16 04:53:56.962223,Toronto-7c50,16,61,Normal
2026-02-16 04:53:57.962223,Toronto-7c50,10,25,Normal
2026-02-16 04:53:58.962223,Toronto-7c50,-13,93,Normal
2026-02-16 04:53:59.962223,Toronto-7c50,16,26,Normal
2026-02-16 04:54:00.962223,Toronto-7c50,-27,94,Normal
2026-02-16 04:54:01.962223,Toronto-7c50,-29,84,Normal
2026-02-16 04:54:02.962223,Toronto-7c50,42,74,Normal
2026-02-16 04:54:03.962223,Toronto-7c50,-5,45,Normal
2026-02-16 04:54:04.962223,Toronto-7c50,9,74,Normal
2026-02-16 04:54:05.962223,Toronto-7c50,-28,67,Normal
2026-02-16 04:54:06.962223,Toronto-7c50,-12,21,Normal
2026-02-16 04:54:07.962223,Toronto-7c50,24,9,Normal
2026-02-16 04:54:08.962223,Toronto-7c50,-17,22,Normal
2026-02-16 04:54:09.962223,Toronto-7c50,32,6,Normal
2026-02-16 04:54:10.962223,Toronto-7c50,43,1,Normal
2026-02-16 04:54:11.962223,Toronto-7c50,-5,27,Normal
2026-02-16 04:54:12.962223,Toronto-7c50,27,27,Normal
2026-02-16 04:54:13.962223,Toronto-7c50,-4,82,Normal
2026-02-16 04:54:14.962223,Toronto-7c50,19,47,Normal
2026-02-16 04:54:15.962223,Toronto-7c50,-10,100,Normal
2026-02-16 04:54:16.962223,Toronto-7c50,42,95,Normal
2026-02-16 04:54:17.962223,Toronto-7c50,3,31,Normal
2026-02-16 04:54:18.962223,Toronto-7c50,45,94,Normal
2026-02-16 04:54:19.962223,Toronto-7c50,39,95,Normal
2026-02-16 04:54:20.962223,Toronto-7c50,-13,24,Normal
2026-02-16 04:54:21.962223,Toronto-7c50,-27,28,Normal
2026-02-16 04:54:22.962223,Toronto-7c50,-4,20,Normal
2026-02-16 04:54:23.962223,Toronto-7c50,9,68,Normal
2026-02-16 04:54:24.962223,Toronto-7c50,24,24,Normal
2026-02-16 04:54:25.962223,Toronto-7c50,8,5,Normal
2026-02-16 04:54:26.962223,Toronto-7c50,36,49,Normal
2026-02-16 04:54:27.962223,Toronto-7c50,-24,64,Normal
2026-02-16 04:54:28.962223,Toronto-7c50,29,77,Normal
2026-02-16 04:54:29.962223,Toronto-7c50,31,63,Normal
2026-02-16 04:54:30.962223,Toronto-7c50,37,40,Normal
2026-02-16 04:54:31.962223,Toronto-7c50,14,96,Normal
2026-02-16 04:54:32.962223,Toronto-7c50,16,4,Normal
2026-02-16 04:54:33.962223,Toronto-7c50,32,52,Normal
2026-02-16 04:54:34.962223,Toronto-7c50,22,77,Normal
2026-02-16 04:54:35.962223,Toronto-7c50,10,29,Normal
2026-02-16 04:54:36.962223,Toronto-7c50,43,93,Normal
2026-02-16 04:54:37.962223,Toronto-7c50,50,100,Normal
2026-02-16 04:54:38.962223,Toronto-7c50,12,11,Normal
2026-02-16 04:54:39.962223,Toronto-7c50,9,58,Normal
2026-02-16 04:54:40.962223,Toronto-7c50,-25,98,Normal
2026-02-16 04:54:41.962223,Toronto-7c50,8,59,Normal
2026-02-16 04:54:42.962223,Toronto-7c50,35,79,Normal
2026-02-16 04:54:43.962223,Toronto-7c50,28,86,Normal
2026-02-16 04:54:44.962223,Toronto-7c50,21,66,Normal
2026-02-16 04:54:45.962223,Toronto-7c50,-22,45,Normal
2026-02-16 04:54:46.962223,Toronto-7c50,15,48,Normal
2026-02-16 04:54:47.962223,Toronto-7c50,3,90,Normal
2026-02-16 04:54:48.962223,Toronto-7c50,21,57,Normal
2026-02-16 04:54:49.962223,Toronto-7c50,44,50,Normal
2026-02-16 04:54:50.962223,Toronto-7c50,20,68,Normal
2026-02-16 04:54:51.962223,Toronto-7c50,45,55,Normal
2026-02-16 04:54:52.962223,Toronto-7c50,-25,98,Normal
2026-02-16 04:54:53.962223,Toronto-7c50,39,5,Normal
2026-02-16 04:54:54.962223,Toronto-7c50,37,67,Normal
2026-02-16 04:54:55.962223,Toronto-7c50,28,15,Normal
2026-02-16 04:54:56.962223,Toronto-7c50,44,72,Normal
2026-02-16 04:54:57.962223,Toronto-7c50,21,24,Normal
2026-02-16 04:54:58.962223,Toronto-7c50,48,74,Normal
2026-02-16 04:54:59.962223,Toronto-7c50,-21,55,Normal
2026-02-16 04:55:00.962223,Toronto-7c50,34,86,Normal
2026-02-16 04:55:01.962223,Toronto-7c50,-24,19,Normal
2026-02-16 04:55:02.962223,Toronto-7c50,-26,15,Normal
2026-02-16 04:55:03.962223,Toronto-7c50,-3,69,Normal
2026-02-16 04:55:04.962223,Toronto-7c50,39,73,Normal
2026-02-16 04:55:05.962223,Toronto-7c50,15,16,Normal
2026-02-16 04:55:06.962223,Toronto-7c50,19,54,Normal
2026-02-16 04:55:07.962223,Toronto-7c50,11,9,Normal
2026-02-16 04:55:08.962223,Toronto-7c50,-13,97,Normal
2026-02-16 04:55:09.962223,Toronto-7c50,48,15,Normal
2026-02-16 04:55:10.962223,Toronto-7c50,27,41,Normal
2026-02-16 04:55:11.962223,Toronto-7c50,-3,31,Normal
2026-02-16 04:55:12.962223,Toronto-7c50,0,58,Normal
2026-02-16 04:55:13.962223,Toronto-7c50,34,90,Normal
2026-02-16 04:55:14.962223,Toronto-7c50,3,76,Normal
2026-02-16 04:55:15.962223,Toronto-7c50,-30,16,Normal
2026-02-16 04:55:16.962223,Toronto-7c50,-23,91,Normal
2026-02-16 04:55:17.962223,Toronto-7c50,19,95,Normal
2026-02-16 04:55:18.962223,Toronto-7c50,-7,4,Normal
2026-02-16 04:55:19.962223,Toronto-7c50,13,3,Normal
2026-02-16 04:55:20.962223,Toronto-7c50,6,86,Normal
2026-02-16 04:55:21.962223,Toronto-7c50,6,91,Normal
2026-02-16 04:55:22.962223,Toronto-7c50,-21,69,Normal
2026-02-16 04:55:23.962223,Toronto-7c50,-21,21,Normal
2026-02-16 04:55:24.962223,Toronto-7c50,48,67,Normal
2026-02-16 04:55:25.962223,Toronto-7c50,-13,59,Normal
2026-02-16 04:55:26.962223,Toronto-7c50,30,83,Normal
2026-02-16 04:55:27.962223,Toronto-7c50,-22,72,Normal
2026-02-16 04:55:28.962223,Toronto-7c50,26,63,Normal
2026-02-16 04:55:29.962223,Toronto-7c50,16,70,Normal
2026-02-16 04:55:30.962223,Toronto-7c50,4,63,Normal
2026-02-16 04:55:31.962223,Toronto-7c50,-25,9,Normal
2026-02-16 04:55:32.962223,Toronto-7c50,5,23,Normal
2026-02-16 04:55:33.962223,Toronto-7c50,12,89,Normal
2026-02-16 04:55:34.962223,Toronto-7c50,-13,83,Normal
2026-02-16 04:55:35.962223,Toronto-7c50,30,35,Normal
2026-02-16 04:55:36.962223,Toronto-7c50,5,13,Normal
2026-02-16 04:55:37.962223,Toronto-7c50,41,25,Normal
2026-02-16 04:55:38.962223,Toronto-7c50,49,65,Normal
2026-02-16 04:55:39.962223,Toronto-7c50,3,19,Normal
2026-02-16 04:55:40.962223,Toronto-7c50,-20,48,Normal
2026-02-16 04:55:41.962223,Toronto-7c50,27,43,Normal
2026-02-16 04:55:42.962223,Toronto-7c50,9,47,Normal
2026-02-16 04:55:43.962223,Toronto-7c50,-21,21,Normal
2026-02-16 04:55:44.962223,Toronto-7c50,42,40,Normal
2026-02-16 04:55:45.962223,Toronto-7c50,-25,19,Normal
2026-02-16 04:55:46.962223,Toronto-7c50,38,52,Normal
2026-02-16 04:55:47.962223,Toronto-7c50,4,47,Normal
2026-02-16 04:55:48.962223,Toronto-7c50,8,56,Normal
2026-02-16 04:55:49.962223,Toronto-7c50,8,62,Normal
2026-02-16 04:55:50.962223,Toronto-7c50,14,81,Normal
2026-02-16 04:55:51.962223,Toronto-7c50,-17,7,Normal
2026-02-16 04:55:52.962223,Toronto-7c50,45,65,Normal
2026-02-16 04:55:53.962223,Toronto-7c50,33,88,Normal
2026-02-16 04:55:54.962223,Toronto-7c50,39,85,Normal
2026-02-16 04:55:55.962223,Toronto-7c50,20,62,Normal
2026-02-16 04:55:56.962223,Toronto-7c50,30,48,Normal
2026-02-16 04:55:57.962223,Toronto-7c50,38,56,Normal
2026-02-16 04:55:58.962223,Toronto-7c50,46,79,Normal
2026-02-16 04:55:59.962223,Toronto-7c50,9,51,Normal
2026-02-16 04:56:00.962223,Toronto-7c50,1,19,Normal
2026-02-16 04:56:01.962223,Toronto-7c50,-12,51,Normal
2026-02-16 04:56:02.962223,Toronto-7c50,-29,44,Normal
2026-02-16 04:56:03.962223,Toronto-7c50,33,24,Normal
2026-02-16 04:56:04.962223,Toronto-7c50,32,53,Normal
2026-02-16 04:56:05.962223,Toronto-7c50,1,38,Normal
2026-02-16 04:56:06.962223,Toronto-7c50,49,61,Normal
2026-02-16 04:56:07.962223,Toronto-7c50,-22,1,Normal
2026-02-16 04:56:08.962223,Toronto-7c50,18,55,Normal
2026-02-16 04:56:09.962223,Toronto-7c50,-15,70,Normal
2026-02-16 04:56:10.962223,Toronto-7c50,36,24,Normal
2026-02-16 04:56:11.962223,Toronto-7c50,-23,46,Normal
2026-02-16 04:56:12.962223,Toronto-7c50,44,68,Normal
2026-02-16 04:56:13.962223,Toronto-7c50,-11,37,Normal
2026-02-16 04:56:14.962223,Toronto-7c50,25,27,Normal
2026-02-16 04:56:15.962223,Toronto-7c50,43,95,Normal
2026-02-16 04:56:16.962223,Toronto-7c50,6,76,Normal
2026-02-16 04:56:17.962223,Toronto-7c50,-16,38,Normal
2026-02-16 04:56:18.962223,Toronto-7c50,-24,87,Normal
2026-02-16 04:56:19.962223,Toronto-7c50,-9,39,Normal
2026-02-16 04:56:20.962223,Toronto-7c50,17,94,Normal
2026-02-16 04:56:21.962223,Toronto-7c50,-17,42,Normal
2026-02-16 04:56:22.962223,Toronto-7c50,25,68,Normal
2026-02-16 04:56:23.962223,Toronto-7c50,20,17,Normal
2026-02-16 04:56:24.962223,Toronto-7c50,-20,17,Normal
2026-02-16 04:56:25.962223,Toronto-7c50,25,90,Normal
2026-02-16 04:56:26.962223,Toronto-7c50,0,70,Normal
2026-02-16 04:56:27.962223,Toronto-7c50,44,80,Normal
2026-02-16 04:56:28.962223,Toronto-7c50,-17,60,Normal
2026-02-16 04:56:29.962223,Toronto-7c50,14,87,Normal
2026-02-16 04:56:30.962223,Toronto-7c50,27,1,Normal
2026-02-16 04:56:31.962223,Toronto-7c50,-2,27,Normal
2026-02-16 04:56:32.962223,Toronto-7c50,-14,34,Normal
2026-02-16 04:56:33.962223,Toronto-7c50,-19,1,Normal
2026-02-16 04:56:34.962223,Toronto-7c50,-27,40,Normal
2026-02-16 04:56:35.962223,Toronto-7c50,44,68,Normal
2026-02-16 04:56:36.962223,Toronto-7c50,24,20,Normal
2026-02-16 04:56:37.962223,Toronto-7c50,-7,67,Normal
2026-02-16 04:56:38.962223,Toronto-7c50,-30,97,Normal
2026-02-16 04:56:39.962223,Toronto-7c50,12,46,Normal
2026-02-16 04:56:40.962223,Toronto-7c50,30,80,Normal
2026-02-16 04:56:41.962223,Toronto-7c50,17,88,Normal
2026-02-16 04:56:42.962223,Toronto-7c50,10,16,Normal
2026-02-16 04:56:43.962223,Toronto-7c50,3,99,Normal
2026-02-16 04:56:44.962223,Toronto-7c50,32,87,Normal
2026-02-16 04:56:45.962223,Toronto-7c50,35,48,Normal
2026-02-16 04:56:46.962223,Toronto-7c50,1,72,Normal
2026-02-16 04:56:47.962223,Toronto-7c50,1,50,Normal
2026-02-16 04:56:48.962223,Toronto-7c50,-5,52,Normal
2026-02-16 04:56:49.962223,Toronto-7c50,44,16,Normal
2026-02-16 04:56:50.962223,Toronto-7c50,46,3,Normal
2026-02-16 04:56:51.962223,Toronto-7c50,23,4,Normal
2026-02-16 04:56:52.962223,Toronto-7c50,-22,36,Normal
2026-02-16 04:56:53.962223,Toronto-7c50,47,34,Normal
2026-02-16 04:56:54.962223,Toronto-7c50,-24,4,Normal
2026-02-16 04:56:55.962223,Toronto-7c50,46,47,Normal
2026-02-16 04:56:56.962223,Toronto-7c50,22,62,Normal
2026-02-16 04:56:57.962223,Toronto-7c50,29,2,Normal
2026-02-16 04:56:58.962223,Toronto-7c50,1,87,Normal
2026-02-16 04:56:59.962223,Toronto-7c50,16,89,Normal
2026-02-16 04:57:00.962223,Toronto-7c50,5,5,Normal
2026-02-16 04:57:01.962223,Toronto-7c50,-11,24,Normal
2026-02-16 04:57:02.962223,Toronto-7c50,32,53,Normal
2026-02-16 04:57:03.962223,Toronto-7c50,27,54,Normal
2026-02-16 04:57:04.962223,Toronto-7c50,20,95,Normal
2026-02-16 04:57:05.962223,Toronto-7c50,35,51,Normal
2026-02-16 04:57:06.962223,Toronto-7c50,22,96,Normal
2026-02-16 04:57:07.962223,Toronto-7c50,-22,6,Normal
2026-02-16 04:57:08.962223,Toronto-7c50,43,98,Normal
2026-02-16 04:57:09.962223,Toronto-7c50,-11,93,Normal
2026-02-16 04:57:10.962223,Toronto-7c50,14,71,Normal
2026-02-16 04:57:11.962223,Toronto-7c50,37,87,Normal
2026-02-16 04:57:12.962223,Toronto-7c50,27,10,Normal
2026-02-16 04:57:13.962223,Toronto-7c50,18,17,Normal
2026-02-16 04:57:14.962223,Toronto-7c50,49,80,Normal
2026-02-16 04:57:15.962223,Toronto-7c50,31,74,Normal
2026-02-16 04:57:16.962223,Toronto-7c50,16,67,Normal
2026-02-16 04:57:17.962223,Toronto-7c50,47,88,Normal
2026-02-16 04:57:18.962223,Toronto-7c50,38,25,Normal
2026-02-16 04:57:19.962223,Toronto-7c50,45,58,Normal
2026-02-16 04:57:20.962223,Toronto-7c50,-30,42,Normal
2026-02-16 04:57:21.962223,Toronto-7c50,50,84,Normal
2026-02-16 04:57:22.962223,Toronto-7c50,40,82,Normal
2026-02-16 04:57:23.962223,Toronto-7c50,46,100,Normal
2026-02-16 04:57:24.962223,Toronto-7c50,-18,62,Normal
2026-02-16 04:57:25.962223,Toronto-7c50,-18,68,Normal
2026-02-16 04:57:26.962223,Toronto-7c50,-13,65,Normal
2026-02-16 04:57:27.962223,Toronto-7c50,47,13,Normal
2026-02-16 04:57:28.962223,Toronto-7c50,-22,2,Normal
2026-02-16 04:57:29.962223,Toronto-7c50,1,39,Normal
2026-02-16 04:57:30.962223,Toronto-7c50,-25,27,Normal
2026-02-16 04:57:31.962223,Toronto-7c50,2,11,Normal
2026-02-16 04:57:32.962223,Toronto-7c50,20,9,Normal
2026-02-16 04:57:33.962223,Toronto-7c50,8,51,Normal
2026-02-16 04:57:34.962223,Toronto-7c50,38,72,Normal
2026-02-16 04:57:35.962223,Toronto-7c50,-17,71,Normal
2026-02-16 04:57:36.962223,Toronto-7c50,17,28,Normal
2026-02-16 04:57:37.962223,Toronto-7c50,-20,45,Normal
2026-02-16 04:57:38.962223,Toronto-7c50,-25,89,Normal
2026-02-16 04:57:39.962223,Toronto-7c50,-2,25,Normal
2026-02-16 04:57:40.962223,Toronto-7c50,-30,16,Normal
2026-02-16 04:57:41.962223,Toronto-7c50,44,12,Normal
2026-02-16 04:57:42.962223,Toronto-7c50,-22,63,Normal
2026-02-16 04:57:43.962223,Toronto-7c50,2,37,Normal
2026-02-16 04:57:44.962223,Toronto-7c50,18,62,Normal
2026-02-16 04:57:45.962223,Toronto-7c50,-23,95,Normal
2026-02-16 04:57:46.962223,Toronto-7c50,-8,26,Normal
2026-02-16 04:57:47.962223,Toronto-7c50,-2,7,Normal
2026-02-16 04:57:48.962223,Toronto-7c50,4,3,Normal
2026-02-16 04:57:49.962223,Toronto-7c50,-11,40,Normal
2026-02-16 04:57:50.962223,Toronto-7c50,49,97,Normal
2026-02-16 04:57:51.962223,Toronto-7c50,49,64,Normal
2026-02-16 04:57:52.962223,Toronto-7c50,6,13,Normal
2026-02-16 04:57:53.962223,Toronto-7c50,45,48,Normal
2026-02-16 04:57:54.962223,Toronto-7c50,-29,13,Normal
2026-02-16 04:57:55.962223,Toronto-7c50,-24,95,Normal
2026-02-16 04:57:56.962223,Toronto-7c50,33,57,Normal
2026-02-16 04:57:57.962223,Toronto-7c50,42,10,Normal
2026-02-16 04:57:58.962223,Toronto-7c50,-13,75,Normal
2026-02-16 04:57:59.962223,Toronto-7c50,-21,59,Normal
2026-02-16 04:58:00.962223,Toronto-7c50,19,11,Normal
2026-02-16 04:58:01.962223,Toronto-7c50,-30,42,Normal
2026-02-16 04:58:02.962223,Toronto-7c50,-8,33,Normal
2026-02-16 04:58:03.962223,Toronto-7c50,-6,8,Normal
2026-02-16 04:58:04.962223,Toronto-7c50,-8,80,Normal
2026-02-16 04:58:05.962223,Toronto-7c50,-16,88,Normal
2026-02-16 04:58:06.962223,Toronto-7c50,43,29,Normal
2026-02-16 04:58:07.962223,Toronto-7c50,34,89,Normal
2026-02-16 04:58:08.962223,Toronto-7c50,11,33,Normal
2026-02-16 04:58:09.962223,Toronto-7c50,18,85,Normal
2026-02-16 04:58:10.962223,Toronto-7c50,33,27,Normal
2026-02-16 04:58:11.962223,Toronto-7c50,0,4,Normal
2026-02-16 04:58:12.962223,Toronto-7c50,24,57,Normal
2026-02-16 04:58:13.962223,Toronto-7c50,-29,7,Normal
2026-02-16 04:58:14.962223,Toronto-7c50,38,94,Normal
2026-02-16 04:58:15.962223,Toronto-7c50,43,79,Normal
2026-02-16 04:58:16.962223,Toronto-7c50,-6,75,Normal
2026-02-16 04:58:17.962223,Toronto-7c50,29,24,Normal
2026-02-16 04:58:18.962223,Toronto-7c50,27,31,Normal
2026-02-16 04:58:19.962223,Toronto-7c50,50,45,Normal
2026-02-16 04:58:20.962223,Toronto-7c50,-18,41,Normal
2026-02-16 04:58:21.962223,Toronto-7c50,-5,92,Normal
2026-02-16 04:58:22.962223,Toronto-7c50,-24,38,Normal
2026-02-16 04:58:23.962223,Toronto-7c50,28,66,Normal
2026-02-16 04:58:24.962223,Toronto-7c50,14,71,Normal
2026-02-16 04:58:25.962223,Toronto-7c50,-30,20,Normal
2026-02-16 04:58:26.962223,Toronto-7c50,4,2,Normal
2026-02-16 04:58:27.962223,Toronto-7c50,5,52,Normal
2026-02-16 04:58:28.962223,Toronto-7c50,1,28,Normal
2026-02-16 04:58:29.962223,Toronto-7c50,-16,36,Normal
2026-02-16 04:58:30.962223,Toronto-7c50,28,7,Normal
2026-02-16 04:58:31.962223,Toronto-7c50,11,74,Normal
2026-02-16 04:58:32.962223,Toronto-7c50,-24,15,Normal
2026-02-16 04:58:33.962223,Toronto-7c50,2,95,Normal
2026-02-16 04:58:34.962223,Toronto-7c50,18,1,Normal
2026-02-16 04:58:35.962223,Toronto-7c50,22,8,Normal
2026-02-16 04:58:36.962223,Toronto-7c50,-12,9,Normal
2026-02-16 04:58:37.962223,Toronto-7c50,-30,35,Normal
2026-02-16 04:58:38.962223,Toronto-7c50,50,86,Normal
2026-02-16 04:58:39.962223,Toronto-7c50,-21,61,Normal
2026-02-16 04:58:40.962223,Toronto-7c50,10,68,Normal
2026-02-16 04:58:41.962223,Toronto-7c50,-12,15,Normal
2026-02-16 04:58:42.962223,Toronto-7c50,16,94,Normal
2026-02-16 04:58:43.962223,Toronto-7c50,-21,0,Normal
2026-02-16 04:58:44.962223,Toronto-7c50,27,61,Normal
2026-02-16 04:58:45.962223,Toronto-7c50,21,79,Normal
2026-02-16 04:58:46.962223,Toronto-7c50,21,48,Normal
2026-02-16 04:58:47.962223,Toronto-7c50,1,55,Normal
2026-02-16 04:58:48.962223,Toronto-7c50,-11,4,Normal
2026-02-16 04:58:49.962223,Toronto-7c50,4,27,Normal
2026-02-16 04:58:50.962223,Toronto-7c50,-11,55,Normal
2026-02-16 04:58:51.962223,Toronto-7c50,6,69,Normal
2026-02-16 04:58:52.962223,Toronto-7c50,-1,29,Normal
2026-02-16 04:58:53.962223,Toronto-7c50,-7,39,Normal
2026-02-16 04:58:54.962223,Toronto-7c50,35,84,Normal
2026-02-16 04:58:55.962223,Toronto-7c50,-28,92,Normal
2026-02-16 04:58:56.962223,Toronto-7c50,33,79,Normal
2026-02-16 04:58:57.962223,Toronto-7c50,20,32,Normal
2026-02-16 04:58:58.962223,Toronto-7c50,30,30,Normal
2026-02-16 04:58:59.962223,Toronto-7c50,33,38,Normal
2026-02-16 04:59:00.962223,Toronto-7c50,-27,35,Normal
2026-02-16 04:59:01.962223,Toronto-7c50,35,2,Normal
2026-02-16 04:59:02.962223,Toronto-7c50,33,1,Normal
2026-02-16 04:59:03.962223,Toronto-7c50,50,36,Normal
2026-02-16 04:59:04.962223,Toronto-7c50,17,81,Normal
2026-02-16 04:59:05.962223,Toronto-7c50,49,93,Normal
2026-02-16 04:59:06.962223,Toronto-7c50,-14,80,Normal
2026-02-16 04:59:07.962223,Toronto-7c50,27,95,Normal
2026-02-16 04:59:08.962223,Toronto-7c50,6,2,Normal
2026-02-16 04:59:09.962223,Toronto-7c50,23,57,Normal
2026-02-16 04:59:10.962223,Toronto-7c50,20,18,Normal
2026-02-16 04:59:11.962223,Toronto-7c50,-11,43,Normal
2026-02-16 04:59:12.962223,Toronto-7c50,9,58,Normal
2026-02-16 04:59:13.962223,Toronto-7c50,34,42,Normal
2026-02-16 04:59:14.962223,Toronto-7c50,39,50,Normal
2026-02-16 04:59:15.962223,Toronto-7c50,34,2,Normal
2026-02-16 04:59:16.962223,Toronto-7c50,19,27,Normal
2026-02-16 04:59:17.962223,Toronto-7c50,2,68,Normal
2026-02-16 04:59:18.962223,Toronto-7c50,44,42,Normal
2026-02-16 04:59:19.962223,Toronto-7c50,50,75,Normal
2026-02-16 04:59:20.962223,Toronto-7c50,-11,76,Normal
2026-02-16 04:59:21.962223,Toronto-7c50,33,68,Normal
2026-02-16 04:59:22.962223,Toronto-7c50,42,55,Normal
2026-02-16 04:59:23.962223,Toronto-7c50,29,51,Normal
2026-02-16 04:59:24.962223,Toronto-7c50,24,66,Normal
2026-02-16 04:59:25.962223,Toronto-7c50,41,21,Normal
2026-02-16 04:59:26.962223,Toronto-7c50,41,78,Normal
2026-02-16 04:59:27.962223,Toronto-7c50,38,94,Normal
2026-02-16 04:59:28.962223,Toronto-7c50,25,26,Normal
2026-02-16 04:59:29.962223,Toronto-7c50,-22,90,Normal
2026-02-16 04:59:30.962223,Toronto-7c50,-6,46,Normal
2026-02-16 04:59:31.962223,Toronto-7c50,-5,80,Normal
2026-02-16 04:59:32.962223,Toronto-7c50,-13,15,Normal
2026-02-16 04:59:33.962223,Toronto-7c50,-14,58,Normal
2026-02-16 04:59:34.962223,Toronto-7c50,-28,79,Normal
2026-02-16 04:59:35.962223,Toronto-7c50,2,60,Normal
2026-02-16 04:59:36.962223,Toronto-7c50,0,96,Normal
2026-02-16 04:59:37.962223,Toronto-7c50,6,11,Normal
2026-02-16 04:59:38.962223,Toronto-7c50,-28,60,Normal
2026-02-16 04:59:39.962223,Toronto-7c50,50,65,Normal
2026-02-16 04:59:40.962223,Toronto-7c50,-24,23,Normal
2026-02-16 04:59:41.962223,Toronto-7c50,39,17,Normal
2026-02-16 04:59:42.962223,Toronto-7c50,19,65,Normal
2026-02-16 04:59:43.962223,Toronto-7c50,-1,89,Normal
2026-02-16 04:59:44.962223,Toronto-7c50,17,10,Normal
2026-02-16 04:59:45.962223,Toronto-7c50,-8,78,Normal
2026-02-16 04:59:46.962223,Toronto-7c50,17,61,Normal
2026-02-16 04:59:47.962223,Toronto-7c50,-5,50,Normal
2026-02-16 04:59:48.962223,Toronto-7c50,-11,61,Normal
2026-02-16 04:59:49.962223,Toronto-7c50,44,92,Normal
2026-02-16 04:59:50.962223,Toronto-7c50,50,98,Normal
2026-02-16 04:59:51.962223,Toronto-7c50,47,26,Normal
2026-02-16 04:59:52.962223,Toronto-7c50,35,56,Normal
2026-02-16 04:59:53.962223,Toronto-7c50,-11,11,Normal
2026-02-16 04:59:54.962223,Toronto-7c50,33,74,Normal
2026-02-16 04:59:55.962223,Toronto-7c50,38,33,Normal
2026-02-16 04:59:56.962223,Toronto-7c50,-8,4,Normal
2026-02-16 04:59:57.962223,Toronto-7c50,3,17,Normal
2026-02-16 04:59:58.962223,Toronto-7c50,9,64,Normal
2026-02-16 04:59:59.962223,Toronto-7c50,49,39,Normal
2026-02-16 05:00:00.962223,Toronto-7c50,-1,29,Normal
2026-02-16 05:00:01.962223,Toronto-7c50,-24,48,Normal
2026-02-16 05:00:02.962223,Toronto-7c50,-2,60,Normal
2026-02-16 05:00:03.962223,Toronto-7c50,-22,58,Normal
2026-02-16 05:00:04.962223,Toronto-7c50,-8,30,Normal
2026-02-16 05:00:05.962223,Toronto-7c50,-21,100,Normal
2026-02-16 05:00:06.962223,Toronto-7c50,-29,76,Normal
2026-02-16 05:00:07.962223,Toronto-7c50,11,25,Normal
2026-02-16 05:00:08.962223,Toronto-7c50,27,70,Normal
2026-02-16 05:00:09.962223,Toronto-7c50,42,6,Normal
2026-02-16 05:00:10.962223,Toronto-7c50,14,69,Normal
2026-02-16 05:00:11.962223,Toronto-7c50,43,4,Normal
2026-02-16 05:00:12.962223,Toronto-7c50,-6,6,Normal
2026-02-16 05:00:13.962223,Toronto-7c50,-14,49,Normal
2026-02-16 05:00:14.962223,Toronto-7c50,-27,33,Normal
2026-02-16 05:00:15.962223,Toronto-7c50,40,25,Normal
2026-02-16 05:00:16.962223,Toronto-7c50,-9,26,Normal
2026-02-16 05:00:17.962223,Toronto-7c50,-27,0,Normal
2026-02-16 05:00:18.962223,Toronto-7c50,23,82,Normal
2026-02-16 05:00:19.962223,Toronto-7c50,14,39,Normal
2026-02-16 05:00:20.962223,Toronto-7c50,-25,22,Normal
2026-02-16 05:00:21.962223,Toronto-7c50,29,72,Normal
2026-02-16 05:00:22.962223,Toronto-7c50,1,96,Normal
2026-02-16 05:00:23.962223,Toronto-7c50,-12,40,Normal
2026-02-16 05:00:24.962223,Toronto-7c50,12,5,Normal
2026-02-16 05:00:25.962223,Toronto-7c50,33,65,Normal
2026-02-16 05:00:26.962223,Toronto-7c50,18,83,Normal
2026-02-16 05:00:27.962223,Toronto-7c50,43,31,Normal
2026-02-16 05:00:28.962223,Toronto-7c50,-14,8,Normal
2026-02-16 05:00:29.962223,Toronto-7c50,-27,99,Normal
2026-02-16 05:00:30.962223,Toronto-7c50,27,81,Normal
2026-02-16 05:00:31.962223,Toronto-7c50,13,65,Normal
2026-02-16 05:00:32.962223,Toronto-7c50,-24,56,Normal
2026-02-16 05:00:33.962223,Toronto-7c50,-11,73,Normal
2026-02-16 05:00:34.962223,Toronto-7c50,-19,36,Normal
2026-02-16 05:00:35.962223,Toronto-7c50,-4,26,Normal
2026-02-16 05:00:36.962223,Toronto-7c50,-19,1,Normal
2026-02-16 05:00:37.962223,Toronto-7c50,-7,42,Normal
2026-02-16 05:00:38.962223,Toronto-7c50,-23,77,Normal
2026-02-16 05:00:39.962223,Toronto-7c50,41,19,Normal
2026-02-16 05:00:40.962223,Toronto-7c50,-20,43,Normal
2026-02-16 05:00:41.962223,Toronto-7c50,7,44,Normal
2026-02-16 05:00:42.962223,Toronto-7c50,3,86,Normal
2026-02-16 05:00:43.962223,Toronto-7c50,39,86,Normal
2026-02-16 05:00:44.962223,Toronto-7c50,7,55,Normal
2026-02-16 05:00:45.962223,Toronto-7c50,10,9,Normal
2026-02-16 05:00:46.962223,Toronto-7c50,13,10,Normal
2026-02-16 05:00:47.962223,Toronto-7c50,23,61,Normal
2026-02-16 05:00:48.962223,Toronto-7c50,-30,71,Normal
2026-02-16 05:00:49.962223,Toronto-7c50,-14,3,Normal
2026-02-16 05:00:50.962223,Toronto-7c50,7,52,Normal
2026-02-16 05:00:51.962223,Toronto-7c50,23,95,Normal
2026-02-16 05:00:52.962223,Toronto-7c50,27,91,Normal
2026-02-16 05:00:53.962223,Toronto-7c50,-8,88,Normal
2026-02-16 05:00:54.962223,Toronto-7c50,22,32,Normal
2026-02-16 05:00:55.962223,Toronto-7c50,24,6,Normal
2026-02-16 05:00:56.962223,Toronto-7c50,-11,95,Normal
2026-02-16 05:00:57.962223,Toronto-7c50,47,35,Normal
2026-02-16 05:00:58.962223,Toronto-7c50,39,85,Normal
2026-02-16 05:00:59.962223,Toronto-7c50,-9,3,Normal
2026-02-16 05:01:00.962223,Toronto-7c50,-19,70,Normal
2026-02-16 05:01:01.962223,Toronto-7c50,7,48,Normal
2026-02-16 05:01:02.962223,Toronto-7c50,48,73,Normal
2026-02-16 05:01:03.962223,Toronto-7c50,0,37,Normal
2026-02-16 05:01:04.962223,Toronto-7c50,24,8,Normal
2026-02-16 05:01:05.962223,Toronto-7c50,-25,2,Normal
2026-02-16 05:01:06.962223,Toronto-7c50,5,16,Normal
2026-02-16 05:01:07.962223,Toronto-7c50,-19,55,Normal
2026-02-16 05:01:08.962223,Toronto-7c50,-30,58,Normal
2026-02-16 05:01:09.962223,Toronto-7c50,30,14,Normal
2026-02-16 05:01:10.962223,Toronto-7c50,41,66,Normal
2026-02-16 05:01:11.962223,Toronto-7c50,35,86,Normal
2026-02-16 05:01:12.962223,Toronto-7c50,-6,61,Normal
2026-02-16 05:01:13.962223,Toronto-7c50,-22,49,Normal
2026-02-16 05:01:14.962223,Toronto-7c50,3,64,Normal
2026-02-16 05:01:15.962223,Toronto-7c50,19,53,Normal
2026-02-16 05:01:16.962223,Toronto-7c50,-15,38,Normal
2026-02-16 05:01:17.962223,Toronto-7c50,-28,14,Normal
2026-02-16 05:01:18.962223,Toronto-7c50,-10,90,Normal
2026-02-16 05:01:19.962223,Toronto-7c50,43,13,Normal
2026-02-16 05:01:20.962223,Toronto-7c50,-11,58,Normal
2026-02-16 05:01:21.962223,Toronto-7c50,12,12,Normal
2026-02-16 05:01:22.962223,Toronto-7c50,12,72,Normal
2026-02-16 05:01:23.962223,Toronto-7c50,26,81,Normal
2026-02-16 05:01:24.962223,Toronto-7c50,37,24,Normal
2026-02-16 05:01:25.962223,Toronto-7c50,-2,14,Normal
2026-02-16 05:01:26.962223,Toronto-7c50,41,23,Normal
2026-02-16 05:01:27.962223,Toronto-7c50,17,82,Normal
2026-02-16 05:01:28.962223,Toronto-7c50,8,93,Normal
2026-02-16 05:01:29.962223,Toronto-7c50,-20,38,Normal
2026-02-16 05:01:30.962223,Toronto-7c50,12,10,Normal
2026-02-16 05:01:31.962223,Toronto-7c50,-2,65,Normal
2026-02-16 05:01:32.962223,Toronto-7c50,-2,92,Normal
2026-02-16 05:01:33.962223,Toronto-7c50,-18,52,Normal
2026-02-16 05:01:34.962223,Toronto-7c50,0,90,Normal
2026-02-16 05:01:35.962223,Toronto-7c50,26,55,Normal
2026-02-16 05:01:36.962223,Toronto-7c50,-20,9,Normal
2026-02-16 05:01:37.962223,Toronto-7c50,22,25,Normal
2026-02-16 05:01:38.962223,Toronto-7c50,-14,1,Normal
2026-02-16 05:01:39.962223,Toronto-7c50,36,17,Normal
2026-02-16 05:01:40.962223,Toronto-7c50,-1,13,Normal
2026-02-16 05:01:41.962223,Toronto-7c50,27,6,Normal
2026-02-16 05:01:42.962223,Toronto-7c50,1,71,Normal
2026-02-16 05:01:43.962223,Toronto-7c50,29,51,Normal
2026-02-16 05:01:44.962223,Toronto-7c50,43,19,Normal
2026-02-16 05:01:45.962223,Toronto-7c50,10,8,Normal
2026-02-16 05:01:46.962223,Toronto-7c50,-9,69,Normal
2026-02-16 05:01:47.962223,Toronto-7c50,0,15,Normal
2026-02-16 05:01:48.962223,Toronto-7c50,12,41,Normal
2026-02-16 05:01:49.962223,Toronto-7c50,8,38,Normal
2026-02-16 05:01:50.962223,Toronto-7c50,-7,84,Normal
2026-02-16 05:01:51.962223,Toronto-7c50,-7,7,Normal
2026-02-16 05:01:52.962223,Toronto-7c50,43,50,Normal
2026-02-16 05:01:53.962223,Toronto-7c50,-3,44,Normal
2026-02-16 05:01:54.962223,Toronto-7c50,31,11,Normal
2026-02-16 05:01:55.962223,Toronto-7c50,-26,53,Normal
2026-02-16 05:01:56.962223,Toronto-7c50,22,50,Normal
2026-02-16 05:01:57.962223,Toronto-7c50,22,68,Normal
2026-02-16 05:01:58.962223,Toronto-7c50,46,74,Normal
2026-02-16 05:01:59.962223,Toronto-7c50,-13,87,Normal
2026-02-16 05:02:00.962223,Toronto-7c50,50,34,Normal
2026-02-16 05:02:01.962223,Toronto-7c50,26,26,Normal
2026-02-16 05:02:02.962223,Toronto-7c50,47,70,Normal
2026-02-16 05:02:03.962223,Toronto-7c50,0,13,Normal
2026-02-16 05:02:04.962223,Toronto-7c50,1,40,Normal
2026-02-16 05:02:05.962223,Toronto-7c50,35,98,Normal
2026-02-16 05:02:06.962223,Toronto-7c50,-1,14,Normal
2026-02-16 05:02:07.962223,Toronto-7c50,-15,84,Normal
2026-02-16 05:02:08.962223,Toronto-7c50,-4,70,Normal
2026-02-16 05:02:09.962223,Toronto-7c50,10,18,Normal
2026-02-16 05:02:10.962223,Toronto-7c50,44,44,Normal
2026-02-16 05:02:11.962223,Toronto-7c50,-8,100,Normal
2026-02-16 05:02:12.962223,Toronto-7c50,45,39,Normal
2026-02-16 05:02:13.962223,Toronto-7c50,12,96,Normal
2026-02-16 05:02:14.962223,Toronto-7c50,-25,70,Normal
2026-02-16 05:02:15.962223,Toronto-7c50,41,26,Normal
2026-02-16 05:02:16.962223,Toronto-7c50,20,60,Normal
2026-02-16 05:02:17.962223,Toronto-7c50,-17,90,Normal
2026-02-16 05:02:18.962223,Toronto-7c50,-13,39,Normal
2026-02-16 05:02:19.962223,Toronto-7c50,-10,29,Normal
2026-02-16 05:02:20.962223,Toronto-7c50,14,59,Normal
2026-02-16 05:02:21.962223,Toronto-7c50,-3,73,Normal
2026-02-16 05:02:22.962223,Toronto-7c50,-5,87,Normal
2026-02-16 05:02:23.962223,Toronto-7c50,12,99,Normal
2026-02-16 05:02:24.962223,Toronto-7c50,1,95,Normal
2026-02-16 05:02:25.962223,Toronto-7c50,-5,98,Normal
2026-02-16 05:02:26.962223,Toronto-7c50,42,72,Normal
2026-02-16 05:02:27.962223,Toronto-7c50,-27,92,Normal
2026-02-16 05:02:28.962223,Toronto-7c50,-15,79,Normal
2026-02-16 05:02:29.962223,Toronto-7c50,30,82,Normal
2026-02-16 05:02:30.962223,Toronto-7c50,3,93,Normal
2026-02-16 05:02:31.962223,Toronto-7c50,16,56,Normal
2026-02-16 05:02:32.962223,Toronto-7c50,10,0,Normal
2026-02-16 05:02:33.962223,Toronto-7c50,26,7,Normal
2026-02-16 05:02:34.962223,Toronto-7c50,30,44,Normal
2026-02-16 05:02:35.962223,Toronto-7c50,3,10,Normal
2026-02-16 05:02:36.962223,Toronto-7c50,-2,56,Normal
2026-02-16 05:02:37.962223,Toronto-7c50,24,79,Normal
2026-02-16 05:02:38.962223,Toronto-7c50,-22,19,Normal
2026-02-16 05:02:39.962223,Toronto-7c50,-9,81,Normal
2026-02-16 05:02:40.962223,Toronto-7c50,0,78,Normal
2026-02-16 05:02:41.962223,Toronto-7c50,27,52,Normal
2026-02-16 05:02:42.962223,Toronto-7c50,0,11,Normal
2026-02-16 05:02:43.962223,Toronto-7c50,39,43,Normal
2026-02-16 05:02:44.962223,Toronto-7c50,33,10,Normal
2026-02-16 05:02:45.962223,Toronto-7c50,46,47,Normal
2026-02-16 05:02:46.962223,Toronto-7c50,-18,56,Normal
2026-02-16 05:02:47.962223,Toronto-7c50,-16,80,Normal
2026-02-16 05:02:48.962223,Toronto-7c50,13,15,Normal
2026-02-16 05:02:49.962223,Toronto-7c50,-27,98,Normal
2026-02-16 05:02:50.962223,Toronto-7c50,12,47,Normal
2026-02-16 05:02:51.962223,Toronto-7c50,36,55,Normal
2026-02-16 05:02:52.962223,Toronto-7c50,-25,25,Normal
2026-02-16 05:02:53.962223,Toronto-7c50,28,84,Normal
2026-02-16 05:02:54.962223,Toronto-7c50,-19,47,Normal
2026-02-16 05:02:55.962223,Toronto-7c50,5,19,Normal
2026-02-16 05:02:56.962223,Toronto-7c50,-27,20,Normal
2026-02-16 05:02:57.962223,Toronto-7c50,38,51,Normal
2026-02-16 05:02:58.962223,Toronto-7c50,49,83,Normal
2026-02-16 05:02:59.962223,Toronto-7c50,28,57,Normal
2026-02-16 05:03:00.962223,Toronto-7c50,37,92,Normal
2026-02-16 05:03:01.962223,Toronto-7c50,-30,55,Normal
2026-02-16 05:03:02.962223,Toronto-7c50,-10,5,Normal
2026-02-16 05:03:03.962223,Toronto-7c50,25,50,Normal
2026-02-16 05:03:04.962223,Toronto-7c50,-17,96,Normal
2026-02-16 05:03:05.962223,Toronto-7c50,34,91,Normal
2026-02-16 05:03:06.962223,Toronto-7c50,-16,9,Normal
2026-02-16 05:03:07.962223,Toronto-7c50,19,47,Normal
2026-02-16 05:03:08.962223,Toronto-7c50,3,94,Normal
2026-02-16 05:03:09.962223,Toronto-7c50,-25,72,Normal
2026-02-16 05:03:10.962223,Toronto-7c50,31,39,Normal
2026-02-16 05:03:11.962223,Toronto-7c50,21,28,Normal
2026-02-16 05:03:12.962223,Toronto-7c50,-1,52,Normal
2026-02-16 05:03:13.962223,Toronto-7c50,19,13,Normal
2026-02-16 05:03:14.962223,Toronto-7c50,26,79,Normal
2026-02-16 05:03:15.962223,Toronto-7c50,-27,98,Normal
2026-02-16 05:03:16.962223,Toronto-7c50,-19,95,Normal
2026-02-16 05:03:17.962223,Toronto-7c50,-15,84,Normal
2026-02-16 05:03:18.962223,Toronto-7c50,-19,13,Normal
2026-02-16 05:03:19.962223,Toronto-7c50,44,89,Normal
2026-02-16 05:03:20.962223,Toronto-7c50,-4,52,Normal
2026-02-16 05:03:21.962223,Toronto-7c50,12,5,Normal
2026-02-16 05:03:22.962223,Toronto-7c50,42,86,Normal
2026-02-16 05:03:23.962223,Toronto-7c50,15,90,Normal
2026-02-16 05:03:24.962223,Toronto-7c50,46,32,Normal
2026-02-16 05:03:25.962223,Toronto-7c50,48,32,Normal
2026-02-16 05:03:26.962223,Toronto-7c50,-15,7,Normal
2026-02-16 05:03:27.962223,Toronto-7c50,45,84,Normal
2026-02-16 05:03:28.962223,Toronto-7c50,-29,9,Normal
2026-02-16 05:03:29.962223,Toronto-7c50,-19,19,Normal
2026-02-16 05:03:30.962223,Toronto-7c50,41,51,Normal
2026-02-16 05:03:31.962223,Toronto-7c50,-28,15,Normal
2026-02-16 05:03:32.962223,Toronto-7c50,4,28,Normal
2026-02-16 05:03:33.962223,Toronto-7c50,41,45,Normal
2026-02-16 05:03:34.962223,Toronto-7c50,-24,100,Normal
2026-02-16 05:03:35.962223,Toronto-7c50,28,71,Normal
2026-02-16 05:03:36.962223,Toronto-7c50,39,87,Normal
2026-02-16 05:03:37.962223,Toronto-7c50,49,1,Normal
2026-02-16 05:03:38.962223,Toronto-7c50,0,39,Normal
2026-02-16 05:03:39.962223,Toronto-7c50,6,16,Normal
2026-02-16 05:03:40.962223,Toronto-7c50,1,27,Normal
2026-02-16 05:03:41.962223,Toronto-7c50,3,60,Normal
2026-02-16 05:03:42.962223,Toronto-7c50,-21,43,Normal
2026-02-16 05:03:43.962223,Toronto-7c50,19,44,Normal
2026-02-16 05:03:44.962223,Toronto-7c50,11,88,Normal
2026-02-16 05:03:45.962223,Toronto-7c50,33,29,Normal
2026-02-16 05:03:46.962223,Toronto-7c50,17,23,Normal
2026-02-16 05:03:47.962223,Toronto-7c50,-15,26,Normal
2026-02-16 05:03:48.962223,Toronto-7c50,-23,84,Normal
2026-02-16 05:03:49.962223,Toronto-7c50,-20,36,Normal
2026-02-16 05:03:50.962223,Toronto-7c50,-7,9,Normal
2026-02-16 05:03:51.962223,Toronto-7c50,34,30,Normal
2026-02-16 05:03:52.962223,Toronto-7c50,-16,91,Normal
2026-02-16 05:03:53.962223,Toronto-7c50,-26,27,Normal
2026-02-16 05:03:54.962223,Toronto-7c50,-23,13,Normal
2026-02-16 05:03:55.962223,Toronto-7c50,-15,57,Normal
2026-02-16 05:03:56.962223,Toronto-7c50,35,21,Normal
2026-02-16 05:03:57.962223,Toronto-7c50,10,2,Normal
2026-02-16 05:03:58.962223,Toronto-7c50,28,41,Normal
2026-02-16 05:03:59.962223,Toronto-7c50,15,57,Normal
2026-02-16 05:04:00.962223,Toronto-7c50,-12,31,Normal
2026-02-16 05:04:01.962223,Toronto-7c50,0,74,Normal
2026-02-16 05:04:02.962223,Toronto-7c50,-24,80,Normal
2026-02-16 05:04:03.962223,Toronto-7c50,-30,63,Normal
2026-02-16 05:04:04.962223,Toronto-7c50,29,14,Normal
2026-02-16 05:04:05.962223,Toronto-7c50,-11,87,Normal
2026-02-16 05:04:06.962223,Toronto-7c50,-24,56,Normal
2026-02-16 05:04:07.962223,Toronto-7c50,-13,38,Normal
2026-02-16 05:04:08.962223,Toronto-7c50,29,50,Normal
2026-02-16 05:04:09.962223,Toronto-7c50,-15,39,Normal
2026-02-16 05:04:10.962223,Toronto-7c50,-10,34,Normal
2026-02-16 05:04:11.962223,Toronto-7c50,44,54,Normal
2026-02-16 05:04:12.962223,Toronto-7c50,10,58,Normal
2026-02-16 05:04:13.962223,Toronto-7c50,46,27,Normal
2026-02-16 05:04:14.962223,Toronto-7c50,48,85,Normal
2026-02-16 05:04:15.962223,Toronto-7c50,10,5,Normal
2026-02-16 05:04:16.962223,Toronto-7c50,-30,41,Normal
2026-02-16 05:04:17.962223,Toronto-7c50,16,80,Normal
2026-02-16 05:04:18.962223,Toronto-7c50,-5,12,Normal
2026-02-16 05:04:19.962223,Toronto-7c50,0,5,Normal
2026-02-16 05:04:20.962223,Toronto-7c50,19,92,Normal
2026-02-16 05:04:21.962223,Toronto-7c50,22,45,Normal
2026-02-16 05:04:22.962223,Toronto-7c50,50,24,Normal
2026-02-16 05:04:23.962223,Toronto-7c50,43,11,Normal
2026-02-16 05:04:24.962223,Toronto-7c50,-29,54,Normal
2026-02-16 05:04:25.962223,Toronto-7c50,48,47,Normal
2026-02-16 05:04:26.962223,Toronto-7c50,-28,16,Normal
2026-02-16 05:04:27.962223,Toronto-7c50,-1,55,Normal
2026-02-16 05:04:28.962223,Toronto-7c50,-14,62,Normal
2026-02-16 05:04:29.962223,Toronto-7c50,30,77,Normal
2026-02-16 05:04:30.962223,Toronto-7c50,-9,41,Normal
2026-02-16 05:04:31.962223,Toronto-7c50,-26,73,Normal
2026-02-16 05:04:32.962223,Toronto-7c50,-16,84,Normal
2026-02-16 05:04:33.962223,Toronto-7c50,34,99,Normal
2026-02-16 05:04:34.962223,Toronto-7c50,44,56,Normal
2026-02-16 05:04:35.962223,Toronto-7c50,-11,30,Normal
2026-02-16 05:04:36.962223,Toronto-7c50,13,9,Normal
2026-02-16 05:04:37.962223,Toronto-7c50,-5,22,Normal
2026-02-16 05:04:38.962223,Toronto-7c50,25,100,Normal
2026-02-16 05:04:39.962223,Toronto-7c50,44,87,Normal
2026-02-16 05:04:40.962223,Toronto-7c50,34,4,Normal
2026-02-16 05:04:41.962223,Toronto-7c50,34,8,Normal
2026-02-16 05:04:42.962223,Toronto-7c50,19,38,Normal
2026-02-16 05:04:43.962223,Toronto-7c50,-16,56,Normal
2026-02-16 05:04:44.962223,Toronto-7c50,-26,15,Normal
2026-02-16 05:04:45.962223,Toronto-7c50,19,56,Normal
2026-02-16 05:04:46.962223,Toronto-7c50,0,55,Normal
2026-02-16 05:04:47.962223,Toronto-7c50,-10,64,Normal
2026-02-16 05:04:48.962223,Toronto-7c50,-23,59,Normal
2026-02-16 05:04:49.962223,Toronto-7c50,-13,51,Normal
2026-02-16 05:04:50.962223,Toronto-7c50,46,42,Normal
2026-02-16 05:04:51.962223,Toronto-7c50,7,67,Normal
2026-02-16 05:04:52.962223,Toronto-7c50,35,80,Normal
2026-02-16 05:04:53.962223,Toronto-7c50,24,72,Normal
2026-02-16 05:04:54.962223,Toronto-7c50,-23,11,Normal
2026-02-16 05:04:55.962223,Toronto-7c50,-4,37,Normal
2026-02-16 05:04:56.962223,Toronto-7c50,-23,3,Normal
2026-02-16 05:04:57.962223,Toronto-7c50,17,68,Normal
2026-02-16 05:04:58.962223,Toronto-7c50,-16,88,Normal
2026-02-16 05:04:59.962223,Toronto-7c50,45,31,Normal
2026-02-16 05:05:00.962223,Toronto-7c50,-20,15,Normal
2026-02-16 05:05:01.962223,Toronto-7c50,-17,16,Normal
2026-02-16 05:05:02.962223,Toronto-7c50,-1,18,Normal
2026-02-16 05:05:03.962223,Toronto-7c50,35,57,Normal
2026-02-16 05:05:04.962223,Toronto-7c50,41,74,Normal
2026-02-16 05:05:05.962223,Toronto-7c50,5,95,Normal
2026-02-16 05:05:06.962223,Toronto-7c50,28,10,Normal
2026-02-16 05:05:07.962223,Toronto-7c50,-15,57,Normal
2026-02-16 05:05:08.962223,Toronto-7c50,-24,93,Normal
2026-02-16 05:05:09.962223,Toronto-7c50,32,73,Normal
2026-02-16 05:05:10.962223,Toronto-7c50,49,57,Normal
2026-02-16 05:05:11.962223,Toronto-7c50,-4,89,Normal
2026-02-16 05:05:12.962223,Toronto-7c50,18,82,Normal
2026-02-16 05:05:13.962223,Toronto-7c50,-11,50,Normal
2026-02-16 05:05:14.962223,Toronto-7c50,24,60,Normal
2026-02-16 05:05:15.962223,Toronto-7c50,33,97,Normal
2026-02-16 05:05:16.962223,Toronto-7c50,-28,41,Normal
2026-02-16 05:05:17.962223,Toronto-7c50,-6,12,Normal
2026-02-16 05:05:18.962223,Toronto-7c50,2,83,Normal
2026-02-16 05:05:19.962223,Toronto-7c50,38,72,Normal
2026-02-16 05:05:20.962223,Toronto-7c50,-13,95,Normal
2026-02-16 05:05:21.962223,Toronto-7c50,-15,83,Normal
2026-02-16 05:05:22.962223,Toronto-7c50,-28,51,Normal
2026-02-16 05:05:23.962223,Toronto-7c50,42,29,Normal
2026-02-16 05:05:24.962223,Toronto-7c50,37,83,Normal
2026-02-16 05:05:25.962223,Toronto-7c50,-8,16,Normal
2026-02-16 05:05:26.962223,Toronto-7c50,8,20,Normal
2026-02-16 05:05:27.962223,Toronto-7c50,12,16,Normal
2026-02-16 05:05:28.962223,Toronto-7c50,46,16,Normal
2026-02-16 05:05:29.962223,Toronto-7c50,-27,87,Normal
2026-02-16 05:05:30.962223,Toronto-7c50,-19,67,Normal
2026-02-16 05:05:31.962223,Toronto-7c50,15,95,Normal
2026-02-16 05:05:32.962223,Toronto-7c50,-8,45,Normal
2026-02-16 05:05:33.962223,Toronto-7c50,-2,79,Normal
2026-02-16 05:05:34.962223,Toronto-7c50,24,43,Normal
2026-02-16 05:05:35.962223,Toronto-7c50,4,63,Normal
2026-02-16 05:05:36.962223,Toronto-7c50,-19,84,Normal
2026-02-16 05:05:37.962223,Toronto-7c50,-27,57,Normal
2026-02-16 05:05:38.962223,Toronto-7c50,-10,87,Normal
2026-02-16 05:05:39.962223,Toronto-7c50,34,81,Normal
2026-02-16 05:05:40.962223,Toronto-7c50,23,80,Normal
2026-02-16 05:05:41.962223,Toronto-7c50,14,32,Normal
2026-02-16 05:05:42.962223,Toronto-7c50,-29,49,Normal
2026-02-16 05:05:43.962223,Toronto-7c50,35,33,Normal
2026-02-16 05:05:44.962223,Toronto-7c50,29,3,Normal
2026-02-16 05:05:45.962223,Toronto-7c50,49,19,Normal
2026-02-16 05:05:46.962223,Toronto-7c50,-20,88,Normal
2026-02-16 05:05:47.962223,Toronto-7c50,41,16,Normal
2026-02-16 05:05:48.962223,Toronto-7c50,29,38,Normal
2026-02-16 05:05:49.962223,Toronto-7c50,-18,30,Normal
2026-02-16 05:05:50.962223,Toronto-7c50,45,12,Normal
2026-02-16 05:05:51.962223,Toronto-7c50,-2,33,Normal
2026-02-16 05:05:52.962223,Toronto-7c50,37,36,Normal
2026-02-16 05:05:53.962223,Toronto-7c50,44,74,Normal
2026-02-16 05:05:54.962223,Toronto-7c50,31,22,Normal
2026-02-16 05:05:55.962223,Toronto-7c50,-6,81,Normal
2026-02-16 05:05:56.962223,Toronto-7c50,-19,26,Normal
2026-02-16 05:05:57.962223,Toronto-7c50,9,19,Normal
2026-02-16 05:05:58.962223,Toronto-7c50,-12,12,Normal
2026-02-16 05:05:59.962223,Toronto-7c50,46,53,Normal
2026-02-16 05:06:00.962223,Toronto-7c50,14,80,Normal
2026-02-16 05:06:01.962223,Toronto-7c50,8,10,Normal
2026-02-16 05:06:02.962223,Toronto-7c50,-10,29,Normal
2026-02-16 05:06:03.962223,Toronto-7c50,-26,57,Normal
2026-02-16 05:06:04.962223,Toronto-7c50,46,32,Normal
2026-02-16 05:06:05.962223,Toronto-7c50,-15,57,Normal
2026-02-16 05:06:06.962223,Toronto-7c50,-10,63,Normal
2026-02-16 05:06:07.962223,Toronto-7c50,17,24,Normal
2026-02-16 05:06:08.962223,Toronto-7c50,-5,52,Normal
2026-02-16 05:06:09.962223,Toronto-7c50,43,76,Normal
2026-02-16 05:06:10.962223,Toronto-7c50,-28,67,Normal
2026-02-16 05:06:11.962223,Toronto-7c50,18,75,Normal
2026-02-16 05:06:12.962223,Toronto-7c50,43,52,Normal
2026-02-16 05:06:13.962223,Toronto-7c50,-5,16,Normal
2026-02-16 05:06:14.962223,Toronto-7c50,0,53,Normal
2026-02-16 05:06:15.962223,Toronto-7c50,46,17,Normal
2026-02-16 05:06:16.962223,Toronto-7c50,-2,66,Normal
2026-02-16 05:06:17.962223,Toronto-7c50,23,24,Normal
2026-02-16 05:06:18.962223,Toronto-7c50,7,12,Normal
2026-02-16 05:06:19.962223,Toronto-7c50,4,69,Normal
2026-02-16 05:06:20.962223,Toronto-7c50,43,29,Normal
2026-02-16 05:06:21.962223,Toronto-7c50,13,9,Normal
2026-02-16 05:06:22.962223,Toronto-7c50,41,71,Normal
2026-02-16 05:06:23.962223,Toronto-7c50,-24,52,Normal
2026-02-16 05:06:24.962223,Toronto-7c50,8,56,Normal
2026-02-16 05:06:25.962223,Toronto-7c50,33,6,Normal
2026-02-16 05:06:26.962223,Toronto-7c50,14,6,Normal
2026-02-16 05:06:27.962223,Toronto-7c50,23,86,Normal
2026-02-16 05:06:28.962223,Toronto-7c50,16,30,Normal
2026-02-16 05:06:29.962223,Toronto-7c50,28,98,Normal
2026-02-16 05:06:30.962223,Toronto-7c50,-21,69,Normal
2026-02-16 05:06:31.962223,Toronto-7c50,-17,32,Normal
2026-02-16 05:06:32.962223,Toronto-7c50,-28,47,Normal
2026-02-16 05:06:33.962223,Toronto-7c50,-17,72,Normal
2026-02-16 05:06:34.962223,Toronto-7c50,-19,36,Normal
2026-02-16 05:06:35.962223,Toronto-7c50,13,51,Normal
2026-02-16 05:06:36.962223,Toronto-7c50,-20,26,Normal
2026-02-16 05:06:37.962223,Toronto-7c50,35,80,Normal
2026-02-16 05:06:38.962223,Toronto-7c50,43,46,Normal
2026-02-16 05:06:39.962223,Toronto-7c50,-5,49,Normal
2026-02-16 05:06:40.962223,Toronto-7c50,-26,94,Normal
2026-02-16 05:06:41.962223,Toronto-7c50,21,12,Normal
2026-02-16 05:06:42.962223,Toronto-7c50,17,16,Normal
2026-02-16 05:06:43.962223,Toronto-7c50,-12,17,Normal
2026-02-16 05:06:44.962223,Toronto-7c50,1,92,Normal
2026-02-16 05:06:45.962223,Toronto-7c50,-1,25,Normal
2026-02-16 05:06:46.962223,Toronto-7c50,-11,37,Normal
2026-02-16 05:06:47.962223,Toronto-7c50,39,54,Normal
2026-02-16 05:06:48.962223,Toronto-7c50,46,17,Normal
2026-02-16 05:06:49.962223,Toronto-7c50,19,41,Normal
2026-02-16 05:06:50.962223,Toronto-7c50,11,62,Normal
2026-02-16 05:06:51.962223,Toronto-7c50,41,12,Normal
2026-02-16 05:06:52.962223,Toronto-7c50,43,49,Normal
2026-02-16 05:06:53.962223,Toronto-7c50,-25,17,Normal
2026-02-16 05:06:54.962223,Toronto-7c50,-17,64,Normal
2026-02-16 05:06:55.962223,Toronto-7c50,-1,70,Normal
2026-02-16 05:06:56.962223,Toronto-7c50,27,54,Normal
2026-02-16 05:06:57.962223,Toronto-7c50,37,53,Normal
2026-02-16 05:06:58.962223,Toronto-7c50,1,78,Normal
2026-02-16 05:06:59.962223,Toronto-7c50,-27,57,Normal
2026-02-16 05:07:00.962223,Toronto-7c50,43,62,Normal
2026-02-16 05:07:01.962223,Toronto-7c50,35,45,Normal
2026-02-16 05:07:02.962223,Toronto-7c50,-5,15,Normal
2026-02-16 05:07:03.962223,Toronto-7c50,13,65,Normal
2026-02-16 05:07:04.962223,Toronto-7c50,49,66,Normal
2026-02-16 05:07:05.962223,Toronto-7c50,-23,85,Normal
2026-02-16 05:07:06.962223,Toronto-7c50,21,17,Normal
2026-02-16 05:07:07.962223,Toronto-7c50,24,68,Normal
2026-02-16 05:07:08.962223,Toronto-7c50,-24,77,Normal
2026-02-16 05:07:09.962223,Toronto-7c50,30,74,Normal
2026-02-16 05:07:10.962223,Toronto-7c50,46,78,Normal
2026-02-16 05:07:11.962223,Toronto-7c50,-6,71,Normal
2026-02-16 05:07:12.962223,Toronto-7c50,34,36,Normal
2026-02-16 05:07:13.962223,Toronto-7c50,1,8,Normal
2026-02-16 05:07:14.962223,Toronto-7c50,-21,19,Normal
2026-02-16 05:07:15.962223,Toronto-7c50,30,91,Normal
2026-02-16 05:07:16.962223,Toronto-7c50,38,20,Normal
2026-02-16 05:07:17.962223,Toronto-7c50,34,71,Normal
2026-02-16 05:07:18.962223,Toronto-7c50,6,20,Normal
2026-02-16 05:07:19.962223,Toronto-7c50,-8,54,Normal
2026-02-16 05:07:20.962223,Toronto-7c50,-1,76,Normal
2026-02-16 05:07:21.962223,Toronto-7c50,37,2,Normal
2026-02-16 05:07:22.962223,Toronto-7c50,37,28,Normal
2026-02-16 05:07:23.962223,Toronto-7c50,34,55,Normal
2026-02-16 05:07:24.962223,Toronto-7c50,21,27,Normal
2026-02-16 05:07:25.962223,Toronto-7c50,-17,17,Normal
2026-02-16 05:07:26.962223,Toronto-7c50,-26,71,Normal
2026-02-16 05:07:27.962223,Toronto-7c50,16,84,Normal
2026-02-16 05:07:28.962223,Toronto-7c50,-9,11,Normal
2026-02-16 05:07:29.962223,Toronto-7c50,-5,4,Normal
2026-02-16 05:07:30.962223,Toronto-7c50,-17,55,Normal
2026-02-16 05:07:31.962223,Toronto-7c50,21,39,Normal
2026-02-16 05:07:32.962223,Toronto-7c50,38,11,Normal
2026-02-16 05:07:33.962223,Toronto-7c50,34,29,Normal
2026-02-16 05:07:34.962223,Toronto-7c50,8,0,Normal
2026-02-16 05:07:35.962223,Toronto-7c50,19,37,Normal
2026-02-16 05:07:36.962223,Toronto-7c50,-15,15,Normal
2026-02-16 05:07:37.962223,Toronto-7c50,12,47,Normal
2026-02-16 05:07:38.962223,Toronto-7c50,3,84,Normal
2026-02-16 05:07:39.962223,Toronto-7c50,10,40,Normal
2026-02-16 05:07:40.962223,Toronto-7c50,-7,6,Normal
2026-02-16 05:07:41.962223,Toronto-7c50,-17,100,Normal
2026-02-16 05:07:42.962223,Toronto-7c50,35,30,Normal
2026-02-16 05:07:43.962223,Toronto-7c50,-13,24,Normal
2026-02-16 05:07:44.962223,Toronto-7c50,-23,75,Normal
2026-02-16 05:07:45.962223,Toronto-7c50,32,44,Normal
2026-02-16 05:07:46.962223,Toronto-7c50,-5,88,Normal
2026-02-16 05:07:47.962223,Toronto-7c50,32,31,Normal
2026-02-16 05:07:48.962223,Toronto-7c50,21,0,Normal
2026-02-16 05:07:49.962223,Toronto-7c50,30,11,Normal
2026-02-16 05:07:50.962223,Toronto-7c50,16,52,Normal
2026-02-16 05:07:51.962223,Toronto-7c50,13,97,Normal
2026-02-16 05:07:52.962223,Toronto-7c50,32,40,Normal
2026-02-16 05:07:53.962223,Toronto-7c50,-7,91,Normal
2026-02-16 05:07:54.962223,Toronto-7c50,-29,45,Normal
2026-02-16 05:07:55.962223,Toronto-7c50,49,34,Normal
2026-02-16 05:07:56.962223,Toronto-7c50,14,85,Normal
2026-02-16 05:07:57.962223,Toronto-7c50,29,17,Normal
2026-02-16 05:07:58.962223,Toronto-7c50,31,36,Normal
2026-02-16 05:07:59.962223,Toronto-7c50,26,20,Normal
2026-02-16 05:08:00.962223,Toronto-7c50,33,38,Normal
2026-02-16 05:08:01.962223,Toronto-7c50,1,35,Normal
2026-02-16 05:08:02.962223,Toronto-7c50,-15,2,Normal
2026-02-16 05:08:03.962223,Toronto-7c50,13,53,Normal
2026-02-16 05:08:04.962223,Toronto-7c50,47,22,Normal
2026-02-16 05:08:05.962223,Toronto-7c50,47,94,Normal
2026-02-16 05:08:06.962223,Toronto-7c50,15,42,Normal
2026-02-16 05:08:07.962223,Toronto-7c50,33,95,Normal
2026-02-16 05:08:08.962223,Toronto-7c50,-28,43,Normal
2026-02-16 05:08:09.962223,Toronto-7c50,-17,46,Normal
2026-02-16 05:08:10.962223,Toronto-7c50,14,34,Normal
2026-02-16 05:08:11.962223,Toronto-7c50,-1,56,Normal
2026-02-16 05:08:12.962223,Toronto-7c50,8,22,Normal
2026-02-16 05:08:13.962223,Toronto-7c50,-17,61,Normal
2026-02-16 05:08:14.962223,Toronto-7c50,11,49,Normal
2026-02-16 05:08:15.962223,Toronto-7c50,-4,19,Normal
2026-02-16 05:08:16.962223,Toronto-7c50,11,90,Normal
2026-02-16 05:08:17.962223,Toronto-7c50,14,1,Normal
2026-02-16 05:08:18.962223,Toronto-7c50,-19,98,Normal
2026-02-16 05:08:19.962223,Toronto-7c50,-28,25,Normal
2026-02-16 05:08:20.962223,Toronto-7c50,-4,38,Normal
2026-02-16 05:08:21.962223,Toronto-7c50,-6,6,Normal
2026-02-16 05:08:22.962223,Toronto-7c50,46,73,Normal
2026-02-16 05:08:23.962223,Toronto-7c50,-10,58,Normal
2026-02-16 05:08:24.962223,Toronto-7c50,36,0,Normal
2026-02-16 05:08:25.962223,Toronto-7c50,-12,30,Normal
2026-02-16 05:08:26.962223,Toronto-7c50,-12,20,Normal
2026-02-16 05:08:27.962223,Toronto-7c50,-7,97,Normal
2026-02-16 05:08:28.962223,Toronto-7c50,-7,7,Normal
2026-02-16 05:08:29.962223,Toronto-7c50,32,76,Normal
2026-02-16 05:08:30.962223,Toronto-7c50,31,38,Normal
2026-02-16 05:08:31.962223,Toronto-7c50,-22,14,Normal
2026-02-16 05:08:32.962223,Toronto-7c50,18,55,Normal
2026-02-16 05:08:33.962223,Toronto-7c50,-11,45,Normal
2026-02-16 05:08:34.962223,Toronto-7c50,18,99,Normal
2026-02-16 05:08:35.962223,Toronto-7c50,44,6,Normal
2026-02-16 05:08:36.962223,Toronto-7c50,15,26,Normal
2026-02-16 05:08:37.962223,Toronto-7c50,25,9,Normal
2026-02-16 05:08:38.962223,Toronto-7c50,-17,77,Normal
2026-02-16 05:08:39.962223,Toronto-7c50,-27,69,Normal
2026-02-16 05:08:40.962223,Toronto-7c50,-23,76,Normal
2026-02-16 05:08:41.962223,Toronto-7c50,40,97,Normal
2026-02-16 05:08:42.962223,Toronto-7c50,41,23,Normal
2026-02-16 05:08:43.962223,Toronto-7c50,48,17,Normal
2026-02-16 05:08:44.962223,Toronto-7c50,-16,91,Normal
2026-02-16 05:08:45.962223,Toronto-7c50,50,96,Normal
2026-02-16 05:08:46.962223,Toronto-7c50,-13,32,Normal
2026-02-16 05:08:47.962223,Toronto-7c50,40,27,Normal
2026-02-16 05:08:48.962223,Toronto-7c50,-7,54,Normal
2026-02-16 05:08:49.962223,Toronto-7c50,-27,44,Normal
2026-02-16 05:08:50.962223,Toronto-7c50,0,54,Normal
2026-02-16 05:08:51.962223,Toronto-7c50,0,27,Normal
2026-02-16 05:08:52.962223,Toronto-7c50,9,94,Normal
2026-02-16 05:08:53.962223,Toronto-7c50,-25,89,Normal
2026-02-16 05:08:54.962223,Toronto-7c50,40,39,Normal
2026-02-16 05:08:55.962223,Toronto-7c50,-21,85,Normal
2026-02-16 05:08:56.962223,Toronto-7c50,48,1,Normal
2026-02-16 05:08:57.962223,Toronto-7c50,7,76,Normal
2026-02-16 05:08:58.962223,Toronto-7c50,35,29,Normal
2026-02-16 05:08:59.962223,Toronto-7c50,5,67,Normal
2026-02-16 05:09:00.962223,Toronto-7c50,22,92,Normal
2026-02-16 05:09:01.962223,Toronto-7c50,47,80,Normal
2026-02-16 05:09:02.962223,Toronto-7c50,45,11,Normal
2026-02-16 05:09:03.962223,Toronto-7c50,-15,87,Normal
2026-02-16 05:09:04.962223,Toronto-7c50,-18,42,Normal
2026-02-16 05:09:05.962223,Toronto-7c50,3,1,Normal
2026-02-16 05:09:06.962223,Toronto-7c50,-27,8,Normal
2026-02-16 05:09:07.962223,Toronto-7c50,22,64,Normal
2026-02-16 05:09:08.962223,Toronto-7c50,-25,6,Normal
2026-02-16 05:09:09.962223,Toronto-7c50,14,18,Normal
2026-02-16 05:09:10.962223,Toronto-7c50,-10,29,Normal
2026-02-16 05:09:11.962223,Toronto-7c50,44,56,Normal
2026-02-16 05:09:12.962223,Toronto-7c50,-30,31,Normal
2026-02-16 05:09:13.962223,Toronto-7c50,-17,4,Normal
2026-02-16 05:09:14.962223,Toronto-7c50,29,12,Normal
2026-02-16 05:09:15.962223,Toronto-7c50,13,36,Normal
2026-02-16 05:09:16.962223,Toronto-7c50,4,99,Normal
2026-02-16 05:09:17.962223,Toronto-7c50,47,67,Normal
2026-02-16 05:09:18.962223,Toronto-7c50,-25,92,Normal
2026-02-16 05:09:19.962223,Toronto-7c50,34,39,Normal
2026-02-16 05:09:20.962223,Toronto-7c50,-10,70,Normal
2026-02-16 05:09:21.962223,Toronto-7c50,38,96,Normal
2026-02-16 05:09:22.962223,Toronto-7c50,13,49,Normal
2026-02-16 05:09:23.962223,Toronto-7c50,14,48,Normal
2026-02-16 05:09:24.962223,Toronto-7c50,-17,47,Normal
2026-02-16 05:09:25.962223,Toronto-7c50,-27,81,Normal
2026-02-16 05:09:26.962223,Toronto-7c50,-13,87,Normal
2026-02-16 05:09:27.962223,Toronto-7c50,18,40,Normal
2026-02-16 05:09:28.962223,Toronto-7c50,49,26,Normal
2026-02-16 05:09:29.962223,Toronto-7c50,-5,43,Normal
2026-02-16 05:09:30.962223,Toronto-7c50,-13,80,Normal
2026-02-16 05:09:31.962223,Toronto-7c50,-1,64,Normal
2026-02-16 05:09:32.962223,Toronto-7c50,-12,77,Normal
2026-02-16 05:09:33.962223,Toronto-7c50,-15,69,Normal
2026-02-16 05:09:34.962223,Toronto-7c50,8,23,Normal
2026-02-16 05:09:35.962223,Toronto-7c50,26,67,Normal
2026-02-16 05:09:36.962223,Toronto-7c50,48,86,Normal
2026-02-16 05:09:37.962223,Toronto-7c50,9,97,Normal
2026-02-16 05:09:38.962223,Toronto-7c50,14,39,Normal
2026-02-16 05:09:39.962223,Toronto-7c50,20,64,Normal
2026-02-16 05:09:40.962223,Toronto-7c50,-19,25,Normal
2026-02-16 05:09:41.962223,Toronto-7c50,38,99,Normal
2026-02-16 05:09:42.962223,Toronto-7c50,-11,69,Normal
2026-02-16 05:09:43.962223,Toronto-7c50,38,82,Normal
2026-02-16 05:09:44.962223,Toronto-7c50,44,94,Normal
2026-02-16 05:09:45.962223,Toronto-7c50,-17,48,Normal
2026-02-16 05:09:46.962223,Toronto-7c50,41,52,Normal
2026-02-16 05:09:47.962223,Toronto-7c50,8,21,Normal
2026-02-16 05:09:48.962223,Toronto-7c50,24,78,Normal
2026-02-16 05:09:49.962223,Toronto-7c50,44,63,Normal
2026-02-16 05:09:50.962223,Toronto-7c50,17,27,Normal
2026-02-16 05:09:51.962223,Toronto-7c50,39,90,Normal
2026-02-16 05:09:52.962223,Toronto-7c50,-6,70,Normal
2026-02-16 05:09:53.962223,Toronto-7c50,-22,38,Normal
2026-02-16 05:09:54.962223,Toronto-7c50,25,43,Normal
2026-02-16 05:09:55.962223,Toronto-7c50,46,31,Normal
2026-02-16 05:09:56.962223,Toronto-7c50,-28,25,Normal
2026-02-16 05:09:57.962223,Toronto-7c50,11,72,Normal
2026-02-16 05:09:58.962223,Toronto-7c50,8,32,Normal
2026-02-16 05:09:59.962223,Toronto-7c50,22,7,Normal
2026-02-16 05:10:00.962223,Toronto-7c50,-23,80,Normal
2026-02-16 05:10:01.962223,Toronto-7c50,-23,98,Normal
2026-02-16 05:10:02.962223,Toronto-7c50,8,90,Normal
2026-02-16 05:10:03.962223,Toronto-7c50,45,56,Normal
2026-02-16 05:10:04.962223,Toronto-7c50,-10,18,Normal
2026-02-16 05:10:05.962223,Toronto-7c50,16,37,Normal
2026-02-16 05:10:06.962223,Toronto-7c50,-10,39,Normal
2026-02-16 05:10:07.962223,Toronto-7c50,2,29,Normal
2026-02-16 05:10:08.962223,Toronto-7c50,47,2,Normal
2026-02-16 05:10:09.962223,Toronto-7c50,-13,78,Normal
2026-02-16 05:10:10.962223,Toronto-7c50,-29,94,Normal
2026-02-16 05:10:11.962223,Toronto-7c50,-9,29,Normal
2026-02-16 05:10:12.962223,Toronto-7c50,-6,72,Normal
2026-02-16 05:10:13.962223,Toronto-7c50,-26,78,Normal
2026-02-16 05:10:14.962223,Toronto-7c50,-2,58,Normal
2026-02-16 05:10:15.962223,Toronto-7c50,32,59,Normal
2026-02-16 05:10:16.962223,Toronto-7c50,-15,13,Normal
2026-02-16 05:10:17.962223,Toronto-7c50,45,39,Normal
2026-02-16 05:10:18.962223,Toronto-7c50,-20,92,Normal
2026-02-16 05:10:19.962223,Toronto-7c50,9,21,Normal
2026-02-16 05:10:20.962223,Toronto-7c50,-19,3,Normal
2026-02-16 05:10:21.962223,Toronto-7c50,50,86,Normal
2026-02-16 05:10:22.962223,Toronto-7c50,38,44,Normal
2026-02-16 05:10:23.962223,Toronto-7c50,-18,31,Normal
2026-02-16 05:10:24.962223,Toronto-7c50,7,4,Normal
2026-02-16 05:10:25.962223,Toronto-7c50,-29,70,Normal
2026-02-16 05:10:26.962223,Toronto-7c50,9,72,Normal
2026-02-16 05:10:27.962223,Toronto-7c50,11,59,Normal
2026-02-16 05:10:28.962223,Toronto-7c50,-21,23,Normal
2026-02-16 05:10:29.962223,Toronto-7c50,-22,12,Normal
2026-02-16 05:10:30.962223,Toronto-7c50,-19,71,Normal
2026-02-16 05:10:31.962223,Toronto-7c50,24,1,Normal
2026-02-16 05:10:32.962223,Toronto-7c50,-29,10,Normal
2026-02-16 05:10:33.962223,Toronto-7c50,-10,8,Normal
2026-02-16 05:10:34.962223,Toronto-7c50,46,9,Normal
2026-02-16 05:10:35.962223,Toronto-7c50,-30,17,Normal
2026-02-16 05:10:36.962223,Toronto-7c50,-3,48,Normal
2026-02-16 05:10:37.962223,Toronto-7c50,39,63,Normal
2026-02-16 05:10:38.962223,Toronto-7c50,-20,31,Normal
