timestamp,station_id,temp,humid,condition
2026-02-14 04:28:15.812206,Dubai-6dc8,24,1,Normal
2026-02-14 04:28:16.812206,Dubai-6dc8,36,37,Normal
2026-02-14 04:28:17.812206,Dubai-6dc8,11,18,Normal
2026-02-14 04:28:18.812206,Dubai-6dc8,0,55,Normal
2026-02-14 04:28:19.812206,Dubai-6dc8,32,7,Normal
2026-02-14 04:28:20.812206,Dubai-6dc8,25,71,Normal
2026-02-14 04:28:21.812206,Dubai-6dc8,19,0,Normal
2026-02-14 04:28:22.812206,Dubai-6dc8,-6,61,Normal
2026-02-14 04:28:23.812206,Dubai-6dc8,-10,67,Normal
2026-02-14 04:28:24.812206,Dubai-6dc8,21,16,Normal
2026-02-14 04:28:25.812206,Dubai-6dc8,-9,74,Normal
2026-02-14 04:28:26.812206,Dubai-6dc8,-8,20,Normal
2026-02-14 04:28:27.812206,Dubai-6dc8,9,19,Normal
2026-02-14 04:28:28.812206,Dubai-6dc8,-1,21,Normal
2026-02-14 04:28:29.812206,Dubai-6dc8,36,28,Normal
2026-02-14 04:28:30.812206,Dubai-6dc8,0,46,Normal
2026-02-14 04:28:31.812206,Dubai-6dc8,7,25,Normal
2026-02-14 04:28:32.812206,Dubai-6dc8,-26,99,Normal
2026-02-14 04:28:33.812206,Dubai-6dc8,1,92,Normal
2026-02-14 04:28:34.812206,Dubai-6dc8,-28,68,Normal
2026-02-14 04:28:35.812206,Dubai-6dc8,49,66,Normal
2026-02-14 04:28:36.812206,Dubai-6dc8,-23,72,Normal
2026-02-14 04:28:37.812206,Dubai-6dc8,36,2,Normal
2026-02-14 04:28:38.812206,Dubai-6dc8,11,42,Normal
2026-02-14 04:28:39.812206,Dubai-6dc8,26,79,Normal
2026-02-14 04:28:40.812206,Dubai-6dc8,40,21,Normal
2026-02-14 04:28:41.812206,Dubai-6dc8,49,36,Normal
2026-02-14 04:28:42.812206,Dubai-6dc8,-25,55,Normal
2026-02-14 04:28:43.812206,Dubai-6dc8,49,16,Normal
2026-02-14 04:28:44.812206,Dubai-6dc8,37,65,Normal
2026-02-14 04:28:45.812206,Dubai-6dc8,-2,4,Normal
2026-02-14 04:28:46.812206,Dubai-6dc8,17,83,Normal
2026-02-14 04:28:47.812206,Dubai-6dc8,-16,74,Normal
2026-02-14 04:28:48.812206,Dubai-6dc8,26,26,Normal
2026-02-14 04:28:49.812206,Dubai-6dc8,-6,95,Normal
2026-02-14 04:28:50.812206,Dubai-6dc8,8,35,Normal
2026-02-14 04:28:51.812206,Dubai-6dc8,-27,70,Normal
2026-02-14 04:28:52.812206,Dubai-6dc8,43,81,Normal
2026-02-14 04:28:53.812206,Dubai-6dc8,-6,27,Normal
2026-02-14 04:28:54.812206,Dubai-6dc8,-21,19,Normal
2026-02-14 04:28:55.812206,Dubai-6dc8,19,31,Normal
2026-02-14 04:28:56.812206,Dubai-6dc8,41,37,Normal
2026-02-14 04:28:57.812206,Dubai-6dc8,-28,53,Normal
2026-02-14 04:28:58.812206,Dubai-6dc8,-30,83,Normal
2026-02-14 04:28:59.812206,Dubai-6dc8,18,66,Normal
2026-02-14 04:29:00.812206,Dubai-6dc8,29,70,Normal
2026-02-14 04:29:01.812206,Dubai-6dc8,-6,2,Normal
2026-02-14 04:29:02.812206,Dubai-6dc8,-29,35,Normal
2026-02-14 04:29:03.812206,Dubai-6dc8,40,92,Normal
2026-02-14 04:29:04.812206,Dubai-6dc8,44,29,Normal
2026-02-14 04:29:05.812206,Dubai-6dc8,35,25,Normal
2026-02-14 04:29:06.812206,Dubai-6dc8,7,26,Normal
2026-02-14 04:29:07.812206,Dubai-6dc8,20,62,Normal
2026-02-14 04:29:08.812206,Dubai-6dc8,33,61,Normal
2026-02-14 04:29:09.812206,Dubai-6dc8,-11,38,Normal
2026-02-14 04:29:10.812206,Dubai-6dc8,5,86,Normal
2026-02-14 04:29:11.812206,Dubai-6dc8,5,84,Normal
2026-02-14 04:29:12.812206,Dubai-6dc8,7,93,Normal
2026-02-14 04:29:13.812206,Dubai-6dc8,-21,76,Normal
2026-02-14 04:29:14.812206,Dubai-6dc8,-18,99,Normal
2026-02-14 04:29:15.812206,Dubai-6dc8,-4,100,Normal
2026-02-14 04:29:16.812206,Dubai-6dc8,-24,78,Normal
2026-02-14 04:29:17.812206,Dubai-6dc8,43,7,Normal
2026-02-14 04:29:18.812206,Dubai-6dc8,-25,34,Normal
2026-02-14 04:29:19.812206,Dubai-6dc8,46,54,Normal
2026-02-14 04:29:20.812206,Dubai-6dc8,1,47,Normal
2026-02-14 04:29:21.812206,Dubai-6dc8,-5,53,Normal
2026-02-14 04:29:22.812206,Dubai-6dc8,23,41,Normal
2026-02-14 04:29:23.812206,Dubai-6dc8,35,39,Normal
2026-02-14 04:29:24.812206,Dubai-6dc8,25,24,Normal
2026-02-14 04:29:25.812206,Dubai-6dc8,3,12,Normal
2026-02-14 04:29:26.812206,Dubai-6dc8,19,35,Normal
2026-02-14 04:29:27.812206,Dubai-6dc8,47,27,Normal
2026-02-14 04:29:28.812206,Dubai-6dc8,28,74,Normal
2026-02-14 04:29:29.812206,Dubai-6dc8,41,78,Normal
2026-02-14 04:29:30.812206,Dubai-6dc8,41,81,Normal
2026-02-14 04:29:31.812206,Dubai-6dc8,32,19,Normal
2026-02-14 04:29:32.812206,Dubai-6dc8,-9,81,Normal
2026-02-14 04:29:33.812206,Dubai-6dc8,34,91,Normal
2026-02-14 04:29:34.812206,Dubai-6dc8,12,28,Normal
2026-02-14 04:29:35.812206,Dubai-6dc8,15,91,Normal
2026-02-14 04:29:36.812206,Dubai-6dc8,-19,57,Normal
2026-02-14 04:29:37.812206,Dubai-6dc8,44,91,Normal
2026-02-14 04:29:38.812206,Dubai-6dc8,24,54,Normal
2026-02-14 04:29:39.812206,Dubai-6dc8,7,90,Normal
2026-02-14 04:29:40.812206,Dubai-6dc8,37,41,Normal
2026-02-14 04:29:41.812206,Dubai-6dc8,21,90,Normal
2026-02-14 04:29:42.812206,Dubai-6dc8,-6,49,Normal
2026-02-14 04:29:43.812206,Dubai-6dc8,-28,98,Normal
2026-02-14 04:29:44.812206,Dubai-6dc8,28,8,Normal
2026-02-14 04:29:45.812206,Dubai-6dc8,42,6,Normal
2026-02-14 04:29:46.812206,Dubai-6dc8,-17,26,Normal
2026-02-14 04:29:47.812206,Dubai-6dc8,-13,48,Normal
2026-02-14 04:29:48.812206,Dubai-6dc8,14,51,Normal
2026-02-14 04:29:49.812206,Dubai-6dc8,-18,57,Normal
2026-02-14 04:29:50.812206,Dubai-6dc8,-12,98,Normal
2026-02-14 04:29:51.812206,Dubai-6dc8,-28,83,Normal
2026-02-14 04:29:52.812206,Dubai-6dc8,28,83,Normal
2026-02-14 04:29:53.812206,Dubai-6dc8,3,92,Normal
2026-02-14 04:29:54.812206,Dubai-6dc8,32,88,Normal
2026-02-14 04:29:55.812206,Dubai-6dc8,-29,82,Normal
2026-02-14 04:29:56.812206,Dubai-6dc8,2,38,Normal
2026-02-14 04:29:57.812206,Dubai-6dc8,46,41,Normal
2026-02-14 04:29:58.812206,Dubai-6dc8,-17,4,Normal
2026-02-14 04:29:59.812206,Dubai-6dc8,-26,27,Normal
2026-02-14 04:30:00.812206,Dubai-6dc8,44,38,Normal
2026-02-14 04:30:01.812206,Dubai-6dc8,-22,22,Normal
2026-02-14 04:30:02.812206,Dubai-6dc8,-6,97,Normal
2026-02-14 04:30:03.812206,Dubai-6dc8,44,52,Normal
2026-02-14 04:30:04.812206,Dubai-6dc8,23,67,Normal
2026-02-14 04:30:05.812206,Dubai-6dc8,-3,33,Normal
2026-02-14 04:30:06.812206,Dubai-6dc8,-3,91,Normal
2026-02-14 04:30:07.812206,Dubai-6dc8,37,22,Normal
2026-02-14 04:30:08.812206,Dubai-6dc8,-22,24,Normal
2026-02-14 04:30:09.812206,Dubai-6dc8,-26,79,Normal
2026-02-14 04:30:10.812206,Dubai-6dc8,12,87,Normal
2026-02-14 04:30:11.812206,Dubai-6dc8,5,71,Normal
2026-02-14 04:30:12.812206,Dubai-6dc8,-21,18,Normal
2026-02-14 04:30:13.812206,Dubai-6dc8,41,87,Normal
2026-02-14 04:30:14.812206,Dubai-6dc8,37,89,Normal
2026-02-14 04:30:15.812206,Dubai-6dc8,-18,11,Normal
2026-02-14 04:30:16.812206,Dubai-6dc8,-25,76,Normal
2026-02-14 04:30:17.812206,Dubai-6dc8,-14,32,Normal
2026-02-14 04:30:18.812206,Dubai-6dc8,50,87,Normal
2026-02-14 04:30:19.812206,Dubai-6dc8,-22,78,Normal
2026-02-14 04:30:20.812206,Dubai-6dc8,-21,24,Normal
2026-02-14 04:30:21.812206,Dubai-6dc8,10,75,Normal
2026-02-14 04:30:22.812206,Dubai-6dc8,-21,23,Normal
2026-02-14 04:30:23.812206,Dubai-6dc8,-13,8,Normal
2026-02-14 04:30:24.812206,Dubai-6dc8,21,87,Normal
2026-02-14 04:30:25.812206,Dubai-6dc8,33,99,Normal
2026-02-14 04:30:26.812206,Dubai-6dc8,2,11,Normal
2026-02-14 04:30:27.812206,Dubai-6dc8,-15,88,Normal
2026-02-14 04:30:28.812206,Dubai-6dc8,-5,21,Normal
2026-02-14 04:30:29.812206,Dubai-6dc8,0,73,Normal
2026-02-14 04:30:30.812206,Dubai-6dc8,44,30,Normal
2026-02-14 04:30:31.812206,Dubai-6dc8,46,75,Normal
2026-02-14 04:30:32.812206,Dubai-6dc8,3,90,Normal
2026-02-14 04:30:33.812206,Dubai-6dc8,16,68,Normal
2026-02-14 04:30:34.812206,Dubai-6dc8,-11,6,Normal
2026-02-14 04:30:35.812206,Dubai-6dc8,49,21,Normal
2026-02-14 04:30:36.812206,Dubai-6dc8,47,22,Normal
2026-02-14 04:30:37.812206,Dubai-6dc8,18,59,Normal
2026-02-14 04:30:38.812206,Dubai-6dc8,-3,19,Normal
2026-02-14 04:30:39.812206,Dubai-6dc8,11,49,Normal
2026-02-14 04:30:40.812206,Dubai-6dc8,-2,33,Normal
2026-02-14 04:30:41.812206,Dubai-6dc8,19,99,Normal
2026-02-14 04:30:42.812206,Dubai-6dc8,24,0,Normal
2026-02-14 04:30:43.812206,Dubai-6dc8,10,95,Normal
2026-02-14 04:30:44.812206,Dubai-6dc8,41,85,Normal
2026-02-14 04:30:45.812206,Dubai-6dc8,10,46,Normal
2026-02-14 04:30:46.812206,Dubai-6dc8,7,0,Normal
2026-02-14 04:30:47.812206,Dubai-6dc8,-8,23,Normal
2026-02-14 04:30:48.812206,Dubai-6dc8,37,50,Normal
2026-02-14 04:30:49.812206,Dubai-6dc8,-2,36,Normal
2026-02-14 04:30:50.812206,Dubai-6dc8,36,21,Normal
2026-02-14 04:30:51.812206,Dubai-6dc8,-20,59,Normal
2026-02-14 04:30:52.812206,Dubai-6dc8,10,62,Normal
2026-02-14 04:30:53.812206,Dubai-6dc8,-8,13,Normal
2026-02-14 04:30:54.812206,Dubai-6dc8,-29,49,Normal
2026-02-14 04:30:55.812206,Dubai-6dc8,-4,56,Normal
2026-02-14 04:30:56.812206,Dubai-6dc8,34,37,Normal
2026-02-14 04:30:57.812206,Dubai-6dc8,23,25,Normal
2026-02-14 04:30:58.812206,Dubai-6dc8,-27,29,Normal
2026-02-14 04:30:59.812206,Dubai-6dc8,5,18,Normal
2026-02-14 04:31:00.812206,Dubai-6dc8,14,13,Normal
2026-02-14 04:31:01.812206,Dubai-6dc8,34,52,Normal
2026-02-14 04:31:02.812206,Dubai-6dc8,43,26,Normal
2026-02-14 04:31:03.812206,Dubai-6dc8,-22,18,Normal
2026-02-14 04:31:04.812206,Dubai-6dc8,-5,10,Normal
2026-02-14 04:31:05.812206,Dubai-6dc8,35,68,Normal
2026-02-14 04:31:06.812206,Dubai-6dc8,17,13,Normal
2026-02-14 04:31:07.812206,Dubai-6dc8,10,4,Normal
2026-02-14 04:31:08.812206,Dubai-6dc8,-18,74,Normal
2026-02-14 04:31:09.812206,Dubai-6dc8,46,12,Normal
2026-02-14 04:31:10.812206,Dubai-6dc8,42,54,Normal
2026-02-14 04:31:11.812206,Dubai-6dc8,-3,77,Normal
2026-02-14 04:31:12.812206,Dubai-6dc8,29,72,Normal
2026-02-14 04:31:13.812206,Dubai-6dc8,35,94,Normal
2026-02-14 04:31:14.812206,Dubai-6dc8,-30,95,Normal
2026-02-14 04:31:15.812206,Dubai-6dc8,16,69,Normal
2026-02-14 04:31:16.812206,Dubai-6dc8,-4,45,Normal
2026-02-14 04:31:17.812206,Dubai-6dc8,-22,40,Normal
2026-02-14 04:31:18.812206,Dubai-6dc8,-2,9,Normal
2026-02-14 04:31:19.812206,Dubai-6dc8,36,76,Normal
2026-02-14 04:31:20.812206,Dubai-6dc8,3,14,Normal
2026-02-14 04:31:21.812206,Dubai-6dc8,-16,21,Normal
2026-02-14 04:31:22.812206,Dubai-6dc8,39,90,Normal
2026-02-14 04:31:23.812206,Dubai-6dc8,30,58,Normal
2026-02-14 04:31:24.812206,Dubai-6dc8,41,35,Normal
2026-02-14 04:31:25.812206,Dubai-6dc8,-23,34,Normal
2026-02-14 04:31:26.812206,Dubai-6dc8,-5,98,Normal
2026-02-14 04:31:27.812206,Dubai-6dc8,4,66,Normal
2026-02-14 04:31:28.812206,Dubai-6dc8,-29,14,Normal
2026-02-14 04:31:29.812206,Dubai-6dc8,20,13,Normal
2026-02-14 04:31:30.812206,Dubai-6dc8,10,43,Normal
2026-02-14 04:31:31.812206,Dubai-6dc8,5,35,Normal
2026-02-14 04:31:32.812206,Dubai-6dc8,-14,25,Normal
2026-02-14 04:31:33.812206,Dubai-6dc8,19,53,Normal
2026-02-14 04:31:34.812206,Dubai-6dc8,34,77,Normal
2026-02-14 04:31:35.812206,Dubai-6dc8,32,49,Normal
2026-02-14 04:31:36.812206,Dubai-6dc8,32,87,Normal
2026-02-14 04:31:37.812206,Dubai-6dc8,-24,99,Normal
2026-02-14 04:31:38.812206,Dubai-6dc8,-22,18,Normal
2026-02-14 04:31:39.812206,Dubai-6dc8,14,22,Normal
2026-02-14 04:31:40.812206,Dubai-6dc8,-19,84,Normal
2026-02-14 04:31:41.812206,Dubai-6dc8,6,71,Normal
2026-02-14 04:31:42.812206,Dubai-6dc8,44,73,Normal
2026-02-14 04:31:43.812206,Dubai-6dc8,44,35,Normal
2026-02-14 04:31:44.812206,Dubai-6dc8,-13,24,Normal
2026-02-14 04:31:45.812206,Dubai-6dc8,16,19,Normal
2026-02-14 04:31:46.812206,Dubai-6dc8,7,26,Normal
2026-02-14 04:31:47.812206,Dubai-6dc8,-3,4,Normal
2026-02-14 04:31:48.812206,Dubai-6dc8,-12,16,Normal
2026-02-14 04:31:49.812206,Dubai-6dc8,-12,98,Normal
2026-02-14 04:31:50.812206,Dubai-6dc8,32,80,Normal
2026-02-14 04:31:51.812206,Dubai-6dc8,48,90,Normal
2026-02-14 04:31:52.812206,Dubai-6dc8,37,73,Normal
2026-02-14 04:31:53.812206,Dubai-6dc8,-30,84,Normal
2026-02-14 04:31:54.812206,Dubai-6dc8,9,1,Normal
2026-02-14 04:31:55.812206,Dubai-6dc8,-24,24,Normal
2026-02-14 04:31:56.812206,Dubai-6dc8,47,14,Normal
2026-02-14 04:31:57.812206,Dubai-6dc8,17,97,Normal
2026-02-14 04:31:58.812206,Dubai-6dc8,3,94,Normal
2026-02-14 04:31:59.812206,Dubai-6dc8,-5,53,Normal
2026-02-14 04:32:00.812206,Dubai-6dc8,-25,6,Normal
2026-02-14 04:32:01.812206,Dubai-6dc8,14,11,Normal
2026-02-14 04:32:02.812206,Dubai-6dc8,-16,82,Normal
2026-02-14 04:32:03.812206,Dubai-6dc8,10,53,Normal
2026-02-14 04:32:04.812206,Dubai-6dc8,17,72,Normal
2026-02-14 04:32:05.812206,Dubai-6dc8,46,46,Normal
2026-02-14 04:32:06.812206,Dubai-6dc8,29,24,Normal
2026-02-14 04:32:07.812206,Dubai-6dc8,-25,22,Normal
2026-02-14 04:32:08.812206,Dubai-6dc8,-3,58,Normal
2026-02-14 04:32:09.812206,Dubai-6dc8,7,40,Normal
2026-02-14 04:32:10.812206,Dubai-6dc8,-17,99,Normal
2026-02-14 04:32:11.812206,Dubai-6dc8,39,5,Normal
2026-02-14 04:32:12.812206,Dubai-6dc8,26,26,Normal
2026-02-14 04:32:13.812206,Dubai-6dc8,-23,11,Normal
2026-02-14 04:32:14.812206,Dubai-6dc8,-12,56,Normal
2026-02-14 04:32:15.812206,Dubai-6dc8,49,90,Normal
2026-02-14 04:32:16.812206,Dubai-6dc8,-19,29,Normal
2026-02-14 04:32:17.812206,Dubai-6dc8,47,48,Normal
2026-02-14 04:32:18.812206,Dubai-6dc8,-17,33,Normal
2026-02-14 04:32:19.812206,Dubai-6dc8,18,9,Normal
2026-02-14 04:32:20.812206,Dubai-6dc8,36,72,Normal
2026-02-14 04:32:21.812206,Dubai-6dc8,0,28,Normal
2026-02-14 04:32:22.812206,Dubai-6dc8,38,22,Normal
2026-02-14 04:32:23.812206,Dubai-6dc8,46,11,Normal
2026-02-14 04:32:24.812206,Dubai-6dc8,-30,24,Normal
2026-02-14 04:32:25.812206,Dubai-6dc8,24,47,Normal
2026-02-14 04:32:26.812206,Dubai-6dc8,32,46,Normal
2026-02-14 04:32:27.812206,Dubai-6dc8,-24,26,Normal
2026-02-14 04:32:28.812206,Dubai-6dc8,-26,23,Normal
2026-02-14 04:32:29.812206,Dubai-6dc8,45,86,Normal
2026-02-14 04:32:30.812206,Dubai-6dc8,-10,28,Normal
2026-02-14 04:32:31.812206,Dubai-6dc8,27,14,Normal
2026-02-14 04:32:32.812206,Dubai-6dc8,-12,33,Normal
2026-02-14 04:32:33.812206,Dubai-6dc8,20,56,Normal
2026-02-14 04:32:34.812206,Dubai-6dc8,-23,25,Normal
2026-02-14 04:32:35.812206,Dubai-6dc8,-14,12,Normal
2026-02-14 04:32:36.812206,Dubai-6dc8,22,18,Normal
2026-02-14 04:32:37.812206,Dubai-6dc8,50,3,Normal
2026-02-14 04:32:38.812206,Dubai-6dc8,0,11,Normal
2026-02-14 04:32:39.812206,Dubai-6dc8,-12,46,Normal
2026-02-14 04:32:40.812206,Dubai-6dc8,22,1,Normal
2026-02-14 04:32:41.812206,Dubai-6dc8,28,94,Normal
2026-02-14 04:32:42.812206,Dubai-6dc8,-20,58,Normal
2026-02-14 04:32:43.812206,Dubai-6dc8,29,27,Normal
2026-02-14 04:32:44.812206,Dubai-6dc8,47,58,Normal
2026-02-14 04:32:45.812206,Dubai-6dc8,23,91,Normal
2026-02-14 04:32:46.812206,Dubai-6dc8,16,98,Normal
2026-02-14 04:32:47.812206,Dubai-6dc8,6,77,Normal
2026-02-14 04:32:48.812206,Dubai-6dc8,-13,22,Normal
2026-02-14 04:32:49.812206,Dubai-6dc8,44,70,Normal
2026-02-14 04:32:50.812206,Dubai-6dc8,-15,41,Normal
2026-02-14 04:32:51.812206,Dubai-6dc8,-2,69,Normal
2026-02-14 04:32:52.812206,Dubai-6dc8,-7,82,Normal
2026-02-14 04:32:53.812206,Dubai-6dc8,-10,68,Normal
2026-02-14 04:32:54.812206,Dubai-6dc8,-1,38,Normal
2026-02-14 04:32:55.812206,Dubai-6dc8,20,83,Normal
2026-02-14 04:32:56.812206,Dubai-6dc8,31,28,Normal
2026-02-14 04:32:57.812206,Dubai-6dc8,-3,40,Normal
2026-02-14 04:32:58.812206,Dubai-6dc8,43,7,Normal
2026-02-14 04:32:59.812206,Dubai-6dc8,26,38,Normal
2026-02-14 04:33:00.812206,Dubai-6dc8,8,43,Normal
2026-02-14 04:33:01.812206,Dubai-6dc8,-17,87,Normal
2026-02-14 04:33:02.812206,Dubai-6dc8,0,8,Normal
2026-02-14 04:33:03.812206,Dubai-6dc8,36,83,Normal
2026-02-14 04:33:04.812206,Dubai-6dc8,37,36,Normal
2026-02-14 04:33:05.812206,Dubai-6dc8,-27,85,Normal
2026-02-14 04:33:06.812206,Dubai-6dc8,-13,4,Normal
2026-02-14 04:33:07.812206,Dubai-6dc8,-21,20,Normal
2026-02-14 04:33:08.812206,Dubai-6dc8,-3,57,Normal
2026-02-14 04:33:09.812206,Dubai-6dc8,22,50,Normal
2026-02-14 04:33:10.812206,Dubai-6dc8,48,97,Normal
2026-02-14 04:33:11.812206,Dubai-6dc8,25,88,Normal
2026-02-14 04:33:12.812206,Dubai-6dc8,-29,96,Normal
2026-02-14 04:33:13.812206,Dubai-6dc8,-14,24,Normal
2026-02-14 04:33:14.812206,Dubai-6dc8,-26,62,Normal
2026-02-14 04:33:15.812206,Dubai-6dc8,41,23,Normal
2026-02-14 04:33:16.812206,Dubai-6dc8,-18,23,Normal
2026-02-14 04:33:17.812206,Dubai-6dc8,-2,40,Normal
2026-02-14 04:33:18.812206,Dubai-6dc8,13,60,Normal
2026-02-14 04:33:19.812206,Dubai-6dc8,15,3,Normal
2026-02-14 04:33:20.812206,Dubai-6dc8,0,74,Normal
2026-02-14 04:33:21.812206,Dubai-6dc8,11,83,Normal
2026-02-14 04:33:22.812206,Dubai-6dc8,29,14,Normal
2026-02-14 04:33:23.812206,Dubai-6dc8,-12,60,Normal
2026-02-14 04:33:24.812206,Dubai-6dc8,44,28,Normal
2026-02-14 04:33:25.812206,Dubai-6dc8,50,59,Normal
2026-02-14 04:33:26.812206,Dubai-6dc8,37,45,Normal
2026-02-14 04:33:27.812206,Dubai-6dc8,30,4,Normal
2026-02-14 04:33:28.812206,Dubai-6dc8,32,97,Normal
2026-02-14 04:33:29.812206,Dubai-6dc8,21,24,Normal
2026-02-14 04:33:30.812206,Dubai-6dc8,11,16,Normal
2026-02-14 04:33:31.812206,Dubai-6dc8,-26,96,Normal
2026-02-14 04:33:32.812206,Dubai-6dc8,9,71,Normal
2026-02-14 04:33:33.812206,Dubai-6dc8,-16,41,Normal
2026-02-14 04:33:34.812206,Dubai-6dc8,-21,44,Normal
2026-02-14 04:33:35.812206,Dubai-6dc8,14,93,Normal
2026-02-14 04:33:36.812206,Dubai-6dc8,16,70,Normal
2026-02-14 04:33:37.812206,Dubai-6dc8,36,59,Normal
2026-02-14 04:33:38.812206,Dubai-6dc8,-22,52,Normal
2026-02-14 04:33:39.812206,Dubai-6dc8,-26,83,Normal
2026-02-14 04:33:40.812206,Dubai-6dc8,22,82,Normal
2026-02-14 04:33:41.812206,Dubai-6dc8,-7,69,Normal
2026-02-14 04:33:42.812206,Dubai-6dc8,-17,88,Normal
2026-02-14 04:33:43.812206,Dubai-6dc8,-5,74,Normal
2026-02-14 04:33:44.812206,Dubai-6dc8,-29,47,Normal
2026-02-14 04:33:45.812206,Dubai-6dc8,15,45,Normal
2026-02-14 04:33:46.812206,Dubai-6dc8,2,62,Normal
2026-02-14 04:33:47.812206,Dubai-6dc8,9,53,Normal
2026-02-14 04:33:48.812206,Dubai-6dc8,-6,32,Normal
2026-02-14 04:33:49.812206,Dubai-6dc8,16,8,Normal
2026-02-14 04:33:50.812206,Dubai-6dc8,19,71,Normal
2026-02-14 04:33:51.812206,Dubai-6dc8,4,19,Normal
2026-02-14 04:33:52.812206,Dubai-6dc8,0,35,Normal
2026-02-14 04:33:53.812206,Dubai-6dc8,38,67,Normal
2026-02-14 04:33:54.812206,Dubai-6dc8,28,46,Normal
2026-02-14 04:33:55.812206,Dubai-6dc8,-12,31,Normal
2026-02-14 04:33:56.812206,Dubai-6dc8,35,54,Normal
2026-02-14 04:33:57.812206,Dubai-6dc8,-8,50,Normal
2026-02-14 04:33:58.812206,Dubai-6dc8,5,47,Normal
2026-02-14 04:33:59.812206,Dubai-6dc8,-24,87,Normal
2026-02-14 04:34:00.812206,Dubai-6dc8,-15,94,Normal
2026-02-14 04:34:01.812206,Dubai-6dc8,-11,30,Normal
2026-02-14 04:34:02.812206,Dubai-6dc8,50,4,Normal
2026-02-14 04:34:03.812206,Dubai-6dc8,6,66,Normal
2026-02-14 04:34:04.812206,Dubai-6dc8,2,46,Normal
2026-02-14 04:34:05.812206,Dubai-6dc8,0,21,Normal
2026-02-14 04:34:06.812206,Dubai-6dc8,-11,54,Normal
2026-02-14 04:34:07.812206,Dubai-6dc8,-5,99,Normal
2026-02-14 04:34:08.812206,Dubai-6dc8,-16,23,Normal
2026-02-14 04:34:09.812206,Dubai-6dc8,7,74,Normal
2026-02-14 04:34:10.812206,Dubai-6dc8,48,50,Normal
2026-02-14 04:34:11.812206,Dubai-6dc8,-30,22,Normal
2026-02-14 04:34:12.812206,Dubai-6dc8,35,42,Normal
2026-02-14 04:34:13.812206,Dubai-6dc8,36,90,Normal
2026-02-14 04:34:14.812206,Dubai-6dc8,5,100,Normal
2026-02-14 04:34:15.812206,Dubai-6dc8,34,94,Normal
2026-02-14 04:34:16.812206,Dubai-6dc8,40,59,Normal
2026-02-14 04:34:17.812206,Dubai-6dc8,32,35,Normal
2026-02-14 04:34:18.812206,Dubai-6dc8,1,81,Normal
2026-02-14 04:34:19.812206,Dubai-6dc8,8,18,Normal
2026-02-14 04:34:20.812206,Dubai-6dc8,33,76,Normal
2026-02-14 04:34:21.812206,Dubai-6dc8,-28,37,Normal
2026-02-14 04:34:22.812206,Dubai-6dc8,3,11,Normal
2026-02-14 04:34:23.812206,Dubai-6dc8,45,47,Normal
2026-02-14 04:34:24.812206,Dubai-6dc8,15,27,Normal
2026-02-14 04:34:25.812206,Dubai-6dc8,34,60,Normal
2026-02-14 04:34:26.812206,Dubai-6dc8,32,27,Normal
2026-02-14 04:34:27.812206,Dubai-6dc8,8,82,Normal
2026-02-14 04:34:28.812206,Dubai-6dc8,50,54,Normal
2026-02-14 04:34:29.812206,Dubai-6dc8,7,21,Normal
2026-02-14 04:34:30.812206,Dubai-6dc8,-30,65,Normal
2026-02-14 04:34:31.812206,Dubai-6dc8,29,40,Normal
2026-02-14 04:34:32.812206,Dubai-6dc8,5,67,Normal
2026-02-14 04:34:33.812206,Dubai-6dc8,-29,3,Normal
2026-02-14 04:34:34.812206,Dubai-6dc8,-27,36,Normal
2026-02-14 04:34:35.812206,Dubai-6dc8,6,98,Normal
2026-02-14 04:34:36.812206,Dubai-6dc8,3,25,Normal
2026-02-14 04:34:37.812206,Dubai-6dc8,-8,56,Normal
2026-02-14 04:34:38.812206,Dubai-6dc8,46,78,Normal
2026-02-14 04:34:39.812206,Dubai-6dc8,8,32,Normal
2026-02-14 04:34:40.812206,Dubai-6dc8,1,69,Normal
2026-02-14 04:34:41.812206,Dubai-6dc8,27,16,Normal
2026-02-14 04:34:42.812206,Dubai-6dc8,19,10,Normal
2026-02-14 04:34:43.812206,Dubai-6dc8,33,54,Normal
2026-02-14 04:34:44.812206,Dubai-6dc8,39,56,Normal
2026-02-14 04:34:45.812206,Dubai-6dc8,37,33,Normal
2026-02-14 04:34:46.812206,Dubai-6dc8,7,60,Normal
2026-02-14 04:34:47.812206,Dubai-6dc8,34,93,Normal
2026-02-14 04:34:48.812206,Dubai-6dc8,-25,71,Normal
2026-02-14 04:34:49.812206,Dubai-6dc8,-20,78,Normal
2026-02-14 04:34:50.812206,Dubai-6dc8,17,52,Normal
2026-02-14 04:34:51.812206,Dubai-6dc8,44,43,Normal
2026-02-14 04:34:52.812206,Dubai-6dc8,-3,45,Normal
2026-02-14 04:34:53.812206,Dubai-6dc8,27,62,Normal
2026-02-14 04:34:54.812206,Dubai-6dc8,13,16,Normal
2026-02-14 04:34:55.812206,Dubai-6dc8,-22,66,Normal
2026-02-14 04:34:56.812206,Dubai-6dc8,-17,68,Normal
2026-02-14 04:34:57.812206,Dubai-6dc8,37,29,Normal
2026-02-14 04:34:58.812206,Dubai-6dc8,10,20,Normal
2026-02-14 04:34:59.812206,Dubai-6dc8,49,42,Normal
2026-02-14 04:35:00.812206,Dubai-6dc8,-15,10,Normal
2026-02-14 04:35:01.812206,Dubai-6dc8,40,98,Normal
2026-02-14 04:35:02.812206,Dubai-6dc8,35,53,Normal
2026-02-14 04:35:03.812206,Dubai-6dc8,8,31,Normal
2026-02-14 04:35:04.812206,Dubai-6dc8,0,86,Normal
2026-02-14 04:35:05.812206,Dubai-6dc8,-23,60,Normal
2026-02-14 04:35:06.812206,Dubai-6dc8,11,1,Normal
2026-02-14 04:35:07.812206,Dubai-6dc8,33,52,Normal
2026-02-14 04:35:08.812206,Dubai-6dc8,-21,68,Normal
2026-02-14 04:35:09.812206,Dubai-6dc8,48,35,Normal
2026-02-14 04:35:10.812206,Dubai-6dc8,-23,43,Normal
2026-02-14 04:35:11.812206,Dubai-6dc8,29,79,Normal
2026-02-14 04:35:12.812206,Dubai-6dc8,-9,39,Normal
2026-02-14 04:35:13.812206,Dubai-6dc8,-25,51,Normal
2026-02-14 04:35:14.812206,Dubai-6dc8,-27,81,Normal
2026-02-14 04:35:15.812206,Dubai-6dc8,30,6,Normal
2026-02-14 04:35:16.812206,Dubai-6dc8,-17,3,Normal
2026-02-14 04:35:17.812206,Dubai-6dc8,15,72,Normal
2026-02-14 04:35:18.812206,Dubai-6dc8,15,62,Normal
2026-02-14 04:35:19.812206,Dubai-6dc8,23,84,Normal
2026-02-14 04:35:20.812206,Dubai-6dc8,24,0,Normal
2026-02-14 04:35:21.812206,Dubai-6dc8,50,47,Normal
2026-02-14 04:35:22.812206,Dubai-6dc8,34,93,Normal
2026-02-14 04:35:23.812206,Dubai-6dc8,-17,58,Normal
2026-02-14 04:35:24.812206,Dubai-6dc8,40,21,Normal
2026-02-14 04:35:25.812206,Dubai-6dc8,-23,32,Normal
2026-02-14 04:35:26.812206,Dubai-6dc8,-2,26,Normal
2026-02-14 04:35:27.812206,Dubai-6dc8,-7,82,Normal
2026-02-14 04:35:28.812206,Dubai-6dc8,3,44,Normal
2026-02-14 04:35:29.812206,Dubai-6dc8,-21,43,Normal
2026-02-14 04:35:30.812206,Dubai-6dc8,-7,58,Normal
2026-02-14 04:35:31.812206,Dubai-6dc8,25,12,Normal
2026-02-14 04:35:32.812206,Dubai-6dc8,47,87,Normal
2026-02-14 04:35:33.812206,Dubai-6dc8,47,54,Normal
2026-02-14 04:35:34.812206,Dubai-6dc8,39,100,Normal
2026-02-14 04:35:35.812206,Dubai-6dc8,39,45,Normal
2026-02-14 04:35:36.812206,Dubai-6dc8,42,0,Normal
2026-02-14 04:35:37.812206,Dubai-6dc8,16,14,Normal
2026-02-14 04:35:38.812206,Dubai-6dc8,13,45,Normal
2026-02-14 04:35:39.812206,Dubai-6dc8,41,82,Normal
2026-02-14 04:35:40.812206,Dubai-6dc8,-18,79,Normal
2026-02-14 04:35:41.812206,Dubai-6dc8,48,62,Normal
2026-02-14 04:35:42.812206,Dubai-6dc8,33,38,Normal
2026-02-14 04:35:43.812206,Dubai-6dc8,9,10,Normal
2026-02-14 04:35:44.812206,Dubai-6dc8,4,52,Normal
2026-02-14 04:35:45.812206,Dubai-6dc8,-8,16,Normal
2026-02-14 04:35:46.812206,Dubai-6dc8,-26,97,Normal
2026-02-14 04:35:47.812206,Dubai-6dc8,28,96,Normal
2026-02-14 04:35:48.812206,Dubai-6dc8,15,2,Normal
2026-02-14 04:35:49.812206,Dubai-6dc8,-2,40,Normal
2026-02-14 04:35:50.812206,Dubai-6dc8,30,37,Normal
2026-02-14 04:35:51.812206,Dubai-6dc8,13,93,Normal
2026-02-14 04:35:52.812206,Dubai-6dc8,3,30,Normal
2026-02-14 04:35:53.812206,Dubai-6dc8,1,60,Normal
2026-02-14 04:35:54.812206,Dubai-6dc8,21,21,Normal
2026-02-14 04:35:55.812206,Dubai-6dc8,3,70,Normal
2026-02-14 04:35:56.812206,Dubai-6dc8,-4,86,Normal
2026-02-14 04:35:57.812206,Dubai-6dc8,32,74,Normal
2026-02-14 04:35:58.812206,Dubai-6dc8,-29,68,Normal
2026-02-14 04:35:59.812206,Dubai-6dc8,22,67,Normal
2026-02-14 04:36:00.812206,Dubai-6dc8,3,76,Normal
2026-02-14 04:36:01.812206,Dubai-6dc8,4,41,Normal
2026-02-14 04:36:02.812206,Dubai-6dc8,9,81,Normal
2026-02-14 04:36:03.812206,Dubai-6dc8,-27,38,Normal
2026-02-14 04:36:04.812206,Dubai-6dc8,7,60,Normal
2026-02-14 04:36:05.812206,Dubai-6dc8,-1,88,Normal
2026-02-14 04:36:06.812206,Dubai-6dc8,4,2,Normal
2026-02-14 04:36:07.812206,Dubai-6dc8,8,56,Normal
2026-02-14 04:36:08.812206,Dubai-6dc8,31,8,Normal
2026-02-14 04:36:09.812206,Dubai-6dc8,18,92,Normal
2026-02-14 04:36:10.812206,Dubai-6dc8,15,29,Normal
2026-02-14 04:36:11.812206,Dubai-6dc8,1,13,Normal
2026-02-14 04:36:12.812206,Dubai-6dc8,30,21,Normal
2026-02-14 04:36:13.812206,Dubai-6dc8,-24,57,Normal
2026-02-14 04:36:14.812206,Dubai-6dc8,42,78,Normal
2026-02-14 04:36:15.812206,Dubai-6dc8,28,18,Normal
2026-02-14 04:36:16.812206,Dubai-6dc8,-10,66,Normal
2026-02-14 04:36:17.812206,Dubai-6dc8,-10,50,Normal
2026-02-14 04:36:18.812206,Dubai-6dc8,8,13,Normal
2026-02-14 04:36:19.812206,Dubai-6dc8,10,97,Normal
2026-02-14 04:36:20.812206,Dubai-6dc8,8,48,Normal
2026-02-14 04:36:21.812206,Dubai-6dc8,-19,10,Normal
2026-02-14 04:36:22.812206,Dubai-6dc8,27,9,Normal
2026-02-14 04:36:23.812206,Dubai-6dc8,38,45,Normal
2026-02-14 04:36:24.812206,Dubai-6dc8,20,27,Normal
2026-02-14 04:36:25.812206,Dubai-6dc8,47,2,Normal
2026-02-14 04:36:26.812206,Dubai-6dc8,-5,14,Normal
2026-02-14 04:36:27.812206,Dubai-6dc8,26,61,Normal
2026-02-14 04:36:28.812206,Dubai-6dc8,15,76,Normal
2026-02-14 04:36:29.812206,Dubai-6dc8,34,61,Normal
2026-02-14 04:36:30.812206,Dubai-6dc8,-10,83,Normal
2026-02-14 04:36:31.812206,Dubai-6dc8,-8,42,Normal
2026-02-14 04:36:32.812206,Dubai-6dc8,-22,43,Normal
2026-02-14 04:36:33.812206,Dubai-6dc8,-9,33,Normal
2026-02-14 04:36:34.812206,Dubai-6dc8,21,18,Normal
2026-02-14 04:36:35.812206,Dubai-6dc8,2,55,Normal
2026-02-14 04:36:36.812206,Dubai-6dc8,50,21,Normal
2026-02-14 04:36:37.812206,Dubai-6dc8,-22,9,Normal
2026-02-14 04:36:38.812206,Dubai-6dc8,-16,57,Normal
2026-02-14 04:36:39.812206,Dubai-6dc8,42,83,Normal
2026-02-14 04:36:40.812206,Dubai-6dc8,-11,57,Normal
2026-02-14 04:36:41.812206,Dubai-6dc8,8,68,Normal
2026-02-14 04:36:42.812206,Dubai-6dc8,39,69,Normal
2026-02-14 04:36:43.812206,Dubai-6dc8,41,56,Normal
2026-02-14 04:36:44.812206,Dubai-6dc8,-25,10,Normal
2026-02-14 04:36:45.812206,Dubai-6dc8,22,43,Normal
2026-02-14 04:36:46.812206,Dubai-6dc8,-4,27,Normal
2026-02-14 04:36:47.812206,Dubai-6dc8,19,31,Normal
2026-02-14 04:36:48.812206,Dubai-6dc8,50,14,Normal
2026-02-14 04:36:49.812206,Dubai-6dc8,-28,53,Normal
2026-02-14 04:36:50.812206,Dubai-6dc8,45,31,Normal
2026-02-14 04:36:51.812206,Dubai-6dc8,-29,69,Normal
2026-02-14 04:36:52.812206,Dubai-6dc8,-11,1,Normal
2026-02-14 04:36:53.812206,Dubai-6dc8,-30,47,Normal
2026-02-14 04:36:54.812206,Dubai-6dc8,16,49,Normal
2026-02-14 04:36:55.812206,Dubai-6dc8,0,21,Normal
2026-02-14 04:36:56.812206,Dubai-6dc8,25,26,Normal
2026-02-14 04:36:57.812206,Dubai-6dc8,32,91,Normal
2026-02-14 04:36:58.812206,Dubai-6dc8,-17,6,Normal
2026-02-14 04:36:59.812206,Dubai-6dc8,50,62,Normal
2026-02-14 04:37:00.812206,Dubai-6dc8,16,31,Normal
2026-02-14 04:37:01.812206,Dubai-6dc8,-3,54,Normal
2026-02-14 04:37:02.812206,Dubai-6dc8,3,68,Normal
2026-02-14 04:37:03.812206,Dubai-6dc8,0,59,Normal
2026-02-14 04:37:04.812206,Dubai-6dc8,-6,85,Normal
2026-02-14 04:37:05.812206,Dubai-6dc8,39,42,Normal
2026-02-14 04:37:06.812206,Dubai-6dc8,21,36,Normal
2026-02-14 04:37:07.812206,Dubai-6dc8,43,1,Normal
2026-02-14 04:37:08.812206,Dubai-6dc8,-10,12,Normal
2026-02-14 04:37:09.812206,Dubai-6dc8,49,91,Normal
2026-02-14 04:37:10.812206,Dubai-6dc8,-3,18,Normal
2026-02-14 04:37:11.812206,Dubai-6dc8,10,6,Normal
2026-02-14 04:37:12.812206,Dubai-6dc8,-11,16,Normal
2026-02-14 04:37:13.812206,Dubai-6dc8,-14,83,Normal
2026-02-14 04:37:14.812206,Dubai-6dc8,12,31,Normal
2026-02-14 04:37:15.812206,Dubai-6dc8,9,50,Normal
2026-02-14 04:37:16.812206,Dubai-6dc8,5,57,Normal
2026-02-14 04:37:17.812206,Dubai-6dc8,2,33,Normal
2026-02-14 04:37:18.812206,Dubai-6dc8,33,47,Normal
2026-02-14 04:37:19.812206,Dubai-6dc8,6,84,Normal
2026-02-14 04:37:20.812206,Dubai-6dc8,6,52,Normal
2026-02-14 04:37:21.812206,Dubai-6dc8,36,70,Normal
2026-02-14 04:37:22.812206,Dubai-6dc8,10,31,Normal
2026-02-14 04:37:23.812206,Dubai-6dc8,46,52,Normal
2026-02-14 04:37:24.812206,Dubai-6dc8,-1,36,Normal
2026-02-14 04:37:25.812206,Dubai-6dc8,-19,96,Normal
2026-02-14 04:37:26.812206,Dubai-6dc8,17,10,Normal
2026-02-14 04:37:27.812206,Dubai-6dc8,-13,23,Normal
2026-02-14 04:37:28.812206,Dubai-6dc8,15,14,Normal
2026-02-14 04:37:29.812206,Dubai-6dc8,3,92,Normal
2026-02-14 04:37:30.812206,Dubai-6dc8,-16,72,Normal
2026-02-14 04:37:31.812206,Dubai-6dc8,15,99,Normal
2026-02-14 04:37:32.812206,Dubai-6dc8,-17,13,Normal
2026-02-14 04:37:33.812206,Dubai-6dc8,26,21,Normal
2026-02-14 04:37:34.812206,Dubai-6dc8,-4,18,Normal
2026-02-14 04:37:35.812206,Dubai-6dc8,24,74,Normal
2026-02-14 04:37:36.812206,Dubai-6dc8,49,80,Normal
2026-02-14 04:37:37.812206,Dubai-6dc8,24,12,Normal
2026-02-14 04:37:38.812206,Dubai-6dc8,48,80,Normal
2026-02-14 04:37:39.812206,Dubai-6dc8,4,89,Normal
2026-02-14 04:37:40.812206,Dubai-6dc8,-20,21,Normal
2026-02-14 04:37:41.812206,Dubai-6dc8,26,84,Normal
2026-02-14 04:37:42.812206,Dubai-6dc8,-11,54,Normal
2026-02-14 04:37:43.812206,Dubai-6dc8,4,43,Normal
2026-02-14 04:37:44.812206,Dubai-6dc8,-29,81,Normal
2026-02-14 04:37:45.812206,Dubai-6dc8,8,21,Normal
2026-02-14 04:37:46.812206,Dubai-6dc8,-14,96,Normal
2026-02-14 04:37:47.812206,Dubai-6dc8,-19,12,Normal
2026-02-14 04:37:48.812206,Dubai-6dc8,12,27,Normal
2026-02-14 04:37:49.812206,Dubai-6dc8,9,71,Normal
2026-02-14 04:37:50.812206,Dubai-6dc8,-24,4,Normal
2026-02-14 04:37:51.812206,Dubai-6dc8,-26,15,Normal
2026-02-14 04:37:52.812206,Dubai-6dc8,48,40,Normal
2026-02-14 04:37:53.812206,Dubai-6dc8,14,50,Normal
2026-02-14 04:37:54.812206,Dubai-6dc8,4,98,Normal
2026-02-14 04:37:55.812206,Dubai-6dc8,39,44,Normal
2026-02-14 04:37:56.812206,Dubai-6dc8,38,24,Normal
2026-02-14 04:37:57.812206,Dubai-6dc8,21,72,Normal
2026-02-14 04:37:58.812206,Dubai-6dc8,27,96,Normal
2026-02-14 04:37:59.812206,Dubai-6dc8,33,56,Normal
2026-02-14 04:38:00.812206,Dubai-6dc8,0,52,Normal
2026-02-14 04:38:01.812206,Dubai-6dc8,-1,70,Normal
2026-02-14 04:38:02.812206,Dubai-6dc8,45,66,Normal
2026-02-14 04:38:03.812206,Dubai-6dc8,40,83,Normal
2026-02-14 04:38:04.812206,Dubai-6dc8,2,29,Normal
2026-02-14 04:38:05.812206,Dubai-6dc8,-16,91,Normal
2026-02-14 04:38:06.812206,Dubai-6dc8,-1,36,Normal
2026-02-14 04:38:07.812206,Dubai-6dc8,-14,23,Normal
2026-02-14 04:38:08.812206,Dubai-6dc8,18,17,Normal
2026-02-14 04:38:09.812206,Dubai-6dc8,-23,35,Normal
2026-02-14 04:38:10.812206,Dubai-6dc8,29,99,Normal
2026-02-14 04:38:11.812206,Dubai-6dc8,-3,60,Normal
2026-02-14 04:38:12.812206,Dubai-6dc8,44,46,Normal
2026-02-14 04:38:13.812206,Dubai-6dc8,44,74,Normal
2026-02-14 04:38:14.812206,Dubai-6dc8,21,47,Normal
2026-02-14 04:38:15.812206,Dubai-6dc8,16,5,Normal
2026-02-14 04:38:16.812206,Dubai-6dc8,0,93,Normal
2026-02-14 04:38:17.812206,Dubai-6dc8,39,49,Normal
2026-02-14 04:38:18.812206,Dubai-6dc8,9,66,Normal
2026-02-14 04:38:19.812206,Dubai-6dc8,-29,39,Normal
2026-02-14 04:38:20.812206,Dubai-6dc8,9,23,Normal
2026-02-14 04:38:21.812206,Dubai-6dc8,-27,81,Normal
2026-02-14 04:38:22.812206,Dubai-6dc8,38,81,Normal
2026-02-14 04:38:23.812206,Dubai-6dc8,-14,11,Normal
2026-02-14 04:38:24.812206,Dubai-6dc8,11,77,Normal
2026-02-14 04:38:25.812206,Dubai-6dc8,11,32,Normal
2026-02-14 04:38:26.812206,Dubai-6dc8,14,17,Normal
2026-02-14 04:38:27.812206,Dubai-6dc8,-4,59,Normal
2026-02-14 04:38:28.812206,Dubai-6dc8,12,13,Normal
2026-02-14 04:38:29.812206,Dubai-6dc8,-2,92,Normal
2026-02-14 04:38:30.812206,Dubai-6dc8,29,18,Normal
2026-02-14 04:38:31.812206,Dubai-6dc8,3,40,Normal
2026-02-14 04:38:32.812206,Dubai-6dc8,-15,4,Normal
2026-02-14 04:38:33.812206,Dubai-6dc8,38,60,Normal
2026-02-14 04:38:34.812206,Dubai-6dc8,32,35,Normal
2026-02-14 04:38:35.812206,Dubai-6dc8,-17,26,Normal
2026-02-14 04:38:36.812206,Dubai-6dc8,44,56,Normal
2026-02-14 04:38:37.812206,Dubai-6dc8,32,17,Normal
2026-02-14 04:38:38.812206,Dubai-6dc8,14,70,Normal
2026-02-14 04:38:39.812206,Dubai-6dc8,-3,94,Normal
2026-02-14 04:38:40.812206,Dubai-6dc8,7,58,Normal
2026-02-14 04:38:41.812206,Dubai-6dc8,-7,44,Normal
2026-02-14 04:38:42.812206,Dubai-6dc8,-25,97,Normal
2026-02-14 04:38:43.812206,Dubai-6dc8,-24,76,Normal
2026-02-14 04:38:44.812206,Dubai-6dc8,22,52,Normal
2026-02-14 04:38:45.812206,Dubai-6dc8,49,71,Normal
2026-02-14 04:38:46.812206,Dubai-6dc8,5,99,Normal
2026-02-14 04:38:47.812206,Dubai-6dc8,1,32,Normal
2026-02-14 04:38:48.812206,Dubai-6dc8,39,42,Normal
2026-02-14 04:38:49.812206,Dubai-6dc8,-10,37,Normal
2026-02-14 04:38:50.812206,Dubai-6dc8,-23,96,Normal
2026-02-14 04:38:51.812206,Dubai-6dc8,-9,3,Normal
2026-02-14 04:38:52.812206,Dubai-6dc8,25,10,Normal
2026-02-14 04:38:53.812206,Dubai-6dc8,41,82,Normal
2026-02-14 04:38:54.812206,Dubai-6dc8,50,96,Normal
2026-02-14 04:38:55.812206,Dubai-6dc8,45,14,Normal
2026-02-14 04:38:56.812206,Dubai-6dc8,49,100,Normal
2026-02-14 04:38:57.812206,Dubai-6dc8,-10,4,Normal
2026-02-14 04:38:58.812206,Dubai-6dc8,-5,95,Normal
2026-02-14 04:38:59.812206,Dubai-6dc8,21,38,Normal
2026-02-14 04:39:00.812206,Dubai-6dc8,42,70,Normal
2026-02-14 04:39:01.812206,Dubai-6dc8,-10,45,Normal
2026-02-14 04:39:02.812206,Dubai-6dc8,-5,72,Normal
2026-02-14 04:39:03.812206,Dubai-6dc8,4,92,Normal
2026-02-14 04:39:04.812206,Dubai-6dc8,-13,4,Normal
2026-02-14 04:39:05.812206,Dubai-6dc8,35,71,Normal
2026-02-14 04:39:06.812206,Dubai-6dc8,-1,46,Normal
2026-02-14 04:39:07.812206,Dubai-6dc8,11,62,Normal
2026-02-14 04:39:08.812206,Dubai-6dc8,3,83,Normal
2026-02-14 04:39:09.812206,Dubai-6dc8,-14,12,Normal
2026-02-14 04:39:10.812206,Dubai-6dc8,26,31,Normal
2026-02-14 04:39:11.812206,Dubai-6dc8,-15,16,Normal
2026-02-14 04:39:12.812206,Dubai-6dc8,46,84,Normal
2026-02-14 04:39:13.812206,Dubai-6dc8,9,14,Normal
2026-02-14 04:39:14.812206,Dubai-6dc8,14,45,Normal
2026-02-14 04:39:15.812206,Dubai-6dc8,15,59,Normal
2026-02-14 04:39:16.812206,Dubai-6dc8,-30,59,Normal
2026-02-14 04:39:17.812206,Dubai-6dc8,-2,14,Normal
2026-02-14 04:39:18.812206,Dubai-6dc8,49,50,Normal
2026-02-14 04:39:19.812206,Dubai-6dc8,47,53,Normal
2026-02-14 04:39:20.812206,Dubai-6dc8,-24,6,Normal
2026-02-14 04:39:21.812206,Dubai-6dc8,47,20,Normal
2026-02-14 04:39:22.812206,Dubai-6dc8,5,44,Normal
2026-02-14 04:39:23.812206,Dubai-6dc8,7,61,Normal
2026-02-14 04:39:24.812206,Dubai-6dc8,8,9,Normal
2026-02-14 04:39:25.812206,Dubai-6dc8,-25,24,Normal
2026-02-14 04:39:26.812206,Dubai-6dc8,8,45,Normal
2026-02-14 04:39:27.812206,Dubai-6dc8,18,19,Normal
2026-02-14 04:39:28.812206,Dubai-6dc8,2,75,Normal
2026-02-14 04:39:29.812206,Dubai-6dc8,-7,70,Normal
2026-02-14 04:39:30.812206,Dubai-6dc8,4,6,Normal
2026-02-14 04:39:31.812206,Dubai-6dc8,6,79,Normal
2026-02-14 04:39:32.812206,Dubai-6dc8,26,8,Normal
2026-02-14 04:39:33.812206,Dubai-6dc8,-28,11,Normal
2026-02-14 04:39:34.812206,Dubai-6dc8,-26,45,Normal
2026-02-14 04:39:35.812206,Dubai-6dc8,27,88,Normal
2026-02-14 04:39:36.812206,Dubai-6dc8,19,3,Normal
2026-02-14 04:39:37.812206,Dubai-6dc8,29,70,Normal
2026-02-14 04:39:38.812206,Dubai-6dc8,27,65,Normal
2026-02-14 04:39:39.812206,Dubai-6dc8,10,5,Normal
2026-02-14 04:39:40.812206,Dubai-6dc8,33,40,Normal
2026-02-14 04:39:41.812206,Dubai-6dc8,0,58,Normal
2026-02-14 04:39:42.812206,Dubai-6dc8,6,2,Normal
2026-02-14 04:39:43.812206,Dubai-6dc8,31,56,Normal
2026-02-14 04:39:44.812206,Dubai-6dc8,-9,95,Normal
2026-02-14 04:39:45.812206,Dubai-6dc8,-25,76,Normal
2026-02-14 04:39:46.812206,Dubai-6dc8,26,75,Normal
2026-02-14 04:39:47.812206,Dubai-6dc8,13,28,Normal
2026-02-14 04:39:48.812206,Dubai-6dc8,38,50,Normal
2026-02-14 04:39:49.812206,Dubai-6dc8,-21,2,Normal
2026-02-14 04:39:50.812206,Dubai-6dc8,42,93,Normal
2026-02-14 04:39:51.812206,Dubai-6dc8,28,67,Normal
2026-02-14 04:39:52.812206,Dubai-6dc8,14,0,Normal
2026-02-14 04:39:53.812206,Dubai-6dc8,20,1,Normal
2026-02-14 04:39:54.812206,Dubai-6dc8,47,27,Normal
2026-02-14 04:39:55.812206,Dubai-6dc8,-11,90,Normal
2026-02-14 04:39:56.812206,Dubai-6dc8,-5,25,Normal
2026-02-14 04:39:57.812206,Dubai-6dc8,39,70,Normal
2026-02-14 04:39:58.812206,Dubai-6dc8,26,88,Normal
2026-02-14 04:39:59.812206,Dubai-6dc8,-2,85,Normal
2026-02-14 04:40:00.812206,Dubai-6dc8,-2,4,Normal
2026-02-14 04:40:01.812206,Dubai-6dc8,-1,8,Normal
2026-02-14 04:40:02.812206,Dubai-6dc8,-9,28,Normal
2026-02-14 04:40:03.812206,Dubai-6dc8,48,20,Normal
2026-02-14 04:40:04.812206,Dubai-6dc8,30,64,Normal
2026-02-14 04:40:05.812206,Dubai-6dc8,-26,59,Normal
2026-02-14 04:40:06.812206,Dubai-6dc8,-16,33,Normal
2026-02-14 04:40:07.812206,Dubai-6dc8,32,5,Normal
2026-02-14 04:40:08.812206,Dubai-6dc8,37,12,Normal
2026-02-14 04:40:09.812206,Dubai-6dc8,27,30,Normal
2026-02-14 04:40:10.812206,Dubai-6dc8,28,38,Normal
2026-02-14 04:40:11.812206,Dubai-6dc8,-30,34,Normal
2026-02-14 04:40:12.812206,Dubai-6dc8,34,40,Normal
2026-02-14 04:40:13.812206,Dubai-6dc8,-14,59,Normal
2026-02-14 04:40:14.812206,Dubai-6dc8,46,89,Normal
2026-02-14 04:40:15.812206,Dubai-6dc8,48,100,Normal
2026-02-14 04:40:16.812206,Dubai-6dc8,38,92,Normal
2026-02-14 04:40:17.812206,Dubai-6dc8,37,41,Normal
2026-02-14 04:40:18.812206,Dubai-6dc8,18,33,Normal
2026-02-14 04:40:19.812206,Dubai-6dc8,25,4,Normal
2026-02-14 04:40:20.812206,Dubai-6dc8,-25,16,Normal
2026-02-14 04:40:21.812206,Dubai-6dc8,0,59,Normal
2026-02-14 04:40:22.812206,Dubai-6dc8,39,86,Normal
2026-02-14 04:40:23.812206,Dubai-6dc8,6,40,Normal
2026-02-14 04:40:24.812206,Dubai-6dc8,32,4,Normal
2026-02-14 04:40:25.812206,Dubai-6dc8,-10,56,Normal
2026-02-14 04:40:26.812206,Dubai-6dc8,39,53,Normal
2026-02-14 04:40:27.812206,Dubai-6dc8,-6,44,Normal
2026-02-14 04:40:28.812206,Dubai-6dc8,12,42,Normal
2026-02-14 04:40:29.812206,Dubai-6dc8,-22,4,Normal
2026-02-14 04:40:30.812206,Dubai-6dc8,39,92,Normal
2026-02-14 04:40:31.812206,Dubai-6dc8,-23,42,Normal
2026-02-14 04:40:32.812206,Dubai-6dc8,-8,23,Normal
2026-02-14 04:40:33.812206,Dubai-6dc8,-29,79,Normal
2026-02-14 04:40:34.812206,Dubai-6dc8,31,35,Normal
2026-02-14 04:40:35.812206,Dubai-6dc8,-8,91,Normal
2026-02-14 04:40:36.812206,Dubai-6dc8,-12,2,Normal
2026-02-14 04:40:37.812206,Dubai-6dc8,35,69,Normal
2026-02-14 04:40:38.812206,Dubai-6dc8,33,52,Normal
2026-02-14 04:40:39.812206,Dubai-6dc8,-25,13,Normal
2026-02-14 04:40:40.812206,Dubai-6dc8,3,81,Normal
2026-02-14 04:40:41.812206,Dubai-6dc8,3,100,Normal
2026-02-14 04:40:42.812206,Dubai-6dc8,44,88,Normal
2026-02-14 04:40:43.812206,Dubai-6dc8,-9,32,Normal
2026-02-14 04:40:44.812206,Dubai-6dc8,44,64,Normal
2026-02-14 04:40:45.812206,Dubai-6dc8,-24,35,Normal
2026-02-14 04:40:46.812206,Dubai-6dc8,-19,4,Normal
2026-02-14 04:40:47.812206,Dubai-6dc8,49,94,Normal
2026-02-14 04:40:48.812206,Dubai-6dc8,-27,58,Normal
2026-02-14 04:40:49.812206,Dubai-6dc8,40,24,Normal
2026-02-14 04:40:50.812206,Dubai-6dc8,-17,30,Normal
2026-02-14 04:40:51.812206,Dubai-6dc8,41,68,Normal
2026-02-14 04:40:52.812206,Dubai-6dc8,-28,8,Normal
2026-02-14 04:40:53.812206,Dubai-6dc8,-23,77,Normal
2026-02-14 04:40:54.812206,Dubai-6dc8,13,72,Normal
2026-02-14 04:40:55.812206,Dubai-6dc8,43,59,Normal
2026-02-14 04:40:56.812206,Dubai-6dc8,-1,51,Normal
2026-02-14 04:40:57.812206,Dubai-6dc8,35,32,Normal
2026-02-14 04:40:58.812206,Dubai-6dc8,-27,53,Normal
2026-02-14 04:40:59.812206,Dubai-6dc8,-26,15,Normal
2026-02-14 04:41:00.812206,Dubai-6dc8,20,87,Normal
2026-02-14 04:41:01.812206,Dubai-6dc8,38,36,Normal
2026-02-14 04:41:02.812206,Dubai-6dc8,-13,6,Normal
2026-02-14 04:41:03.812206,Dubai-6dc8,-2,83,Normal
2026-02-14 04:41:04.812206,Dubai-6dc8,45,54,Normal
2026-02-14 04:41:05.812206,Dubai-6dc8,-9,45,Normal
2026-02-14 04:41:06.812206,Dubai-6dc8,-20,16,Normal
2026-02-14 04:41:07.812206,Dubai-6dc8,18,80,Normal
2026-02-14 04:41:08.812206,Dubai-6dc8,-6,84,Normal
2026-02-14 04:41:09.812206,Dubai-6dc8,26,40,Normal
2026-02-14 04:41:10.812206,Dubai-6dc8,22,85,Normal
2026-02-14 04:41:11.812206,Dubai-6dc8,-2,48,Normal
2026-02-14 04:41:12.812206,Dubai-6dc8,14,54,Normal
2026-02-14 04:41:13.812206,Dubai-6dc8,20,14,Normal
2026-02-14 04:41:14.812206,Dubai-6dc8,-5,68,Normal
2026-02-14 04:41:15.812206,Dubai-6dc8,-5,70,Normal
2026-02-14 04:41:16.812206,Dubai-6dc8,13,47,Normal
2026-02-14 04:41:17.812206,Dubai-6dc8,15,47,Normal
2026-02-14 04:41:18.812206,Dubai-6dc8,36,61,Normal
2026-02-14 04:41:19.812206,Dubai-6dc8,-15,35,Normal
2026-02-14 04:41:20.812206,Dubai-6dc8,25,79,Normal
2026-02-14 04:41:21.812206,Dubai-6dc8,-11,99,Normal
2026-02-14 04:41:22.812206,Dubai-6dc8,40,85,Normal
2026-02-14 04:41:23.812206,Dubai-6dc8,49,40,Normal
2026-02-14 04:41:24.812206,Dubai-6dc8,32,86,Normal
2026-02-14 04:41:25.812206,Dubai-6dc8,1,36,Normal
2026-02-14 04:41:26.812206,Dubai-6dc8,-12,72,Normal
2026-02-14 04:41:27.812206,Dubai-6dc8,8,42,Normal
2026-02-14 04:41:28.812206,Dubai-6dc8,22,30,Normal
2026-02-14 04:41:29.812206,Dubai-6dc8,-20,64,Normal
2026-02-14 04:41:30.812206,Dubai-6dc8,-14,30,Normal
2026-02-14 04:41:31.812206,Dubai-6dc8,-26,82,Normal
2026-02-14 04:41:32.812206,Dubai-6dc8,42,56,Normal
2026-02-14 04:41:33.812206,Dubai-6dc8,37,5,Normal
2026-02-14 04:41:34.812206,Dubai-6dc8,31,53,Normal
2026-02-14 04:41:35.812206,Dubai-6dc8,27,26,Normal
2026-02-14 04:41:36.812206,Dubai-6dc8,-16,76,Normal
2026-02-14 04:41:37.812206,Dubai-6dc8,13,62,Normal
2026-02-14 04:41:38.812206,Dubai-6dc8,-23,34,Normal
2026-02-14 04:41:39.812206,Dubai-6dc8,-29,94,Normal
2026-02-14 04:41:40.812206,Dubai-6dc8,45,42,Normal
2026-02-14 04:41:41.812206,Dubai-6dc8,4,28,Normal
2026-02-14 04:41:42.812206,Dubai-6dc8,-18,29,Normal
2026-02-14 04:41:43.812206,Dubai-6dc8,37,38,Normal
2026-02-14 04:41:44.812206,Dubai-6dc8,47,37,Normal
2026-02-14 04:41:45.812206,Dubai-6dc8,44,20,Normal
2026-02-14 04:41:46.812206,Dubai-6dc8,5,19,Normal
2026-02-14 04:41:47.812206,Dubai-6dc8,30,64,Normal
2026-02-14 04:41:48.812206,Dubai-6dc8,21,34,Normal
2026-02-14 04:41:49.812206,Dubai-6dc8,44,81,Normal
2026-02-14 04:41:50.812206,Dubai-6dc8,10,89,Normal
2026-02-14 04:41:51.812206,Dubai-6dc8,50,22,Normal
2026-02-14 04:41:52.812206,Dubai-6dc8,-30,34,Normal
2026-02-14 04:41:53.812206,Dubai-6dc8,15,8,Normal
2026-02-14 04:41:54.812206,Dubai-6dc8,-8,28,Normal
2026-02-14 04:41:55.812206,Dubai-6dc8,31,11,Normal
2026-02-14 04:41:56.812206,Dubai-6dc8,38,53,Normal
2026-02-14 04:41:57.812206,Dubai-6dc8,-10,64,Normal
2026-02-14 04:41:58.812206,Dubai-6dc8,20,77,Normal
2026-02-14 04:41:59.812206,Dubai-6dc8,-8,96,Normal
2026-02-14 04:42:00.812206,Dubai-6dc8,-2,15,Normal
2026-02-14 04:42:01.812206,Dubai-6dc8,11,9,Normal
2026-02-14 04:42:02.812206,Dubai-6dc8,-30,35,Normal
2026-02-14 04:42:03.812206,Dubai-6dc8,-10,41,Normal
2026-02-14 04:42:04.812206,Dubai-6dc8,7,40,Normal
2026-02-14 04:42:05.812206,Dubai-6dc8,38,23,Normal
2026-02-14 04:42:06.812206,Dubai-6dc8,45,13,Normal
2026-02-14 04:42:07.812206,Dubai-6dc8,16,39,Normal
2026-02-14 04:42:08.812206,Dubai-6dc8,43,88,Normal
2026-02-14 04:42:09.812206,Dubai-6dc8,-24,22,Normal
2026-02-14 04:42:10.812206,Dubai-6dc8,25,71,Normal
2026-02-14 04:42:11.812206,Dubai-6dc8,19,98,Normal
2026-02-14 04:42:12.812206,Dubai-6dc8,3,61,Normal
2026-02-14 04:42:13.812206,Dubai-6dc8,28,0,Normal
2026-02-14 04:42:14.812206,Dubai-6dc8,16,10,Normal
2026-02-14 04:42:15.812206,Dubai-6dc8,6,99,Normal
2026-02-14 04:42:16.812206,Dubai-6dc8,47,59,Normal
2026-02-14 04:42:17.812206,Dubai-6dc8,36,67,Normal
2026-02-14 04:42:18.812206,Dubai-6dc8,4,50,Normal
2026-02-14 04:42:19.812206,Dubai-6dc8,20,91,Normal
2026-02-14 04:42:20.812206,Dubai-6dc8,-28,99,Normal
2026-02-14 04:42:21.812206,Dubai-6dc8,18,20,Normal
2026-02-14 04:42:22.812206,Dubai-6dc8,42,91,Normal
2026-02-14 04:42:23.812206,Dubai-6dc8,-19,23,Normal
2026-02-14 04:42:24.812206,Dubai-6dc8,40,13,Normal
2026-02-14 04:42:25.812206,Dubai-6dc8,25,60,Normal
2026-02-14 04:42:26.812206,Dubai-6dc8,28,53,Normal
2026-02-14 04:42:27.812206,Dubai-6dc8,-27,37,Normal
2026-02-14 04:42:28.812206,Dubai-6dc8,-23,93,Normal
2026-02-14 04:42:29.812206,Dubai-6dc8,2,68,Normal
2026-02-14 04:42:30.812206,Dubai-6dc8,-13,12,Normal
2026-02-14 04:42:31.812206,Dubai-6dc8,-21,49,Normal
2026-02-14 04:42:32.812206,Dubai-6dc8,15,17,Normal
2026-02-14 04:42:33.812206,Dubai-6dc8,-29,68,Normal
2026-02-14 04:42:34.812206,Dubai-6dc8,27,33,Normal
2026-02-14 04:42:35.812206,Dubai-6dc8,-14,52,Normal
2026-02-14 04:42:36.812206,Dubai-6dc8,-29,2,Normal
2026-02-14 04:42:37.812206,Dubai-6dc8,29,10,Normal
2026-02-14 04:42:38.812206,Dubai-6dc8,16,70,Normal
2026-02-14 04:42:39.812206,Dubai-6dc8,-23,48,Normal
2026-02-14 04:42:40.812206,Dubai-6dc8,32,59,Normal
2026-02-14 04:42:41.812206,Dubai-6dc8,-5,39,Normal
2026-02-14 04:42:42.812206,Dubai-6dc8,41,42,Normal
2026-02-14 04:42:43.812206,Dubai-6dc8,-7,8,Normal
2026-02-14 04:42:44.812206,Dubai-6dc8,29,90,Normal
2026-02-14 04:42:45.812206,Dubai-6dc8,-3,36,Normal
2026-02-14 04:42:46.812206,Dubai-6dc8,-29,50,Normal
2026-02-14 04:42:47.812206,Dubai-6dc8,37,17,Normal
2026-02-14 04:42:48.812206,Dubai-6dc8,-12,45,Normal
2026-02-14 04:42:49.812206,Dubai-6dc8,14,2,Normal
2026-02-14 04:42:50.812206,Dubai-6dc8,14,51,Normal
2026-02-14 04:42:51.812206,Dubai-6dc8,-5,19,Normal
2026-02-14 04:42:52.812206,Dubai-6dc8,-24,26,Normal
2026-02-14 04:42:53.812206,Dubai-6dc8,34,65,Normal
2026-02-14 04:42:54.812206,Dubai-6dc8,50,43,Normal
2026-02-14 04:42:55.812206,Dubai-6dc8,4,46,Normal
2026-02-14 04:42:56.812206,Dubai-6dc8,40,1,Normal
2026-02-14 04:42:57.812206,Dubai-6dc8,41,60,Normal
2026-02-14 04:42:58.812206,Dubai-6dc8,39,35,Normal
2026-02-14 04:42:59.812206,Dubai-6dc8,39,9,Normal
2026-02-14 04:43:00.812206,Dubai-6dc8,2,68,Normal
2026-02-14 04:43:01.812206,Dubai-6dc8,46,80,Normal
2026-02-14 04:43:02.812206,Dubai-6dc8,27,50,Normal
2026-02-14 04:43:03.812206,Dubai-6dc8,-3,41,Normal
2026-02-14 04:43:04.812206,Dubai-6dc8,33,7,Normal
2026-02-14 04:43:05.812206,Dubai-6dc8,16,38,Normal
2026-02-14 04:43:06.812206,Dubai-6dc8,-25,29,Normal
2026-02-14 04:43:07.812206,Dubai-6dc8,37,71,Normal
2026-02-14 04:43:08.812206,Dubai-6dc8,31,66,Normal
2026-02-14 04:43:09.812206,Dubai-6dc8,-26,58,Normal
2026-02-14 04:43:10.812206,Dubai-6dc8,15,19,Normal
2026-02-14 04:43:11.812206,Dubai-6dc8,-7,44,Normal
2026-02-14 04:43:12.812206,Dubai-6dc8,46,25,Normal
2026-02-14 04:43:13.812206,Dubai-6dc8,22,71,Normal
2026-02-14 04:43:14.812206,Dubai-6dc8,-18,81,Normal
2026-02-14 04:43:15.812206,Dubai-6dc8,-23,8,Normal
2026-02-14 04:43:16.812206,Dubai-6dc8,-1,41,Normal
2026-02-14 04:43:17.812206,Dubai-6dc8,-22,69,Normal
2026-02-14 04:43:18.812206,Dubai-6dc8,12,77,Normal
2026-02-14 04:43:19.812206,Dubai-6dc8,14,93,Normal
2026-02-14 04:43:20.812206,Dubai-6dc8,-17,21,Normal
2026-02-14 04:43:21.812206,Dubai-6dc8,-22,28,Normal
2026-02-14 04:43:22.812206,Dubai-6dc8,17,68,Normal
2026-02-14 04:43:23.812206,Dubai-6dc8,31,76,Normal
2026-02-14 04:43:24.812206,Dubai-6dc8,7,5,Normal
2026-02-14 04:43:25.812206,Dubai-6dc8,-27,56,Normal
2026-02-14 04:43:26.812206,Dubai-6dc8,-13,0,Normal
2026-02-14 04:43:27.812206,Dubai-6dc8,47,7,Normal
2026-02-14 04:43:28.812206,Dubai-6dc8,-3,87,Normal
2026-02-14 04:43:29.812206,Dubai-6dc8,-1,23,Normal
2026-02-14 04:43:30.812206,Dubai-6dc8,-11,79,Normal
2026-02-14 04:43:31.812206,Dubai-6dc8,40,73,Normal
2026-02-14 04:43:32.812206,Dubai-6dc8,32,6,Normal
2026-02-14 04:43:33.812206,Dubai-6dc8,-5,56,Normal
2026-02-14 04:43:34.812206,Dubai-6dc8,-26,40,Normal
2026-02-14 04:43:35.812206,Dubai-6dc8,31,59,Normal
2026-02-14 04:43:36.812206,Dubai-6dc8,28,31,Normal
2026-02-14 04:43:37.812206,Dubai-6dc8,-10,29,Normal
2026-02-14 04:43:38.812206,Dubai-6dc8,-20,30,Normal
2026-02-14 04:43:39.812206,Dubai-6dc8,36,13,Normal
2026-02-14 04:43:40.812206,Dubai-6dc8,49,44,Normal
2026-02-14 04:43:41.812206,Dubai-6dc8,-2,89,Normal
2026-02-14 04:43:42.812206,Dubai-6dc8,44,71,Normal
2026-02-14 04:43:43.812206,Dubai-6dc8,-14,19,Normal
2026-02-14 04:43:44.812206,Dubai-6dc8,45,53,Normal
2026-02-14 04:43:45.812206,Dubai-6dc8,43,46,Normal
2026-02-14 04:43:46.812206,Dubai-6dc8,-7,5,Normal
2026-02-14 04:43:47.812206,Dubai-6dc8,12,20,Normal
2026-02-14 04:43:48.812206,Dubai-6dc8,16,75,Normal
2026-02-14 04:43:49.812206,Dubai-6dc8,-27,79,Normal
2026-02-14 04:43:50.812206,Dubai-6dc8,-6,13,Normal
2026-02-14 04:43:51.812206,Dubai-6dc8,-11,83,Normal
2026-02-14 04:43:52.812206,Dubai-6dc8,-6,27,Normal
2026-02-14 04:43:53.812206,Dubai-6dc8,13,78,Normal
2026-02-14 04:43:54.812206,Dubai-6dc8,-29,47,Normal
2026-02-14 04:43:55.812206,Dubai-6dc8,16,83,Normal
2026-02-14 04:43:56.812206,Dubai-6dc8,11,80,Normal
2026-02-14 04:43:57.812206,Dubai-6dc8,-27,26,Normal
2026-02-14 04:43:58.812206,Dubai-6dc8,16,62,Normal
2026-02-14 04:43:59.812206,Dubai-6dc8,-30,45,Normal
2026-02-14 04:44:00.812206,Dubai-6dc8,-27,43,Normal
2026-02-14 04:44:01.812206,Dubai-6dc8,-1,64,Normal
2026-02-14 04:44:02.812206,Dubai-6dc8,-23,98,Normal
2026-02-14 04:44:03.812206,Dubai-6dc8,-30,23,Normal
2026-02-14 04:44:04.812206,Dubai-6dc8,-19,41,Normal
2026-02-14 04:44:05.812206,Dubai-6dc8,28,62,Normal
2026-02-14 04:44:06.812206,Dubai-6dc8,31,37,Normal
2026-02-14 04:44:07.812206,Dubai-6dc8,49,8,Normal
2026-02-14 04:44:08.812206,Dubai-6dc8,3,42,Normal
2026-02-14 04:44:09.812206,Dubai-6dc8,-5,50,Normal
2026-02-14 04:44:10.812206,Dubai-6dc8,-15,86,Normal
2026-02-14 04:44:11.812206,Dubai-6dc8,-5,35,Normal
2026-02-14 04:44:12.812206,Dubai-6dc8,23,51,Normal
2026-02-14 04:44:13.812206,Dubai-6dc8,-26,21,Normal
2026-02-14 04:44:14.812206,Dubai-6dc8,19,94,Normal
2026-02-14 04:44:15.812206,Dubai-6dc8,-2,66,Normal
2026-02-14 04:44:16.812206,Dubai-6dc8,-17,82,Normal
2026-02-14 04:44:17.812206,Dubai-6dc8,-3,53,Normal
2026-02-14 04:44:18.812206,Dubai-6dc8,10,22,Normal
2026-02-14 04:44:19.812206,Dubai-6dc8,-14,43,Normal
2026-02-14 04:44:20.812206,Dubai-6dc8,-27,79,Normal
2026-02-14 04:44:21.812206,Dubai-6dc8,29,83,Normal
2026-02-14 04:44:22.812206,Dubai-6dc8,27,92,Normal
2026-02-14 04:44:23.812206,Dubai-6dc8,44,87,Normal
2026-02-14 04:44:24.812206,Dubai-6dc8,26,77,Normal
2026-02-14 04:44:25.812206,Dubai-6dc8,-14,44,Normal
2026-02-14 04:44:26.812206,Dubai-6dc8,48,67,Normal
2026-02-14 04:44:27.812206,Dubai-6dc8,15,21,Normal
2026-02-14 04:44:28.812206,Dubai-6dc8,-26,25,Normal
2026-02-14 04:44:29.812206,Dubai-6dc8,1,89,Normal
2026-02-14 04:44:30.812206,Dubai-6dc8,-13,71,Normal
2026-02-14 04:44:31.812206,Dubai-6dc8,29,40,Normal
2026-02-14 04:44:32.812206,Dubai-6dc8,17,29,Normal
2026-02-14 04:44:33.812206,Dubai-6dc8,10,51,Normal
2026-02-14 04:44:34.812206,Dubai-6dc8,39,58,Normal
2026-02-14 04:44:35.812206,Dubai-6dc8,21,38,Normal
2026-02-14 04:44:36.812206,Dubai-6dc8,45,74,Normal
2026-02-14 04:44:37.812206,Dubai-6dc8,21,75,Normal
2026-02-14 04:44:38.812206,Dubai-6dc8,30,82,Normal
2026-02-14 04:44:39.812206,Dubai-6dc8,-10,91,Normal
2026-02-14 04:44:40.812206,Dubai-6dc8,-27,18,Normal
2026-02-14 04:44:41.812206,Dubai-6dc8,-15,21,Normal
2026-02-14 04:44:42.812206,Dubai-6dc8,15,89,Normal
2026-02-14 04:44:43.812206,Dubai-6dc8,-5,3,Normal
2026-02-14 04:44:44.812206,Dubai-6dc8,45,78,Normal
2026-02-14 04:44:45.812206,Dubai-6dc8,-28,15,Normal
2026-02-14 04:44:46.812206,Dubai-6dc8,4,53,Normal
2026-02-14 04:44:47.812206,Dubai-6dc8,-11,25,Normal
2026-02-14 04:44:48.812206,Dubai-6dc8,-20,32,Normal
2026-02-14 04:44:49.812206,Dubai-6dc8,13,96,Normal
2026-02-14 04:44:50.812206,Dubai-6dc8,27,71,Normal
2026-02-14 04:44:51.812206,Dubai-6dc8,1,84,Normal
2026-02-14 04:44:52.812206,Dubai-6dc8,46,10,Normal
2026-02-14 04:44:53.812206,Dubai-6dc8,-19,2,Normal
2026-02-14 04:44:54.812206,Dubai-6dc8,-5,79,Normal
2026-02-14 04:44:55.812206,Dubai-6dc8,38,77,Normal
2026-02-14 04:44:56.812206,Dubai-6dc8,30,4,Normal
2026-02-14 04:44:57.812206,Dubai-6dc8,8,6,Normal
2026-02-14 04:44:58.812206,Dubai-6dc8,-10,39,Normal
2026-02-14 04:44:59.812206,Dubai-6dc8,13,45,Normal
2026-02-14 04:45:00.812206,Dubai-6dc8,5,99,Normal
2026-02-14 04:45:01.812206,Dubai-6dc8,-30,98,Normal
2026-02-14 04:45:02.812206,Dubai-6dc8,27,68,Normal
2026-02-14 04:45:03.812206,Dubai-6dc8,-21,72,Normal
2026-02-14 04:45:04.812206,Dubai-6dc8,-1,93,Normal
2026-02-14 04:45:05.812206,Dubai-6dc8,-7,61,Normal
2026-02-14 04:45:06.812206,Dubai-6dc8,-24,23,Normal
2026-02-14 04:45:07.812206,Dubai-6dc8,15,7,Normal
2026-02-14 04:45:08.812206,Dubai-6dc8,-25,65,Normal
2026-02-14 04:45:09.812206,Dubai-6dc8,47,41,Normal
2026-02-14 04:45:10.812206,Dubai-6dc8,-14,100,Normal
2026-02-14 04:45:11.812206,Dubai-6dc8,42,2,Normal
2026-02-14 04:45:12.812206,Dubai-6dc8,23,23,Normal
2026-02-14 04:45:13.812206,Dubai-6dc8,16,36,Normal
2026-02-14 04:45:14.812206,Dubai-6dc8,48,42,Normal
2026-02-14 04:45:15.812206,Dubai-6dc8,48,86,Normal
2026-02-14 04:45:16.812206,Dubai-6dc8,35,63,Normal
2026-02-14 04:45:17.812206,Dubai-6dc8,27,88,Normal
2026-02-14 04:45:18.812206,Dubai-6dc8,30,81,Normal
2026-02-14 04:45:19.812206,Dubai-6dc8,1,15,Normal
2026-02-14 04:45:20.812206,Dubai-6dc8,35,24,Normal
2026-02-14 04:45:21.812206,Dubai-6dc8,29,71,Normal
2026-02-14 04:45:22.812206,Dubai-6dc8,-2,0,Normal
2026-02-14 04:45:23.812206,Dubai-6dc8,-4,29,Normal
2026-02-14 04:45:24.812206,Dubai-6dc8,41,54,Normal
2026-02-14 04:45:25.812206,Dubai-6dc8,32,14,Normal
2026-02-14 04:45:26.812206,Dubai-6dc8,-16,4,Normal
2026-02-14 04:45:27.812206,Dubai-6dc8,-17,19,Normal
2026-02-14 04:45:28.812206,Dubai-6dc8,13,62,Normal
2026-02-14 04:45:29.812206,Dubai-6dc8,-12,44,Normal
2026-02-14 04:45:30.812206,Dubai-6dc8,12,13,Normal
2026-02-14 04:45:31.812206,Dubai-6dc8,11,28,Normal
2026-02-14 04:45:32.812206,Dubai-6dc8,42,15,Normal
2026-02-14 04:45:33.812206,Dubai-6dc8,-14,72,Normal
2026-02-14 04:45:34.812206,Dubai-6dc8,32,28,Normal
2026-02-14 04:45:35.812206,Dubai-6dc8,-15,84,Normal
2026-02-14 04:45:36.812206,Dubai-6dc8,-7,21,Normal
2026-02-14 04:45:37.812206,Dubai-6dc8,41,2,Normal
2026-02-14 04:45:38.812206,Dubai-6dc8,28,84,Normal
2026-02-14 04:45:39.812206,Dubai-6dc8,30,22,Normal
2026-02-14 04:45:40.812206,Dubai-6dc8,31,4,Normal
2026-02-14 04:45:41.812206,Dubai-6dc8,6,49,Normal
2026-02-14 04:45:42.812206,Dubai-6dc8,42,78,Normal
2026-02-14 04:45:43.812206,Dubai-6dc8,-19,2,Normal
2026-02-14 04:45:44.812206,Dubai-6dc8,0,84,Normal
2026-02-14 04:45:45.812206,Dubai-6dc8,47,75,Normal
2026-02-14 04:45:46.812206,Dubai-6dc8,28,85,Normal
2026-02-14 04:45:47.812206,Dubai-6dc8,22,94,Normal
2026-02-14 04:45:48.812206,Dubai-6dc8,21,71,Normal
2026-02-14 04:45:49.812206,Dubai-6dc8,47,41,Normal
2026-02-14 04:45:50.812206,Dubai-6dc8,1,17,Normal
2026-02-14 04:45:51.812206,Dubai-6dc8,10,61,Normal
2026-02-14 04:45:52.812206,Dubai-6dc8,-4,25,Normal
2026-02-14 04:45:53.812206,Dubai-6dc8,-12,80,Normal
2026-02-14 04:45:54.812206,Dubai-6dc8,17,67,Normal
2026-02-14 04:45:55.812206,Dubai-6dc8,-24,42,Normal
2026-02-14 04:45:56.812206,Dubai-6dc8,-30,87,Normal
2026-02-14 04:45:57.812206,Dubai-6dc8,34,96,Normal
2026-02-14 04:45:58.812206,Dubai-6dc8,16,66,Normal
2026-02-14 04:45:59.812206,Dubai-6dc8,-25,8,Normal
2026-02-14 04:46:00.812206,Dubai-6dc8,36,63,Normal
2026-02-14 04:46:01.812206,Dubai-6dc8,33,20,Normal
2026-02-14 04:46:02.812206,Dubai-6dc8,24,41,Normal
2026-02-14 04:46:03.812206,Dubai-6dc8,46,17,Normal
2026-02-14 04:46:04.812206,Dubai-6dc8,50,41,Normal
2026-02-14 04:46:05.812206,Dubai-6dc8,41,68,Normal
2026-02-14 04:46:06.812206,Dubai-6dc8,-19,32,Normal
2026-02-14 04:46:07.812206,Dubai-6dc8,-21,14,Normal
2026-02-14 04:46:08.812206,Dubai-6dc8,17,53,Normal
2026-02-14 04:46:09.812206,Dubai-6dc8,-18,53,Normal
2026-02-14 04:46:10.812206,Dubai-6dc8,35,95,Normal
2026-02-14 04:46:11.812206,Dubai-6dc8,5,73,Normal
2026-02-14 04:46:12.812206,Dubai-6dc8,32,40,Normal
2026-02-14 04:46:13.812206,Dubai-6dc8,-15,62,Normal
2026-02-14 04:46:14.812206,Dubai-6dc8,-25,91,Normal
2026-02-14 04:46:15.812206,Dubai-6dc8,-13,98,Normal
2026-02-14 04:46:16.812206,Dubai-6dc8,27,68,Normal
2026-02-14 04:46:17.812206,Dubai-6dc8,-6,29,Normal
2026-02-14 04:46:18.812206,Dubai-6dc8,-25,49,Normal
2026-02-14 04:46:19.812206,Dubai-6dc8,-28,5,Normal
2026-02-14 04:46:20.812206,Dubai-6dc8,7,48,Normal
2026-02-14 04:46:21.812206,Dubai-6dc8,30,64,Normal
2026-02-14 04:46:22.812206,Dubai-6dc8,-14,67,Normal
2026-02-14 04:46:23.812206,Dubai-6dc8,49,7,Normal
2026-02-14 04:46:24.812206,Dubai-6dc8,36,61,Normal
2026-02-14 04:46:25.812206,Dubai-6dc8,-18,76,Normal
2026-02-14 04:46:26.812206,Dubai-6dc8,-18,39,Normal
2026-02-14 04:46:27.812206,Dubai-6dc8,-29,56,Normal
2026-02-14 04:46:28.812206,Dubai-6dc8,23,98,Normal
2026-02-14 04:46:29.812206,Dubai-6dc8,22,61,Normal
2026-02-14 04:46:30.812206,Dubai-6dc8,-8,95,Normal
2026-02-14 04:46:31.812206,Dubai-6dc8,-14,88,Normal
2026-02-14 04:46:32.812206,Dubai-6dc8,-27,5,Normal
2026-02-14 04:46:33.812206,Dubai-6dc8,29,21,Normal
2026-02-14 04:46:34.812206,Dubai-6dc8,7,8,Normal
2026-02-14 04:46:35.812206,Dubai-6dc8,-5,92,Normal
2026-02-14 04:46:36.812206,Dubai-6dc8,-1,26,Normal
2026-02-14 04:46:37.812206,Dubai-6dc8,14,79,Normal
2026-02-14 04:46:38.812206,Dubai-6dc8,29,30,Normal
2026-02-14 04:46:39.812206,Dubai-6dc8,29,97,Normal
2026-02-14 04:46:40.812206,Dubai-6dc8,-25,46,Normal
2026-02-14 04:46:41.812206,Dubai-6dc8,-21,40,Normal
2026-02-14 04:46:42.812206,Dubai-6dc8,14,57,Normal
2026-02-14 04:46:43.812206,Dubai-6dc8,38,92,Normal
2026-02-14 04:46:44.812206,Dubai-6dc8,35,67,Normal
2026-02-14 04:46:45.812206,Dubai-6dc8,-26,54,Normal
2026-02-14 04:46:46.812206,Dubai-6dc8,26,98,Normal
2026-02-14 04:46:47.812206,Dubai-6dc8,20,77,Normal
2026-02-14 04:46:48.812206,Dubai-6dc8,-10,16,Normal
2026-02-14 04:46:49.812206,Dubai-6dc8,19,33,Normal
2026-02-14 04:46:50.812206,Dubai-6dc8,34,95,Normal
2026-02-14 04:46:51.812206,Dubai-6dc8,10,30,Normal
2026-02-14 04:46:52.812206,Dubai-6dc8,-20,92,Normal
2026-02-14 04:46:53.812206,Dubai-6dc8,13,10,Normal
2026-02-14 04:46:54.812206,Dubai-6dc8,50,82,Normal
2026-02-14 04:46:55.812206,Dubai-6dc8,47,89,Normal
2026-02-14 04:46:56.812206,Dubai-6dc8,-13,57,Normal
2026-02-14 04:46:57.812206,Dubai-6dc8,45,47,Normal
2026-02-14 04:46:58.812206,Dubai-6dc8,-9,40,Normal
2026-02-14 04:46:59.812206,Dubai-6dc8,10,2,Normal
2026-02-14 04:47:00.812206,Dubai-6dc8,50,71,Normal
2026-02-14 04:47:01.812206,Dubai-6dc8,36,38,Normal
2026-02-14 04:47:02.812206,Dubai-6dc8,22,6,Normal
2026-02-14 04:47:03.812206,Dubai-6dc8,-26,27,Normal
2026-02-14 04:47:04.812206,Dubai-6dc8,28,24,Normal
2026-02-14 04:47:05.812206,Dubai-6dc8,-6,85,Normal
2026-02-14 04:47:06.812206,Dubai-6dc8,-27,70,Normal
2026-02-14 04:47:07.812206,Dubai-6dc8,50,55,Normal
2026-02-14 04:47:08.812206,Dubai-6dc8,42,79,Normal
2026-02-14 04:47:09.812206,Dubai-6dc8,36,70,Normal
2026-02-14 04:47:10.812206,Dubai-6dc8,21,9,Normal
2026-02-14 04:47:11.812206,Dubai-6dc8,47,54,Normal
2026-02-14 04:47:12.812206,Dubai-6dc8,1,77,Normal
2026-02-14 04:47:13.812206,Dubai-6dc8,-26,87,Normal
2026-02-14 04:47:14.812206,Dubai-6dc8,32,6,Normal
2026-02-14 04:47:15.812206,Dubai-6dc8,19,11,Normal
2026-02-14 04:47:16.812206,Dubai-6dc8,-14,60,Normal
2026-02-14 04:47:17.812206,Dubai-6dc8,24,4,Normal
2026-02-14 04:47:18.812206,Dubai-6dc8,35,59,Normal
2026-02-14 04:47:19.812206,Dubai-6dc8,47,28,Normal
2026-02-14 04:47:20.812206,Dubai-6dc8,50,61,Normal
2026-02-14 04:47:21.812206,Dubai-6dc8,30,84,Normal
2026-02-14 04:47:22.812206,Dubai-6dc8,-8,19,Normal
2026-02-14 04:47:23.812206,Dubai-6dc8,15,95,Normal
2026-02-14 04:47:24.812206,Dubai-6dc8,-10,43,Normal
2026-02-14 04:47:25.812206,Dubai-6dc8,48,83,Normal
2026-02-14 04:47:26.812206,Dubai-6dc8,-22,95,Normal
2026-02-14 04:47:27.812206,Dubai-6dc8,42,19,Normal
2026-02-14 04:47:28.812206,Dubai-6dc8,-16,36,Normal
2026-02-14 04:47:29.812206,Dubai-6dc8,-26,36,Normal
2026-02-14 04:47:30.812206,Dubai-6dc8,14,27,Normal
2026-02-14 04:47:31.812206,Dubai-6dc8,12,78,Normal
2026-02-14 04:47:32.812206,Dubai-6dc8,46,85,Normal
2026-02-14 04:47:33.812206,Dubai-6dc8,-20,14,Normal
2026-02-14 04:47:34.812206,Dubai-6dc8,-16,30,Normal
2026-02-14 04:47:35.812206,Dubai-6dc8,-28,79,Normal
2026-02-14 04:47:36.812206,Dubai-6dc8,16,7,Normal
2026-02-14 04:47:37.812206,Dubai-6dc8,41,26,Normal
2026-02-14 04:47:38.812206,Dubai-6dc8,16,36,Normal
2026-02-14 04:47:39.812206,Dubai-6dc8,4,80,Normal
2026-02-14 04:47:40.812206,Dubai-6dc8,14,36,Normal
2026-02-14 04:47:41.812206,Dubai-6dc8,26,55,Normal
2026-02-14 04:47:42.812206,Dubai-6dc8,-19,76,Normal
2026-02-14 04:47:43.812206,Dubai-6dc8,-19,73,Normal
2026-02-14 04:47:44.812206,Dubai-6dc8,38,20,Normal
2026-02-14 04:47:45.812206,Dubai-6dc8,-19,30,Normal
2026-02-14 04:47:46.812206,Dubai-6dc8,20,40,Normal
2026-02-14 04:47:47.812206,Dubai-6dc8,-24,98,Normal
2026-02-14 04:47:48.812206,Dubai-6dc8,1,42,Normal
2026-02-14 04:47:49.812206,Dubai-6dc8,27,28,Normal
2026-02-14 04:47:50.812206,Dubai-6dc8,-11,26,Normal
2026-02-14 04:47:51.812206,Dubai-6dc8,32,22,Normal
2026-02-14 04:47:52.812206,Dubai-6dc8,-2,17,Normal
2026-02-14 04:47:53.812206,Dubai-6dc8,36,84,Normal
2026-02-14 04:47:54.812206,Dubai-6dc8,46,21,Normal
2026-02-14 04:47:55.812206,Dubai-6dc8,48,58,Normal
2026-02-14 04:47:56.812206,Dubai-6dc8,-26,28,Normal
2026-02-14 04:47:57.812206,Dubai-6dc8,-26,100,Normal
2026-02-14 04:47:58.812206,Dubai-6dc8,31,67,Normal
2026-02-14 04:47:59.812206,Dubai-6dc8,-22,5,Normal
2026-02-14 04:48:00.812206,Dubai-6dc8,-3,7,Normal
2026-02-14 04:48:01.812206,Dubai-6dc8,2,71,Normal
2026-02-14 04:48:02.812206,Dubai-6dc8,16,50,Normal
2026-02-14 04:48:03.812206,Dubai-6dc8,25,48,Normal
2026-02-14 04:48:04.812206,Dubai-6dc8,-11,12,Normal
2026-02-14 04:48:05.812206,Dubai-6dc8,-28,30,Normal
2026-02-14 04:48:06.812206,Dubai-6dc8,16,37,Normal
2026-02-14 04:48:07.812206,Dubai-6dc8,38,17,Normal
2026-02-14 04:48:08.812206,Dubai-6dc8,-21,93,Normal
2026-02-14 04:48:09.812206,Dubai-6dc8,48,46,Normal
2026-02-14 04:48:10.812206,Dubai-6dc8,-5,76,Normal
2026-02-14 04:48:11.812206,Dubai-6dc8,12,74,Normal
2026-02-14 04:48:12.812206,Dubai-6dc8,28,34,Normal
2026-02-14 04:48:13.812206,Dubai-6dc8,-28,4,Normal
2026-02-14 04:48:14.812206,Dubai-6dc8,50,71,Normal
2026-02-14 04:48:15.812206,Dubai-6dc8,27,22,Normal
2026-02-14 04:48:16.812206,Dubai-6dc8,46,84,Normal
2026-02-14 04:48:17.812206,Dubai-6dc8,-11,87,Normal
2026-02-14 04:48:18.812206,Dubai-6dc8,-4,72,Normal
2026-02-14 04:48:19.812206,Dubai-6dc8,-25,35,Normal
2026-02-14 04:48:20.812206,Dubai-6dc8,37,32,Normal
2026-02-14 04:48:21.812206,Dubai-6dc8,38,3,Normal
2026-02-14 04:48:22.812206,Dubai-6dc8,-10,81,Normal
2026-02-14 04:48:23.812206,Dubai-6dc8,47,98,Normal
2026-02-14 04:48:24.812206,Dubai-6dc8,17,100,Normal
2026-02-14 04:48:25.812206,Dubai-6dc8,42,94,Normal
2026-02-14 04:48:26.812206,Dubai-6dc8,-4,45,Normal
2026-02-14 04:48:27.812206,Dubai-6dc8,-11,19,Normal
2026-02-14 04:48:28.812206,Dubai-6dc8,-2,45,Normal
2026-02-14 04:48:29.812206,Dubai-6dc8,29,76,Normal
2026-02-14 04:48:30.812206,Dubai-6dc8,39,4,Normal
2026-02-14 04:48:31.812206,Dubai-6dc8,35,55,Normal
2026-02-14 04:48:32.812206,Dubai-6dc8,11,55,Normal
2026-02-14 04:48:33.812206,Dubai-6dc8,48,94,Normal
2026-02-14 04:48:34.812206,Dubai-6dc8,-13,95,Normal
2026-02-14 04:48:35.812206,Dubai-6dc8,26,61,Normal
2026-02-14 04:48:36.812206,Dubai-6dc8,2,9,Normal
2026-02-14 04:48:37.812206,Dubai-6dc8,35,64,Normal
2026-02-14 04:48:38.812206,Dubai-6dc8,-23,18,Normal
2026-02-14 04:48:39.812206,Dubai-6dc8,34,38,Normal
2026-02-14 04:48:40.812206,Dubai-6dc8,-12,56,Normal
2026-02-14 04:48:41.812206,Dubai-6dc8,0,3,Normal
2026-02-14 04:48:42.812206,Dubai-6dc8,-30,25,Normal
2026-02-14 04:48:43.812206,Dubai-6dc8,-17,60,Normal
2026-02-14 04:48:44.812206,Dubai-6dc8,36,6,Normal
2026-02-14 04:48:45.812206,Dubai-6dc8,43,54,Normal
2026-02-14 04:48:46.812206,Dubai-6dc8,3,76,Normal
2026-02-14 04:48:47.812206,Dubai-6dc8,13,9,Normal
2026-02-14 04:48:48.812206,Dubai-6dc8,39,21,Normal
2026-02-14 04:48:49.812206,Dubai-6dc8,23,20,Normal
2026-02-14 04:48:50.812206,Dubai-6dc8,3,43,Normal
2026-02-14 04:48:51.812206,Dubai-6dc8,12,22,Normal
2026-02-14 04:48:52.812206,Dubai-6dc8,45,56,Normal
2026-02-14 04:48:53.812206,Dubai-6dc8,43,5,Normal
2026-02-14 04:48:54.812206,Dubai-6dc8,-30,38,Normal
2026-02-14 04:48:55.812206,Dubai-6dc8,21,1,Normal
2026-02-14 04:48:56.812206,Dubai-6dc8,3,25,Normal
2026-02-14 04:48:57.812206,Dubai-6dc8,20,54,Normal
2026-02-14 04:48:58.812206,Dubai-6dc8,48,19,Normal
2026-02-14 04:48:59.812206,Dubai-6dc8,-5,30,Normal
2026-02-14 04:49:00.812206,Dubai-6dc8,-7,25,Normal
2026-02-14 04:49:01.812206,Dubai-6dc8,-6,69,Normal
2026-02-14 04:49:02.812206,Dubai-6dc8,8,23,Normal
2026-02-14 04:49:03.812206,Dubai-6dc8,12,36,Normal
2026-02-14 04:49:04.812206,Dubai-6dc8,5,93,Normal
2026-02-14 04:49:05.812206,Dubai-6dc8,33,90,Normal
2026-02-14 04:49:06.812206,Dubai-6dc8,43,79,Normal
2026-02-14 04:49:07.812206,Dubai-6dc8,36,78,Normal
2026-02-14 04:49:08.812206,Dubai-6dc8,22,34,Normal
2026-02-14 04:49:09.812206,Dubai-6dc8,4,98,Normal
2026-02-14 04:49:10.812206,Dubai-6dc8,-13,66,Normal
2026-02-14 04:49:11.812206,Dubai-6dc8,24,64,Normal
2026-02-14 04:49:12.812206,Dubai-6dc8,-5,59,Normal
2026-02-14 04:49:13.812206,Dubai-6dc8,16,37,Normal
2026-02-14 04:49:14.812206,Dubai-6dc8,-22,53,Normal
2026-02-14 04:49:15.812206,Dubai-6dc8,-27,25,Normal
2026-02-14 04:49:16.812206,Dubai-6dc8,33,79,Normal
2026-02-14 04:49:17.812206,Dubai-6dc8,19,21,Normal
2026-02-14 04:49:18.812206,Dubai-6dc8,16,38,Normal
2026-02-14 04:49:19.812206,Dubai-6dc8,31,60,Normal
2026-02-14 04:49:20.812206,Dubai-6dc8,24,85,Normal
2026-02-14 04:49:21.812206,Dubai-6dc8,-15,11,Normal
2026-02-14 04:49:22.812206,Dubai-6dc8,-12,37,Normal
2026-02-14 04:49:23.812206,Dubai-6dc8,3,43,Normal
2026-02-14 04:49:24.812206,Dubai-6dc8,5,70,Normal
2026-02-14 04:49:25.812206,Dubai-6dc8,18,20,Normal
2026-02-14 04:49:26.812206,Dubai-6dc8,10,44,Normal
2026-02-14 04:49:27.812206,Dubai-6dc8,11,18,Normal
2026-02-14 04:49:28.812206,Dubai-6dc8,41,27,Normal
2026-02-14 04:49:29.812206,Dubai-6dc8,-30,27,Normal
2026-02-14 04:49:30.812206,Dubai-6dc8,-11,53,Normal
2026-02-14 04:49:31.812206,Dubai-6dc8,10,81,Normal
2026-02-14 04:49:32.812206,Dubai-6dc8,-24,41,Normal
2026-02-14 04:49:33.812206,Dubai-6dc8,41,64,Normal
2026-02-14 04:49:34.812206,Dubai-6dc8,33,78,Normal
2026-02-14 04:49:35.812206,Dubai-6dc8,-18,79,Normal
2026-02-14 04:49:36.812206,Dubai-6dc8,-1,26,Normal
2026-02-14 04:49:37.812206,Dubai-6dc8,16,53,Normal
2026-02-14 04:49:38.812206,Dubai-6dc8,-17,4,Normal
2026-02-14 04:49:39.812206,Dubai-6dc8,20,15,Normal
2026-02-14 04:49:40.812206,Dubai-6dc8,-28,91,Normal
2026-02-14 04:49:41.812206,Dubai-6dc8,50,93,Normal
2026-02-14 04:49:42.812206,Dubai-6dc8,-24,7,Normal
2026-02-14 04:49:43.812206,Dubai-6dc8,-26,92,Normal
2026-02-14 04:49:44.812206,Dubai-6dc8,40,89,Normal
2026-02-14 04:49:45.812206,Dubai-6dc8,21,45,Normal
2026-02-14 04:49:46.812206,Dubai-6dc8,23,75,Normal
2026-02-14 04:49:47.812206,Dubai-6dc8,-1,1,Normal
2026-02-14 04:49:48.812206,Dubai-6dc8,-11,2,Normal
2026-02-14 04:49:49.812206,Dubai-6dc8,23,71,Normal
2026-02-14 04:49:50.812206,Dubai-6dc8,26,62,Normal
2026-02-14 04:49:51.812206,Dubai-6dc8,6,93,Normal
2026-02-14 04:49:52.812206,Dubai-6dc8,27,97,Normal
2026-02-14 04:49:53.812206,Dubai-6dc8,-30,45,Normal
2026-02-14 04:49:54.812206,Dubai-6dc8,-17,92,Normal
2026-02-14 04:49:55.812206,Dubai-6dc8,-8,52,Normal
2026-02-14 04:49:56.812206,Dubai-6dc8,38,53,Normal
2026-02-14 04:49:57.812206,Dubai-6dc8,-14,56,Normal
2026-02-14 04:49:58.812206,Dubai-6dc8,31,61,Normal
2026-02-14 04:49:59.812206,Dubai-6dc8,17,99,Normal
2026-02-14 04:50:00.812206,Dubai-6dc8,11,4,Normal
2026-02-14 04:50:01.812206,Dubai-6dc8,21,0,Normal
2026-02-14 04:50:02.812206,Dubai-6dc8,25,12,Normal
2026-02-14 04:50:03.812206,Dubai-6dc8,49,38,Normal
2026-02-14 04:50:04.812206,Dubai-6dc8,34,21,Normal
2026-02-14 04:50:05.812206,Dubai-6dc8,-13,30,Normal
2026-02-14 04:50:06.812206,Dubai-6dc8,-10,22,Normal
2026-02-14 04:50:07.812206,Dubai-6dc8,17,49,Normal
2026-02-14 04:50:08.812206,Dubai-6dc8,28,63,Normal
2026-02-14 04:50:09.812206,Dubai-6dc8,4,23,Normal
2026-02-14 04:50:10.812206,Dubai-6dc8,-2,8,Normal
2026-02-14 04:50:11.812206,Dubai-6dc8,23,78,Normal
2026-02-14 04:50:12.812206,Dubai-6dc8,-30,50,Normal
2026-02-14 04:50:13.812206,Dubai-6dc8,3,20,Normal
2026-02-14 04:50:14.812206,Dubai-6dc8,-6,20,Normal
2026-02-14 04:50:15.812206,Dubai-6dc8,29,56,Normal
2026-02-14 04:50:16.812206,Dubai-6dc8,-1,63,Normal
2026-02-14 04:50:17.812206,Dubai-6dc8,-21,20,Normal
2026-02-14 04:50:18.812206,Dubai-6dc8,9,87,Normal
2026-02-14 04:50:19.812206,Dubai-6dc8,-19,42,Normal
2026-02-14 04:50:20.812206,Dubai-6dc8,22,74,Normal
2026-02-14 04:50:21.812206,Dubai-6dc8,-19,91,Normal
2026-02-14 04:50:22.812206,Dubai-6dc8,-19,27,Normal
2026-02-14 04:50:23.812206,Dubai-6dc8,44,21,Normal
2026-02-14 04:50:24.812206,Dubai-6dc8,25,67,Normal
2026-02-14 04:50:25.812206,Dubai-6dc8,21,71,Normal
2026-02-14 04:50:26.812206,Dubai-6dc8,-29,66,Normal
2026-02-14 04:50:27.812206,Dubai-6dc8,28,22,Normal
2026-02-14 04:50:28.812206,Dubai-6dc8,-26,50,Normal
2026-02-14 04:50:29.812206,Dubai-6dc8,21,20,Normal
2026-02-14 04:50:30.812206,Dubai-6dc8,2,35,Normal
2026-02-14 04:50:31.812206,Dubai-6dc8,37,27,Normal
2026-02-14 04:50:32.812206,Dubai-6dc8,-9,15,Normal
2026-02-14 04:50:33.812206,Dubai-6dc8,-26,26,Normal
2026-02-14 04:50:34.812206,Dubai-6dc8,29,45,Normal
2026-02-14 04:50:35.812206,Dubai-6dc8,27,93,Normal
2026-02-14 04:50:36.812206,Dubai-6dc8,15,45,Normal
2026-02-14 04:50:37.812206,Dubai-6dc8,-23,72,Normal
2026-02-14 04:50:38.812206,Dubai-6dc8,13,37,Normal
2026-02-14 04:50:39.812206,Dubai-6dc8,-4,16,Normal
2026-02-14 04:50:40.812206,Dubai-6dc8,-2,7,Normal
2026-02-14 04:50:41.812206,Dubai-6dc8,-15,0,Normal
2026-02-14 04:50:42.812206,Dubai-6dc8,-20,9,Normal
2026-02-14 04:50:43.812206,Dubai-6dc8,-10,68,Normal
2026-02-14 04:50:44.812206,Dubai-6dc8,-13,9,Normal
2026-02-14 04:50:45.812206,Dubai-6dc8,-15,69,Normal
2026-02-14 04:50:46.812206,Dubai-6dc8,29,79,Normal
2026-02-14 04:50:47.812206,Dubai-6dc8,18,100,Normal
2026-02-14 04:50:48.812206,Dubai-6dc8,-20,72,Normal
2026-02-14 04:50:49.812206,Dubai-6dc8,39,100,Normal
2026-02-14 04:50:50.812206,Dubai-6dc8,-24,71,Normal
2026-02-14 04:50:51.812206,Dubai-6dc8,32,27,Normal
2026-02-14 04:50:52.812206,Dubai-6dc8,15,5,Normal
2026-02-14 04:50:53.812206,Dubai-6dc8,4,91,Normal
2026-02-14 04:50:54.812206,Dubai-6dc8,-6,26,Normal
2026-02-14 04:50:55.812206,Dubai-6dc8,19,82,Normal
2026-02-14 04:50:56.812206,Dubai-6dc8,9,45,Normal
2026-02-14 04:50:57.812206,Dubai-6dc8,29,22,Normal
2026-02-14 04:50:58.812206,Dubai-6dc8,16,47,Normal
2026-02-14 04:50:59.812206,Dubai-6dc8,5,39,Normal
2026-02-14 04:51:00.812206,Dubai-6dc8,-7,20,Normal
2026-02-14 04:51:01.812206,Dubai-6dc8,3,62,Normal
2026-02-14 04:51:02.812206,Dubai-6dc8,39,76,Normal
2026-02-14 04:51:03.812206,Dubai-6dc8,-29,34,Normal
2026-02-14 04:51:04.812206,Dubai-6dc8,35,64,Normal
2026-02-14 04:51:05.812206,Dubai-6dc8,31,88,Normal
2026-02-14 04:51:06.812206,Dubai-6dc8,23,21,Normal
2026-02-14 04:51:07.812206,Dubai-6dc8,25,45,Normal
2026-02-14 04:51:08.812206,Dubai-6dc8,32,38,Normal
2026-02-14 04:51:09.812206,Dubai-6dc8,45,18,Normal
2026-02-14 04:51:10.812206,Dubai-6dc8,42,92,Normal
2026-02-14 04:51:11.812206,Dubai-6dc8,-26,24,Normal
2026-02-14 04:51:12.812206,Dubai-6dc8,-8,97,Normal
2026-02-14 04:51:13.812206,Dubai-6dc8,40,14,Normal
2026-02-14 04:51:14.812206,Dubai-6dc8,-25,32,Normal
2026-02-14 04:51:15.812206,Dubai-6dc8,44,25,Normal
2026-02-14 04:51:16.812206,Dubai-6dc8,27,18,Normal
2026-02-14 04:51:17.812206,Dubai-6dc8,-11,85,Normal
2026-02-14 04:51:18.812206,Dubai-6dc8,41,52,Normal
2026-02-14 04:51:19.812206,Dubai-6dc8,-24,70,Normal
2026-02-14 04:51:20.812206,Dubai-6dc8,7,91,Normal
2026-02-14 04:51:21.812206,Dubai-6dc8,11,7,Normal
2026-02-14 04:51:22.812206,Dubai-6dc8,32,27,Normal
2026-02-14 04:51:23.812206,Dubai-6dc8,-26,27,Normal
2026-02-14 04:51:24.812206,Dubai-6dc8,26,15,Normal
2026-02-14 04:51:25.812206,Dubai-6dc8,27,6,Normal
2026-02-14 04:51:26.812206,Dubai-6dc8,38,44,Normal
2026-02-14 04:51:27.812206,Dubai-6dc8,15,32,Normal
2026-02-14 04:51:28.812206,Dubai-6dc8,-23,65,Normal
2026-02-14 04:51:29.812206,Dubai-6dc8,42,93,Normal
2026-02-14 04:51:30.812206,Dubai-6dc8,49,98,Normal
2026-02-14 04:51:31.812206,Dubai-6dc8,14,81,Normal
2026-02-14 04:51:32.812206,Dubai-6dc8,-29,83,Normal
2026-02-14 04:51:33.812206,Dubai-6dc8,-19,39,Normal
2026-02-14 04:51:34.812206,Dubai-6dc8,10,85,Normal
2026-02-14 04:51:35.812206,Dubai-6dc8,39,95,Normal
2026-02-14 04:51:36.812206,Dubai-6dc8,18,94,Normal
2026-02-14 04:51:37.812206,Dubai-6dc8,24,88,Normal
2026-02-14 04:51:38.812206,Dubai-6dc8,17,67,Normal
2026-02-14 04:51:39.812206,Dubai-6dc8,-12,30,Normal
2026-02-14 04:51:40.812206,Dubai-6dc8,34,84,Normal
2026-02-14 04:51:41.812206,Dubai-6dc8,-28,66,Normal
2026-02-14 04:51:42.812206,Dubai-6dc8,-4,93,Normal
2026-02-14 04:51:43.812206,Dubai-6dc8,-8,74,Normal
2026-02-14 04:51:44.812206,Dubai-6dc8,-11,63,Normal
2026-02-14 04:51:45.812206,Dubai-6dc8,26,16,Normal
2026-02-14 04:51:46.812206,Dubai-6dc8,-28,88,Normal
2026-02-14 04:51:47.812206,Dubai-6dc8,22,22,Normal
2026-02-14 04:51:48.812206,Dubai-6dc8,-20,6,Normal
2026-02-14 04:51:49.812206,Dubai-6dc8,4,51,Normal
2026-02-14 04:51:50.812206,Dubai-6dc8,6,97,Normal
2026-02-14 04:51:51.812206,Dubai-6dc8,-11,24,Normal
2026-02-14 04:51:52.812206,Dubai-6dc8,23,53,Normal
2026-02-14 04:51:53.812206,Dubai-6dc8,13,12,Normal
2026-02-14 04:51:54.812206,Dubai-6dc8,2,57,Normal
2026-02-14 04:51:55.812206,Dubai-6dc8,29,21,Normal
2026-02-14 04:51:56.812206,Dubai-6dc8,-18,3,Normal
2026-02-14 04:51:57.812206,Dubai-6dc8,19,34,Normal
2026-02-14 04:51:58.812206,Dubai-6dc8,47,89,Normal
2026-02-14 04:51:59.812206,Dubai-6dc8,37,45,Normal
2026-02-14 04:52:00.812206,Dubai-6dc8,28,61,Normal
2026-02-14 04:52:01.812206,Dubai-6dc8,6,26,Normal
2026-02-14 04:52:02.812206,Dubai-6dc8,-6,4,Normal
2026-02-14 04:52:03.812206,Dubai-6dc8,35,22,Normal
2026-02-14 04:52:04.812206,Dubai-6dc8,-20,60,Normal
2026-02-14 04:52:05.812206,Dubai-6dc8,-1,84,Normal
2026-02-14 04:52:06.812206,Dubai-6dc8,3,30,Normal
2026-02-14 04:52:07.812206,Dubai-6dc8,21,40,Normal
2026-02-14 04:52:08.812206,Dubai-6dc8,-9,0,Normal
2026-02-14 04:52:09.812206,Dubai-6dc8,-21,48,Normal
2026-02-14 04:52:10.812206,Dubai-6dc8,-7,13,Normal
2026-02-14 04:52:11.812206,Dubai-6dc8,44,55,Normal
2026-02-14 04:52:12.812206,Dubai-6dc8,-2,81,Normal
2026-02-14 04:52:13.812206,Dubai-6dc8,46,81,Normal
2026-02-14 04:52:14.812206,Dubai-6dc8,6,82,Normal
2026-02-14 04:52:15.812206,Dubai-6dc8,47,69,Normal
2026-02-14 04:52:16.812206,Dubai-6dc8,37,75,Normal
2026-02-14 04:52:17.812206,Dubai-6dc8,-18,63,Normal
2026-02-14 04:52:18.812206,Dubai-6dc8,6,29,Normal
2026-02-14 04:52:19.812206,Dubai-6dc8,-10,85,Normal
2026-02-14 04:52:20.812206,Dubai-6dc8,39,53,Normal
2026-02-14 04:52:21.812206,Dubai-6dc8,12,100,Normal
2026-02-14 04:52:22.812206,Dubai-6dc8,41,66,Normal
2026-02-14 04:52:23.812206,Dubai-6dc8,0,35,Normal
2026-02-14 04:52:24.812206,Dubai-6dc8,-2,78,Normal
2026-02-14 04:52:25.812206,Dubai-6dc8,-6,33,Normal
2026-02-14 04:52:26.812206,Dubai-6dc8,48,93,Normal
2026-02-14 04:52:27.812206,Dubai-6dc8,25,84,Normal
2026-02-14 04:52:28.812206,Dubai-6dc8,-22,51,Normal
2026-02-14 04:52:29.812206,Dubai-6dc8,-14,49,Normal
2026-02-14 04:52:30.812206,Dubai-6dc8,14,51,Normal
2026-02-14 04:52:31.812206,Dubai-6dc8,-18,67,Normal
2026-02-14 04:52:32.812206,Dubai-6dc8,-16,17,Normal
2026-02-14 04:52:33.812206,Dubai-6dc8,47,35,Normal
2026-02-14 04:52:34.812206,Dubai-6dc8,44,63,Normal
2026-02-14 04:52:35.812206,Dubai-6dc8,22,19,Normal
2026-02-14 04:52:36.812206,Dubai-6dc8,47,51,Normal
2026-02-14 04:52:37.812206,Dubai-6dc8,-19,91,Normal
2026-02-14 04:52:38.812206,Dubai-6dc8,14,9,Normal
2026-02-14 04:52:39.812206,Dubai-6dc8,19,49,Normal
2026-02-14 04:52:40.812206,Dubai-6dc8,-5,6,Normal
2026-02-14 04:52:41.812206,Dubai-6dc8,38,17,Normal
2026-02-14 04:52:42.812206,Dubai-6dc8,3,97,Normal
2026-02-14 04:52:43.812206,Dubai-6dc8,24,35,Normal
2026-02-14 04:52:44.812206,Dubai-6dc8,38,52,Normal
2026-02-14 04:52:45.812206,Dubai-6dc8,12,13,Normal
2026-02-14 04:52:46.812206,Dubai-6dc8,42,17,Normal
2026-02-14 04:52:47.812206,Dubai-6dc8,14,98,Normal
2026-02-14 04:52:48.812206,Dubai-6dc8,-15,10,Normal
2026-02-14 04:52:49.812206,Dubai-6dc8,-29,20,Normal
2026-02-14 04:52:50.812206,Dubai-6dc8,46,24,Normal
2026-02-14 04:52:51.812206,Dubai-6dc8,5,87,Normal
2026-02-14 04:52:52.812206,Dubai-6dc8,1,83,Normal
2026-02-14 04:52:53.812206,Dubai-6dc8,-18,34,Normal
2026-02-14 04:52:54.812206,Dubai-6dc8,6,11,Normal
2026-02-14 04:52:55.812206,Dubai-6dc8,17,29,Normal
2026-02-14 04:52:56.812206,Dubai-6dc8,17,8,Normal
2026-02-14 04:52:57.812206,Dubai-6dc8,47,41,Normal
2026-02-14 04:52:58.812206,Dubai-6dc8,-17,98,Normal
2026-02-14 04:52:59.812206,Dubai-6dc8,-20,95,Normal
2026-02-14 04:53:00.812206,Dubai-6dc8,12,17,Normal
2026-02-14 04:53:01.812206,Dubai-6dc8,-13,48,Normal
2026-02-14 04:53:02.812206,Dubai-6dc8,17,41,Normal
2026-02-14 04:53:03.812206,Dubai-6dc8,0,51,Normal
2026-02-14 04:53:04.812206,Dubai-6dc8,38,12,Normal
2026-02-14 04:53:05.812206,Dubai-6dc8,23,71,Normal
2026-02-14 04:53:06.812206,Dubai-6dc8,24,0,Normal
2026-02-14 04:53:07.812206,Dubai-6dc8,-15,63,Normal
2026-02-14 04:53:08.812206,Dubai-6dc8,-14,64,Normal
2026-02-14 04:53:09.812206,Dubai-6dc8,26,57,Normal
2026-02-14 04:53:10.812206,Dubai-6dc8,-19,88,Normal
2026-02-14 04:53:11.812206,Dubai-6dc8,-19,63,Normal
2026-02-14 04:53:12.812206,Dubai-6dc8,14,88,Normal
2026-02-14 04:53:13.812206,Dubai-6dc8,-27,56,Normal
2026-02-14 04:53:14.812206,Dubai-6dc8,45,68,Normal
2026-02-14 04:53:15.812206,Dubai-6dc8,21,7,Normal
2026-02-14 04:53:16.812206,Dubai-6dc8,30,35,Normal
2026-02-14 04:53:17.812206,Dubai-6dc8,-12,15,Normal
2026-02-14 04:53:18.812206,Dubai-6dc8,49,76,Normal
2026-02-14 04:53:19.812206,Dubai-6dc8,43,75,Normal
2026-02-14 04:53:20.812206,Dubai-6dc8,15,24,Normal
2026-02-14 04:53:21.812206,Dubai-6dc8,-10,8,Normal
2026-02-14 04:53:22.812206,Dubai-6dc8,0,24,Normal
2026-02-14 04:53:23.812206,Dubai-6dc8,46,44,Normal
2026-02-14 04:53:24.812206,Dubai-6dc8,-24,67,Normal
2026-02-14 04:53:25.812206,Dubai-6dc8,-2,17,Normal
2026-02-14 04:53:26.812206,Dubai-6dc8,13,12,Normal
2026-02-14 04:53:27.812206,Dubai-6dc8,-23,16,Normal
2026-02-14 04:53:28.812206,Dubai-6dc8,15,87,Normal
2026-02-14 04:53:29.812206,Dubai-6dc8,-24,38,Normal
2026-02-14 04:53:30.812206,Dubai-6dc8,32,53,Normal
2026-02-14 04:53:31.812206,Dubai-6dc8,33,83,Normal
2026-02-14 04:53:32.812206,Dubai-6dc8,21,42,Normal
2026-02-14 04:53:33.812206,Dubai-6dc8,-29,65,Normal
2026-02-14 04:53:34.812206,Dubai-6dc8,24,85,Normal
2026-02-14 04:53:35.812206,Dubai-6dc8,17,64,Normal
2026-02-14 04:53:36.812206,Dubai-6dc8,-5,19,Normal
2026-02-14 04:53:37.812206,Dubai-6dc8,-7,87,Normal
2026-02-14 04:53:38.812206,Dubai-6dc8,11,70,Normal
2026-02-14 04:53:39.812206,Dubai-6dc8,19,43,Normal
2026-02-14 04:53:40.812206,Dubai-6dc8,2,13,Normal
2026-02-14 04:53:41.812206,Dubai-6dc8,-3,30,Normal
2026-02-14 04:53:42.812206,Dubai-6dc8,26,82,Normal
2026-02-14 04:53:43.812206,Dubai-6dc8,2,63,Normal
2026-02-14 04:53:44.812206,Dubai-6dc8,41,66,Normal
2026-02-14 04:53:45.812206,Dubai-6dc8,-25,80,Normal
2026-02-14 04:53:46.812206,Dubai-6dc8,24,3,Normal
2026-02-14 04:53:47.812206,Dubai-6dc8,35,54,Normal
2026-02-14 04:53:48.812206,Dubai-6dc8,2,59,Normal
2026-02-14 04:53:49.812206,Dubai-6dc8,-6,66,Normal
2026-02-14 04:53:50.812206,Dubai-6dc8,-7,28,Normal
2026-02-14 04:53:51.812206,Dubai-6dc8,-15,53,Normal
2026-02-14 04:53:52.812206,Dubai-6dc8,41,44,Normal
2026-02-14 04:53:53.812206,Dubai-6dc8,-22,47,Normal
2026-02-14 04:53:54.812206,Dubai-6dc8,22,10,Normal
2026-02-14 04:53:55.812206,Dubai-6dc8,1,1,Normal
2026-02-14 04:53:56.812206,Dubai-6dc8,7,8,Normal
2026-02-14 04:53:57.812206,Dubai-6dc8,0,73,Normal
2026-02-14 04:53:58.812206,Dubai-6dc8,-10,29,Normal
2026-02-14 04:53:59.812206,Dubai-6dc8,-26,75,Normal
2026-02-14 04:54:00.812206,Dubai-6dc8,-23,90,Normal
2026-02-14 04:54:01.812206,Dubai-6dc8,-24,70,Normal
2026-02-14 04:54:02.812206,Dubai-6dc8,27,4,Normal
2026-02-14 04:54:03.812206,Dubai-6dc8,48,70,Normal
2026-02-14 04:54:04.812206,Dubai-6dc8,23,63,Normal
2026-02-14 04:54:05.812206,Dubai-6dc8,-29,1,Normal
2026-02-14 04:54:06.812206,Dubai-6dc8,25,8,Normal
2026-02-14 04:54:07.812206,Dubai-6dc8,3,22,Normal
2026-02-14 04:54:08.812206,Dubai-6dc8,48,78,Normal
2026-02-14 04:54:09.812206,Dubai-6dc8,3,3,Normal
2026-02-14 04:54:10.812206,Dubai-6dc8,-9,63,Normal
2026-02-14 04:54:11.812206,Dubai-6dc8,18,83,Normal
2026-02-14 04:54:12.812206,Dubai-6dc8,0,19,Normal
2026-02-14 04:54:13.812206,Dubai-6dc8,-5,20,Normal
2026-02-14 04:54:14.812206,Dubai-6dc8,12,56,Normal
2026-02-14 04:54:15.812206,Dubai-6dc8,44,18,Normal
2026-02-14 04:54:16.812206,Dubai-6dc8,24,94,Normal
2026-02-14 04:54:17.812206,Dubai-6dc8,-30,20,Normal
2026-02-14 04:54:18.812206,Dubai-6dc8,-4,30,Normal
2026-02-14 04:54:19.812206,Dubai-6dc8,34,43,Normal
2026-02-14 04:54:20.812206,Dubai-6dc8,30,76,Normal
2026-02-14 04:54:21.812206,Dubai-6dc8,25,42,Normal
2026-02-14 04:54:22.812206,Dubai-6dc8,23,2,Normal
2026-02-14 04:54:23.812206,Dubai-6dc8,3,53,Normal
2026-02-14 04:54:24.812206,Dubai-6dc8,-16,19,Normal
2026-02-14 04:54:25.812206,Dubai-6dc8,28,86,Normal
2026-02-14 04:54:26.812206,Dubai-6dc8,-29,14,Normal
2026-02-14 04:54:27.812206,Dubai-6dc8,33,70,Normal
2026-02-14 04:54:28.812206,Dubai-6dc8,48,56,Normal
2026-02-14 04:54:29.812206,Dubai-6dc8,26,33,Normal
2026-02-14 04:54:30.812206,Dubai-6dc8,-30,43,Normal
2026-02-14 04:54:31.812206,Dubai-6dc8,28,87,Normal
2026-02-14 04:54:32.812206,Dubai-6dc8,44,77,Normal
2026-02-14 04:54:33.812206,Dubai-6dc8,-16,21,Normal
2026-02-14 04:54:34.812206,Dubai-6dc8,47,98,Normal
2026-02-14 04:54:35.812206,Dubai-6dc8,2,57,Normal
2026-02-14 04:54:36.812206,Dubai-6dc8,-14,35,Normal
2026-02-14 04:54:37.812206,Dubai-6dc8,2,87,Normal
2026-02-14 04:54:38.812206,Dubai-6dc8,19,35,Normal
2026-02-14 04:54:39.812206,Dubai-6dc8,40,4,Normal
2026-02-14 04:54:40.812206,Dubai-6dc8,32,91,Normal
2026-02-14 04:54:41.812206,Dubai-6dc8,46,46,Normal
2026-02-14 04:54:42.812206,Dubai-6dc8,-3,61,Normal
2026-02-14 04:54:43.812206,Dubai-6dc8,-8,34,Normal
2026-02-14 04:54:44.812206,Dubai-6dc8,-7,74,Normal
2026-02-14 04:54:45.812206,Dubai-6dc8,33,48,Normal
2026-02-14 04:54:46.812206,Dubai-6dc8,-15,83,Normal
2026-02-14 04:54:47.812206,Dubai-6dc8,21,89,Normal
2026-02-14 04:54:48.812206,Dubai-6dc8,-2,63,Normal
2026-02-14 04:54:49.812206,Dubai-6dc8,29,29,Normal
2026-02-14 04:54:50.812206,Dubai-6dc8,40,64,Normal
2026-02-14 04:54:51.812206,Dubai-6dc8,31,78,Normal
2026-02-14 04:54:52.812206,Dubai-6dc8,-16,100,Normal
2026-02-14 04:54:53.812206,Dubai-6dc8,44,27,Normal
2026-02-14 04:54:54.812206,Dubai-6dc8,16,40,Normal
2026-02-14 04:54:55.812206,Dubai-6dc8,-20,28,Normal
2026-02-14 04:54:56.812206,Dubai-6dc8,21,14,Normal
2026-02-14 04:54:57.812206,Dubai-6dc8,25,85,Normal
2026-02-14 04:54:58.812206,Dubai-6dc8,-6,52,Normal
2026-02-14 04:54:59.812206,Dubai-6dc8,-19,8,Normal
2026-02-14 04:55:00.812206,Dubai-6dc8,-11,33,Normal
2026-02-14 04:55:01.812206,Dubai-6dc8,-7,38,Normal
2026-02-14 04:55:02.812206,Dubai-6dc8,5,33,Normal
2026-02-14 04:55:03.812206,Dubai-6dc8,26,11,Normal
2026-02-14 04:55:04.812206,Dubai-6dc8,33,1,Normal
2026-02-14 04:55:05.812206,Dubai-6dc8,-21,71,Normal
2026-02-14 04:55:06.812206,Dubai-6dc8,35,71,Normal
2026-02-14 04:55:07.812206,Dubai-6dc8,-8,3,Normal
2026-02-14 04:55:08.812206,Dubai-6dc8,-30,69,Normal
2026-02-14 04:55:09.812206,Dubai-6dc8,12,37,Normal
2026-02-14 04:55:10.812206,Dubai-6dc8,26,58,Normal
2026-02-14 04:55:11.812206,Dubai-6dc8,45,6,Normal
2026-02-14 04:55:12.812206,Dubai-6dc8,37,74,Normal
2026-02-14 04:55:13.812206,Dubai-6dc8,7,21,Normal
2026-02-14 04:55:14.812206,Dubai-6dc8,30,71,Normal
2026-02-14 04:55:15.812206,Dubai-6dc8,41,23,Normal
2026-02-14 04:55:16.812206,Dubai-6dc8,22,52,Normal
2026-02-14 04:55:17.812206,Dubai-6dc8,39,14,Normal
2026-02-14 04:55:18.812206,Dubai-6dc8,1,45,Normal
2026-02-14 04:55:19.812206,Dubai-6dc8,27,31,Normal
2026-02-14 04:55:20.812206,Dubai-6dc8,-11,28,Normal
2026-02-14 04:55:21.812206,Dubai-6dc8,4,61,Normal
2026-02-14 04:55:22.812206,Dubai-6dc8,-15,75,Normal
2026-02-14 04:55:23.812206,Dubai-6dc8,-6,81,Normal
2026-02-14 04:55:24.812206,Dubai-6dc8,-7,20,Normal
2026-02-14 04:55:25.812206,Dubai-6dc8,-26,59,Normal
2026-02-14 04:55:26.812206,Dubai-6dc8,31,56,Normal
2026-02-14 04:55:27.812206,Dubai-6dc8,0,73,Normal
2026-02-14 04:55:28.812206,Dubai-6dc8,-5,78,Normal
2026-02-14 04:55:29.812206,Dubai-6dc8,17,35,Normal
2026-02-14 04:55:30.812206,Dubai-6dc8,12,20,Normal
2026-02-14 04:55:31.812206,Dubai-6dc8,20,39,Normal
2026-02-14 04:55:32.812206,Dubai-6dc8,40,12,Normal
2026-02-14 04:55:33.812206,Dubai-6dc8,0,2,Normal
2026-02-14 04:55:34.812206,Dubai-6dc8,3,59,Normal
2026-02-14 04:55:35.812206,Dubai-6dc8,42,32,Normal
2026-02-14 04:55:36.812206,Dubai-6dc8,25,17,Normal
2026-02-14 04:55:37.812206,Dubai-6dc8,33,75,Normal
2026-02-14 04:55:38.812206,Dubai-6dc8,0,35,Normal
2026-02-14 04:55:39.812206,Dubai-6dc8,15,69,Normal
2026-02-14 04:55:40.812206,Dubai-6dc8,-9,0,Normal
2026-02-14 04:55:41.812206,Dubai-6dc8,44,84,Normal
2026-02-14 04:55:42.812206,Dubai-6dc8,18,49,Normal
2026-02-14 04:55:43.812206,Dubai-6dc8,23,7,Normal
2026-02-14 04:55:44.812206,Dubai-6dc8,-22,59,Normal
2026-02-14 04:55:45.812206,Dubai-6dc8,38,33,Normal
2026-02-14 04:55:46.812206,Dubai-6dc8,13,61,Normal
2026-02-14 04:55:47.812206,Dubai-6dc8,48,19,Normal
2026-02-14 04:55:48.812206,Dubai-6dc8,-15,40,Normal
2026-02-14 04:55:49.812206,Dubai-6dc8,1,86,Normal
2026-02-14 04:55:50.812206,Dubai-6dc8,37,10,Normal
2026-02-14 04:55:51.812206,Dubai-6dc8,-19,28,Normal
2026-02-14 04:55:52.812206,Dubai-6dc8,16,64,Normal
2026-02-14 04:55:53.812206,Dubai-6dc8,7,9,Normal
2026-02-14 04:55:54.812206,Dubai-6dc8,49,98,Normal
2026-02-14 04:55:55.812206,Dubai-6dc8,-28,30,Normal
2026-02-14 04:55:56.812206,Dubai-6dc8,6,93,Normal
2026-02-14 04:55:57.812206,Dubai-6dc8,10,98,Normal
2026-02-14 04:55:58.812206,Dubai-6dc8,48,34,Normal
2026-02-14 04:55:59.812206,Dubai-6dc8,37,30,Normal
2026-02-14 04:56:00.812206,Dubai-6dc8,43,97,Normal
2026-02-14 04:56:01.812206,Dubai-6dc8,10,6,Normal
2026-02-14 04:56:02.812206,Dubai-6dc8,-23,20,Normal
2026-02-14 04:56:03.812206,Dubai-6dc8,40,44,Normal
2026-02-14 04:56:04.812206,Dubai-6dc8,3,93,Normal
2026-02-14 04:56:05.812206,Dubai-6dc8,47,17,Normal
2026-02-14 04:56:06.812206,Dubai-6dc8,-26,2,Normal
2026-02-14 04:56:07.812206,Dubai-6dc8,20,9,Normal
2026-02-14 04:56:08.812206,Dubai-6dc8,-22,72,Normal
2026-02-14 04:56:09.812206,Dubai-6dc8,-15,46,Normal
2026-02-14 04:56:10.812206,Dubai-6dc8,11,57,Normal
2026-02-14 04:56:11.812206,Dubai-6dc8,-2,98,Normal
2026-02-14 04:56:12.812206,Dubai-6dc8,22,77,Normal
2026-02-14 04:56:13.812206,Dubai-6dc8,-7,44,Normal
2026-02-14 04:56:14.812206,Dubai-6dc8,5,33,Normal
2026-02-14 04:56:15.812206,Dubai-6dc8,-27,88,Normal
2026-02-14 04:56:16.812206,Dubai-6dc8,-7,18,Normal
2026-02-14 04:56:17.812206,Dubai-6dc8,-7,45,Normal
2026-02-14 04:56:18.812206,Dubai-6dc8,-11,42,Normal
2026-02-14 04:56:19.812206,Dubai-6dc8,-9,49,Normal
2026-02-14 04:56:20.812206,Dubai-6dc8,-21,80,Normal
2026-02-14 04:56:21.812206,Dubai-6dc8,1,35,Normal
2026-02-14 04:56:22.812206,Dubai-6dc8,21,89,Normal
2026-02-14 04:56:23.812206,Dubai-6dc8,4,43,Normal
2026-02-14 04:56:24.812206,Dubai-6dc8,-29,55,Normal
2026-02-14 04:56:25.812206,Dubai-6dc8,7,78,Normal
2026-02-14 04:56:26.812206,Dubai-6dc8,3,89,Normal
2026-02-14 04:56:27.812206,Dubai-6dc8,27,80,Normal
2026-02-14 04:56:28.812206,Dubai-6dc8,19,66,Normal
2026-02-14 04:56:29.812206,Dubai-6dc8,28,44,Normal
2026-02-14 04:56:30.812206,Dubai-6dc8,-10,14,Normal
2026-02-14 04:56:31.812206,Dubai-6dc8,40,59,Normal
2026-02-14 04:56:32.812206,Dubai-6dc8,29,24,Normal
2026-02-14 04:56:33.812206,Dubai-6dc8,-8,71,Normal
2026-02-14 04:56:34.812206,Dubai-6dc8,21,98,Normal
2026-02-14 04:56:35.812206,Dubai-6dc8,-26,45,Normal
2026-02-14 04:56:36.812206,Dubai-6dc8,-11,45,Normal
2026-02-14 04:56:37.812206,Dubai-6dc8,-23,46,Normal
2026-02-14 04:56:38.812206,Dubai-6dc8,3,39,Normal
2026-02-14 04:56:39.812206,Dubai-6dc8,25,95,Normal
2026-02-14 04:56:40.812206,Dubai-6dc8,44,83,Normal
2026-02-14 04:56:41.812206,Dubai-6dc8,28,24,Normal
2026-02-14 04:56:42.812206,Dubai-6dc8,-9,67,Normal
2026-02-14 04:56:43.812206,Dubai-6dc8,-11,53,Normal
2026-02-14 04:56:44.812206,Dubai-6dc8,-2,57,Normal
2026-02-14 04:56:45.812206,Dubai-6dc8,-17,63,Normal
2026-02-14 04:56:46.812206,Dubai-6dc8,-13,78,Normal
2026-02-14 04:56:47.812206,Dubai-6dc8,-10,89,Normal
2026-02-14 04:56:48.812206,Dubai-6dc8,-2,5,Normal
2026-02-14 04:56:49.812206,Dubai-6dc8,-30,11,Normal
2026-02-14 04:56:50.812206,Dubai-6dc8,14,22,Normal
2026-02-14 04:56:51.812206,Dubai-6dc8,5,71,Normal
2026-02-14 04:56:52.812206,Dubai-6dc8,-5,7,Normal
2026-02-14 04:56:53.812206,Dubai-6dc8,43,4,Normal
2026-02-14 04:56:54.812206,Dubai-6dc8,30,25,Normal
2026-02-14 04:56:55.812206,Dubai-6dc8,16,51,Normal
2026-02-14 04:56:56.812206,Dubai-6dc8,-21,29,Normal
2026-02-14 04:56:57.812206,Dubai-6dc8,-27,1,Normal
2026-02-14 04:56:58.812206,Dubai-6dc8,-4,52,Normal
2026-02-14 04:56:59.812206,Dubai-6dc8,1,40,Normal
2026-02-14 04:57:00.812206,Dubai-6dc8,-25,25,Normal
2026-02-14 04:57:01.812206,Dubai-6dc8,21,64,Normal
2026-02-14 04:57:02.812206,Dubai-6dc8,13,21,Normal
2026-02-14 04:57:03.812206,Dubai-6dc8,32,22,Normal
2026-02-14 04:57:04.812206,Dubai-6dc8,-14,60,Normal
2026-02-14 04:57:05.812206,Dubai-6dc8,-30,81,Normal
2026-02-14 04:57:06.812206,Dubai-6dc8,-4,9,Normal
2026-02-14 04:57:07.812206,Dubai-6dc8,7,55,Normal
2026-02-14 04:57:08.812206,Dubai-6dc8,29,12,Normal
2026-02-14 04:57:09.812206,Dubai-6dc8,-25,94,Normal
2026-02-14 04:57:10.812206,Dubai-6dc8,-19,39,Normal
2026-02-14 04:57:11.812206,Dubai-6dc8,-6,0,Normal
2026-02-14 04:57:12.812206,Dubai-6dc8,22,45,Normal
2026-02-14 04:57:13.812206,Dubai-6dc8,26,20,Normal
2026-02-14 04:57:14.812206,Dubai-6dc8,3,46,Normal
2026-02-14 04:57:15.812206,Dubai-6dc8,-25,6,Normal
2026-02-14 04:57:16.812206,Dubai-6dc8,43,82,Normal
2026-02-14 04:57:17.812206,Dubai-6dc8,-22,31,Normal
2026-02-14 04:57:18.812206,Dubai-6dc8,37,85,Normal
2026-02-14 04:57:19.812206,Dubai-6dc8,-28,53,Normal
2026-02-14 04:57:20.812206,Dubai-6dc8,5,65,Normal
2026-02-14 04:57:21.812206,Dubai-6dc8,33,26,Normal
2026-02-14 04:57:22.812206,Dubai-6dc8,46,13,Normal
2026-02-14 04:57:23.812206,Dubai-6dc8,-12,9,Normal
2026-02-14 04:57:24.812206,Dubai-6dc8,43,65,Normal
2026-02-14 04:57:25.812206,Dubai-6dc8,-3,70,Normal
2026-02-14 04:57:26.812206,Dubai-6dc8,19,92,Normal
2026-02-14 04:57:27.812206,Dubai-6dc8,-7,91,Normal
2026-02-14 04:57:28.812206,Dubai-6dc8,-26,99,Normal
2026-02-14 04:57:29.812206,Dubai-6dc8,-26,38,Normal
2026-02-14 04:57:30.812206,Dubai-6dc8,-10,37,Normal
2026-02-14 04:57:31.812206,Dubai-6dc8,9,51,Normal
2026-02-14 04:57:32.812206,Dubai-6dc8,29,31,Normal
2026-02-14 04:57:33.812206,Dubai-6dc8,-7,64,Normal
2026-02-14 04:57:34.812206,Dubai-6dc8,7,83,Normal
2026-02-14 04:57:35.812206,Dubai-6dc8,-28,20,Normal
2026-02-14 04:57:36.812206,Dubai-6dc8,-28,76,Normal
2026-02-14 04:57:37.812206,Dubai-6dc8,-23,65,Normal
2026-02-14 04:57:38.812206,Dubai-6dc8,47,90,Normal
2026-02-14 04:57:39.812206,Dubai-6dc8,-25,98,Normal
2026-02-14 04:57:40.812206,Dubai-6dc8,38,43,Normal
2026-02-14 04:57:41.812206,Dubai-6dc8,32,99,Normal
2026-02-14 04:57:42.812206,Dubai-6dc8,24,38,Normal
2026-02-14 04:57:43.812206,Dubai-6dc8,33,93,Normal
2026-02-14 04:57:44.812206,Dubai-6dc8,5,49,Normal
2026-02-14 04:57:45.812206,Dubai-6dc8,-22,86,Normal
2026-02-14 04:57:46.812206,Dubai-6dc8,0,90,Normal
2026-02-14 04:57:47.812206,Dubai-6dc8,24,91,Normal
2026-02-14 04:57:48.812206,Dubai-6dc8,-13,54,Normal
2026-02-14 04:57:49.812206,Dubai-6dc8,43,90,Normal
2026-02-14 04:57:50.812206,Dubai-6dc8,29,64,Normal
2026-02-14 04:57:51.812206,Dubai-6dc8,-25,28,Normal
2026-02-14 04:57:52.812206,Dubai-6dc8,28,28,Normal
2026-02-14 04:57:53.812206,Dubai-6dc8,-4,70,Normal
2026-02-14 04:57:54.812206,Dubai-6dc8,0,16,Normal
2026-02-14 04:57:55.812206,Dubai-6dc8,-12,93,Normal
2026-02-14 04:57:56.812206,Dubai-6dc8,21,99,Normal
2026-02-14 04:57:57.812206,Dubai-6dc8,-11,81,Normal
2026-02-14 04:57:58.812206,Dubai-6dc8,38,61,Normal
2026-02-14 04:57:59.812206,Dubai-6dc8,0,5,Normal
2026-02-14 04:58:00.812206,Dubai-6dc8,20,33,Normal
2026-02-14 04:58:01.812206,Dubai-6dc8,-21,48,Normal
2026-02-14 04:58:02.812206,Dubai-6dc8,26,62,Normal
2026-02-14 04:58:03.812206,Dubai-6dc8,-30,76,Normal
2026-02-14 04:58:04.812206,Dubai-6dc8,15,81,Normal
2026-02-14 04:58:05.812206,Dubai-6dc8,26,68,Normal
2026-02-14 04:58:06.812206,Dubai-6dc8,49,95,Normal
2026-02-14 04:58:07.812206,Dubai-6dc8,-15,38,Normal
2026-02-14 04:58:08.812206,Dubai-6dc8,-22,79,Normal
2026-02-14 04:58:09.812206,Dubai-6dc8,13,17,Normal
2026-02-14 04:58:10.812206,Dubai-6dc8,4,45,Normal
2026-02-14 04:58:11.812206,Dubai-6dc8,-11,76,Normal
2026-02-14 04:58:12.812206,Dubai-6dc8,18,22,Normal
2026-02-14 04:58:13.812206,Dubai-6dc8,-3,95,Normal
2026-02-14 04:58:14.812206,Dubai-6dc8,22,23,Normal
2026-02-14 04:58:15.812206,Dubai-6dc8,11,7,Normal
2026-02-14 04:58:16.812206,Dubai-6dc8,6,8,Normal
2026-02-14 04:58:17.812206,Dubai-6dc8,-23,22,Normal
2026-02-14 04:58:18.812206,Dubai-6dc8,14,74,Normal
2026-02-14 04:58:19.812206,Dubai-6dc8,43,55,Normal
2026-02-14 04:58:20.812206,Dubai-6dc8,38,9,Normal
2026-02-14 04:58:21.812206,Dubai-6dc8,0,97,Normal
2026-02-14 04:58:22.812206,Dubai-6dc8,7,29,Normal
2026-02-14 04:58:23.812206,Dubai-6dc8,-8,84,Normal
2026-02-14 04:58:24.812206,Dubai-6dc8,-23,78,Normal
2026-02-14 04:58:25.812206,Dubai-6dc8,-1,79,Normal
2026-02-14 04:58:26.812206,Dubai-6dc8,14,70,Normal
2026-02-14 04:58:27.812206,Dubai-6dc8,32,61,Normal
2026-02-14 04:58:28.812206,Dubai-6dc8,20,11,Normal
2026-02-14 04:58:29.812206,Dubai-6dc8,26,41,Normal
2026-02-14 04:58:30.812206,Dubai-6dc8,26,29,Normal
2026-02-14 04:58:31.812206,Dubai-6dc8,-27,7,Normal
2026-02-14 04:58:32.812206,Dubai-6dc8,6,96,Normal
2026-02-14 04:58:33.812206,Dubai-6dc8,-1,23,Normal
2026-02-14 04:58:34.812206,Dubai-6dc8,25,30,Normal
2026-02-14 04:58:35.812206,Dubai-6dc8,8,69,Normal
2026-02-14 04:58:36.812206,Dubai-6dc8,10,26,Normal
2026-02-14 04:58:37.812206,Dubai-6dc8,-30,47,Normal
2026-02-14 04:58:38.812206,Dubai-6dc8,33,55,Normal
2026-02-14 04:58:39.812206,Dubai-6dc8,0,60,Normal
2026-02-14 04:58:40.812206,Dubai-6dc8,17,80,Normal
2026-02-14 04:58:41.812206,Dubai-6dc8,-3,1,Normal
2026-02-14 04:58:42.812206,Dubai-6dc8,4,32,Normal
2026-02-14 04:58:43.812206,Dubai-6dc8,41,79,Normal
2026-02-14 04:58:44.812206,Dubai-6dc8,11,39,Normal
2026-02-14 04:58:45.812206,Dubai-6dc8,34,43,Normal
2026-02-14 04:58:46.812206,Dubai-6dc8,-20,54,Normal
2026-02-14 04:58:47.812206,Dubai-6dc8,41,59,Normal
2026-02-14 04:58:48.812206,Dubai-6dc8,21,77,Normal
2026-02-14 04:58:49.812206,Dubai-6dc8,-8,78,Normal
2026-02-14 04:58:50.812206,Dubai-6dc8,1,80,Normal
2026-02-14 04:58:51.812206,Dubai-6dc8,43,95,Normal
2026-02-14 04:58:52.812206,Dubai-6dc8,-28,38,Normal
2026-02-14 04:58:53.812206,Dubai-6dc8,24,42,Normal
2026-02-14 04:58:54.812206,Dubai-6dc8,-8,57,Normal
2026-02-14 04:58:55.812206,Dubai-6dc8,-29,62,Normal
2026-02-14 04:58:56.812206,Dubai-6dc8,38,21,Normal
2026-02-14 04:58:57.812206,Dubai-6dc8,-29,95,Normal
2026-02-14 04:58:58.812206,Dubai-6dc8,31,66,Normal
2026-02-14 04:58:59.812206,Dubai-6dc8,37,33,Normal
2026-02-14 04:59:00.812206,Dubai-6dc8,-5,64,Normal
2026-02-14 04:59:01.812206,Dubai-6dc8,49,23,Normal
2026-02-14 04:59:02.812206,Dubai-6dc8,-14,61,Normal
2026-02-14 04:59:03.812206,Dubai-6dc8,40,7,Normal
2026-02-14 04:59:04.812206,Dubai-6dc8,30,26,Normal
2026-02-14 04:59:05.812206,Dubai-6dc8,-25,85,Normal
2026-02-14 04:59:06.812206,Dubai-6dc8,-3,16,Normal
2026-02-14 04:59:07.812206,Dubai-6dc8,29,1,Normal
2026-02-14 04:59:08.812206,Dubai-6dc8,-3,26,Normal
2026-02-14 04:59:09.812206,Dubai-6dc8,13,55,Normal
2026-02-14 04:59:10.812206,Dubai-6dc8,20,76,Normal
2026-02-14 04:59:11.812206,Dubai-6dc8,-14,78,Normal
2026-02-14 04:59:12.812206,Dubai-6dc8,31,3,Normal
2026-02-14 04:59:13.812206,Dubai-6dc8,37,59,Normal
2026-02-14 04:59:14.812206,Dubai-6dc8,-5,69,Normal
2026-02-14 04:59:15.812206,Dubai-6dc8,30,54,Normal
2026-02-14 04:59:16.812206,Dubai-6dc8,-25,55,Normal
2026-02-14 04:59:17.812206,Dubai-6dc8,-18,31,Normal
2026-02-14 04:59:18.812206,Dubai-6dc8,15,58,Normal
2026-02-14 04:59:19.812206,Dubai-6dc8,4,82,Normal
2026-02-14 04:59:20.812206,Dubai-6dc8,47,3,Normal
2026-02-14 04:59:21.812206,Dubai-6dc8,35,66,Normal
2026-02-14 04:59:22.812206,Dubai-6dc8,36,96,Normal
2026-02-14 04:59:23.812206,Dubai-6dc8,9,98,Normal
2026-02-14 04:59:24.812206,Dubai-6dc8,43,34,Normal
2026-02-14 04:59:25.812206,Dubai-6dc8,-5,0,Normal
2026-02-14 04:59:26.812206,Dubai-6dc8,31,60,Normal
2026-02-14 04:59:27.812206,Dubai-6dc8,28,79,Normal
2026-02-14 04:59:28.812206,Dubai-6dc8,10,100,Normal
2026-02-14 04:59:29.812206,Dubai-6dc8,-11,89,Normal
2026-02-14 04:59:30.812206,Dubai-6dc8,-15,82,Normal
2026-02-14 04:59:31.812206,Dubai-6dc8,22,67,Normal
2026-02-14 04:59:32.812206,Dubai-6dc8,-17,73,Normal
2026-02-14 04:59:33.812206,Dubai-6dc8,50,60,Normal
2026-02-14 04:59:34.812206,Dubai-6dc8,46,41,Normal
2026-02-14 04:59:35.812206,Dubai-6dc8,7,20,Normal
2026-02-14 04:59:36.812206,Dubai-6dc8,42,2,Normal
2026-02-14 04:59:37.812206,Dubai-6dc8,41,26,Normal
2026-02-14 04:59:38.812206,Dubai-6dc8,-9,17,Normal
2026-02-14 04:59:39.812206,Dubai-6dc8,-13,42,Normal
2026-02-14 04:59:40.812206,Dubai-6dc8,-14,26,Normal
2026-02-14 04:59:41.812206,Dubai-6dc8,-15,7,Normal
2026-02-14 04:59:42.812206,Dubai-6dc8,-23,65,Normal
2026-02-14 04:59:43.812206,Dubai-6dc8,-12,16,Normal
2026-02-14 04:59:44.812206,Dubai-6dc8,12,99,Normal
2026-02-14 04:59:45.812206,Dubai-6dc8,26,22,Normal
2026-02-14 04:59:46.812206,Dubai-6dc8,-13,86,Normal
2026-02-14 04:59:47.812206,Dubai-6dc8,34,92,Normal
2026-02-14 04:59:48.812206,Dubai-6dc8,-2,46,Normal
2026-02-14 04:59:49.812206,Dubai-6dc8,-22,57,Normal
2026-02-14 04:59:50.812206,Dubai-6dc8,-4,20,Normal
2026-02-14 04:59:51.812206,Dubai-6dc8,39,18,Normal
2026-02-14 04:59:52.812206,Dubai-6dc8,-12,29,Normal
2026-02-14 04:59:53.812206,Dubai-6dc8,32,36,Normal
2026-02-14 04:59:54.812206,Dubai-6dc8,-11,49,Normal
2026-02-14 04:59:55.812206,Dubai-6dc8,8,48,Normal
2026-02-14 04:59:56.812206,Dubai-6dc8,3,21,Normal
2026-02-14 04:59:57.812206,Dubai-6dc8,-13,54,Normal
2026-02-14 04:59:58.812206,Dubai-6dc8,6,64,Normal
2026-02-14 04:59:59.812206,Dubai-6dc8,-24,37,Normal
2026-02-14 05:00:00.812206,Dubai-6dc8,36,67,Normal
2026-02-14 05:00:01.812206,Dubai-6dc8,-13,87,Normal
2026-02-14 05:00:02.812206,Dubai-6dc8,22,50,Normal
2026-02-14 05:00:03.812206,Dubai-6dc8,13,11,Normal
2026-02-14 05:00:04.812206,Dubai-6dc8,-23,53,Normal
2026-02-14 05:00:05.812206,Dubai-6dc8,-19,99,Normal
2026-02-14 05:00:06.812206,Dubai-6dc8,14,81,Normal
2026-02-14 05:00:07.812206,Dubai-6dc8,28,93,Normal
2026-02-14 05:00:08.812206,Dubai-6dc8,13,61,Normal
2026-02-14 05:00:09.812206,Dubai-6dc8,-1,60,Normal
2026-02-14 05:00:10.812206,Dubai-6dc8,49,73,Normal
2026-02-14 05:00:11.812206,Dubai-6dc8,40,91,Normal
2026-02-14 05:00:12.812206,Dubai-6dc8,16,3,Normal
2026-02-14 05:00:13.812206,Dubai-6dc8,-19,5,Normal
2026-02-14 05:00:14.812206,Dubai-6dc8,-25,56,Normal
2026-02-14 05:00:15.812206,Dubai-6dc8,-17,78,Normal
2026-02-14 05:00:16.812206,Dubai-6dc8,23,58,Normal
2026-02-14 05:00:17.812206,Dubai-6dc8,-17,38,Normal
2026-02-14 05:00:18.812206,Dubai-6dc8,19,100,Normal
2026-02-14 05:00:19.812206,Dubai-6dc8,50,88,Normal
2026-02-14 05:00:20.812206,Dubai-6dc8,16,14,Normal
2026-02-14 05:00:21.812206,Dubai-6dc8,11,47,Normal
2026-02-14 05:00:22.812206,Dubai-6dc8,-25,40,Normal
2026-02-14 05:00:23.812206,Dubai-6dc8,-13,48,Normal
2026-02-14 05:00:24.812206,Dubai-6dc8,43,5,Normal
2026-02-14 05:00:25.812206,Dubai-6dc8,-22,15,Normal
2026-02-14 05:00:26.812206,Dubai-6dc8,23,29,Normal
2026-02-14 05:00:27.812206,Dubai-6dc8,-4,88,Normal
2026-02-14 05:00:28.812206,Dubai-6dc8,7,63,Normal
2026-02-14 05:00:29.812206,Dubai-6dc8,-17,36,Normal
2026-02-14 05:00:30.812206,Dubai-6dc8,49,44,Normal
2026-02-14 05:00:31.812206,Dubai-6dc8,33,59,Normal
2026-02-14 05:00:32.812206,Dubai-6dc8,8,66,Normal
2026-02-14 05:00:33.812206,Dubai-6dc8,-28,15,Normal
2026-02-14 05:00:34.812206,Dubai-6dc8,0,62,Normal
2026-02-14 05:00:35.812206,Dubai-6dc8,21,60,Normal
2026-02-14 05:00:36.812206,Dubai-6dc8,14,65,Normal
2026-02-14 05:00:37.812206,Dubai-6dc8,-13,14,Normal
2026-02-14 05:00:38.812206,Dubai-6dc8,-27,27,Normal
2026-02-14 05:00:39.812206,Dubai-6dc8,33,63,Normal
2026-02-14 05:00:40.812206,Dubai-6dc8,39,91,Normal
2026-02-14 05:00:41.812206,Dubai-6dc8,-24,18,Normal
2026-02-14 05:00:42.812206,Dubai-6dc8,-21,89,Normal
2026-02-14 05:00:43.812206,Dubai-6dc8,39,20,Normal
2026-02-14 05:00:44.812206,Dubai-6dc8,27,73,Normal
2026-02-14 05:00:45.812206,Dubai-6dc8,18,60,Normal
2026-02-14 05:00:46.812206,Dubai-6dc8,23,86,Normal
2026-02-14 05:00:47.812206,Dubai-6dc8,15,89,Normal
2026-02-14 05:00:48.812206,Dubai-6dc8,-3,60,Normal
2026-02-14 05:00:49.812206,Dubai-6dc8,-29,30,Normal
2026-02-14 05:00:50.812206,Dubai-6dc8,19,45,Normal
2026-02-14 05:00:51.812206,Dubai-6dc8,-4,40,Normal
2026-02-14 05:00:52.812206,Dubai-6dc8,50,42,Normal
2026-02-14 05:00:53.812206,Dubai-6dc8,46,8,Normal
2026-02-14 05:00:54.812206,Dubai-6dc8,28,44,Normal
2026-02-14 05:00:55.812206,Dubai-6dc8,19,52,Normal
2026-02-14 05:00:56.812206,Dubai-6dc8,20,35,Normal
2026-02-14 05:00:57.812206,Dubai-6dc8,-7,52,Normal
2026-02-14 05:00:58.812206,Dubai-6dc8,-29,31,Normal
2026-02-14 05:00:59.812206,Dubai-6dc8,25,0,Normal
2026-02-14 05:01:00.812206,Dubai-6dc8,-11,76,Normal
2026-02-14 05:01:01.812206,Dubai-6dc8,31,20,Normal
2026-02-14 05:01:02.812206,Dubai-6dc8,48,35,Normal
2026-02-14 05:01:03.812206,Dubai-6dc8,42,25,Normal
2026-02-14 05:01:04.812206,Dubai-6dc8,33,32,Normal
2026-02-14 05:01:05.812206,Dubai-6dc8,42,42,Normal
2026-02-14 05:01:06.812206,Dubai-6dc8,-5,57,Normal
2026-02-14 05:01:07.812206,Dubai-6dc8,30,78,Normal
2026-02-14 05:01:08.812206,Dubai-6dc8,-29,68,Normal
2026-02-14 05:01:09.812206,Dubai-6dc8,-27,31,Normal
2026-02-14 05:01:10.812206,Dubai-6dc8,21,85,Normal
2026-02-14 05:01:11.812206,Dubai-6dc8,-24,21,Normal
2026-02-14 05:01:12.812206,Dubai-6dc8,-21,15,Normal
2026-02-14 05:01:13.812206,Dubai-6dc8,47,7,Normal
2026-02-14 05:01:14.812206,Dubai-6dc8,45,78,Normal
2026-02-14 05:01:15.812206,Dubai-6dc8,2,2,Normal
2026-02-14 05:01:16.812206,Dubai-6dc8,-19,64,Normal
2026-02-14 05:01:17.812206,Dubai-6dc8,-6,95,Normal
2026-02-14 05:01:18.812206,Dubai-6dc8,9,9,Normal
2026-02-14 05:01:19.812206,Dubai-6dc8,40,78,Normal
2026-02-14 05:01:20.812206,Dubai-6dc8,28,80,Normal
2026-02-14 05:01:21.812206,Dubai-6dc8,30,4,Normal
2026-02-14 05:01:22.812206,Dubai-6dc8,46,80,Normal
2026-02-14 05:01:23.812206,Dubai-6dc8,3,1,Normal
2026-02-14 05:01:24.812206,Dubai-6dc8,30,10,Normal
2026-02-14 05:01:25.812206,Dubai-6dc8,32,52,Normal
2026-02-14 05:01:26.812206,Dubai-6dc8,17,77,Normal
2026-02-14 05:01:27.812206,Dubai-6dc8,30,41,Normal
2026-02-14 05:01:28.812206,Dubai-6dc8,8,91,Normal
2026-02-14 05:01:29.812206,Dubai-6dc8,14,10,Normal
2026-02-14 05:01:30.812206,Dubai-6dc8,-28,56,Normal
2026-02-14 05:01:31.812206,Dubai-6dc8,-10,50,Normal
2026-02-14 05:01:32.812206,Dubai-6dc8,26,45,Normal
2026-02-14 05:01:33.812206,Dubai-6dc8,-24,36,Normal
2026-02-14 05:01:34.812206,Dubai-6dc8,8,16,Normal
