timestamp,station_id,temp,humid,condition
2026-02-13 20:56:25.763435,Berlin-8bcd,1,42,Normal
2026-02-13 20:56:26.763435,Berlin-8bcd,-5,34,Normal
2026-02-13 20:56:27.763435,Berlin-8bcd,42,8,Normal
2026-02-13 20:56:28.763435,Berlin-8bcd,7,19,Normal
2026-02-13 20:56:29.763435,Berlin-8bcd,-1,37,Normal
2026-02-13 20:56:30.763435,Berlin-8bcd,8,12,Normal
2026-02-13 20:56:31.763435,Berlin-8bcd,13,90,Normal
2026-02-13 20:56:32.763435,Berlin-8bcd,-14,90,Normal
2026-02-13 20:56:33.763435,Berlin-8bcd,17,50,Normal
2026-02-13 20:56:34.763435,Berlin-8bcd,-15,95,Normal
2026-02-13 20:56:35.763435,Berlin-8bcd,-27,93,Normal
2026-02-13 20:56:36.763435,Berlin-8bcd,14,24,Normal
2026-02-13 20:56:37.763435,Berlin-8bcd,41,55,Normal
2026-02-13 20:56:38.763435,Berlin-8bcd,32,77,Normal
2026-02-13 20:56:39.763435,Berlin-8bcd,44,12,Normal
2026-02-13 20:56:40.763435,Berlin-8bcd,-25,100,Normal
2026-02-13 20:56:41.763435,Berlin-8bcd,11,47,Normal
2026-02-13 20:56:42.763435,Berlin-8bcd,-16,6,Normal
2026-02-13 20:56:43.763435,Berlin-8bcd,-12,39,Normal
2026-02-13 20:56:44.763435,Berlin-8bcd,-12,17,Normal
2026-02-13 20:56:45.763435,Berlin-8bcd,34,14,Normal
2026-02-13 20:56:46.763435,Berlin-8bcd,38,87,Normal
2026-02-13 20:56:47.763435,Berlin-8bcd,-22,67,Normal
2026-02-13 20:56:48.763435,Berlin-8bcd,6,8,Normal
2026-02-13 20:56:49.763435,Berlin-8bcd,14,54,Normal
2026-02-13 20:56:50.763435,Berlin-8bcd,-14,67,Normal
2026-02-13 20:56:51.763435,Berlin-8bcd,48,73,Normal
2026-02-13 20:56:52.763435,Berlin-8bcd,16,52,Normal
2026-02-13 20:56:53.763435,Berlin-8bcd,33,39,Normal
2026-02-13 20:56:54.763435,Berlin-8bcd,-1,54,Normal
2026-02-13 20:56:55.763435,Berlin-8bcd,-20,30,Normal
2026-02-13 20:56:56.763435,Berlin-8bcd,3,15,Normal
2026-02-13 20:56:57.763435,Berlin-8bcd,48,45,Normal
2026-02-13 20:56:58.763435,Berlin-8bcd,11,67,Normal
2026-02-13 20:56:59.763435,Berlin-8bcd,33,56,Normal
2026-02-13 20:57:00.763435,Berlin-8bcd,-18,24,Normal
2026-02-13 20:57:01.763435,Berlin-8bcd,2,64,Normal
2026-02-13 20:57:02.763435,Berlin-8bcd,7,29,Normal
2026-02-13 20:57:03.763435,Berlin-8bcd,47,100,Normal
2026-02-13 20:57:04.763435,Berlin-8bcd,37,14,Normal
2026-02-13 20:57:05.763435,Berlin-8bcd,23,63,Normal
2026-02-13 20:57:06.763435,Berlin-8bcd,34,51,Normal
2026-02-13 20:57:07.763435,Berlin-8bcd,-3,4,Normal
2026-02-13 20:57:08.763435,Berlin-8bcd,6,88,Normal
2026-02-13 20:57:09.763435,Berlin-8bcd,2,37,Normal
2026-02-13 20:57:10.763435,Berlin-8bcd,33,60,Normal
2026-02-13 20:57:11.763435,Berlin-8bcd,41,82,Normal
2026-02-13 20:57:12.763435,Berlin-8bcd,-7,85,Normal
2026-02-13 20:57:13.763435,Berlin-8bcd,-24,40,Normal
2026-02-13 20:57:14.763435,Berlin-8bcd,50,90,Normal
2026-02-13 20:57:15.763435,Berlin-8bcd,15,45,Normal
2026-02-13 20:57:16.763435,Berlin-8bcd,33,53,Normal
2026-02-13 20:57:17.763435,Berlin-8bcd,-19,82,Normal
2026-02-13 20:57:18.763435,Berlin-8bcd,-27,48,Normal
2026-02-13 20:57:19.763435,Berlin-8bcd,3,16,Normal
2026-02-13 20:57:20.763435,Berlin-8bcd,-16,66,Normal
2026-02-13 20:57:21.763435,Berlin-8bcd,47,68,Normal
2026-02-13 20:57:22.763435,Berlin-8bcd,-16,71,Normal
2026-02-13 20:57:23.763435,Berlin-8bcd,20,17,Normal
2026-02-13 20:57:24.763435,Berlin-8bcd,24,57,Normal
2026-02-13 20:57:25.763435,Berlin-8bcd,-1,16,Normal
2026-02-13 20:57:26.763435,Berlin-8bcd,-13,67,Normal
2026-02-13 20:57:27.763435,Berlin-8bcd,-11,62,Normal
2026-02-13 20:57:28.763435,Berlin-8bcd,-3,58,Normal
2026-02-13 20:57:29.763435,Berlin-8bcd,37,53,Normal
2026-02-13 20:57:30.763435,Berlin-8bcd,25,13,Normal
2026-02-13 20:57:31.763435,Berlin-8bcd,-26,40,Normal
2026-02-13 20:57:32.763435,Berlin-8bcd,-16,95,Normal
2026-02-13 20:57:33.763435,Berlin-8bcd,5,99,Normal
2026-02-13 20:57:34.763435,Berlin-8bcd,-5,52,Normal
2026-02-13 20:57:35.763435,Berlin-8bcd,32,69,Normal
2026-02-13 20:57:36.763435,Berlin-8bcd,21,92,Normal
2026-02-13 20:57:37.763435,Berlin-8bcd,-24,24,Normal
2026-02-13 20:57:38.763435,Berlin-8bcd,-4,62,Normal
2026-02-13 20:57:39.763435,Berlin-8bcd,42,51,Normal
2026-02-13 20:57:40.763435,Berlin-8bcd,-3,4,Normal
2026-02-13 20:57:41.763435,Berlin-8bcd,-27,22,Normal
2026-02-13 20:57:42.763435,Berlin-8bcd,21,21,Normal
2026-02-13 20:57:43.763435,Berlin-8bcd,-9,100,Normal
2026-02-13 20:57:44.763435,Berlin-8bcd,25,62,Normal
2026-02-13 20:57:45.763435,Berlin-8bcd,36,91,Normal
2026-02-13 20:57:46.763435,Berlin-8bcd,-27,91,Normal
2026-02-13 20:57:47.763435,Berlin-8bcd,37,66,Normal
2026-02-13 20:57:48.763435,Berlin-8bcd,12,19,Normal
2026-02-13 20:57:49.763435,Berlin-8bcd,33,32,Normal
2026-02-13 20:57:50.763435,Berlin-8bcd,-5,7,Normal
2026-02-13 20:57:51.763435,Berlin-8bcd,5,60,Normal
2026-02-13 20:57:52.763435,Berlin-8bcd,11,50,Normal
2026-02-13 20:57:53.763435,Berlin-8bcd,-3,41,Normal
2026-02-13 20:57:54.763435,Berlin-8bcd,20,92,Normal
2026-02-13 20:57:55.763435,Berlin-8bcd,39,60,Normal
2026-02-13 20:57:56.763435,Berlin-8bcd,41,52,Normal
2026-02-13 20:57:57.763435,Berlin-8bcd,-13,66,Normal
2026-02-13 20:57:58.763435,Berlin-8bcd,6,13,Normal
2026-02-13 20:57:59.763435,Berlin-8bcd,-8,71,Normal
2026-02-13 20:58:00.763435,Berlin-8bcd,14,2,Normal
2026-02-13 20:58:01.763435,Berlin-8bcd,27,97,Normal
2026-02-13 20:58:02.763435,Berlin-8bcd,7,81,Normal
2026-02-13 20:58:03.763435,Berlin-8bcd,31,89,Normal
2026-02-13 20:58:04.763435,Berlin-8bcd,32,58,Normal
2026-02-13 20:58:05.763435,Berlin-8bcd,6,45,Normal
2026-02-13 20:58:06.763435,Berlin-8bcd,42,67,Normal
2026-02-13 20:58:07.763435,Berlin-8bcd,-18,93,Normal
2026-02-13 20:58:08.763435,Berlin-8bcd,39,15,Normal
2026-02-13 20:58:09.763435,Berlin-8bcd,28,21,Normal
2026-02-13 20:58:10.763435,Berlin-8bcd,45,35,Normal
2026-02-13 20:58:11.763435,Berlin-8bcd,6,45,Normal
2026-02-13 20:58:12.763435,Berlin-8bcd,-13,81,Normal
2026-02-13 20:58:13.763435,Berlin-8bcd,-29,50,Normal
2026-02-13 20:58:14.763435,Berlin-8bcd,-7,53,Normal
2026-02-13 20:58:15.763435,Berlin-8bcd,17,66,Normal
2026-02-13 20:58:16.763435,Berlin-8bcd,-20,69,Normal
2026-02-13 20:58:17.763435,Berlin-8bcd,30,38,Normal
2026-02-13 20:58:18.763435,Berlin-8bcd,3,93,Normal
2026-02-13 20:58:19.763435,Berlin-8bcd,3,100,Normal
2026-02-13 20:58:20.763435,Berlin-8bcd,9,65,Normal
2026-02-13 20:58:21.763435,Berlin-8bcd,-27,81,Normal
2026-02-13 20:58:22.763435,Berlin-8bcd,9,60,Normal
2026-02-13 20:58:23.763435,Berlin-8bcd,28,86,Normal
2026-02-13 20:58:24.763435,Berlin-8bcd,24,36,Normal
2026-02-13 20:58:25.763435,Berlin-8bcd,31,44,Normal
2026-02-13 20:58:26.763435,Berlin-8bcd,-11,21,Normal
2026-02-13 20:58:27.763435,Berlin-8bcd,50,80,Normal
2026-02-13 20:58:28.763435,Berlin-8bcd,-17,7,Normal
2026-02-13 20:58:29.763435,Berlin-8bcd,4,34,Normal
2026-02-13 20:58:30.763435,Berlin-8bcd,-21,97,Normal
2026-02-13 20:58:31.763435,Berlin-8bcd,-6,68,Normal
2026-02-13 20:58:32.763435,Berlin-8bcd,37,45,Normal
2026-02-13 20:58:33.763435,Berlin-8bcd,6,51,Normal
2026-02-13 20:58:34.763435,Berlin-8bcd,48,85,Normal
2026-02-13 20:58:35.763435,Berlin-8bcd,18,95,Normal
2026-02-13 20:58:36.763435,Berlin-8bcd,23,51,Normal
2026-02-13 20:58:37.763435,Berlin-8bcd,48,4,Normal
2026-02-13 20:58:38.763435,Berlin-8bcd,-28,38,Normal
2026-02-13 20:58:39.763435,Berlin-8bcd,14,83,Normal
2026-02-13 20:58:40.763435,Berlin-8bcd,26,77,Normal
2026-02-13 20:58:41.763435,Berlin-8bcd,-25,61,Normal
2026-02-13 20:58:42.763435,Berlin-8bcd,-7,95,Normal
2026-02-13 20:58:43.763435,Berlin-8bcd,-30,92,Normal
2026-02-13 20:58:44.763435,Berlin-8bcd,-11,47,Normal
2026-02-13 20:58:45.763435,Berlin-8bcd,-10,33,Normal
2026-02-13 20:58:46.763435,Berlin-8bcd,6,90,Normal
2026-02-13 20:58:47.763435,Berlin-8bcd,-25,49,Normal
2026-02-13 20:58:48.763435,Berlin-8bcd,16,36,Normal
2026-02-13 20:58:49.763435,Berlin-8bcd,32,48,Normal
2026-02-13 20:58:50.763435,Berlin-8bcd,38,86,Normal
2026-02-13 20:58:51.763435,Berlin-8bcd,4,29,Normal
2026-02-13 20:58:52.763435,Berlin-8bcd,23,33,Normal
2026-02-13 20:58:53.763435,Berlin-8bcd,15,90,Normal
2026-02-13 20:58:54.763435,Berlin-8bcd,29,48,Normal
2026-02-13 20:58:55.763435,Berlin-8bcd,36,25,Normal
2026-02-13 20:58:56.763435,Berlin-8bcd,43,100,Normal
2026-02-13 20:58:57.763435,Berlin-8bcd,-27,29,Normal
2026-02-13 20:58:58.763435,Berlin-8bcd,48,49,Normal
2026-02-13 20:58:59.763435,Berlin-8bcd,37,33,Normal
2026-02-13 20:59:00.763435,Berlin-8bcd,13,75,Normal
2026-02-13 20:59:01.763435,Berlin-8bcd,42,81,Normal
2026-02-13 20:59:02.763435,Berlin-8bcd,3,86,Normal
2026-02-13 20:59:03.763435,Berlin-8bcd,-8,71,Normal
2026-02-13 20:59:04.763435,Berlin-8bcd,47,4,Normal
2026-02-13 20:59:05.763435,Berlin-8bcd,-9,44,Normal
2026-02-13 20:59:06.763435,Berlin-8bcd,48,48,Normal
2026-02-13 20:59:07.763435,Berlin-8bcd,-28,87,Normal
2026-02-13 20:59:08.763435,Berlin-8bcd,-1,51,Normal
2026-02-13 20:59:09.763435,Berlin-8bcd,12,61,Normal
2026-02-13 20:59:10.763435,Berlin-8bcd,18,26,Normal
2026-02-13 20:59:11.763435,Berlin-8bcd,-21,100,Normal
2026-02-13 20:59:12.763435,Berlin-8bcd,-21,83,Normal
2026-02-13 20:59:13.763435,Berlin-8bcd,-6,41,Normal
2026-02-13 20:59:14.763435,Berlin-8bcd,9,36,Normal
2026-02-13 20:59:15.763435,Berlin-8bcd,49,85,Normal
2026-02-13 20:59:16.763435,Berlin-8bcd,-4,43,Normal
2026-02-13 20:59:17.763435,Berlin-8bcd,-8,39,Normal
2026-02-13 20:59:18.763435,Berlin-8bcd,18,68,Normal
2026-02-13 20:59:19.763435,Berlin-8bcd,-6,32,Normal
2026-02-13 20:59:20.763435,Berlin-8bcd,-1,83,Normal
2026-02-13 20:59:21.763435,Berlin-8bcd,-4,12,Normal
2026-02-13 20:59:22.763435,Berlin-8bcd,7,97,Normal
2026-02-13 20:59:23.763435,Berlin-8bcd,31,76,Normal
2026-02-13 20:59:24.763435,Berlin-8bcd,13,81,Normal
2026-02-13 20:59:25.763435,Berlin-8bcd,25,14,Normal
2026-02-13 20:59:26.763435,Berlin-8bcd,-14,23,Normal
2026-02-13 20:59:27.763435,Berlin-8bcd,47,31,Normal
2026-02-13 20:59:28.763435,Berlin-8bcd,35,26,Normal
2026-02-13 20:59:29.763435,Berlin-8bcd,41,43,Normal
2026-02-13 20:59:30.763435,Berlin-8bcd,-21,13,Normal
2026-02-13 20:59:31.763435,Berlin-8bcd,5,45,Normal
2026-02-13 20:59:32.763435,Berlin-8bcd,8,76,Normal
2026-02-13 20:59:33.763435,Berlin-8bcd,23,11,Normal
2026-02-13 20:59:34.763435,Berlin-8bcd,18,54,Normal
2026-02-13 20:59:35.763435,Berlin-8bcd,25,28,Normal
2026-02-13 20:59:36.763435,Berlin-8bcd,39,26,Normal
2026-02-13 20:59:37.763435,Berlin-8bcd,-22,13,Normal
2026-02-13 20:59:38.763435,Berlin-8bcd,6,23,Normal
2026-02-13 20:59:39.763435,Berlin-8bcd,-6,23,Normal
2026-02-13 20:59:40.763435,Berlin-8bcd,-8,27,Normal
2026-02-13 20:59:41.763435,Berlin-8bcd,24,48,Normal
2026-02-13 20:59:42.763435,Berlin-8bcd,2,15,Normal
2026-02-13 20:59:43.763435,Berlin-8bcd,26,11,Normal
2026-02-13 20:59:44.763435,Berlin-8bcd,-22,70,Normal
2026-02-13 20:59:45.763435,Berlin-8bcd,31,83,Normal
2026-02-13 20:59:46.763435,Berlin-8bcd,-23,66,Normal
2026-02-13 20:59:47.763435,Berlin-8bcd,-3,57,Normal
2026-02-13 20:59:48.763435,Berlin-8bcd,20,26,Normal
2026-02-13 20:59:49.763435,Berlin-8bcd,30,32,Normal
2026-02-13 20:59:50.763435,Berlin-8bcd,43,3,Normal
2026-02-13 20:59:51.763435,Berlin-8bcd,42,46,Normal
2026-02-13 20:59:52.763435,Berlin-8bcd,14,28,Normal
2026-02-13 20:59:53.763435,Berlin-8bcd,9,57,Normal
2026-02-13 20:59:54.763435,Berlin-8bcd,-25,62,Normal
2026-02-13 20:59:55.763435,Berlin-8bcd,35,71,Normal
2026-02-13 20:59:56.763435,Berlin-8bcd,-4,74,Normal
2026-02-13 20:59:57.763435,Berlin-8bcd,47,38,Normal
2026-02-13 20:59:58.763435,Berlin-8bcd,-26,35,Normal
2026-02-13 20:59:59.763435,Berlin-8bcd,26,69,Normal
2026-02-13 21:00:00.763435,Berlin-8bcd,18,34,Normal
2026-02-13 21:00:01.763435,Berlin-8bcd,33,42,Normal
2026-02-13 21:00:02.763435,Berlin-8bcd,35,70,Normal
2026-02-13 21:00:03.763435,Berlin-8bcd,-28,34,Normal
2026-02-13 21:00:04.763435,Berlin-8bcd,-30,0,Normal
2026-02-13 21:00:05.763435,Berlin-8bcd,49,9,Normal
2026-02-13 21:00:06.763435,Berlin-8bcd,40,3,Normal
2026-02-13 21:00:07.763435,Berlin-8bcd,19,60,Normal
2026-02-13 21:00:08.763435,Berlin-8bcd,-29,8,Normal
2026-02-13 21:00:09.763435,Berlin-8bcd,-18,34,Normal
2026-02-13 21:00:10.763435,Berlin-8bcd,41,42,Normal
2026-02-13 21:00:11.763435,Berlin-8bcd,49,42,Normal
2026-02-13 21:00:12.763435,Berlin-8bcd,2,21,Normal
2026-02-13 21:00:13.763435,Berlin-8bcd,48,88,Normal
2026-02-13 21:00:14.763435,Berlin-8bcd,-22,6,Normal
2026-02-13 21:00:15.763435,Berlin-8bcd,34,64,Normal
2026-02-13 21:00:16.763435,Berlin-8bcd,23,47,Normal
2026-02-13 21:00:17.763435,Berlin-8bcd,33,34,Normal
2026-02-13 21:00:18.763435,Berlin-8bcd,13,20,Normal
2026-02-13 21:00:19.763435,Berlin-8bcd,-22,55,Normal
2026-02-13 21:00:20.763435,Berlin-8bcd,-18,57,Normal
2026-02-13 21:00:21.763435,Berlin-8bcd,-21,40,Normal
2026-02-13 21:00:22.763435,Berlin-8bcd,-15,1,Normal
2026-02-13 21:00:23.763435,Berlin-8bcd,-12,83,Normal
2026-02-13 21:00:24.763435,Berlin-8bcd,35,87,Normal
2026-02-13 21:00:25.763435,Berlin-8bcd,22,59,Normal
2026-02-13 21:00:26.763435,Berlin-8bcd,47,86,Normal
2026-02-13 21:00:27.763435,Berlin-8bcd,13,9,Normal
2026-02-13 21:00:28.763435,Berlin-8bcd,24,68,Normal
2026-02-13 21:00:29.763435,Berlin-8bcd,11,81,Normal
2026-02-13 21:00:30.763435,Berlin-8bcd,-1,77,Normal
2026-02-13 21:00:31.763435,Berlin-8bcd,44,20,Normal
2026-02-13 21:00:32.763435,Berlin-8bcd,33,63,Normal
2026-02-13 21:00:33.763435,Berlin-8bcd,11,49,Normal
2026-02-13 21:00:34.763435,Berlin-8bcd,-22,80,Normal
2026-02-13 21:00:35.763435,Berlin-8bcd,31,45,Normal
2026-02-13 21:00:36.763435,Berlin-8bcd,18,69,Normal
2026-02-13 21:00:37.763435,Berlin-8bcd,15,64,Normal
2026-02-13 21:00:38.763435,Berlin-8bcd,-24,4,Normal
2026-02-13 21:00:39.763435,Berlin-8bcd,6,62,Normal
2026-02-13 21:00:40.763435,Berlin-8bcd,-20,93,Normal
2026-02-13 21:00:41.763435,Berlin-8bcd,24,48,Normal
2026-02-13 21:00:42.763435,Berlin-8bcd,-27,90,Normal
2026-02-13 21:00:43.763435,Berlin-8bcd,38,32,Normal
2026-02-13 21:00:44.763435,Berlin-8bcd,36,20,Normal
2026-02-13 21:00:45.763435,Berlin-8bcd,-21,92,Normal
2026-02-13 21:00:46.763435,Berlin-8bcd,50,64,Normal
2026-02-13 21:00:47.763435,Berlin-8bcd,29,66,Normal
2026-02-13 21:00:48.763435,Berlin-8bcd,49,42,Normal
2026-02-13 21:00:49.763435,Berlin-8bcd,0,36,Normal
2026-02-13 21:00:50.763435,Berlin-8bcd,-4,2,Normal
2026-02-13 21:00:51.763435,Berlin-8bcd,-9,80,Normal
2026-02-13 21:00:52.763435,Berlin-8bcd,-17,27,Normal
2026-02-13 21:00:53.763435,Berlin-8bcd,37,14,Normal
2026-02-13 21:00:54.763435,Berlin-8bcd,42,39,Normal
2026-02-13 21:00:55.763435,Berlin-8bcd,43,20,Normal
2026-02-13 21:00:56.763435,Berlin-8bcd,-21,86,Normal
2026-02-13 21:00:57.763435,Berlin-8bcd,12,72,Normal
2026-02-13 21:00:58.763435,Berlin-8bcd,9,64,Normal
2026-02-13 21:00:59.763435,Berlin-8bcd,-10,72,Normal
2026-02-13 21:01:00.763435,Berlin-8bcd,-27,29,Normal
2026-02-13 21:01:01.763435,Berlin-8bcd,46,96,Normal
2026-02-13 21:01:02.763435,Berlin-8bcd,28,96,Normal
2026-02-13 21:01:03.763435,Berlin-8bcd,23,26,Normal
2026-02-13 21:01:04.763435,Berlin-8bcd,-24,68,Normal
2026-02-13 21:01:05.763435,Berlin-8bcd,-7,48,Normal
2026-02-13 21:01:06.763435,Berlin-8bcd,40,90,Normal
2026-02-13 21:01:07.763435,Berlin-8bcd,19,97,Normal
2026-02-13 21:01:08.763435,Berlin-8bcd,37,68,Normal
2026-02-13 21:01:09.763435,Berlin-8bcd,-25,86,Normal
2026-02-13 21:01:10.763435,Berlin-8bcd,6,34,Normal
2026-02-13 21:01:11.763435,Berlin-8bcd,-23,45,Normal
2026-02-13 21:01:12.763435,Berlin-8bcd,-11,32,Normal
2026-02-13 21:01:13.763435,Berlin-8bcd,2,61,Normal
2026-02-13 21:01:14.763435,Berlin-8bcd,9,37,Normal
2026-02-13 21:01:15.763435,Berlin-8bcd,-13,36,Normal
2026-02-13 21:01:16.763435,Berlin-8bcd,-12,52,Normal
2026-02-13 21:01:17.763435,Berlin-8bcd,-17,60,Normal
2026-02-13 21:01:18.763435,Berlin-8bcd,-7,19,Normal
2026-02-13 21:01:19.763435,Berlin-8bcd,43,54,Normal
2026-02-13 21:01:20.763435,Berlin-8bcd,-18,98,Normal
2026-02-13 21:01:21.763435,Berlin-8bcd,-10,22,Normal
2026-02-13 21:01:22.763435,Berlin-8bcd,1,57,Normal
2026-02-13 21:01:23.763435,Berlin-8bcd,-17,37,Normal
2026-02-13 21:01:24.763435,Berlin-8bcd,35,48,Normal
2026-02-13 21:01:25.763435,Berlin-8bcd,-6,58,Normal
2026-02-13 21:01:26.763435,Berlin-8bcd,25,95,Normal
2026-02-13 21:01:27.763435,Berlin-8bcd,22,42,Normal
2026-02-13 21:01:28.763435,Berlin-8bcd,48,66,Normal
2026-02-13 21:01:29.763435,Berlin-8bcd,36,6,Normal
2026-02-13 21:01:30.763435,Berlin-8bcd,23,39,Normal
2026-02-13 21:01:31.763435,Berlin-8bcd,14,69,Normal
2026-02-13 21:01:32.763435,Berlin-8bcd,-6,100,Normal
2026-02-13 21:01:33.763435,Berlin-8bcd,-28,47,Normal
2026-02-13 21:01:34.763435,Berlin-8bcd,-2,42,Normal
2026-02-13 21:01:35.763435,Berlin-8bcd,38,29,Normal
2026-02-13 21:01:36.763435,Berlin-8bcd,16,11,Normal
2026-02-13 21:01:37.763435,Berlin-8bcd,48,48,Normal
2026-02-13 21:01:38.763435,Berlin-8bcd,-26,14,Normal
2026-02-13 21:01:39.763435,Berlin-8bcd,-5,62,Normal
2026-02-13 21:01:40.763435,Berlin-8bcd,-25,87,Normal
2026-02-13 21:01:41.763435,Berlin-8bcd,19,26,Normal
2026-02-13 21:01:42.763435,Berlin-8bcd,25,5,Normal
2026-02-13 21:01:43.763435,Berlin-8bcd,-9,81,Normal
2026-02-13 21:01:44.763435,Berlin-8bcd,1,88,Normal
2026-02-13 21:01:45.763435,Berlin-8bcd,-1,89,Normal
2026-02-13 21:01:46.763435,Berlin-8bcd,42,34,Normal
2026-02-13 21:01:47.763435,Berlin-8bcd,9,11,Normal
2026-02-13 21:01:48.763435,Berlin-8bcd,39,77,Normal
2026-02-13 21:01:49.763435,Berlin-8bcd,40,90,Normal
2026-02-13 21:01:50.763435,Berlin-8bcd,49,62,Normal
2026-02-13 21:01:51.763435,Berlin-8bcd,38,54,Normal
2026-02-13 21:01:52.763435,Berlin-8bcd,-11,18,Normal
2026-02-13 21:01:53.763435,Berlin-8bcd,34,46,Normal
2026-02-13 21:01:54.763435,Berlin-8bcd,-16,31,Normal
2026-02-13 21:01:55.763435,Berlin-8bcd,-26,27,Normal
2026-02-13 21:01:56.763435,Berlin-8bcd,-11,90,Normal
2026-02-13 21:01:57.763435,Berlin-8bcd,-14,26,Normal
2026-02-13 21:01:58.763435,Berlin-8bcd,-5,75,Normal
2026-02-13 21:01:59.763435,Berlin-8bcd,11,12,Normal
2026-02-13 21:02:00.763435,Berlin-8bcd,-23,96,Normal
2026-02-13 21:02:01.763435,Berlin-8bcd,0,27,Normal
2026-02-13 21:02:02.763435,Berlin-8bcd,44,99,Normal
2026-02-13 21:02:03.763435,Berlin-8bcd,43,40,Normal
2026-02-13 21:02:04.763435,Berlin-8bcd,-30,78,Normal
2026-02-13 21:02:05.763435,Berlin-8bcd,36,13,Normal
2026-02-13 21:02:06.763435,Berlin-8bcd,17,49,Normal
2026-02-13 21:02:07.763435,Berlin-8bcd,-12,22,Normal
2026-02-13 21:02:08.763435,Berlin-8bcd,-21,96,Normal
2026-02-13 21:02:09.763435,Berlin-8bcd,-10,65,Normal
2026-02-13 21:02:10.763435,Berlin-8bcd,32,62,Normal
2026-02-13 21:02:11.763435,Berlin-8bcd,33,64,Normal
2026-02-13 21:02:12.763435,Berlin-8bcd,-14,29,Normal
2026-02-13 21:02:13.763435,Berlin-8bcd,26,21,Normal
2026-02-13 21:02:14.763435,Berlin-8bcd,27,4,Normal
2026-02-13 21:02:15.763435,Berlin-8bcd,-9,16,Normal
2026-02-13 21:02:16.763435,Berlin-8bcd,-21,100,Normal
2026-02-13 21:02:17.763435,Berlin-8bcd,-9,46,Normal
2026-02-13 21:02:18.763435,Berlin-8bcd,0,17,Normal
2026-02-13 21:02:19.763435,Berlin-8bcd,48,1,Normal
2026-02-13 21:02:20.763435,Berlin-8bcd,-21,95,Normal
2026-02-13 21:02:21.763435,Berlin-8bcd,14,83,Normal
2026-02-13 21:02:22.763435,Berlin-8bcd,16,65,Normal
2026-02-13 21:02:23.763435,Berlin-8bcd,-23,16,Normal
2026-02-13 21:02:24.763435,Berlin-8bcd,-14,57,Normal
2026-02-13 21:02:25.763435,Berlin-8bcd,39,83,Normal
2026-02-13 21:02:26.763435,Berlin-8bcd,17,97,Normal
2026-02-13 21:02:27.763435,Berlin-8bcd,-11,71,Normal
2026-02-13 21:02:28.763435,Berlin-8bcd,32,0,Normal
2026-02-13 21:02:29.763435,Berlin-8bcd,6,100,Normal
2026-02-13 21:02:30.763435,Berlin-8bcd,29,24,Normal
2026-02-13 21:02:31.763435,Berlin-8bcd,17,4,Normal
2026-02-13 21:02:32.763435,Berlin-8bcd,49,29,Normal
2026-02-13 21:02:33.763435,Berlin-8bcd,-13,80,Normal
2026-02-13 21:02:34.763435,Berlin-8bcd,17,58,Normal
2026-02-13 21:02:35.763435,Berlin-8bcd,-21,81,Normal
2026-02-13 21:02:36.763435,Berlin-8bcd,13,20,Normal
2026-02-13 21:02:37.763435,Berlin-8bcd,32,24,Normal
2026-02-13 21:02:38.763435,Berlin-8bcd,22,32,Normal
2026-02-13 21:02:39.763435,Berlin-8bcd,-18,93,Normal
2026-02-13 21:02:40.763435,Berlin-8bcd,-14,79,Normal
2026-02-13 21:02:41.763435,Berlin-8bcd,21,6,Normal
2026-02-13 21:02:42.763435,Berlin-8bcd,8,94,Normal
2026-02-13 21:02:43.763435,Berlin-8bcd,43,41,Normal
2026-02-13 21:02:44.763435,Berlin-8bcd,-2,82,Normal
2026-02-13 21:02:45.763435,Berlin-8bcd,27,94,Normal
2026-02-13 21:02:46.763435,Berlin-8bcd,35,17,Normal
2026-02-13 21:02:47.763435,Berlin-8bcd,-28,85,Normal
2026-02-13 21:02:48.763435,Berlin-8bcd,7,100,Normal
2026-02-13 21:02:49.763435,Berlin-8bcd,-2,81,Normal
2026-02-13 21:02:50.763435,Berlin-8bcd,-14,54,Normal
2026-02-13 21:02:51.763435,Berlin-8bcd,-25,2,Normal
2026-02-13 21:02:52.763435,Berlin-8bcd,-1,36,Normal
2026-02-13 21:02:53.763435,Berlin-8bcd,35,44,Normal
2026-02-13 21:02:54.763435,Berlin-8bcd,-30,87,Normal
2026-02-13 21:02:55.763435,Berlin-8bcd,41,81,Normal
2026-02-13 21:02:56.763435,Berlin-8bcd,-7,39,Normal
2026-02-13 21:02:57.763435,Berlin-8bcd,28,36,Normal
2026-02-13 21:02:58.763435,Berlin-8bcd,-22,0,Normal
2026-02-13 21:02:59.763435,Berlin-8bcd,31,50,Normal
2026-02-13 21:03:00.763435,Berlin-8bcd,25,12,Normal
2026-02-13 21:03:01.763435,Berlin-8bcd,-13,12,Normal
2026-02-13 21:03:02.763435,Berlin-8bcd,-27,92,Normal
2026-02-13 21:03:03.763435,Berlin-8bcd,37,46,Normal
2026-02-13 21:03:04.763435,Berlin-8bcd,38,98,Normal
2026-02-13 21:03:05.763435,Berlin-8bcd,46,57,Normal
2026-02-13 21:03:06.763435,Berlin-8bcd,8,29,Normal
2026-02-13 21:03:07.763435,Berlin-8bcd,30,25,Normal
2026-02-13 21:03:08.763435,Berlin-8bcd,31,52,Normal
2026-02-13 21:03:09.763435,Berlin-8bcd,-9,29,Normal
2026-02-13 21:03:10.763435,Berlin-8bcd,24,3,Normal
2026-02-13 21:03:11.763435,Berlin-8bcd,22,55,Normal
2026-02-13 21:03:12.763435,Berlin-8bcd,11,6,Normal
2026-02-13 21:03:13.763435,Berlin-8bcd,-29,82,Normal
2026-02-13 21:03:14.763435,Berlin-8bcd,37,13,Normal
2026-02-13 21:03:15.763435,Berlin-8bcd,40,43,Normal
2026-02-13 21:03:16.763435,Berlin-8bcd,16,71,Normal
2026-02-13 21:03:17.763435,Berlin-8bcd,-23,100,Normal
2026-02-13 21:03:18.763435,Berlin-8bcd,29,39,Normal
2026-02-13 21:03:19.763435,Berlin-8bcd,-24,41,Normal
2026-02-13 21:03:20.763435,Berlin-8bcd,-6,28,Normal
2026-02-13 21:03:21.763435,Berlin-8bcd,-3,30,Normal
2026-02-13 21:03:22.763435,Berlin-8bcd,-23,66,Normal
2026-02-13 21:03:23.763435,Berlin-8bcd,41,48,Normal
2026-02-13 21:03:24.763435,Berlin-8bcd,8,30,Normal
2026-02-13 21:03:25.763435,Berlin-8bcd,21,72,Normal
2026-02-13 21:03:26.763435,Berlin-8bcd,-3,76,Normal
2026-02-13 21:03:27.763435,Berlin-8bcd,8,59,Normal
2026-02-13 21:03:28.763435,Berlin-8bcd,39,44,Normal
2026-02-13 21:03:29.763435,Berlin-8bcd,35,11,Normal
2026-02-13 21:03:30.763435,Berlin-8bcd,-28,0,Normal
2026-02-13 21:03:31.763435,Berlin-8bcd,0,13,Normal
2026-02-13 21:03:32.763435,Berlin-8bcd,15,63,Normal
2026-02-13 21:03:33.763435,Berlin-8bcd,-7,41,Normal
2026-02-13 21:03:34.763435,Berlin-8bcd,46,55,Normal
2026-02-13 21:03:35.763435,Berlin-8bcd,-18,100,Normal
2026-02-13 21:03:36.763435,Berlin-8bcd,-18,16,Normal
2026-02-13 21:03:37.763435,Berlin-8bcd,27,73,Normal
2026-02-13 21:03:38.763435,Berlin-8bcd,18,53,Normal
2026-02-13 21:03:39.763435,Berlin-8bcd,36,21,Normal
2026-02-13 21:03:40.763435,Berlin-8bcd,18,38,Normal
2026-02-13 21:03:41.763435,Berlin-8bcd,7,69,Normal
2026-02-13 21:03:42.763435,Berlin-8bcd,8,90,Normal
2026-02-13 21:03:43.763435,Berlin-8bcd,-23,54,Normal
2026-02-13 21:03:44.763435,Berlin-8bcd,-30,7,Normal
2026-02-13 21:03:45.763435,Berlin-8bcd,-16,11,Normal
2026-02-13 21:03:46.763435,Berlin-8bcd,35,76,Normal
2026-02-13 21:03:47.763435,Berlin-8bcd,-12,69,Normal
2026-02-13 21:03:48.763435,Berlin-8bcd,26,48,Normal
2026-02-13 21:03:49.763435,Berlin-8bcd,11,52,Normal
2026-02-13 21:03:50.763435,Berlin-8bcd,6,57,Normal
2026-02-13 21:03:51.763435,Berlin-8bcd,17,25,Normal
2026-02-13 21:03:52.763435,Berlin-8bcd,-6,67,Normal
2026-02-13 21:03:53.763435,Berlin-8bcd,24,57,Normal
2026-02-13 21:03:54.763435,Berlin-8bcd,3,75,Normal
2026-02-13 21:03:55.763435,Berlin-8bcd,23,91,Normal
2026-02-13 21:03:56.763435,Berlin-8bcd,27,53,Normal
2026-02-13 21:03:57.763435,Berlin-8bcd,15,8,Normal
2026-02-13 21:03:58.763435,Berlin-8bcd,49,8,Normal
2026-02-13 21:03:59.763435,Berlin-8bcd,27,8,Normal
2026-02-13 21:04:00.763435,Berlin-8bcd,-18,64,Normal
2026-02-13 21:04:01.763435,Berlin-8bcd,13,89,Normal
2026-02-13 21:04:02.763435,Berlin-8bcd,-24,35,Normal
2026-02-13 21:04:03.763435,Berlin-8bcd,47,22,Normal
2026-02-13 21:04:04.763435,Berlin-8bcd,-29,95,Normal
2026-02-13 21:04:05.763435,Berlin-8bcd,36,95,Normal
2026-02-13 21:04:06.763435,Berlin-8bcd,43,9,Normal
2026-02-13 21:04:07.763435,Berlin-8bcd,29,94,Normal
2026-02-13 21:04:08.763435,Berlin-8bcd,24,20,Normal
2026-02-13 21:04:09.763435,Berlin-8bcd,49,41,Normal
2026-02-13 21:04:10.763435,Berlin-8bcd,6,43,Normal
2026-02-13 21:04:11.763435,Berlin-8bcd,-23,2,Normal
2026-02-13 21:04:12.763435,Berlin-8bcd,38,13,Normal
2026-02-13 21:04:13.763435,Berlin-8bcd,32,33,Normal
2026-02-13 21:04:14.763435,Berlin-8bcd,6,51,Normal
2026-02-13 21:04:15.763435,Berlin-8bcd,11,18,Normal
2026-02-13 21:04:16.763435,Berlin-8bcd,6,79,Normal
2026-02-13 21:04:17.763435,Berlin-8bcd,21,12,Normal
2026-02-13 21:04:18.763435,Berlin-8bcd,37,43,Normal
2026-02-13 21:04:19.763435,Berlin-8bcd,31,98,Normal
2026-02-13 21:04:20.763435,Berlin-8bcd,14,99,Normal
2026-02-13 21:04:21.763435,Berlin-8bcd,41,49,Normal
2026-02-13 21:04:22.763435,Berlin-8bcd,15,61,Normal
2026-02-13 21:04:23.763435,Berlin-8bcd,27,54,Normal
2026-02-13 21:04:24.763435,Berlin-8bcd,13,72,Normal
2026-02-13 21:04:25.763435,Berlin-8bcd,-24,61,Normal
2026-02-13 21:04:26.763435,Berlin-8bcd,22,82,Normal
2026-02-13 21:04:27.763435,Berlin-8bcd,-9,21,Normal
2026-02-13 21:04:28.763435,Berlin-8bcd,12,82,Normal
2026-02-13 21:04:29.763435,Berlin-8bcd,-12,55,Normal
2026-02-13 21:04:30.763435,Berlin-8bcd,20,99,Normal
2026-02-13 21:04:31.763435,Berlin-8bcd,35,93,Normal
2026-02-13 21:04:32.763435,Berlin-8bcd,-18,94,Normal
2026-02-13 21:04:33.763435,Berlin-8bcd,45,74,Normal
2026-02-13 21:04:34.763435,Berlin-8bcd,18,26,Normal
2026-02-13 21:04:35.763435,Berlin-8bcd,21,21,Normal
2026-02-13 21:04:36.763435,Berlin-8bcd,48,47,Normal
2026-02-13 21:04:37.763435,Berlin-8bcd,6,22,Normal
2026-02-13 21:04:38.763435,Berlin-8bcd,-17,43,Normal
2026-02-13 21:04:39.763435,Berlin-8bcd,-6,10,Normal
2026-02-13 21:04:40.763435,Berlin-8bcd,9,95,Normal
2026-02-13 21:04:41.763435,Berlin-8bcd,33,8,Normal
2026-02-13 21:04:42.763435,Berlin-8bcd,26,21,Normal
2026-02-13 21:04:43.763435,Berlin-8bcd,35,39,Normal
2026-02-13 21:04:44.763435,Berlin-8bcd,36,22,Normal
2026-02-13 21:04:45.763435,Berlin-8bcd,32,35,Normal
2026-02-13 21:04:46.763435,Berlin-8bcd,16,7,Normal
2026-02-13 21:04:47.763435,Berlin-8bcd,37,51,Normal
2026-02-13 21:04:48.763435,Berlin-8bcd,13,39,Normal
2026-02-13 21:04:49.763435,Berlin-8bcd,32,51,Normal
2026-02-13 21:04:50.763435,Berlin-8bcd,25,29,Normal
2026-02-13 21:04:51.763435,Berlin-8bcd,22,22,Normal
2026-02-13 21:04:52.763435,Berlin-8bcd,40,53,Normal
2026-02-13 21:04:53.763435,Berlin-8bcd,13,80,Normal
2026-02-13 21:04:54.763435,Berlin-8bcd,26,60,Normal
2026-02-13 21:04:55.763435,Berlin-8bcd,-18,60,Normal
2026-02-13 21:04:56.763435,Berlin-8bcd,40,3,Normal
2026-02-13 21:04:57.763435,Berlin-8bcd,48,7,Normal
2026-02-13 21:04:58.763435,Berlin-8bcd,-7,23,Normal
2026-02-13 21:04:59.763435,Berlin-8bcd,-5,63,Normal
2026-02-13 21:05:00.763435,Berlin-8bcd,11,74,Normal
2026-02-13 21:05:01.763435,Berlin-8bcd,31,16,Normal
2026-02-13 21:05:02.763435,Berlin-8bcd,18,86,Normal
2026-02-13 21:05:03.763435,Berlin-8bcd,32,59,Normal
2026-02-13 21:05:04.763435,Berlin-8bcd,-26,53,Normal
2026-02-13 21:05:05.763435,Berlin-8bcd,15,83,Normal
2026-02-13 21:05:06.763435,Berlin-8bcd,41,29,Normal
2026-02-13 21:05:07.763435,Berlin-8bcd,-7,1,Normal
2026-02-13 21:05:08.763435,Berlin-8bcd,-9,80,Normal
2026-02-13 21:05:09.763435,Berlin-8bcd,35,44,Normal
2026-02-13 21:05:10.763435,Berlin-8bcd,-21,93,Normal
2026-02-13 21:05:11.763435,Berlin-8bcd,-23,9,Normal
2026-02-13 21:05:12.763435,Berlin-8bcd,-25,95,Normal
2026-02-13 21:05:13.763435,Berlin-8bcd,-25,24,Normal
2026-02-13 21:05:14.763435,Berlin-8bcd,-25,24,Normal
2026-02-13 21:05:15.763435,Berlin-8bcd,8,47,Normal
2026-02-13 21:05:16.763435,Berlin-8bcd,34,64,Normal
2026-02-13 21:05:17.763435,Berlin-8bcd,25,95,Normal
2026-02-13 21:05:18.763435,Berlin-8bcd,-12,89,Normal
2026-02-13 21:05:19.763435,Berlin-8bcd,22,12,Normal
2026-02-13 21:05:20.763435,Berlin-8bcd,-17,28,Normal
2026-02-13 21:05:21.763435,Berlin-8bcd,16,24,Normal
2026-02-13 21:05:22.763435,Berlin-8bcd,-3,25,Normal
2026-02-13 21:05:23.763435,Berlin-8bcd,-5,74,Normal
2026-02-13 21:05:24.763435,Berlin-8bcd,7,32,Normal
2026-02-13 21:05:25.763435,Berlin-8bcd,23,67,Normal
2026-02-13 21:05:26.763435,Berlin-8bcd,19,68,Normal
2026-02-13 21:05:27.763435,Berlin-8bcd,14,50,Normal
2026-02-13 21:05:28.763435,Berlin-8bcd,32,61,Normal
2026-02-13 21:05:29.763435,Berlin-8bcd,-16,83,Normal
2026-02-13 21:05:30.763435,Berlin-8bcd,15,16,Normal
2026-02-13 21:05:31.763435,Berlin-8bcd,25,78,Normal
2026-02-13 21:05:32.763435,Berlin-8bcd,13,61,Normal
2026-02-13 21:05:33.763435,Berlin-8bcd,-19,34,Normal
2026-02-13 21:05:34.763435,Berlin-8bcd,14,24,Normal
2026-02-13 21:05:35.763435,Berlin-8bcd,0,52,Normal
2026-02-13 21:05:36.763435,Berlin-8bcd,43,75,Normal
2026-02-13 21:05:37.763435,Berlin-8bcd,-9,33,Normal
2026-02-13 21:05:38.763435,Berlin-8bcd,40,100,Normal
2026-02-13 21:05:39.763435,Berlin-8bcd,18,38,Normal
2026-02-13 21:05:40.763435,Berlin-8bcd,45,0,Normal
2026-02-13 21:05:41.763435,Berlin-8bcd,24,11,Normal
2026-02-13 21:05:42.763435,Berlin-8bcd,0,96,Normal
2026-02-13 21:05:43.763435,Berlin-8bcd,37,77,Normal
2026-02-13 21:05:44.763435,Berlin-8bcd,22,77,Normal
2026-02-13 21:05:45.763435,Berlin-8bcd,-10,10,Normal
2026-02-13 21:05:46.763435,Berlin-8bcd,46,45,Normal
2026-02-13 21:05:47.763435,Berlin-8bcd,21,89,Normal
2026-02-13 21:05:48.763435,Berlin-8bcd,17,41,Normal
2026-02-13 21:05:49.763435,Berlin-8bcd,-17,66,Normal
2026-02-13 21:05:50.763435,Berlin-8bcd,22,19,Normal
2026-02-13 21:05:51.763435,Berlin-8bcd,14,58,Normal
2026-02-13 21:05:52.763435,Berlin-8bcd,-22,24,Normal
2026-02-13 21:05:53.763435,Berlin-8bcd,20,71,Normal
2026-02-13 21:05:54.763435,Berlin-8bcd,0,87,Normal
2026-02-13 21:05:55.763435,Berlin-8bcd,16,70,Normal
2026-02-13 21:05:56.763435,Berlin-8bcd,6,84,Normal
2026-02-13 21:05:57.763435,Berlin-8bcd,34,73,Normal
2026-02-13 21:05:58.763435,Berlin-8bcd,28,44,Normal
2026-02-13 21:05:59.763435,Berlin-8bcd,-30,91,Normal
2026-02-13 21:06:00.763435,Berlin-8bcd,-1,5,Normal
2026-02-13 21:06:01.763435,Berlin-8bcd,14,39,Normal
2026-02-13 21:06:02.763435,Berlin-8bcd,-12,58,Normal
2026-02-13 21:06:03.763435,Berlin-8bcd,-2,64,Normal
2026-02-13 21:06:04.763435,Berlin-8bcd,43,59,Normal
2026-02-13 21:06:05.763435,Berlin-8bcd,-15,10,Normal
2026-02-13 21:06:06.763435,Berlin-8bcd,32,15,Normal
2026-02-13 21:06:07.763435,Berlin-8bcd,28,100,Normal
2026-02-13 21:06:08.763435,Berlin-8bcd,-1,78,Normal
2026-02-13 21:06:09.763435,Berlin-8bcd,4,65,Normal
2026-02-13 21:06:10.763435,Berlin-8bcd,42,27,Normal
2026-02-13 21:06:11.763435,Berlin-8bcd,44,27,Normal
2026-02-13 21:06:12.763435,Berlin-8bcd,-7,35,Normal
2026-02-13 21:06:13.763435,Berlin-8bcd,31,58,Normal
2026-02-13 21:06:14.763435,Berlin-8bcd,49,22,Normal
2026-02-13 21:06:15.763435,Berlin-8bcd,31,58,Normal
2026-02-13 21:06:16.763435,Berlin-8bcd,5,81,Normal
2026-02-13 21:06:17.763435,Berlin-8bcd,-27,16,Normal
2026-02-13 21:06:18.763435,Berlin-8bcd,-27,7,Normal
2026-02-13 21:06:19.763435,Berlin-8bcd,-28,53,Normal
2026-02-13 21:06:20.763435,Berlin-8bcd,37,72,Normal
2026-02-13 21:06:21.763435,Berlin-8bcd,50,13,Normal
2026-02-13 21:06:22.763435,Berlin-8bcd,-24,68,Normal
2026-02-13 21:06:23.763435,Berlin-8bcd,4,71,Normal
2026-02-13 21:06:24.763435,Berlin-8bcd,-7,14,Normal
2026-02-13 21:06:25.763435,Berlin-8bcd,-7,60,Normal
2026-02-13 21:06:26.763435,Berlin-8bcd,-13,35,Normal
2026-02-13 21:06:27.763435,Berlin-8bcd,11,19,Normal
2026-02-13 21:06:28.763435,Berlin-8bcd,-7,29,Normal
2026-02-13 21:06:29.763435,Berlin-8bcd,46,5,Normal
2026-02-13 21:06:30.763435,Berlin-8bcd,8,65,Normal
2026-02-13 21:06:31.763435,Berlin-8bcd,-9,1,Normal
2026-02-13 21:06:32.763435,Berlin-8bcd,-6,19,Normal
2026-02-13 21:06:33.763435,Berlin-8bcd,21,27,Normal
2026-02-13 21:06:34.763435,Berlin-8bcd,41,34,Normal
2026-02-13 21:06:35.763435,Berlin-8bcd,49,32,Normal
2026-02-13 21:06:36.763435,Berlin-8bcd,43,79,Normal
2026-02-13 21:06:37.763435,Berlin-8bcd,8,16,Normal
2026-02-13 21:06:38.763435,Berlin-8bcd,22,78,Normal
2026-02-13 21:06:39.763435,Berlin-8bcd,2,81,Normal
2026-02-13 21:06:40.763435,Berlin-8bcd,43,35,Normal
2026-02-13 21:06:41.763435,Berlin-8bcd,-28,32,Normal
2026-02-13 21:06:42.763435,Berlin-8bcd,44,77,Normal
2026-02-13 21:06:43.763435,Berlin-8bcd,28,43,Normal
2026-02-13 21:06:44.763435,Berlin-8bcd,-20,98,Normal
2026-02-13 21:06:45.763435,Berlin-8bcd,12,50,Normal
2026-02-13 21:06:46.763435,Berlin-8bcd,-6,42,Normal
2026-02-13 21:06:47.763435,Berlin-8bcd,-5,78,Normal
2026-02-13 21:06:48.763435,Berlin-8bcd,50,75,Normal
2026-02-13 21:06:49.763435,Berlin-8bcd,24,64,Normal
2026-02-13 21:06:50.763435,Berlin-8bcd,-19,46,Normal
2026-02-13 21:06:51.763435,Berlin-8bcd,-18,27,Normal
2026-02-13 21:06:52.763435,Berlin-8bcd,23,42,Normal
2026-02-13 21:06:53.763435,Berlin-8bcd,10,37,Normal
2026-02-13 21:06:54.763435,Berlin-8bcd,18,100,Normal
2026-02-13 21:06:55.763435,Berlin-8bcd,-11,44,Normal
2026-02-13 21:06:56.763435,Berlin-8bcd,-23,31,Normal
2026-02-13 21:06:57.763435,Berlin-8bcd,-25,21,Normal
2026-02-13 21:06:58.763435,Berlin-8bcd,-18,16,Normal
2026-02-13 21:06:59.763435,Berlin-8bcd,-26,30,Normal
2026-02-13 21:07:00.763435,Berlin-8bcd,-7,49,Normal
2026-02-13 21:07:01.763435,Berlin-8bcd,40,20,Normal
2026-02-13 21:07:02.763435,Berlin-8bcd,-4,8,Normal
2026-02-13 21:07:03.763435,Berlin-8bcd,28,24,Normal
2026-02-13 21:07:04.763435,Berlin-8bcd,-1,35,Normal
2026-02-13 21:07:05.763435,Berlin-8bcd,-28,41,Normal
2026-02-13 21:07:06.763435,Berlin-8bcd,41,53,Normal
2026-02-13 21:07:07.763435,Berlin-8bcd,-13,94,Normal
2026-02-13 21:07:08.763435,Berlin-8bcd,30,18,Normal
2026-02-13 21:07:09.763435,Berlin-8bcd,42,80,Normal
2026-02-13 21:07:10.763435,Berlin-8bcd,44,49,Normal
2026-02-13 21:07:11.763435,Berlin-8bcd,-18,9,Normal
2026-02-13 21:07:12.763435,Berlin-8bcd,29,15,Normal
2026-02-13 21:07:13.763435,Berlin-8bcd,17,32,Normal
2026-02-13 21:07:14.763435,Berlin-8bcd,29,43,Normal
2026-02-13 21:07:15.763435,Berlin-8bcd,-17,59,Normal
2026-02-13 21:07:16.763435,Berlin-8bcd,-7,74,Normal
2026-02-13 21:07:17.763435,Berlin-8bcd,11,73,Normal
2026-02-13 21:07:18.763435,Berlin-8bcd,13,39,Normal
2026-02-13 21:07:19.763435,Berlin-8bcd,17,48,Normal
2026-02-13 21:07:20.763435,Berlin-8bcd,-20,97,Normal
2026-02-13 21:07:21.763435,Berlin-8bcd,2,83,Normal
2026-02-13 21:07:22.763435,Berlin-8bcd,44,11,Normal
2026-02-13 21:07:23.763435,Berlin-8bcd,12,35,Normal
2026-02-13 21:07:24.763435,Berlin-8bcd,-21,73,Normal
2026-02-13 21:07:25.763435,Berlin-8bcd,-17,73,Normal
2026-02-13 21:07:26.763435,Berlin-8bcd,43,88,Normal
2026-02-13 21:07:27.763435,Berlin-8bcd,49,69,Normal
2026-02-13 21:07:28.763435,Berlin-8bcd,-5,25,Normal
2026-02-13 21:07:29.763435,Berlin-8bcd,36,16,Normal
2026-02-13 21:07:30.763435,Berlin-8bcd,-11,27,Normal
2026-02-13 21:07:31.763435,Berlin-8bcd,-19,4,Normal
2026-02-13 21:07:32.763435,Berlin-8bcd,9,54,Normal
2026-02-13 21:07:33.763435,Berlin-8bcd,-10,20,Normal
2026-02-13 21:07:34.763435,Berlin-8bcd,-9,70,Normal
2026-02-13 21:07:35.763435,Berlin-8bcd,-18,75,Normal
2026-02-13 21:07:36.763435,Berlin-8bcd,24,51,Normal
2026-02-13 21:07:37.763435,Berlin-8bcd,6,26,Normal
2026-02-13 21:07:38.763435,Berlin-8bcd,17,54,Normal
2026-02-13 21:07:39.763435,Berlin-8bcd,-21,6,Normal
2026-02-13 21:07:40.763435,Berlin-8bcd,-25,76,Normal
2026-02-13 21:07:41.763435,Berlin-8bcd,48,73,Normal
2026-02-13 21:07:42.763435,Berlin-8bcd,28,49,Normal
2026-02-13 21:07:43.763435,Berlin-8bcd,-15,41,Normal
2026-02-13 21:07:44.763435,Berlin-8bcd,-9,16,Normal
2026-02-13 21:07:45.763435,Berlin-8bcd,0,21,Normal
2026-02-13 21:07:46.763435,Berlin-8bcd,-5,59,Normal
2026-02-13 21:07:47.763435,Berlin-8bcd,-23,2,Normal
2026-02-13 21:07:48.763435,Berlin-8bcd,-21,53,Normal
2026-02-13 21:07:49.763435,Berlin-8bcd,16,2,Normal
2026-02-13 21:07:50.763435,Berlin-8bcd,31,0,Normal
2026-02-13 21:07:51.763435,Berlin-8bcd,15,8,Normal
2026-02-13 21:07:52.763435,Berlin-8bcd,-5,33,Normal
2026-02-13 21:07:53.763435,Berlin-8bcd,-20,59,Normal
2026-02-13 21:07:54.763435,Berlin-8bcd,32,26,Normal
2026-02-13 21:07:55.763435,Berlin-8bcd,17,4,Normal
2026-02-13 21:07:56.763435,Berlin-8bcd,21,80,Normal
2026-02-13 21:07:57.763435,Berlin-8bcd,19,81,Normal
2026-02-13 21:07:58.763435,Berlin-8bcd,-1,59,Normal
2026-02-13 21:07:59.763435,Berlin-8bcd,33,65,Normal
2026-02-13 21:08:00.763435,Berlin-8bcd,12,22,Normal
2026-02-13 21:08:01.763435,Berlin-8bcd,48,82,Normal
2026-02-13 21:08:02.763435,Berlin-8bcd,20,29,Normal
2026-02-13 21:08:03.763435,Berlin-8bcd,-8,70,Normal
2026-02-13 21:08:04.763435,Berlin-8bcd,38,92,Normal
2026-02-13 21:08:05.763435,Berlin-8bcd,42,57,Normal
2026-02-13 21:08:06.763435,Berlin-8bcd,41,27,Normal
2026-02-13 21:08:07.763435,Berlin-8bcd,33,24,Normal
2026-02-13 21:08:08.763435,Berlin-8bcd,33,48,Normal
2026-02-13 21:08:09.763435,Berlin-8bcd,-17,87,Normal
2026-02-13 21:08:10.763435,Berlin-8bcd,-9,28,Normal
2026-02-13 21:08:11.763435,Berlin-8bcd,-18,9,Normal
2026-02-13 21:08:12.763435,Berlin-8bcd,9,39,Normal
2026-02-13 21:08:13.763435,Berlin-8bcd,7,48,Normal
2026-02-13 21:08:14.763435,Berlin-8bcd,-6,89,Normal
2026-02-13 21:08:15.763435,Berlin-8bcd,-12,96,Normal
2026-02-13 21:08:16.763435,Berlin-8bcd,25,37,Normal
2026-02-13 21:08:17.763435,Berlin-8bcd,14,11,Normal
2026-02-13 21:08:18.763435,Berlin-8bcd,-2,53,Normal
2026-02-13 21:08:19.763435,Berlin-8bcd,-11,100,Normal
2026-02-13 21:08:20.763435,Berlin-8bcd,15,38,Normal
2026-02-13 21:08:21.763435,Berlin-8bcd,4,43,Normal
2026-02-13 21:08:22.763435,Berlin-8bcd,37,42,Normal
2026-02-13 21:08:23.763435,Berlin-8bcd,29,84,Normal
2026-02-13 21:08:24.763435,Berlin-8bcd,-6,7,Normal
2026-02-13 21:08:25.763435,Berlin-8bcd,-9,60,Normal
2026-02-13 21:08:26.763435,Berlin-8bcd,11,43,Normal
2026-02-13 21:08:27.763435,Berlin-8bcd,29,70,Normal
2026-02-13 21:08:28.763435,Berlin-8bcd,-26,55,Normal
2026-02-13 21:08:29.763435,Berlin-8bcd,-2,50,Normal
2026-02-13 21:08:30.763435,Berlin-8bcd,22,22,Normal
2026-02-13 21:08:31.763435,Berlin-8bcd,-28,99,Normal
2026-02-13 21:08:32.763435,Berlin-8bcd,27,1,Normal
2026-02-13 21:08:33.763435,Berlin-8bcd,-21,24,Normal
2026-02-13 21:08:34.763435,Berlin-8bcd,-10,63,Normal
2026-02-13 21:08:35.763435,Berlin-8bcd,6,89,Normal
2026-02-13 21:08:36.763435,Berlin-8bcd,48,76,Normal
2026-02-13 21:08:37.763435,Berlin-8bcd,-19,43,Normal
2026-02-13 21:08:38.763435,Berlin-8bcd,-11,94,Normal
2026-02-13 21:08:39.763435,Berlin-8bcd,0,22,Normal
2026-02-13 21:08:40.763435,Berlin-8bcd,21,76,Normal
2026-02-13 21:08:41.763435,Berlin-8bcd,-5,88,Normal
2026-02-13 21:08:42.763435,Berlin-8bcd,12,58,Normal
2026-02-13 21:08:43.763435,Berlin-8bcd,3,93,Normal
2026-02-13 21:08:44.763435,Berlin-8bcd,-22,69,Normal
2026-02-13 21:08:45.763435,Berlin-8bcd,-2,97,Normal
2026-02-13 21:08:46.763435,Berlin-8bcd,-1,89,Normal
2026-02-13 21:08:47.763435,Berlin-8bcd,17,76,Normal
2026-02-13 21:08:48.763435,Berlin-8bcd,-20,48,Normal
2026-02-13 21:08:49.763435,Berlin-8bcd,6,51,Normal
2026-02-13 21:08:50.763435,Berlin-8bcd,39,67,Normal
2026-02-13 21:08:51.763435,Berlin-8bcd,-13,75,Normal
2026-02-13 21:08:52.763435,Berlin-8bcd,-26,11,Normal
2026-02-13 21:08:53.763435,Berlin-8bcd,5,53,Normal
2026-02-13 21:08:54.763435,Berlin-8bcd,-14,32,Normal
2026-02-13 21:08:55.763435,Berlin-8bcd,-21,39,Normal
2026-02-13 21:08:56.763435,Berlin-8bcd,37,29,Normal
2026-02-13 21:08:57.763435,Berlin-8bcd,8,99,Normal
2026-02-13 21:08:58.763435,Berlin-8bcd,24,76,Normal
2026-02-13 21:08:59.763435,Berlin-8bcd,-3,30,Normal
2026-02-13 21:09:00.763435,Berlin-8bcd,8,55,Normal
2026-02-13 21:09:01.763435,Berlin-8bcd,-16,6,Normal
2026-02-13 21:09:02.763435,Berlin-8bcd,25,43,Normal
2026-02-13 21:09:03.763435,Berlin-8bcd,-24,25,Normal
2026-02-13 21:09:04.763435,Berlin-8bcd,50,7,Normal
2026-02-13 21:09:05.763435,Berlin-8bcd,-9,84,Normal
2026-02-13 21:09:06.763435,Berlin-8bcd,37,3,Normal
2026-02-13 21:09:07.763435,Berlin-8bcd,3,73,Normal
2026-02-13 21:09:08.763435,Berlin-8bcd,48,65,Normal
2026-02-13 21:09:09.763435,Berlin-8bcd,30,32,Normal
2026-02-13 21:09:10.763435,Berlin-8bcd,8,43,Normal
2026-02-13 21:09:11.763435,Berlin-8bcd,-16,10,Normal
2026-02-13 21:09:12.763435,Berlin-8bcd,10,16,Normal
2026-02-13 21:09:13.763435,Berlin-8bcd,23,88,Normal
2026-02-13 21:09:14.763435,Berlin-8bcd,34,44,Normal
2026-02-13 21:09:15.763435,Berlin-8bcd,-14,35,Normal
2026-02-13 21:09:16.763435,Berlin-8bcd,41,39,Normal
2026-02-13 21:09:17.763435,Berlin-8bcd,43,57,Normal
2026-02-13 21:09:18.763435,Berlin-8bcd,37,17,Normal
2026-02-13 21:09:19.763435,Berlin-8bcd,-11,92,Normal
2026-02-13 21:09:20.763435,Berlin-8bcd,33,97,Normal
2026-02-13 21:09:21.763435,Berlin-8bcd,-30,10,Normal
2026-02-13 21:09:22.763435,Berlin-8bcd,22,40,Normal
2026-02-13 21:09:23.763435,Berlin-8bcd,50,99,Normal
2026-02-13 21:09:24.763435,Berlin-8bcd,13,0,Normal
2026-02-13 21:09:25.763435,Berlin-8bcd,-5,68,Normal
2026-02-13 21:09:26.763435,Berlin-8bcd,35,47,Normal
2026-02-13 21:09:27.763435,Berlin-8bcd,25,60,Normal
2026-02-13 21:09:28.763435,Berlin-8bcd,26,35,Normal
2026-02-13 21:09:29.763435,Berlin-8bcd,-12,4,Normal
2026-02-13 21:09:30.763435,Berlin-8bcd,3,74,Normal
2026-02-13 21:09:31.763435,Berlin-8bcd,-11,75,Normal
2026-02-13 21:09:32.763435,Berlin-8bcd,-30,26,Normal
2026-02-13 21:09:33.763435,Berlin-8bcd,36,35,Normal
2026-02-13 21:09:34.763435,Berlin-8bcd,22,84,Normal
2026-02-13 21:09:35.763435,Berlin-8bcd,33,19,Normal
2026-02-13 21:09:36.763435,Berlin-8bcd,-18,95,Normal
2026-02-13 21:09:37.763435,Berlin-8bcd,0,80,Normal
2026-02-13 21:09:38.763435,Berlin-8bcd,-7,59,Normal
2026-02-13 21:09:39.763435,Berlin-8bcd,16,36,Normal
2026-02-13 21:09:40.763435,Berlin-8bcd,26,17,Normal
2026-02-13 21:09:41.763435,Berlin-8bcd,47,43,Normal
2026-02-13 21:09:42.763435,Berlin-8bcd,6,65,Normal
2026-02-13 21:09:43.763435,Berlin-8bcd,5,39,Normal
2026-02-13 21:09:44.763435,Berlin-8bcd,-27,40,Normal
2026-02-13 21:09:45.763435,Berlin-8bcd,26,79,Normal
2026-02-13 21:09:46.763435,Berlin-8bcd,-21,46,Normal
2026-02-13 21:09:47.763435,Berlin-8bcd,23,2,Normal
2026-02-13 21:09:48.763435,Berlin-8bcd,-18,0,Normal
2026-02-13 21:09:49.763435,Berlin-8bcd,-10,54,Normal
2026-02-13 21:09:50.763435,Berlin-8bcd,-6,6,Normal
2026-02-13 21:09:51.763435,Berlin-8bcd,18,67,Normal
2026-02-13 21:09:52.763435,Berlin-8bcd,-26,54,Normal
2026-02-13 21:09:53.763435,Berlin-8bcd,7,4,Normal
2026-02-13 21:09:54.763435,Berlin-8bcd,15,30,Normal
2026-02-13 21:09:55.763435,Berlin-8bcd,7,29,Normal
2026-02-13 21:09:56.763435,Berlin-8bcd,-26,27,Normal
2026-02-13 21:09:57.763435,Berlin-8bcd,-19,24,Normal
2026-02-13 21:09:58.763435,Berlin-8bcd,-14,97,Normal
2026-02-13 21:09:59.763435,Berlin-8bcd,3,2,Normal
2026-02-13 21:10:00.763435,Berlin-8bcd,-5,39,Normal
2026-02-13 21:10:01.763435,Berlin-8bcd,2,73,Normal
2026-02-13 21:10:02.763435,Berlin-8bcd,28,19,Normal
2026-02-13 21:10:03.763435,Berlin-8bcd,17,30,Normal
2026-02-13 21:10:04.763435,Berlin-8bcd,-13,5,Normal
2026-02-13 21:10:05.763435,Berlin-8bcd,47,90,Normal
2026-02-13 21:10:06.763435,Berlin-8bcd,38,37,Normal
2026-02-13 21:10:07.763435,Berlin-8bcd,-14,93,Normal
2026-02-13 21:10:08.763435,Berlin-8bcd,-29,44,Normal
2026-02-13 21:10:09.763435,Berlin-8bcd,50,87,Normal
2026-02-13 21:10:10.763435,Berlin-8bcd,19,1,Normal
2026-02-13 21:10:11.763435,Berlin-8bcd,27,87,Normal
2026-02-13 21:10:12.763435,Berlin-8bcd,42,92,Normal
2026-02-13 21:10:13.763435,Berlin-8bcd,-4,12,Normal
2026-02-13 21:10:14.763435,Berlin-8bcd,-28,51,Normal
2026-02-13 21:10:15.763435,Berlin-8bcd,-11,46,Normal
2026-02-13 21:10:16.763435,Berlin-8bcd,9,19,Normal
2026-02-13 21:10:17.763435,Berlin-8bcd,3,65,Normal
2026-02-13 21:10:18.763435,Berlin-8bcd,5,73,Normal
2026-02-13 21:10:19.763435,Berlin-8bcd,-11,8,Normal
2026-02-13 21:10:20.763435,Berlin-8bcd,30,14,Normal
2026-02-13 21:10:21.763435,Berlin-8bcd,8,88,Normal
2026-02-13 21:10:22.763435,Berlin-8bcd,-13,26,Normal
2026-02-13 21:10:23.763435,Berlin-8bcd,14,86,Normal
2026-02-13 21:10:24.763435,Berlin-8bcd,-1,57,Normal
2026-02-13 21:10:25.763435,Berlin-8bcd,-7,17,Normal
2026-02-13 21:10:26.763435,Berlin-8bcd,-20,99,Normal
2026-02-13 21:10:27.763435,Berlin-8bcd,4,52,Normal
2026-02-13 21:10:28.763435,Berlin-8bcd,-21,16,Normal
2026-02-13 21:10:29.763435,Berlin-8bcd,23,58,Normal
2026-02-13 21:10:30.763435,Berlin-8bcd,25,50,Normal
2026-02-13 21:10:31.763435,Berlin-8bcd,34,6,Normal
2026-02-13 21:10:32.763435,Berlin-8bcd,18,70,Normal
2026-02-13 21:10:33.763435,Berlin-8bcd,-1,76,Normal
2026-02-13 21:10:34.763435,Berlin-8bcd,5,9,Normal
2026-02-13 21:10:35.763435,Berlin-8bcd,49,71,Normal
2026-02-13 21:10:36.763435,Berlin-8bcd,-27,47,Normal
2026-02-13 21:10:37.763435,Berlin-8bcd,2,74,Normal
2026-02-13 21:10:38.763435,Berlin-8bcd,25,98,Normal
2026-02-13 21:10:39.763435,Berlin-8bcd,16,75,Normal
2026-02-13 21:10:40.763435,Berlin-8bcd,42,0,Normal
2026-02-13 21:10:41.763435,Berlin-8bcd,36,5,Normal
2026-02-13 21:10:42.763435,Berlin-8bcd,17,24,Normal
2026-02-13 21:10:43.763435,Berlin-8bcd,-25,47,Normal
2026-02-13 21:10:44.763435,Berlin-8bcd,-27,13,Normal
2026-02-13 21:10:45.763435,Berlin-8bcd,27,23,Normal
2026-02-13 21:10:46.763435,Berlin-8bcd,-28,28,Normal
2026-02-13 21:10:47.763435,Berlin-8bcd,-18,92,Normal
2026-02-13 21:10:48.763435,Berlin-8bcd,-28,64,Normal
2026-02-13 21:10:49.763435,Berlin-8bcd,17,88,Normal
2026-02-13 21:10:50.763435,Berlin-8bcd,37,73,Normal
2026-02-13 21:10:51.763435,Berlin-8bcd,44,55,Normal
2026-02-13 21:10:52.763435,Berlin-8bcd,26,87,Normal
2026-02-13 21:10:53.763435,Berlin-8bcd,-26,41,Normal
2026-02-13 21:10:54.763435,Berlin-8bcd,-16,64,Normal
2026-02-13 21:10:55.763435,Berlin-8bcd,32,77,Normal
2026-02-13 21:10:56.763435,Berlin-8bcd,42,40,Normal
2026-02-13 21:10:57.763435,Berlin-8bcd,19,11,Normal
2026-02-13 21:10:58.763435,Berlin-8bcd,-5,42,Normal
2026-02-13 21:10:59.763435,Berlin-8bcd,21,85,Normal
2026-02-13 21:11:00.763435,Berlin-8bcd,49,89,Normal
2026-02-13 21:11:01.763435,Berlin-8bcd,26,92,Normal
2026-02-13 21:11:02.763435,Berlin-8bcd,-22,85,Normal
2026-02-13 21:11:03.763435,Berlin-8bcd,4,46,Normal
2026-02-13 21:11:04.763435,Berlin-8bcd,-21,47,Normal
2026-02-13 21:11:05.763435,Berlin-8bcd,32,76,Normal
2026-02-13 21:11:06.763435,Berlin-8bcd,-1,0,Normal
2026-02-13 21:11:07.763435,Berlin-8bcd,-19,98,Normal
2026-02-13 21:11:08.763435,Berlin-8bcd,33,62,Normal
2026-02-13 21:11:09.763435,Berlin-8bcd,48,0,Normal
2026-02-13 21:11:10.763435,Berlin-8bcd,25,23,Normal
2026-02-13 21:11:11.763435,Berlin-8bcd,6,96,Normal
2026-02-13 21:11:12.763435,Berlin-8bcd,1,53,Normal
2026-02-13 21:11:13.763435,Berlin-8bcd,-7,56,Normal
2026-02-13 21:11:14.763435,Berlin-8bcd,45,88,Normal
2026-02-13 21:11:15.763435,Berlin-8bcd,-6,37,Normal
2026-02-13 21:11:16.763435,Berlin-8bcd,39,9,Normal
2026-02-13 21:11:17.763435,Berlin-8bcd,37,64,Normal
2026-02-13 21:11:18.763435,Berlin-8bcd,50,67,Normal
2026-02-13 21:11:19.763435,Berlin-8bcd,40,90,Normal
2026-02-13 21:11:20.763435,Berlin-8bcd,-22,39,Normal
2026-02-13 21:11:21.763435,Berlin-8bcd,-4,95,Normal
2026-02-13 21:11:22.763435,Berlin-8bcd,29,39,Normal
2026-02-13 21:11:23.763435,Berlin-8bcd,40,8,Normal
2026-02-13 21:11:24.763435,Berlin-8bcd,36,22,Normal
2026-02-13 21:11:25.763435,Berlin-8bcd,16,69,Normal
2026-02-13 21:11:26.763435,Berlin-8bcd,-3,39,Normal
2026-02-13 21:11:27.763435,Berlin-8bcd,21,71,Normal
2026-02-13 21:11:28.763435,Berlin-8bcd,12,37,Normal
2026-02-13 21:11:29.763435,Berlin-8bcd,-28,93,Normal
2026-02-13 21:11:30.763435,Berlin-8bcd,-1,80,Normal
2026-02-13 21:11:31.763435,Berlin-8bcd,-1,65,Normal
2026-02-13 21:11:32.763435,Berlin-8bcd,-18,29,Normal
2026-02-13 21:11:33.763435,Berlin-8bcd,12,8,Normal
2026-02-13 21:11:34.763435,Berlin-8bcd,-10,62,Normal
2026-02-13 21:11:35.763435,Berlin-8bcd,39,46,Normal
2026-02-13 21:11:36.763435,Berlin-8bcd,22,56,Normal
2026-02-13 21:11:37.763435,Berlin-8bcd,32,80,Normal
2026-02-13 21:11:38.763435,Berlin-8bcd,-24,94,Normal
2026-02-13 21:11:39.763435,Berlin-8bcd,-9,51,Normal
2026-02-13 21:11:40.763435,Berlin-8bcd,26,53,Normal
2026-02-13 21:11:41.763435,Berlin-8bcd,38,77,Normal
2026-02-13 21:11:42.763435,Berlin-8bcd,41,79,Normal
2026-02-13 21:11:43.763435,Berlin-8bcd,-6,9,Normal
2026-02-13 21:11:44.763435,Berlin-8bcd,17,21,Normal
2026-02-13 21:11:45.763435,Berlin-8bcd,-14,53,Normal
2026-02-13 21:11:46.763435,Berlin-8bcd,-21,62,Normal
2026-02-13 21:11:47.763435,Berlin-8bcd,-18,65,Normal
2026-02-13 21:11:48.763435,Berlin-8bcd,19,24,Normal
2026-02-13 21:11:49.763435,Berlin-8bcd,38,3,Normal
2026-02-13 21:11:50.763435,Berlin-8bcd,40,71,Normal
2026-02-13 21:11:51.763435,Berlin-8bcd,19,96,Normal
2026-02-13 21:11:52.763435,Berlin-8bcd,-21,29,Normal
2026-02-13 21:11:53.763435,Berlin-8bcd,18,54,Normal
2026-02-13 21:11:54.763435,Berlin-8bcd,-18,85,Normal
2026-02-13 21:11:55.763435,Berlin-8bcd,-23,35,Normal
2026-02-13 21:11:56.763435,Berlin-8bcd,47,37,Normal
2026-02-13 21:11:57.763435,Berlin-8bcd,32,16,Normal
2026-02-13 21:11:58.763435,Berlin-8bcd,0,94,Normal
2026-02-13 21:11:59.763435,Berlin-8bcd,6,18,Normal
2026-02-13 21:12:00.763435,Berlin-8bcd,-17,19,Normal
2026-02-13 21:12:01.763435,Berlin-8bcd,-18,77,Normal
2026-02-13 21:12:02.763435,Berlin-8bcd,0,47,Normal
2026-02-13 21:12:03.763435,Berlin-8bcd,49,22,Normal
2026-02-13 21:12:04.763435,Berlin-8bcd,43,82,Normal
2026-02-13 21:12:05.763435,Berlin-8bcd,-7,95,Normal
2026-02-13 21:12:06.763435,Berlin-8bcd,40,99,Normal
2026-02-13 21:12:07.763435,Berlin-8bcd,37,70,Normal
2026-02-13 21:12:08.763435,Berlin-8bcd,-29,10,Normal
2026-02-13 21:12:09.763435,Berlin-8bcd,47,4,Normal
2026-02-13 21:12:10.763435,Berlin-8bcd,44,24,Normal
2026-02-13 21:12:11.763435,Berlin-8bcd,50,3,Normal
2026-02-13 21:12:12.763435,Berlin-8bcd,20,22,Normal
2026-02-13 21:12:13.763435,Berlin-8bcd,7,17,Normal
2026-02-13 21:12:14.763435,Berlin-8bcd,-2,2,Normal
2026-02-13 21:12:15.763435,Berlin-8bcd,-26,26,Normal
2026-02-13 21:12:16.763435,Berlin-8bcd,30,28,Normal
2026-02-13 21:12:17.763435,Berlin-8bcd,-6,89,Normal
2026-02-13 21:12:18.763435,Berlin-8bcd,1,47,Normal
2026-02-13 21:12:19.763435,Berlin-8bcd,-7,20,Normal
2026-02-13 21:12:20.763435,Berlin-8bcd,42,28,Normal
2026-02-13 21:12:21.763435,Berlin-8bcd,18,29,Normal
2026-02-13 21:12:22.763435,Berlin-8bcd,25,52,Normal
2026-02-13 21:12:23.763435,Berlin-8bcd,7,63,Normal
2026-02-13 21:12:24.763435,Berlin-8bcd,-8,46,Normal
2026-02-13 21:12:25.763435,Berlin-8bcd,42,78,Normal
2026-02-13 21:12:26.763435,Berlin-8bcd,11,61,Normal
2026-02-13 21:12:27.763435,Berlin-8bcd,-28,22,Normal
2026-02-13 21:12:28.763435,Berlin-8bcd,38,48,Normal
2026-02-13 21:12:29.763435,Berlin-8bcd,35,82,Normal
2026-02-13 21:12:30.763435,Berlin-8bcd,50,76,Normal
2026-02-13 21:12:31.763435,Berlin-8bcd,48,43,Normal
2026-02-13 21:12:32.763435,Berlin-8bcd,48,89,Normal
2026-02-13 21:12:33.763435,Berlin-8bcd,41,86,Normal
2026-02-13 21:12:34.763435,Berlin-8bcd,-17,77,Normal
2026-02-13 21:12:35.763435,Berlin-8bcd,40,75,Normal
2026-02-13 21:12:36.763435,Berlin-8bcd,34,24,Normal
2026-02-13 21:12:37.763435,Berlin-8bcd,8,28,Normal
2026-02-13 21:12:38.763435,Berlin-8bcd,0,89,Normal
2026-02-13 21:12:39.763435,Berlin-8bcd,24,18,Normal
2026-02-13 21:12:40.763435,Berlin-8bcd,13,95,Normal
2026-02-13 21:12:41.763435,Berlin-8bcd,1,62,Normal
2026-02-13 21:12:42.763435,Berlin-8bcd,-4,65,Normal
2026-02-13 21:12:43.763435,Berlin-8bcd,1,15,Normal
2026-02-13 21:12:44.763435,Berlin-8bcd,9,76,Normal
2026-02-13 21:12:45.763435,Berlin-8bcd,10,37,Normal
2026-02-13 21:12:46.763435,Berlin-8bcd,-2,60,Normal
2026-02-13 21:12:47.763435,Berlin-8bcd,42,19,Normal
2026-02-13 21:12:48.763435,Berlin-8bcd,16,74,Normal
2026-02-13 21:12:49.763435,Berlin-8bcd,40,8,Normal
2026-02-13 21:12:50.763435,Berlin-8bcd,16,74,Normal
2026-02-13 21:12:51.763435,Berlin-8bcd,-21,64,Normal
2026-02-13 21:12:52.763435,Berlin-8bcd,22,88,Normal
2026-02-13 21:12:53.763435,Berlin-8bcd,-15,100,Normal
2026-02-13 21:12:54.763435,Berlin-8bcd,-14,38,Normal
2026-02-13 21:12:55.763435,Berlin-8bcd,10,79,Normal
2026-02-13 21:12:56.763435,Berlin-8bcd,9,55,Normal
2026-02-13 21:12:57.763435,Berlin-8bcd,-20,100,Normal
2026-02-13 21:12:58.763435,Berlin-8bcd,41,94,Normal
2026-02-13 21:12:59.763435,Berlin-8bcd,-26,71,Normal
2026-02-13 21:13:00.763435,Berlin-8bcd,-24,58,Normal
2026-02-13 21:13:01.763435,Berlin-8bcd,8,39,Normal
2026-02-13 21:13:02.763435,Berlin-8bcd,-15,39,Normal
2026-02-13 21:13:03.763435,Berlin-8bcd,-3,71,Normal
2026-02-13 21:13:04.763435,Berlin-8bcd,-3,81,Normal
2026-02-13 21:13:05.763435,Berlin-8bcd,49,78,Normal
2026-02-13 21:13:06.763435,Berlin-8bcd,13,15,Normal
2026-02-13 21:13:07.763435,Berlin-8bcd,12,57,Normal
2026-02-13 21:13:08.763435,Berlin-8bcd,43,46,Normal
2026-02-13 21:13:09.763435,Berlin-8bcd,-7,22,Normal
2026-02-13 21:13:10.763435,Berlin-8bcd,38,55,Normal
2026-02-13 21:13:11.763435,Berlin-8bcd,35,68,Normal
2026-02-13 21:13:12.763435,Berlin-8bcd,44,77,Normal
2026-02-13 21:13:13.763435,Berlin-8bcd,-17,11,Normal
2026-02-13 21:13:14.763435,Berlin-8bcd,-20,3,Normal
2026-02-13 21:13:15.763435,Berlin-8bcd,9,86,Normal
2026-02-13 21:13:16.763435,Berlin-8bcd,16,94,Normal
2026-02-13 21:13:17.763435,Berlin-8bcd,12,24,Normal
2026-02-13 21:13:18.763435,Berlin-8bcd,-19,93,Normal
2026-02-13 21:13:19.763435,Berlin-8bcd,36,91,Normal
2026-02-13 21:13:20.763435,Berlin-8bcd,30,95,Normal
2026-02-13 21:13:21.763435,Berlin-8bcd,-16,74,Normal
2026-02-13 21:13:22.763435,Berlin-8bcd,-18,2,Normal
2026-02-13 21:13:23.763435,Berlin-8bcd,1,32,Normal
2026-02-13 21:13:24.763435,Berlin-8bcd,-25,4,Normal
2026-02-13 21:13:25.763435,Berlin-8bcd,12,82,Normal
2026-02-13 21:13:26.763435,Berlin-8bcd,-14,48,Normal
2026-02-13 21:13:27.763435,Berlin-8bcd,6,98,Normal
2026-02-13 21:13:28.763435,Berlin-8bcd,13,31,Normal
2026-02-13 21:13:29.763435,Berlin-8bcd,34,60,Normal
2026-02-13 21:13:30.763435,Berlin-8bcd,41,90,Normal
2026-02-13 21:13:31.763435,Berlin-8bcd,-17,84,Normal
2026-02-13 21:13:32.763435,Berlin-8bcd,43,22,Normal
2026-02-13 21:13:33.763435,Berlin-8bcd,48,67,Normal
2026-02-13 21:13:34.763435,Berlin-8bcd,7,78,Normal
2026-02-13 21:13:35.763435,Berlin-8bcd,-9,63,Normal
2026-02-13 21:13:36.763435,Berlin-8bcd,33,100,Normal
2026-02-13 21:13:37.763435,Berlin-8bcd,-23,23,Normal
2026-02-13 21:13:38.763435,Berlin-8bcd,-16,42,Normal
2026-02-13 21:13:39.763435,Berlin-8bcd,-4,27,Normal
2026-02-13 21:13:40.763435,Berlin-8bcd,35,44,Normal
2026-02-13 21:13:41.763435,Berlin-8bcd,-11,65,Normal
2026-02-13 21:13:42.763435,Berlin-8bcd,12,45,Normal
2026-02-13 21:13:43.763435,Berlin-8bcd,28,6,Normal
2026-02-13 21:13:44.763435,Berlin-8bcd,28,33,Normal
2026-02-13 21:13:45.763435,Berlin-8bcd,48,7,Normal
2026-02-13 21:13:46.763435,Berlin-8bcd,-26,80,Normal
2026-02-13 21:13:47.763435,Berlin-8bcd,-27,23,Normal
2026-02-13 21:13:48.763435,Berlin-8bcd,0,86,Normal
2026-02-13 21:13:49.763435,Berlin-8bcd,2,45,Normal
2026-02-13 21:13:50.763435,Berlin-8bcd,42,65,Normal
2026-02-13 21:13:51.763435,Berlin-8bcd,9,24,Normal
2026-02-13 21:13:52.763435,Berlin-8bcd,43,18,Normal
2026-02-13 21:13:53.763435,Berlin-8bcd,37,25,Normal
2026-02-13 21:13:54.763435,Berlin-8bcd,37,36,Normal
2026-02-13 21:13:55.763435,Berlin-8bcd,-18,56,Normal
2026-02-13 21:13:56.763435,Berlin-8bcd,4,63,Normal
2026-02-13 21:13:57.763435,Berlin-8bcd,31,34,Normal
2026-02-13 21:13:58.763435,Berlin-8bcd,1,5,Normal
2026-02-13 21:13:59.763435,Berlin-8bcd,35,66,Normal
2026-02-13 21:14:00.763435,Berlin-8bcd,47,77,Normal
2026-02-13 21:14:01.763435,Berlin-8bcd,35,79,Normal
2026-02-13 21:14:02.763435,Berlin-8bcd,33,94,Normal
2026-02-13 21:14:03.763435,Berlin-8bcd,-5,71,Normal
2026-02-13 21:14:04.763435,Berlin-8bcd,-3,8,Normal
2026-02-13 21:14:05.763435,Berlin-8bcd,2,64,Normal
2026-02-13 21:14:06.763435,Berlin-8bcd,-23,4,Normal
2026-02-13 21:14:07.763435,Berlin-8bcd,11,81,Normal
2026-02-13 21:14:08.763435,Berlin-8bcd,49,95,Normal
2026-02-13 21:14:09.763435,Berlin-8bcd,-23,91,Normal
2026-02-13 21:14:10.763435,Berlin-8bcd,-2,62,Normal
2026-02-13 21:14:11.763435,Berlin-8bcd,-16,98,Normal
2026-02-13 21:14:12.763435,Berlin-8bcd,1,77,Normal
2026-02-13 21:14:13.763435,Berlin-8bcd,-20,80,Normal
2026-02-13 21:14:14.763435,Berlin-8bcd,0,4,Normal
2026-02-13 21:14:15.763435,Berlin-8bcd,-21,22,Normal
2026-02-13 21:14:16.763435,Berlin-8bcd,6,53,Normal
2026-02-13 21:14:17.763435,Berlin-8bcd,30,50,Normal
2026-02-13 21:14:18.763435,Berlin-8bcd,-3,33,Normal
2026-02-13 21:14:19.763435,Berlin-8bcd,-7,18,Normal
2026-02-13 21:14:20.763435,Berlin-8bcd,-4,52,Normal
2026-02-13 21:14:21.763435,Berlin-8bcd,39,36,Normal
2026-02-13 21:14:22.763435,Berlin-8bcd,2,30,Normal
2026-02-13 21:14:23.763435,Berlin-8bcd,33,65,Normal
2026-02-13 21:14:24.763435,Berlin-8bcd,-6,19,Normal
2026-02-13 21:14:25.763435,Berlin-8bcd,37,53,Normal
2026-02-13 21:14:26.763435,Berlin-8bcd,-6,87,Normal
2026-02-13 21:14:27.763435,Berlin-8bcd,-22,87,Normal
2026-02-13 21:14:28.763435,Berlin-8bcd,4,13,Normal
2026-02-13 21:14:29.763435,Berlin-8bcd,-28,84,Normal
2026-02-13 21:14:30.763435,Berlin-8bcd,0,39,Normal
2026-02-13 21:14:31.763435,Berlin-8bcd,29,73,Normal
2026-02-13 21:14:32.763435,Berlin-8bcd,48,16,Normal
2026-02-13 21:14:33.763435,Berlin-8bcd,27,57,Normal
2026-02-13 21:14:34.763435,Berlin-8bcd,-8,79,Normal
2026-02-13 21:14:35.763435,Berlin-8bcd,4,30,Normal
2026-02-13 21:14:36.763435,Berlin-8bcd,47,53,Normal
2026-02-13 21:14:37.763435,Berlin-8bcd,-2,45,Normal
2026-02-13 21:14:38.763435,Berlin-8bcd,35,80,Normal
2026-02-13 21:14:39.763435,Berlin-8bcd,6,62,Normal
2026-02-13 21:14:40.763435,Berlin-8bcd,11,43,Normal
2026-02-13 21:14:41.763435,Berlin-8bcd,-2,64,Normal
2026-02-13 21:14:42.763435,Berlin-8bcd,20,36,Normal
2026-02-13 21:14:43.763435,Berlin-8bcd,5,45,Normal
2026-02-13 21:14:44.763435,Berlin-8bcd,29,30,Normal
2026-02-13 21:14:45.763435,Berlin-8bcd,42,13,Normal
2026-02-13 21:14:46.763435,Berlin-8bcd,29,87,Normal
2026-02-13 21:14:47.763435,Berlin-8bcd,16,93,Normal
2026-02-13 21:14:48.763435,Berlin-8bcd,9,21,Normal
2026-02-13 21:14:49.763435,Berlin-8bcd,13,46,Normal
2026-02-13 21:14:50.763435,Berlin-8bcd,31,5,Normal
2026-02-13 21:14:51.763435,Berlin-8bcd,-28,83,Normal
2026-02-13 21:14:52.763435,Berlin-8bcd,-7,39,Normal
2026-02-13 21:14:53.763435,Berlin-8bcd,21,21,Normal
2026-02-13 21:14:54.763435,Berlin-8bcd,37,50,Normal
2026-02-13 21:14:55.763435,Berlin-8bcd,-8,45,Normal
2026-02-13 21:14:56.763435,Berlin-8bcd,50,68,Normal
2026-02-13 21:14:57.763435,Berlin-8bcd,48,24,Normal
2026-02-13 21:14:58.763435,Berlin-8bcd,26,39,Normal
2026-02-13 21:14:59.763435,Berlin-8bcd,1,45,Normal
2026-02-13 21:15:00.763435,Berlin-8bcd,1,7,Normal
2026-02-13 21:15:01.763435,Berlin-8bcd,26,82,Normal
2026-02-13 21:15:02.763435,Berlin-8bcd,44,1,Normal
2026-02-13 21:15:03.763435,Berlin-8bcd,-9,66,Normal
2026-02-13 21:15:04.763435,Berlin-8bcd,40,72,Normal
2026-02-13 21:15:05.763435,Berlin-8bcd,-28,1,Normal
2026-02-13 21:15:06.763435,Berlin-8bcd,-18,26,Normal
2026-02-13 21:15:07.763435,Berlin-8bcd,-17,86,Normal
2026-02-13 21:15:08.763435,Berlin-8bcd,-19,98,Normal
2026-02-13 21:15:09.763435,Berlin-8bcd,-21,77,Normal
2026-02-13 21:15:10.763435,Berlin-8bcd,38,2,Normal
2026-02-13 21:15:11.763435,Berlin-8bcd,-3,68,Normal
2026-02-13 21:15:12.763435,Berlin-8bcd,18,62,Normal
2026-02-13 21:15:13.763435,Berlin-8bcd,-6,20,Normal
2026-02-13 21:15:14.763435,Berlin-8bcd,36,63,Normal
2026-02-13 21:15:15.763435,Berlin-8bcd,17,6,Normal
2026-02-13 21:15:16.763435,Berlin-8bcd,46,69,Normal
2026-02-13 21:15:17.763435,Berlin-8bcd,-8,44,Normal
2026-02-13 21:15:18.763435,Berlin-8bcd,-7,6,Normal
2026-02-13 21:15:19.763435,Berlin-8bcd,-24,53,Normal
2026-02-13 21:15:20.763435,Berlin-8bcd,30,74,Normal
2026-02-13 21:15:21.763435,Berlin-8bcd,6,41,Normal
2026-02-13 21:15:22.763435,Berlin-8bcd,42,13,Normal
2026-02-13 21:15:23.763435,Berlin-8bcd,5,92,Normal
2026-02-13 21:15:24.763435,Berlin-8bcd,35,44,Normal
2026-02-13 21:15:25.763435,Berlin-8bcd,-9,63,Normal
2026-02-13 21:15:26.763435,Berlin-8bcd,47,100,Normal
2026-02-13 21:15:27.763435,Berlin-8bcd,10,16,Normal
2026-02-13 21:15:28.763435,Berlin-8bcd,-9,66,Normal
2026-02-13 21:15:29.763435,Berlin-8bcd,-28,9,Normal
2026-02-13 21:15:30.763435,Berlin-8bcd,-29,15,Normal
2026-02-13 21:15:31.763435,Berlin-8bcd,-12,86,Normal
2026-02-13 21:15:32.763435,Berlin-8bcd,-17,14,Normal
2026-02-13 21:15:33.763435,Berlin-8bcd,21,33,Normal
2026-02-13 21:15:34.763435,Berlin-8bcd,-29,70,Normal
2026-02-13 21:15:35.763435,Berlin-8bcd,1,44,Normal
2026-02-13 21:15:36.763435,Berlin-8bcd,-22,5,Normal
2026-02-13 21:15:37.763435,Berlin-8bcd,-21,74,Normal
2026-02-13 21:15:38.763435,Berlin-8bcd,13,80,Normal
2026-02-13 21:15:39.763435,Berlin-8bcd,15,61,Normal
2026-02-13 21:15:40.763435,Berlin-8bcd,4,58,Normal
2026-02-13 21:15:41.763435,Berlin-8bcd,2,8,Normal
2026-02-13 21:15:42.763435,Berlin-8bcd,30,8,Normal
2026-02-13 21:15:43.763435,Berlin-8bcd,33,46,Normal
2026-02-13 21:15:44.763435,Berlin-8bcd,-5,34,Normal
2026-02-13 21:15:45.763435,Berlin-8bcd,29,66,Normal
2026-02-13 21:15:46.763435,Berlin-8bcd,33,42,Normal
2026-02-13 21:15:47.763435,Berlin-8bcd,43,79,Normal
2026-02-13 21:15:48.763435,Berlin-8bcd,33,24,Normal
2026-02-13 21:15:49.763435,Berlin-8bcd,39,28,Normal
2026-02-13 21:15:50.763435,Berlin-8bcd,-16,94,Normal
2026-02-13 21:15:51.763435,Berlin-8bcd,-19,21,Normal
2026-02-13 21:15:52.763435,Berlin-8bcd,1,96,Normal
2026-02-13 21:15:53.763435,Berlin-8bcd,-14,51,Normal
2026-02-13 21:15:54.763435,Berlin-8bcd,48,85,Normal
2026-02-13 21:15:55.763435,Berlin-8bcd,18,100,Normal
2026-02-13 21:15:56.763435,Berlin-8bcd,-11,75,Normal
2026-02-13 21:15:57.763435,Berlin-8bcd,-10,7,Normal
2026-02-13 21:15:58.763435,Berlin-8bcd,0,47,Normal
2026-02-13 21:15:59.763435,Berlin-8bcd,49,18,Normal
2026-02-13 21:16:00.763435,Berlin-8bcd,-15,32,Normal
2026-02-13 21:16:01.763435,Berlin-8bcd,-19,61,Normal
2026-02-13 21:16:02.763435,Berlin-8bcd,41,43,Normal
2026-02-13 21:16:03.763435,Berlin-8bcd,-23,37,Normal
2026-02-13 21:16:04.763435,Berlin-8bcd,-18,68,Normal
2026-02-13 21:16:05.763435,Berlin-8bcd,-6,36,Normal
2026-02-13 21:16:06.763435,Berlin-8bcd,-1,28,Normal
2026-02-13 21:16:07.763435,Berlin-8bcd,1,48,Normal
2026-02-13 21:16:08.763435,Berlin-8bcd,50,57,Normal
2026-02-13 21:16:09.763435,Berlin-8bcd,-20,63,Normal
2026-02-13 21:16:10.763435,Berlin-8bcd,-12,3,Normal
2026-02-13 21:16:11.763435,Berlin-8bcd,-16,32,Normal
2026-02-13 21:16:12.763435,Berlin-8bcd,-20,31,Normal
2026-02-13 21:16:13.763435,Berlin-8bcd,19,56,Normal
2026-02-13 21:16:14.763435,Berlin-8bcd,38,39,Normal
2026-02-13 21:16:15.763435,Berlin-8bcd,-13,32,Normal
2026-02-13 21:16:16.763435,Berlin-8bcd,17,48,Normal
2026-02-13 21:16:17.763435,Berlin-8bcd,-27,29,Normal
2026-02-13 21:16:18.763435,Berlin-8bcd,9,4,Normal
2026-02-13 21:16:19.763435,Berlin-8bcd,16,2,Normal
2026-02-13 21:16:20.763435,Berlin-8bcd,47,23,Normal
2026-02-13 21:16:21.763435,Berlin-8bcd,27,62,Normal
2026-02-13 21:16:22.763435,Berlin-8bcd,35,92,Normal
2026-02-13 21:16:23.763435,Berlin-8bcd,45,33,Normal
2026-02-13 21:16:24.763435,Berlin-8bcd,38,82,Normal
2026-02-13 21:16:25.763435,Berlin-8bcd,-24,13,Normal
2026-02-13 21:16:26.763435,Berlin-8bcd,48,70,Normal
2026-02-13 21:16:27.763435,Berlin-8bcd,33,92,Normal
2026-02-13 21:16:28.763435,Berlin-8bcd,36,59,Normal
2026-02-13 21:16:29.763435,Berlin-8bcd,-27,86,Normal
2026-02-13 21:16:30.763435,Berlin-8bcd,23,38,Normal
2026-02-13 21:16:31.763435,Berlin-8bcd,36,74,Normal
2026-02-13 21:16:32.763435,Berlin-8bcd,-15,77,Normal
2026-02-13 21:16:33.763435,Berlin-8bcd,17,21,Normal
2026-02-13 21:16:34.763435,Berlin-8bcd,-28,12,Normal
2026-02-13 21:16:35.763435,Berlin-8bcd,38,74,Normal
2026-02-13 21:16:36.763435,Berlin-8bcd,39,12,Normal
2026-02-13 21:16:37.763435,Berlin-8bcd,-9,30,Normal
2026-02-13 21:16:38.763435,Berlin-8bcd,11,97,Normal
2026-02-13 21:16:39.763435,Berlin-8bcd,38,33,Normal
2026-02-13 21:16:40.763435,Berlin-8bcd,50,66,Normal
2026-02-13 21:16:41.763435,Berlin-8bcd,42,76,Normal
2026-02-13 21:16:42.763435,Berlin-8bcd,11,49,Normal
2026-02-13 21:16:43.763435,Berlin-8bcd,19,72,Normal
2026-02-13 21:16:44.763435,Berlin-8bcd,14,65,Normal
2026-02-13 21:16:45.763435,Berlin-8bcd,44,38,Normal
2026-02-13 21:16:46.763435,Berlin-8bcd,-24,37,Normal
2026-02-13 21:16:47.763435,Berlin-8bcd,0,65,Normal
2026-02-13 21:16:48.763435,Berlin-8bcd,34,45,Normal
2026-02-13 21:16:49.763435,Berlin-8bcd,-22,40,Normal
2026-02-13 21:16:50.763435,Berlin-8bcd,49,30,Normal
2026-02-13 21:16:51.763435,Berlin-8bcd,-23,100,Normal
2026-02-13 21:16:52.763435,Berlin-8bcd,12,6,Normal
2026-02-13 21:16:53.763435,Berlin-8bcd,10,81,Normal
2026-02-13 21:16:54.763435,Berlin-8bcd,-1,94,Normal
2026-02-13 21:16:55.763435,Berlin-8bcd,-20,32,Normal
2026-02-13 21:16:56.763435,Berlin-8bcd,-16,47,Normal
2026-02-13 21:16:57.763435,Berlin-8bcd,5,36,Normal
2026-02-13 21:16:58.763435,Berlin-8bcd,-8,90,Normal
2026-02-13 21:16:59.763435,Berlin-8bcd,29,60,Normal
2026-02-13 21:17:00.763435,Berlin-8bcd,-8,19,Normal
2026-02-13 21:17:01.763435,Berlin-8bcd,11,82,Normal
2026-02-13 21:17:02.763435,Berlin-8bcd,44,37,Normal
2026-02-13 21:17:03.763435,Berlin-8bcd,-29,36,Normal
2026-02-13 21:17:04.763435,Berlin-8bcd,26,29,Normal
2026-02-13 21:17:05.763435,Berlin-8bcd,17,34,Normal
2026-02-13 21:17:06.763435,Berlin-8bcd,15,64,Normal
2026-02-13 21:17:07.763435,Berlin-8bcd,22,28,Normal
2026-02-13 21:17:08.763435,Berlin-8bcd,-14,46,Normal
2026-02-13 21:17:09.763435,Berlin-8bcd,25,88,Normal
2026-02-13 21:17:10.763435,Berlin-8bcd,25,92,Normal
2026-02-13 21:17:11.763435,Berlin-8bcd,-21,57,Normal
2026-02-13 21:17:12.763435,Berlin-8bcd,-5,0,Normal
2026-02-13 21:17:13.763435,Berlin-8bcd,-21,69,Normal
2026-02-13 21:17:14.763435,Berlin-8bcd,27,9,Normal
2026-02-13 21:17:15.763435,Berlin-8bcd,48,22,Normal
2026-02-13 21:17:16.763435,Berlin-8bcd,-25,98,Normal
2026-02-13 21:17:17.763435,Berlin-8bcd,25,64,Normal
2026-02-13 21:17:18.763435,Berlin-8bcd,11,89,Normal
2026-02-13 21:17:19.763435,Berlin-8bcd,7,60,Normal
2026-02-13 21:17:20.763435,Berlin-8bcd,25,38,Normal
2026-02-13 21:17:21.763435,Berlin-8bcd,21,48,Normal
2026-02-13 21:17:22.763435,Berlin-8bcd,-9,67,Normal
2026-02-13 21:17:23.763435,Berlin-8bcd,16,71,Normal
2026-02-13 21:17:24.763435,Berlin-8bcd,31,20,Normal
2026-02-13 21:17:25.763435,Berlin-8bcd,38,2,Normal
2026-02-13 21:17:26.763435,Berlin-8bcd,-23,32,Normal
2026-02-13 21:17:27.763435,Berlin-8bcd,40,97,Normal
2026-02-13 21:17:28.763435,Berlin-8bcd,17,74,Normal
2026-02-13 21:17:29.763435,Berlin-8bcd,11,99,Normal
2026-02-13 21:17:30.763435,Berlin-8bcd,36,9,Normal
2026-02-13 21:17:31.763435,Berlin-8bcd,-2,77,Normal
2026-02-13 21:17:32.763435,Berlin-8bcd,42,84,Normal
2026-02-13 21:17:33.763435,Berlin-8bcd,-28,22,Normal
2026-02-13 21:17:34.763435,Berlin-8bcd,-28,57,Normal
2026-02-13 21:17:35.763435,Berlin-8bcd,-7,29,Normal
2026-02-13 21:17:36.763435,Berlin-8bcd,12,10,Normal
2026-02-13 21:17:37.763435,Berlin-8bcd,2,6,Normal
2026-02-13 21:17:38.763435,Berlin-8bcd,-28,55,Normal
2026-02-13 21:17:39.763435,Berlin-8bcd,14,67,Normal
2026-02-13 21:17:40.763435,Berlin-8bcd,3,98,Normal
2026-02-13 21:17:41.763435,Berlin-8bcd,45,27,Normal
2026-02-13 21:17:42.763435,Berlin-8bcd,-29,3,Normal
2026-02-13 21:17:43.763435,Berlin-8bcd,44,86,Normal
2026-02-13 21:17:44.763435,Berlin-8bcd,6,28,Normal
2026-02-13 21:17:45.763435,Berlin-8bcd,43,53,Normal
2026-02-13 21:17:46.763435,Berlin-8bcd,15,41,Normal
2026-02-13 21:17:47.763435,Berlin-8bcd,-20,20,Normal
2026-02-13 21:17:48.763435,Berlin-8bcd,-3,84,Normal
2026-02-13 21:17:49.763435,Berlin-8bcd,8,77,Normal
2026-02-13 21:17:50.763435,Berlin-8bcd,33,49,Normal
2026-02-13 21:17:51.763435,Berlin-8bcd,7,46,Normal
2026-02-13 21:17:52.763435,Berlin-8bcd,-28,57,Normal
2026-02-13 21:17:53.763435,Berlin-8bcd,-26,90,Normal
2026-02-13 21:17:54.763435,Berlin-8bcd,-13,49,Normal
2026-02-13 21:17:55.763435,Berlin-8bcd,-22,5,Normal
2026-02-13 21:17:56.763435,Berlin-8bcd,-12,56,Normal
2026-02-13 21:17:57.763435,Berlin-8bcd,27,48,Normal
2026-02-13 21:17:58.763435,Berlin-8bcd,-6,1,Normal
2026-02-13 21:17:59.763435,Berlin-8bcd,-9,25,Normal
2026-02-13 21:18:00.763435,Berlin-8bcd,-24,92,Normal
2026-02-13 21:18:01.763435,Berlin-8bcd,38,98,Normal
2026-02-13 21:18:02.763435,Berlin-8bcd,-12,89,Normal
2026-02-13 21:18:03.763435,Berlin-8bcd,19,51,Normal
2026-02-13 21:18:04.763435,Berlin-8bcd,33,74,Normal
2026-02-13 21:18:05.763435,Berlin-8bcd,0,74,Normal
2026-02-13 21:18:06.763435,Berlin-8bcd,31,28,Normal
2026-02-13 21:18:07.763435,Berlin-8bcd,-21,35,Normal
2026-02-13 21:18:08.763435,Berlin-8bcd,-7,13,Normal
2026-02-13 21:18:09.763435,Berlin-8bcd,-29,84,Normal
2026-02-13 21:18:10.763435,Berlin-8bcd,-10,9,Normal
2026-02-13 21:18:11.763435,Berlin-8bcd,-6,15,Normal
2026-02-13 21:18:12.763435,Berlin-8bcd,38,31,Normal
2026-02-13 21:18:13.763435,Berlin-8bcd,-6,3,Normal
2026-02-13 21:18:14.763435,Berlin-8bcd,28,41,Normal
2026-02-13 21:18:15.763435,Berlin-8bcd,-30,14,Normal
2026-02-13 21:18:16.763435,Berlin-8bcd,45,26,Normal
2026-02-13 21:18:17.763435,Berlin-8bcd,-6,87,Normal
2026-02-13 21:18:18.763435,Berlin-8bcd,10,27,Normal
2026-02-13 21:18:19.763435,Berlin-8bcd,3,63,Normal
2026-02-13 21:18:20.763435,Berlin-8bcd,33,71,Normal
2026-02-13 21:18:21.763435,Berlin-8bcd,30,29,Normal
2026-02-13 21:18:22.763435,Berlin-8bcd,28,72,Normal
2026-02-13 21:18:23.763435,Berlin-8bcd,-7,13,Normal
2026-02-13 21:18:24.763435,Berlin-8bcd,36,37,Normal
2026-02-13 21:18:25.763435,Berlin-8bcd,3,66,Normal
2026-02-13 21:18:26.763435,Berlin-8bcd,25,21,Normal
2026-02-13 21:18:27.763435,Berlin-8bcd,10,13,Normal
2026-02-13 21:18:28.763435,Berlin-8bcd,9,71,Normal
2026-02-13 21:18:29.763435,Berlin-8bcd,2,75,Normal
2026-02-13 21:18:30.763435,Berlin-8bcd,-6,17,Normal
2026-02-13 21:18:31.763435,Berlin-8bcd,-10,15,Normal
2026-02-13 21:18:32.763435,Berlin-8bcd,36,68,Normal
2026-02-13 21:18:33.763435,Berlin-8bcd,38,92,Normal
2026-02-13 21:18:34.763435,Berlin-8bcd,29,25,Normal
2026-02-13 21:18:35.763435,Berlin-8bcd,23,41,Normal
2026-02-13 21:18:36.763435,Berlin-8bcd,5,20,Normal
2026-02-13 21:18:37.763435,Berlin-8bcd,8,55,Normal
2026-02-13 21:18:38.763435,Berlin-8bcd,-3,77,Normal
2026-02-13 21:18:39.763435,Berlin-8bcd,-1,85,Normal
2026-02-13 21:18:40.763435,Berlin-8bcd,7,76,Normal
2026-02-13 21:18:41.763435,Berlin-8bcd,35,88,Normal
2026-02-13 21:18:42.763435,Berlin-8bcd,-20,83,Normal
2026-02-13 21:18:43.763435,Berlin-8bcd,22,56,Normal
2026-02-13 21:18:44.763435,Berlin-8bcd,-29,92,Normal
2026-02-13 21:18:45.763435,Berlin-8bcd,38,21,Normal
2026-02-13 21:18:46.763435,Berlin-8bcd,34,20,Normal
2026-02-13 21:18:47.763435,Berlin-8bcd,-15,58,Normal
2026-02-13 21:18:48.763435,Berlin-8bcd,-29,46,Normal
2026-02-13 21:18:49.763435,Berlin-8bcd,29,85,Normal
2026-02-13 21:18:50.763435,Berlin-8bcd,37,5,Normal
2026-02-13 21:18:51.763435,Berlin-8bcd,-19,16,Normal
2026-02-13 21:18:52.763435,Berlin-8bcd,43,34,Normal
2026-02-13 21:18:53.763435,Berlin-8bcd,-4,14,Normal
2026-02-13 21:18:54.763435,Berlin-8bcd,25,24,Normal
2026-02-13 21:18:55.763435,Berlin-8bcd,-7,88,Normal
2026-02-13 21:18:56.763435,Berlin-8bcd,-25,71,Normal
2026-02-13 21:18:57.763435,Berlin-8bcd,-6,72,Normal
2026-02-13 21:18:58.763435,Berlin-8bcd,-5,55,Normal
2026-02-13 21:18:59.763435,Berlin-8bcd,37,25,Normal
2026-02-13 21:19:00.763435,Berlin-8bcd,36,49,Normal
2026-02-13 21:19:01.763435,Berlin-8bcd,50,67,Normal
2026-02-13 21:19:02.763435,Berlin-8bcd,17,84,Normal
2026-02-13 21:19:03.763435,Berlin-8bcd,-6,20,Normal
2026-02-13 21:19:04.763435,Berlin-8bcd,32,83,Normal
2026-02-13 21:19:05.763435,Berlin-8bcd,-21,69,Normal
2026-02-13 21:19:06.763435,Berlin-8bcd,-16,90,Normal
2026-02-13 21:19:07.763435,Berlin-8bcd,-8,26,Normal
2026-02-13 21:19:08.763435,Berlin-8bcd,13,39,Normal
2026-02-13 21:19:09.763435,Berlin-8bcd,11,53,Normal
2026-02-13 21:19:10.763435,Berlin-8bcd,42,70,Normal
2026-02-13 21:19:11.763435,Berlin-8bcd,-2,56,Normal
2026-02-13 21:19:12.763435,Berlin-8bcd,4,22,Normal
2026-02-13 21:19:13.763435,Berlin-8bcd,11,97,Normal
2026-02-13 21:19:14.763435,Berlin-8bcd,-4,39,Normal
2026-02-13 21:19:15.763435,Berlin-8bcd,39,49,Normal
2026-02-13 21:19:16.763435,Berlin-8bcd,31,68,Normal
2026-02-13 21:19:17.763435,Berlin-8bcd,24,52,Normal
2026-02-13 21:19:18.763435,Berlin-8bcd,35,81,Normal
2026-02-13 21:19:19.763435,Berlin-8bcd,-23,2,Normal
2026-02-13 21:19:20.763435,Berlin-8bcd,-11,29,Normal
2026-02-13 21:19:21.763435,Berlin-8bcd,-9,54,Normal
2026-02-13 21:19:22.763435,Berlin-8bcd,-24,52,Normal
2026-02-13 21:19:23.763435,Berlin-8bcd,-2,44,Normal
2026-02-13 21:19:24.763435,Berlin-8bcd,20,75,Normal
2026-02-13 21:19:25.763435,Berlin-8bcd,-2,82,Normal
2026-02-13 21:19:26.763435,Berlin-8bcd,-24,44,Normal
2026-02-13 21:19:27.763435,Berlin-8bcd,8,18,Normal
2026-02-13 21:19:28.763435,Berlin-8bcd,-2,72,Normal
2026-02-13 21:19:29.763435,Berlin-8bcd,-11,17,Normal
2026-02-13 21:19:30.763435,Berlin-8bcd,17,6,Normal
2026-02-13 21:19:31.763435,Berlin-8bcd,16,94,Normal
2026-02-13 21:19:32.763435,Berlin-8bcd,-11,67,Normal
2026-02-13 21:19:33.763435,Berlin-8bcd,41,24,Normal
2026-02-13 21:19:34.763435,Berlin-8bcd,-28,78,Normal
2026-02-13 21:19:35.763435,Berlin-8bcd,-28,81,Normal
2026-02-13 21:19:36.763435,Berlin-8bcd,49,57,Normal
2026-02-13 21:19:37.763435,Berlin-8bcd,18,67,Normal
2026-02-13 21:19:38.763435,Berlin-8bcd,-12,47,Normal
2026-02-13 21:19:39.763435,Berlin-8bcd,-6,97,Normal
2026-02-13 21:19:40.763435,Berlin-8bcd,39,15,Normal
2026-02-13 21:19:41.763435,Berlin-8bcd,12,13,Normal
2026-02-13 21:19:42.763435,Berlin-8bcd,27,19,Normal
2026-02-13 21:19:43.763435,Berlin-8bcd,21,22,Normal
2026-02-13 21:19:44.763435,Berlin-8bcd,12,88,Normal
2026-02-13 21:19:45.763435,Berlin-8bcd,25,19,Normal
2026-02-13 21:19:46.763435,Berlin-8bcd,42,25,Normal
2026-02-13 21:19:47.763435,Berlin-8bcd,36,78,Normal
2026-02-13 21:19:48.763435,Berlin-8bcd,-11,43,Normal
2026-02-13 21:19:49.763435,Berlin-8bcd,32,10,Normal
2026-02-13 21:19:50.763435,Berlin-8bcd,37,95,Normal
2026-02-13 21:19:51.763435,Berlin-8bcd,-6,34,Normal
2026-02-13 21:19:52.763435,Berlin-8bcd,21,70,Normal
2026-02-13 21:19:53.763435,Berlin-8bcd,41,99,Normal
2026-02-13 21:19:54.763435,Berlin-8bcd,-24,73,Normal
2026-02-13 21:19:55.763435,Berlin-8bcd,12,19,Normal
2026-02-13 21:19:56.763435,Berlin-8bcd,-16,53,Normal
2026-02-13 21:19:57.763435,Berlin-8bcd,-12,78,Normal
2026-02-13 21:19:58.763435,Berlin-8bcd,50,33,Normal
2026-02-13 21:19:59.763435,Berlin-8bcd,36,24,Normal
2026-02-13 21:20:00.763435,Berlin-8bcd,21,76,Normal
2026-02-13 21:20:01.763435,Berlin-8bcd,14,90,Normal
2026-02-13 21:20:02.763435,Berlin-8bcd,16,7,Normal
2026-02-13 21:20:03.763435,Berlin-8bcd,7,7,Normal
2026-02-13 21:20:04.763435,Berlin-8bcd,3,67,Normal
2026-02-13 21:20:05.763435,Berlin-8bcd,14,1,Normal
2026-02-13 21:20:06.763435,Berlin-8bcd,18,9,Normal
2026-02-13 21:20:07.763435,Berlin-8bcd,13,60,Normal
2026-02-13 21:20:08.763435,Berlin-8bcd,42,87,Normal
2026-02-13 21:20:09.763435,Berlin-8bcd,-22,83,Normal
2026-02-13 21:20:10.763435,Berlin-8bcd,27,18,Normal
2026-02-13 21:20:11.763435,Berlin-8bcd,3,33,Normal
2026-02-13 21:20:12.763435,Berlin-8bcd,36,79,Normal
2026-02-13 21:20:13.763435,Berlin-8bcd,31,53,Normal
2026-02-13 21:20:14.763435,Berlin-8bcd,-22,60,Normal
2026-02-13 21:20:15.763435,Berlin-8bcd,-3,94,Normal
2026-02-13 21:20:16.763435,Berlin-8bcd,-12,36,Normal
2026-02-13 21:20:17.763435,Berlin-8bcd,30,64,Normal
2026-02-13 21:20:18.763435,Berlin-8bcd,31,64,Normal
2026-02-13 21:20:19.763435,Berlin-8bcd,31,30,Normal
2026-02-13 21:20:20.763435,Berlin-8bcd,-2,28,Normal
2026-02-13 21:20:21.763435,Berlin-8bcd,-22,48,Normal
2026-02-13 21:20:22.763435,Berlin-8bcd,49,32,Normal
2026-02-13 21:20:23.763435,Berlin-8bcd,-28,22,Normal
2026-02-13 21:20:24.763435,Berlin-8bcd,13,89,Normal
2026-02-13 21:20:25.763435,Berlin-8bcd,-19,30,Normal
2026-02-13 21:20:26.763435,Berlin-8bcd,0,42,Normal
2026-02-13 21:20:27.763435,Berlin-8bcd,20,68,Normal
2026-02-13 21:20:28.763435,Berlin-8bcd,2,20,Normal
2026-02-13 21:20:29.763435,Berlin-8bcd,4,98,Normal
2026-02-13 21:20:30.763435,Berlin-8bcd,26,39,Normal
2026-02-13 21:20:31.763435,Berlin-8bcd,40,91,Normal
2026-02-13 21:20:32.763435,Berlin-8bcd,12,41,Normal
2026-02-13 21:20:33.763435,Berlin-8bcd,-1,4,Normal
2026-02-13 21:20:34.763435,Berlin-8bcd,43,28,Normal
2026-02-13 21:20:35.763435,Berlin-8bcd,20,20,Normal
2026-02-13 21:20:36.763435,Berlin-8bcd,39,19,Normal
2026-02-13 21:20:37.763435,Berlin-8bcd,-5,94,Normal
2026-02-13 21:20:38.763435,Berlin-8bcd,-11,18,Normal
2026-02-13 21:20:39.763435,Berlin-8bcd,41,20,Normal
2026-02-13 21:20:40.763435,Berlin-8bcd,11,12,Normal
2026-02-13 21:20:41.763435,Berlin-8bcd,38,35,Normal
2026-02-13 21:20:42.763435,Berlin-8bcd,-15,37,Normal
2026-02-13 21:20:43.763435,Berlin-8bcd,31,82,Normal
2026-02-13 21:20:44.763435,Berlin-8bcd,18,74,Normal
2026-02-13 21:20:45.763435,Berlin-8bcd,42,74,Normal
2026-02-13 21:20:46.763435,Berlin-8bcd,-18,94,Normal
2026-02-13 21:20:47.763435,Berlin-8bcd,-13,79,Normal
2026-02-13 21:20:48.763435,Berlin-8bcd,37,82,Normal
2026-02-13 21:20:49.763435,Berlin-8bcd,33,31,Normal
2026-02-13 21:20:50.763435,Berlin-8bcd,32,93,Normal
2026-02-13 21:20:51.763435,Berlin-8bcd,46,40,Normal
2026-02-13 21:20:52.763435,Berlin-8bcd,49,72,Normal
2026-02-13 21:20:53.763435,Berlin-8bcd,33,93,Normal
2026-02-13 21:20:54.763435,Berlin-8bcd,26,70,Normal
2026-02-13 21:20:55.763435,Berlin-8bcd,9,49,Normal
2026-02-13 21:20:56.763435,Berlin-8bcd,39,79,Normal
2026-02-13 21:20:57.763435,Berlin-8bcd,-28,95,Normal
2026-02-13 21:20:58.763435,Berlin-8bcd,24,99,Normal
2026-02-13 21:20:59.763435,Berlin-8bcd,21,38,Normal
2026-02-13 21:21:00.763435,Berlin-8bcd,14,22,Normal
2026-02-13 21:21:01.763435,Berlin-8bcd,-25,96,Normal
2026-02-13 21:21:02.763435,Berlin-8bcd,31,66,Normal
2026-02-13 21:21:03.763435,Berlin-8bcd,13,35,Normal
2026-02-13 21:21:04.763435,Berlin-8bcd,11,19,Normal
2026-02-13 21:21:05.763435,Berlin-8bcd,-28,6,Normal
2026-02-13 21:21:06.763435,Berlin-8bcd,9,35,Normal
2026-02-13 21:21:07.763435,Berlin-8bcd,1,95,Normal
2026-02-13 21:21:08.763435,Berlin-8bcd,-28,100,Normal
2026-02-13 21:21:09.763435,Berlin-8bcd,2,21,Normal
2026-02-13 21:21:10.763435,Berlin-8bcd,10,62,Normal
2026-02-13 21:21:11.763435,Berlin-8bcd,27,42,Normal
2026-02-13 21:21:12.763435,Berlin-8bcd,30,48,Normal
2026-02-13 21:21:13.763435,Berlin-8bcd,24,94,Normal
2026-02-13 21:21:14.763435,Berlin-8bcd,-1,69,Normal
2026-02-13 21:21:15.763435,Berlin-8bcd,0,20,Normal
2026-02-13 21:21:16.763435,Berlin-8bcd,-13,41,Normal
2026-02-13 21:21:17.763435,Berlin-8bcd,-3,17,Normal
2026-02-13 21:21:18.763435,Berlin-8bcd,40,85,Normal
2026-02-13 21:21:19.763435,Berlin-8bcd,32,97,Normal
2026-02-13 21:21:20.763435,Berlin-8bcd,13,31,Normal
2026-02-13 21:21:21.763435,Berlin-8bcd,14,56,Normal
2026-02-13 21:21:22.763435,Berlin-8bcd,47,100,Normal
2026-02-13 21:21:23.763435,Berlin-8bcd,13,4,Normal
2026-02-13 21:21:24.763435,Berlin-8bcd,45,14,Normal
2026-02-13 21:21:25.763435,Berlin-8bcd,37,77,Normal
2026-02-13 21:21:26.763435,Berlin-8bcd,0,72,Normal
2026-02-13 21:21:27.763435,Berlin-8bcd,33,75,Normal
2026-02-13 21:21:28.763435,Berlin-8bcd,29,68,Normal
2026-02-13 21:21:29.763435,Berlin-8bcd,-19,75,Normal
2026-02-13 21:21:30.763435,Berlin-8bcd,-16,19,Normal
2026-02-13 21:21:31.763435,Berlin-8bcd,31,94,Normal
2026-02-13 21:21:32.763435,Berlin-8bcd,31,45,Normal
2026-02-13 21:21:33.763435,Berlin-8bcd,-24,42,Normal
2026-02-13 21:21:34.763435,Berlin-8bcd,25,47,Normal
2026-02-13 21:21:35.763435,Berlin-8bcd,22,94,Normal
2026-02-13 21:21:36.763435,Berlin-8bcd,34,74,Normal
2026-02-13 21:21:37.763435,Berlin-8bcd,1,37,Normal
2026-02-13 21:21:38.763435,Berlin-8bcd,14,18,Normal
2026-02-13 21:21:39.763435,Berlin-8bcd,-14,66,Normal
2026-02-13 21:21:40.763435,Berlin-8bcd,-17,6,Normal
2026-02-13 21:21:41.763435,Berlin-8bcd,8,82,Normal
2026-02-13 21:21:42.763435,Berlin-8bcd,42,31,Normal
2026-02-13 21:21:43.763435,Berlin-8bcd,-9,55,Normal
2026-02-13 21:21:44.763435,Berlin-8bcd,-25,57,Normal
2026-02-13 21:21:45.763435,Berlin-8bcd,-27,68,Normal
2026-02-13 21:21:46.763435,Berlin-8bcd,37,32,Normal
2026-02-13 21:21:47.763435,Berlin-8bcd,6,35,Normal
2026-02-13 21:21:48.763435,Berlin-8bcd,42,27,Normal
2026-02-13 21:21:49.763435,Berlin-8bcd,31,7,Normal
2026-02-13 21:21:50.763435,Berlin-8bcd,-8,2,Normal
2026-02-13 21:21:51.763435,Berlin-8bcd,-3,76,Normal
2026-02-13 21:21:52.763435,Berlin-8bcd,-23,5,Normal
2026-02-13 21:21:53.763435,Berlin-8bcd,-11,31,Normal
2026-02-13 21:21:54.763435,Berlin-8bcd,-20,10,Normal
2026-02-13 21:21:55.763435,Berlin-8bcd,33,70,Normal
2026-02-13 21:21:56.763435,Berlin-8bcd,37,97,Normal
2026-02-13 21:21:57.763435,Berlin-8bcd,-24,67,Normal
2026-02-13 21:21:58.763435,Berlin-8bcd,-6,5,Normal
2026-02-13 21:21:59.763435,Berlin-8bcd,16,72,Normal
2026-02-13 21:22:00.763435,Berlin-8bcd,25,15,Normal
2026-02-13 21:22:01.763435,Berlin-8bcd,14,28,Normal
2026-02-13 21:22:02.763435,Berlin-8bcd,-17,55,Normal
2026-02-13 21:22:03.763435,Berlin-8bcd,3,86,Normal
2026-02-13 21:22:04.763435,Berlin-8bcd,-5,56,Normal
2026-02-13 21:22:05.763435,Berlin-8bcd,16,22,Normal
2026-02-13 21:22:06.763435,Berlin-8bcd,-18,27,Normal
2026-02-13 21:22:07.763435,Berlin-8bcd,-8,30,Normal
2026-02-13 21:22:08.763435,Berlin-8bcd,12,69,Normal
2026-02-13 21:22:09.763435,Berlin-8bcd,-22,54,Normal
2026-02-13 21:22:10.763435,Berlin-8bcd,36,20,Normal
2026-02-13 21:22:11.763435,Berlin-8bcd,36,6,Normal
2026-02-13 21:22:12.763435,Berlin-8bcd,35,50,Normal
2026-02-13 21:22:13.763435,Berlin-8bcd,29,68,Normal
2026-02-13 21:22:14.763435,Berlin-8bcd,34,99,Normal
2026-02-13 21:22:15.763435,Berlin-8bcd,49,36,Normal
2026-02-13 21:22:16.763435,Berlin-8bcd,-6,96,Normal
2026-02-13 21:22:17.763435,Berlin-8bcd,32,64,Normal
2026-02-13 21:22:18.763435,Berlin-8bcd,35,84,Normal
2026-02-13 21:22:19.763435,Berlin-8bcd,47,56,Normal
2026-02-13 21:22:20.763435,Berlin-8bcd,21,78,Normal
2026-02-13 21:22:21.763435,Berlin-8bcd,-5,48,Normal
2026-02-13 21:22:22.763435,Berlin-8bcd,28,73,Normal
2026-02-13 21:22:23.763435,Berlin-8bcd,-12,16,Normal
2026-02-13 21:22:24.763435,Berlin-8bcd,-13,12,Normal
2026-02-13 21:22:25.763435,Berlin-8bcd,9,4,Normal
2026-02-13 21:22:26.763435,Berlin-8bcd,-28,19,Normal
2026-02-13 21:22:27.763435,Berlin-8bcd,17,93,Normal
2026-02-13 21:22:28.763435,Berlin-8bcd,35,75,Normal
2026-02-13 21:22:29.763435,Berlin-8bcd,42,73,Normal
2026-02-13 21:22:30.763435,Berlin-8bcd,12,28,Normal
2026-02-13 21:22:31.763435,Berlin-8bcd,16,36,Normal
2026-02-13 21:22:32.763435,Berlin-8bcd,-2,92,Normal
2026-02-13 21:22:33.763435,Berlin-8bcd,8,20,Normal
2026-02-13 21:22:34.763435,Berlin-8bcd,14,72,Normal
2026-02-13 21:22:35.763435,Berlin-8bcd,43,79,Normal
2026-02-13 21:22:36.763435,Berlin-8bcd,14,92,Normal
2026-02-13 21:22:37.763435,Berlin-8bcd,-27,65,Normal
2026-02-13 21:22:38.763435,Berlin-8bcd,44,34,Normal
2026-02-13 21:22:39.763435,Berlin-8bcd,4,10,Normal
2026-02-13 21:22:40.763435,Berlin-8bcd,-15,9,Normal
2026-02-13 21:22:41.763435,Berlin-8bcd,34,3,Normal
2026-02-13 21:22:42.763435,Berlin-8bcd,-6,5,Normal
2026-02-13 21:22:43.763435,Berlin-8bcd,-25,17,Normal
2026-02-13 21:22:44.763435,Berlin-8bcd,-18,29,Normal
2026-02-13 21:22:45.763435,Berlin-8bcd,7,33,Normal
2026-02-13 21:22:46.763435,Berlin-8bcd,7,87,Normal
2026-02-13 21:22:47.763435,Berlin-8bcd,-20,80,Normal
2026-02-13 21:22:48.763435,Berlin-8bcd,-28,28,Normal
2026-02-13 21:22:49.763435,Berlin-8bcd,22,84,Normal
2026-02-13 21:22:50.763435,Berlin-8bcd,2,76,Normal
2026-02-13 21:22:51.763435,Berlin-8bcd,-21,91,Normal
2026-02-13 21:22:52.763435,Berlin-8bcd,14,2,Normal
2026-02-13 21:22:53.763435,Berlin-8bcd,-27,41,Normal
2026-02-13 21:22:54.763435,Berlin-8bcd,5,70,Normal
2026-02-13 21:22:55.763435,Berlin-8bcd,13,26,Normal
2026-02-13 21:22:56.763435,Berlin-8bcd,-20,31,Normal
2026-02-13 21:22:57.763435,Berlin-8bcd,29,65,Normal
2026-02-13 21:22:58.763435,Berlin-8bcd,-2,12,Normal
2026-02-13 21:22:59.763435,Berlin-8bcd,31,92,Normal
2026-02-13 21:23:00.763435,Berlin-8bcd,33,76,Normal
2026-02-13 21:23:01.763435,Berlin-8bcd,29,89,Normal
2026-02-13 21:23:02.763435,Berlin-8bcd,-20,10,Normal
2026-02-13 21:23:03.763435,Berlin-8bcd,-21,72,Normal
2026-02-13 21:23:04.763435,Berlin-8bcd,15,53,Normal
2026-02-13 21:23:05.763435,Berlin-8bcd,49,32,Normal
2026-02-13 21:23:06.763435,Berlin-8bcd,-15,25,Normal
2026-02-13 21:23:07.763435,Berlin-8bcd,-27,29,Normal
2026-02-13 21:23:08.763435,Berlin-8bcd,45,32,Normal
2026-02-13 21:23:09.763435,Berlin-8bcd,38,98,Normal
2026-02-13 21:23:10.763435,Berlin-8bcd,16,80,Normal
2026-02-13 21:23:11.763435,Berlin-8bcd,-30,4,Normal
2026-02-13 21:23:12.763435,Berlin-8bcd,-14,99,Normal
2026-02-13 21:23:13.763435,Berlin-8bcd,31,88,Normal
2026-02-13 21:23:14.763435,Berlin-8bcd,35,92,Normal
2026-02-13 21:23:15.763435,Berlin-8bcd,-20,10,Normal
2026-02-13 21:23:16.763435,Berlin-8bcd,-4,98,Normal
2026-02-13 21:23:17.763435,Berlin-8bcd,2,86,Normal
2026-02-13 21:23:18.763435,Berlin-8bcd,9,74,Normal
2026-02-13 21:23:19.763435,Berlin-8bcd,27,37,Normal
2026-02-13 21:23:20.763435,Berlin-8bcd,3,11,Normal
2026-02-13 21:23:21.763435,Berlin-8bcd,37,48,Normal
2026-02-13 21:23:22.763435,Berlin-8bcd,-5,48,Normal
2026-02-13 21:23:23.763435,Berlin-8bcd,22,5,Normal
2026-02-13 21:23:24.763435,Berlin-8bcd,33,86,Normal
2026-02-13 21:23:25.763435,Berlin-8bcd,10,11,Normal
2026-02-13 21:23:26.763435,Berlin-8bcd,-18,75,Normal
2026-02-13 21:23:27.763435,Berlin-8bcd,23,90,Normal
2026-02-13 21:23:28.763435,Berlin-8bcd,-5,5,Normal
2026-02-13 21:23:29.763435,Berlin-8bcd,16,77,Normal
2026-02-13 21:23:30.763435,Berlin-8bcd,38,40,Normal
2026-02-13 21:23:31.763435,Berlin-8bcd,-30,52,Normal
2026-02-13 21:23:32.763435,Berlin-8bcd,50,91,Normal
2026-02-13 21:23:33.763435,Berlin-8bcd,-14,44,Normal
2026-02-13 21:23:34.763435,Berlin-8bcd,2,76,Normal
2026-02-13 21:23:35.763435,Berlin-8bcd,-2,62,Normal
2026-02-13 21:23:36.763435,Berlin-8bcd,-15,94,Normal
2026-02-13 21:23:37.763435,Berlin-8bcd,24,80,Normal
2026-02-13 21:23:38.763435,Berlin-8bcd,-7,77,Normal
2026-02-13 21:23:39.763435,Berlin-8bcd,-22,10,Normal
2026-02-13 21:23:40.763435,Berlin-8bcd,-8,97,Normal
2026-02-13 21:23:41.763435,Berlin-8bcd,-23,100,Normal
2026-02-13 21:23:42.763435,Berlin-8bcd,36,8,Normal
2026-02-13 21:23:43.763435,Berlin-8bcd,48,44,Normal
2026-02-13 21:23:44.763435,Berlin-8bcd,22,49,Normal
2026-02-13 21:23:45.763435,Berlin-8bcd,-12,22,Normal
2026-02-13 21:23:46.763435,Berlin-8bcd,-17,7,Normal
2026-02-13 21:23:47.763435,Berlin-8bcd,-25,13,Normal
2026-02-13 21:23:48.763435,Berlin-8bcd,16,37,Normal
2026-02-13 21:23:49.763435,Berlin-8bcd,30,73,Normal
2026-02-13 21:23:50.763435,Berlin-8bcd,40,5,Normal
2026-02-13 21:23:51.763435,Berlin-8bcd,-1,54,Normal
2026-02-13 21:23:52.763435,Berlin-8bcd,40,82,Normal
2026-02-13 21:23:53.763435,Berlin-8bcd,-19,79,Normal
2026-02-13 21:23:54.763435,Berlin-8bcd,25,77,Normal
2026-02-13 21:23:55.763435,Berlin-8bcd,5,75,Normal
2026-02-13 21:23:56.763435,Berlin-8bcd,30,22,Normal
2026-02-13 21:23:57.763435,Berlin-8bcd,4,55,Normal
2026-02-13 21:23:58.763435,Berlin-8bcd,50,52,Normal
2026-02-13 21:23:59.763435,Berlin-8bcd,4,74,Normal
2026-02-13 21:24:00.763435,Berlin-8bcd,50,30,Normal
2026-02-13 21:24:01.763435,Berlin-8bcd,49,68,Normal
2026-02-13 21:24:02.763435,Berlin-8bcd,10,46,Normal
2026-02-13 21:24:03.763435,Berlin-8bcd,25,29,Normal
2026-02-13 21:24:04.763435,Berlin-8bcd,39,2,Normal
2026-02-13 21:24:05.763435,Berlin-8bcd,27,32,Normal
2026-02-13 21:24:06.763435,Berlin-8bcd,43,78,Normal
2026-02-13 21:24:07.763435,Berlin-8bcd,-8,72,Normal
2026-02-13 21:24:08.763435,Berlin-8bcd,27,71,Normal
2026-02-13 21:24:09.763435,Berlin-8bcd,-3,5,Normal
2026-02-13 21:24:10.763435,Berlin-8bcd,3,71,Normal
2026-02-13 21:24:11.763435,Berlin-8bcd,20,54,Normal
2026-02-13 21:24:12.763435,Berlin-8bcd,43,81,Normal
2026-02-13 21:24:13.763435,Berlin-8bcd,43,34,Normal
2026-02-13 21:24:14.763435,Berlin-8bcd,49,64,Normal
2026-02-13 21:24:15.763435,Berlin-8bcd,4,71,Normal
2026-02-13 21:24:16.763435,Berlin-8bcd,-15,92,Normal
2026-02-13 21:24:17.763435,Berlin-8bcd,3,40,Normal
2026-02-13 21:24:18.763435,Berlin-8bcd,20,20,Normal
2026-02-13 21:24:19.763435,Berlin-8bcd,-12,20,Normal
2026-02-13 21:24:20.763435,Berlin-8bcd,-16,84,Normal
2026-02-13 21:24:21.763435,Berlin-8bcd,-8,81,Normal
2026-02-13 21:24:22.763435,Berlin-8bcd,39,76,Normal
2026-02-13 21:24:23.763435,Berlin-8bcd,-2,84,Normal
2026-02-13 21:24:24.763435,Berlin-8bcd,28,23,Normal
2026-02-13 21:24:25.763435,Berlin-8bcd,11,3,Normal
2026-02-13 21:24:26.763435,Berlin-8bcd,-2,6,Normal
2026-02-13 21:24:27.763435,Berlin-8bcd,-20,19,Normal
2026-02-13 21:24:28.763435,Berlin-8bcd,36,91,Normal
2026-02-13 21:24:29.763435,Berlin-8bcd,30,66,Normal
2026-02-13 21:24:30.763435,Berlin-8bcd,23,57,Normal
2026-02-13 21:24:31.763435,Berlin-8bcd,-3,64,Normal
2026-02-13 21:24:32.763435,Berlin-8bcd,27,67,Normal
2026-02-13 21:24:33.763435,Berlin-8bcd,49,67,Normal
2026-02-13 21:24:34.763435,Berlin-8bcd,15,10,Normal
2026-02-13 21:24:35.763435,Berlin-8bcd,-18,25,Normal
2026-02-13 21:24:36.763435,Berlin-8bcd,-4,80,Normal
2026-02-13 21:24:37.763435,Berlin-8bcd,29,74,Normal
2026-02-13 21:24:38.763435,Berlin-8bcd,31,91,Normal
2026-02-13 21:24:39.763435,Berlin-8bcd,-20,59,Normal
2026-02-13 21:24:40.763435,Berlin-8bcd,-20,18,Normal
2026-02-13 21:24:41.763435,Berlin-8bcd,9,37,Normal
2026-02-13 21:24:42.763435,Berlin-8bcd,48,97,Normal
2026-02-13 21:24:43.763435,Berlin-8bcd,47,38,Normal
2026-02-13 21:24:44.763435,Berlin-8bcd,-7,82,Normal
2026-02-13 21:24:45.763435,Berlin-8bcd,-20,2,Normal
2026-02-13 21:24:46.763435,Berlin-8bcd,25,33,Normal
2026-02-13 21:24:47.763435,Berlin-8bcd,50,74,Normal
2026-02-13 21:24:48.763435,Berlin-8bcd,-28,26,Normal
2026-02-13 21:24:49.763435,Berlin-8bcd,0,8,Normal
2026-02-13 21:24:50.763435,Berlin-8bcd,-1,11,Normal
2026-02-13 21:24:51.763435,Berlin-8bcd,37,40,Normal
2026-02-13 21:24:52.763435,Berlin-8bcd,18,31,Normal
2026-02-13 21:24:53.763435,Berlin-8bcd,4,27,Normal
2026-02-13 21:24:54.763435,Berlin-8bcd,5,70,Normal
2026-02-13 21:24:55.763435,Berlin-8bcd,-23,32,Normal
2026-02-13 21:24:56.763435,Berlin-8bcd,-30,67,Normal
2026-02-13 21:24:57.763435,Berlin-8bcd,-11,25,Normal
2026-02-13 21:24:58.763435,Berlin-8bcd,45,44,Normal
2026-02-13 21:24:59.763435,Berlin-8bcd,-4,74,Normal
2026-02-13 21:25:00.763435,Berlin-8bcd,28,76,Normal
2026-02-13 21:25:01.763435,Berlin-8bcd,-21,35,Normal
2026-02-13 21:25:02.763435,Berlin-8bcd,22,84,Normal
2026-02-13 21:25:03.763435,Berlin-8bcd,0,23,Normal
2026-02-13 21:25:04.763435,Berlin-8bcd,38,12,Normal
2026-02-13 21:25:05.763435,Berlin-8bcd,-12,42,Normal
2026-02-13 21:25:06.763435,Berlin-8bcd,40,64,Normal
2026-02-13 21:25:07.763435,Berlin-8bcd,1,22,Normal
2026-02-13 21:25:08.763435,Berlin-8bcd,28,83,Normal
2026-02-13 21:25:09.763435,Berlin-8bcd,23,65,Normal
2026-02-13 21:25:10.763435,Berlin-8bcd,-5,84,Normal
2026-02-13 21:25:11.763435,Berlin-8bcd,-20,71,Normal
2026-02-13 21:25:12.763435,Berlin-8bcd,35,77,Normal
2026-02-13 21:25:13.763435,Berlin-8bcd,45,43,Normal
2026-02-13 21:25:14.763435,Berlin-8bcd,43,16,Normal
2026-02-13 21:25:15.763435,Berlin-8bcd,40,88,Normal
2026-02-13 21:25:16.763435,Berlin-8bcd,27,24,Normal
2026-02-13 21:25:17.763435,Berlin-8bcd,-18,33,Normal
2026-02-13 21:25:18.763435,Berlin-8bcd,2,16,Normal
2026-02-13 21:25:19.763435,Berlin-8bcd,-26,85,Normal
2026-02-13 21:25:20.763435,Berlin-8bcd,-18,33,Normal
2026-02-13 21:25:21.763435,Berlin-8bcd,44,75,Normal
2026-02-13 21:25:22.763435,Berlin-8bcd,18,30,Normal
2026-02-13 21:25:23.763435,Berlin-8bcd,33,65,Normal
2026-02-13 21:25:24.763435,Berlin-8bcd,-7,12,Normal
2026-02-13 21:25:25.763435,Berlin-8bcd,14,7,Normal
2026-02-13 21:25:26.763435,Berlin-8bcd,17,37,Normal
2026-02-13 21:25:27.763435,Berlin-8bcd,46,0,Normal
2026-02-13 21:25:28.763435,Berlin-8bcd,18,20,Normal
2026-02-13 21:25:29.763435,Berlin-8bcd,-21,51,Normal
2026-02-13 21:25:30.763435,Berlin-8bcd,35,70,Normal
2026-02-13 21:25:31.763435,Berlin-8bcd,49,74,Normal
2026-02-13 21:25:32.763435,Berlin-8bcd,1,41,Normal
2026-02-13 21:25:33.763435,Berlin-8bcd,-1,53,Normal
2026-02-13 21:25:34.763435,Berlin-8bcd,-19,63,Normal
2026-02-13 21:25:35.763435,Berlin-8bcd,45,2,Normal
2026-02-13 21:25:36.763435,Berlin-8bcd,35,81,Normal
2026-02-13 21:25:37.763435,Berlin-8bcd,-16,87,Normal
2026-02-13 21:25:38.763435,Berlin-8bcd,5,55,Normal
2026-02-13 21:25:39.763435,Berlin-8bcd,-23,7,Normal
2026-02-13 21:25:40.763435,Berlin-8bcd,11,1,Normal
2026-02-13 21:25:41.763435,Berlin-8bcd,-11,69,Normal
2026-02-13 21:25:42.763435,Berlin-8bcd,-7,36,Normal
2026-02-13 21:25:43.763435,Berlin-8bcd,9,33,Normal
2026-02-13 21:25:44.763435,Berlin-8bcd,24,85,Normal
2026-02-13 21:25:45.763435,Berlin-8bcd,-4,7,Normal
2026-02-13 21:25:46.763435,Berlin-8bcd,-29,73,Normal
2026-02-13 21:25:47.763435,Berlin-8bcd,44,97,Normal
2026-02-13 21:25:48.763435,Berlin-8bcd,-9,55,Normal
2026-02-13 21:25:49.763435,Berlin-8bcd,20,85,Normal
2026-02-13 21:25:50.763435,Berlin-8bcd,37,86,Normal
2026-02-13 21:25:51.763435,Berlin-8bcd,10,1,Normal
2026-02-13 21:25:52.763435,Berlin-8bcd,39,39,Normal
2026-02-13 21:25:53.763435,Berlin-8bcd,10,80,Normal
2026-02-13 21:25:54.763435,Berlin-8bcd,41,43,Normal
2026-02-13 21:25:55.763435,Berlin-8bcd,28,71,Normal
2026-02-13 21:25:56.763435,Berlin-8bcd,24,94,Normal
2026-02-13 21:25:57.763435,Berlin-8bcd,4,75,Normal
2026-02-13 21:25:58.763435,Berlin-8bcd,-3,48,Normal
2026-02-13 21:25:59.763435,Berlin-8bcd,4,46,Normal
2026-02-13 21:26:00.763435,Berlin-8bcd,22,10,Normal
2026-02-13 21:26:01.763435,Berlin-8bcd,-9,0,Normal
2026-02-13 21:26:02.763435,Berlin-8bcd,32,52,Normal
2026-02-13 21:26:03.763435,Berlin-8bcd,-4,71,Normal
2026-02-13 21:26:04.763435,Berlin-8bcd,21,60,Normal
2026-02-13 21:26:05.763435,Berlin-8bcd,28,25,Normal
2026-02-13 21:26:06.763435,Berlin-8bcd,5,56,Normal
2026-02-13 21:26:07.763435,Berlin-8bcd,7,8,Normal
2026-02-13 21:26:08.763435,Berlin-8bcd,11,39,Normal
2026-02-13 21:26:09.763435,Berlin-8bcd,39,28,Normal
2026-02-13 21:26:10.763435,Berlin-8bcd,41,84,Normal
2026-02-13 21:26:11.763435,Berlin-8bcd,-7,94,Normal
2026-02-13 21:26:12.763435,Berlin-8bcd,-6,96,Normal
2026-02-13 21:26:13.763435,Berlin-8bcd,28,65,Normal
2026-02-13 21:26:14.763435,Berlin-8bcd,31,20,Normal
2026-02-13 21:26:15.763435,Berlin-8bcd,45,64,Normal
2026-02-13 21:26:16.763435,Berlin-8bcd,37,24,Normal
2026-02-13 21:26:17.763435,Berlin-8bcd,34,42,Normal
2026-02-13 21:26:18.763435,Berlin-8bcd,5,3,Normal
2026-02-13 21:26:19.763435,Berlin-8bcd,16,45,Normal
2026-02-13 21:26:20.763435,Berlin-8bcd,-27,100,Normal
2026-02-13 21:26:21.763435,Berlin-8bcd,6,14,Normal
2026-02-13 21:26:22.763435,Berlin-8bcd,41,72,Normal
2026-02-13 21:26:23.763435,Berlin-8bcd,18,70,Normal
2026-02-13 21:26:24.763435,Berlin-8bcd,28,77,Normal
2026-02-13 21:26:25.763435,Berlin-8bcd,-27,46,Normal
2026-02-13 21:26:26.763435,Berlin-8bcd,-9,8,Normal
2026-02-13 21:26:27.763435,Berlin-8bcd,2,45,Normal
2026-02-13 21:26:28.763435,Berlin-8bcd,39,12,Normal
2026-02-13 21:26:29.763435,Berlin-8bcd,39,20,Normal
2026-02-13 21:26:30.763435,Berlin-8bcd,6,67,Normal
2026-02-13 21:26:31.763435,Berlin-8bcd,9,58,Normal
2026-02-13 21:26:32.763435,Berlin-8bcd,17,75,Normal
2026-02-13 21:26:33.763435,Berlin-8bcd,42,10,Normal
2026-02-13 21:26:34.763435,Berlin-8bcd,35,98,Normal
2026-02-13 21:26:35.763435,Berlin-8bcd,-5,77,Normal
2026-02-13 21:26:36.763435,Berlin-8bcd,-28,44,Normal
2026-02-13 21:26:37.763435,Berlin-8bcd,7,87,Normal
2026-02-13 21:26:38.763435,Berlin-8bcd,-3,58,Normal
2026-02-13 21:26:39.763435,Berlin-8bcd,-15,22,Normal
2026-02-13 21:26:40.763435,Berlin-8bcd,26,12,Normal
2026-02-13 21:26:41.763435,Berlin-8bcd,29,44,Normal
2026-02-13 21:26:42.763435,Berlin-8bcd,38,41,Normal
2026-02-13 21:26:43.763435,Berlin-8bcd,2,56,Normal
2026-02-13 21:26:44.763435,Berlin-8bcd,-20,16,Normal
2026-02-13 21:26:45.763435,Berlin-8bcd,-4,2,Normal
2026-02-13 21:26:46.763435,Berlin-8bcd,48,20,Normal
2026-02-13 21:26:47.763435,Berlin-8bcd,-3,42,Normal
2026-02-13 21:26:48.763435,Berlin-8bcd,16,49,Normal
2026-02-13 21:26:49.763435,Berlin-8bcd,49,55,Normal
2026-02-13 21:26:50.763435,Berlin-8bcd,18,60,Normal
2026-02-13 21:26:51.763435,Berlin-8bcd,-22,34,Normal
2026-02-13 21:26:52.763435,Berlin-8bcd,47,16,Normal
2026-02-13 21:26:53.763435,Berlin-8bcd,5,37,Normal
2026-02-13 21:26:54.763435,Berlin-8bcd,11,98,Normal
2026-02-13 21:26:55.763435,Berlin-8bcd,32,75,Normal
2026-02-13 21:26:56.763435,Berlin-8bcd,-21,17,Normal
2026-02-13 21:26:57.763435,Berlin-8bcd,-29,71,Normal
2026-02-13 21:26:58.763435,Berlin-8bcd,3,74,Normal
2026-02-13 21:26:59.763435,Berlin-8bcd,-3,74,Normal
2026-02-13 21:27:00.763435,Berlin-8bcd,-10,31,Normal
2026-02-13 21:27:01.763435,Berlin-8bcd,28,66,Normal
2026-02-13 21:27:02.763435,Berlin-8bcd,40,73,Normal
2026-02-13 21:27:03.763435,Berlin-8bcd,-4,73,Normal
2026-02-13 21:27:04.763435,Berlin-8bcd,41,4,Normal
2026-02-13 21:27:05.763435,Berlin-8bcd,19,8,Normal
2026-02-13 21:27:06.763435,Berlin-8bcd,-29,89,Normal
2026-02-13 21:27:07.763435,Berlin-8bcd,22,16,Normal
2026-02-13 21:27:08.763435,Berlin-8bcd,43,44,Normal
2026-02-13 21:27:09.763435,Berlin-8bcd,25,61,Normal
2026-02-13 21:27:10.763435,Berlin-8bcd,36,88,Normal
2026-02-13 21:27:11.763435,Berlin-8bcd,11,28,Normal
2026-02-13 21:27:12.763435,Berlin-8bcd,-28,74,Normal
2026-02-13 21:27:13.763435,Berlin-8bcd,-16,83,Normal
2026-02-13 21:27:14.763435,Berlin-8bcd,29,36,Normal
2026-02-13 21:27:15.763435,Berlin-8bcd,33,18,Normal
2026-02-13 21:27:16.763435,Berlin-8bcd,35,21,Normal
2026-02-13 21:27:17.763435,Berlin-8bcd,-3,11,Normal
2026-02-13 21:27:18.763435,Berlin-8bcd,-2,19,Normal
2026-02-13 21:27:19.763435,Berlin-8bcd,-17,75,Normal
2026-02-13 21:27:20.763435,Berlin-8bcd,12,90,Normal
2026-02-13 21:27:21.763435,Berlin-8bcd,-10,20,Normal
2026-02-13 21:27:22.763435,Berlin-8bcd,7,40,Normal
2026-02-13 21:27:23.763435,Berlin-8bcd,-28,87,Normal
2026-02-13 21:27:24.763435,Berlin-8bcd,49,95,Normal
2026-02-13 21:27:25.763435,Berlin-8bcd,28,14,Normal
2026-02-13 21:27:26.763435,Berlin-8bcd,17,96,Normal
2026-02-13 21:27:27.763435,Berlin-8bcd,11,28,Normal
2026-02-13 21:27:28.763435,Berlin-8bcd,-13,10,Normal
2026-02-13 21:27:29.763435,Berlin-8bcd,0,51,Normal
2026-02-13 21:27:30.763435,Berlin-8bcd,44,70,Normal
2026-02-13 21:27:31.763435,Berlin-8bcd,-30,8,Normal
2026-02-13 21:27:32.763435,Berlin-8bcd,20,62,Normal
2026-02-13 21:27:33.763435,Berlin-8bcd,-21,52,Normal
2026-02-13 21:27:34.763435,Berlin-8bcd,-23,46,Normal
2026-02-13 21:27:35.763435,Berlin-8bcd,-5,32,Normal
2026-02-13 21:27:36.763435,Berlin-8bcd,15,60,Normal
2026-02-13 21:27:37.763435,Berlin-8bcd,27,0,Normal
2026-02-13 21:27:38.763435,Berlin-8bcd,19,39,Normal
2026-02-13 21:27:39.763435,Berlin-8bcd,-26,37,Normal
2026-02-13 21:27:40.763435,Berlin-8bcd,-17,47,Normal
2026-02-13 21:27:41.763435,Berlin-8bcd,5,18,Normal
2026-02-13 21:27:42.763435,Berlin-8bcd,49,42,Normal
2026-02-13 21:27:43.763435,Berlin-8bcd,-17,50,Normal
2026-02-13 21:27:44.763435,Berlin-8bcd,9,12,Normal
2026-02-13 21:27:45.763435,Berlin-8bcd,-1,39,Normal
2026-02-13 21:27:46.763435,Berlin-8bcd,47,63,Normal
2026-02-13 21:27:47.763435,Berlin-8bcd,-27,77,Normal
2026-02-13 21:27:48.763435,Berlin-8bcd,-22,40,Normal
2026-02-13 21:27:49.763435,Berlin-8bcd,-13,7,Normal
2026-02-13 21:27:50.763435,Berlin-8bcd,49,91,Normal
2026-02-13 21:27:51.763435,Berlin-8bcd,-26,78,Normal
2026-02-13 21:27:52.763435,Berlin-8bcd,50,65,Normal
2026-02-13 21:27:53.763435,Berlin-8bcd,29,49,Normal
2026-02-13 21:27:54.763435,Berlin-8bcd,11,42,Normal
2026-02-13 21:27:55.763435,Berlin-8bcd,-13,20,Normal
2026-02-13 21:27:56.763435,Berlin-8bcd,-25,25,Normal
2026-02-13 21:27:57.763435,Berlin-8bcd,20,93,Normal
2026-02-13 21:27:58.763435,Berlin-8bcd,36,75,Normal
2026-02-13 21:27:59.763435,Berlin-8bcd,41,19,Normal
2026-02-13 21:28:00.763435,Berlin-8bcd,12,62,Normal
2026-02-13 21:28:01.763435,Berlin-8bcd,-7,31,Normal
2026-02-13 21:28:02.763435,Berlin-8bcd,12,39,Normal
2026-02-13 21:28:03.763435,Berlin-8bcd,-5,25,Normal
2026-02-13 21:28:04.763435,Berlin-8bcd,25,71,Normal
2026-02-13 21:28:05.763435,Berlin-8bcd,38,51,Normal
2026-02-13 21:28:06.763435,Berlin-8bcd,-5,56,Normal
2026-02-13 21:28:07.763435,Berlin-8bcd,44,78,Normal
2026-02-13 21:28:08.763435,Berlin-8bcd,-25,36,Normal
2026-02-13 21:28:09.763435,Berlin-8bcd,-25,40,Normal
2026-02-13 21:28:10.763435,Berlin-8bcd,48,36,Normal
2026-02-13 21:28:11.763435,Berlin-8bcd,44,77,Normal
2026-02-13 21:28:12.763435,Berlin-8bcd,7,86,Normal
2026-02-13 21:28:13.763435,Berlin-8bcd,4,38,Normal
2026-02-13 21:28:14.763435,Berlin-8bcd,5,46,Normal
2026-02-13 21:28:15.763435,Berlin-8bcd,-1,26,Normal
2026-02-13 21:28:16.763435,Berlin-8bcd,9,31,Normal
2026-02-13 21:28:17.763435,Berlin-8bcd,-1,13,Normal
2026-02-13 21:28:18.763435,Berlin-8bcd,-8,31,Normal
2026-02-13 21:28:19.763435,Berlin-8bcd,50,74,Normal
2026-02-13 21:28:20.763435,Berlin-8bcd,40,17,Normal
2026-02-13 21:28:21.763435,Berlin-8bcd,50,69,Normal
2026-02-13 21:28:22.763435,Berlin-8bcd,-29,7,Normal
2026-02-13 21:28:23.763435,Berlin-8bcd,42,6,Normal
2026-02-13 21:28:24.763435,Berlin-8bcd,39,14,Normal
2026-02-13 21:28:25.763435,Berlin-8bcd,-18,4,Normal
2026-02-13 21:28:26.763435,Berlin-8bcd,48,55,Normal
2026-02-13 21:28:27.763435,Berlin-8bcd,-15,14,Normal
2026-02-13 21:28:28.763435,Berlin-8bcd,-4,55,Normal
2026-02-13 21:28:29.763435,Berlin-8bcd,29,91,Normal
2026-02-13 21:28:30.763435,Berlin-8bcd,-20,1,Normal
2026-02-13 21:28:31.763435,Berlin-8bcd,-25,64,Normal
2026-02-13 21:28:32.763435,Berlin-8bcd,-18,0,Normal
2026-02-13 21:28:33.763435,Berlin-8bcd,-7,70,Normal
2026-02-13 21:28:34.763435,Berlin-8bcd,2,57,Normal
2026-02-13 21:28:35.763435,Berlin-8bcd,3,88,Normal
2026-02-13 21:28:36.763435,Berlin-8bcd,3,11,Normal
2026-02-13 21:28:37.763435,Berlin-8bcd,2,79,Normal
2026-02-13 21:28:38.763435,Berlin-8bcd,-5,34,Normal
2026-02-13 21:28:39.763435,Berlin-8bcd,-24,96,Normal
2026-02-13 21:28:40.763435,Berlin-8bcd,15,98,Normal
2026-02-13 21:28:41.763435,Berlin-8bcd,24,12,Normal
2026-02-13 21:28:42.763435,Berlin-8bcd,-1,75,Normal
2026-02-13 21:28:43.763435,Berlin-8bcd,-24,76,Normal
2026-02-13 21:28:44.763435,Berlin-8bcd,1,57,Normal
2026-02-13 21:28:45.763435,Berlin-8bcd,17,25,Normal
2026-02-13 21:28:46.763435,Berlin-8bcd,-13,20,Normal
2026-02-13 21:28:47.763435,Berlin-8bcd,-27,4,Normal
2026-02-13 21:28:48.763435,Berlin-8bcd,-1,76,Normal
2026-02-13 21:28:49.763435,Berlin-8bcd,-9,8,Normal
2026-02-13 21:28:50.763435,Berlin-8bcd,1,13,Normal
2026-02-13 21:28:51.763435,Berlin-8bcd,14,51,Normal
2026-02-13 21:28:52.763435,Berlin-8bcd,24,37,Normal
2026-02-13 21:28:53.763435,Berlin-8bcd,20,20,Normal
2026-02-13 21:28:54.763435,Berlin-8bcd,-22,80,Normal
2026-02-13 21:28:55.763435,Berlin-8bcd,0,19,Normal
2026-02-13 21:28:56.763435,Berlin-8bcd,-17,81,Normal
2026-02-13 21:28:57.763435,Berlin-8bcd,-27,75,Normal
2026-02-13 21:28:58.763435,Berlin-8bcd,46,80,Normal
2026-02-13 21:28:59.763435,Berlin-8bcd,-29,95,Normal
2026-02-13 21:29:00.763435,Berlin-8bcd,48,23,Normal
2026-02-13 21:29:01.763435,Berlin-8bcd,20,50,Normal
2026-02-13 21:29:02.763435,Berlin-8bcd,47,72,Normal
2026-02-13 21:29:03.763435,Berlin-8bcd,-10,85,Normal
2026-02-13 21:29:04.763435,Berlin-8bcd,-29,49,Normal
2026-02-13 21:29:05.763435,Berlin-8bcd,-15,52,Normal
2026-02-13 21:29:06.763435,Berlin-8bcd,-14,78,Normal
2026-02-13 21:29:07.763435,Berlin-8bcd,-9,48,Normal
2026-02-13 21:29:08.763435,Berlin-8bcd,-3,61,Normal
2026-02-13 21:29:09.763435,Berlin-8bcd,1,20,Normal
2026-02-13 21:29:10.763435,Berlin-8bcd,46,45,Normal
2026-02-13 21:29:11.763435,Berlin-8bcd,-15,70,Normal
2026-02-13 21:29:12.763435,Berlin-8bcd,32,40,Normal
2026-02-13 21:29:13.763435,Berlin-8bcd,16,79,Normal
2026-02-13 21:29:14.763435,Berlin-8bcd,43,78,Normal
2026-02-13 21:29:15.763435,Berlin-8bcd,-17,65,Normal
2026-02-13 21:29:16.763435,Berlin-8bcd,38,100,Normal
2026-02-13 21:29:17.763435,Berlin-8bcd,40,36,Normal
2026-02-13 21:29:18.763435,Berlin-8bcd,42,57,Normal
2026-02-13 21:29:19.763435,Berlin-8bcd,35,55,Normal
2026-02-13 21:29:20.763435,Berlin-8bcd,-24,66,Normal
2026-02-13 21:29:21.763435,Berlin-8bcd,-16,85,Normal
2026-02-13 21:29:22.763435,Berlin-8bcd,-21,63,Normal
2026-02-13 21:29:23.763435,Berlin-8bcd,-19,49,Normal
2026-02-13 21:29:24.763435,Berlin-8bcd,30,89,Normal
2026-02-13 21:29:25.763435,Berlin-8bcd,27,31,Normal
2026-02-13 21:29:26.763435,Berlin-8bcd,50,6,Normal
2026-02-13 21:29:27.763435,Berlin-8bcd,37,35,Normal
2026-02-13 21:29:28.763435,Berlin-8bcd,25,1,Normal
2026-02-13 21:29:29.763435,Berlin-8bcd,36,64,Normal
2026-02-13 21:29:30.763435,Berlin-8bcd,30,82,Normal
2026-02-13 21:29:31.763435,Berlin-8bcd,27,46,Normal
2026-02-13 21:29:32.763435,Berlin-8bcd,32,81,Normal
2026-02-13 21:29:33.763435,Berlin-8bcd,-23,9,Normal
2026-02-13 21:29:34.763435,Berlin-8bcd,-25,58,Normal
2026-02-13 21:29:35.763435,Berlin-8bcd,40,13,Normal
2026-02-13 21:29:36.763435,Berlin-8bcd,-24,8,Normal
2026-02-13 21:29:37.763435,Berlin-8bcd,11,41,Normal
2026-02-13 21:29:38.763435,Berlin-8bcd,31,48,Normal
2026-02-13 21:29:39.763435,Berlin-8bcd,25,29,Normal
2026-02-13 21:29:40.763435,Berlin-8bcd,22,49,Normal
2026-02-13 21:29:41.763435,Berlin-8bcd,31,95,Normal
2026-02-13 21:29:42.763435,Berlin-8bcd,37,98,Normal
2026-02-13 21:29:43.763435,Berlin-8bcd,-2,76,Normal
2026-02-13 21:29:44.763435,Berlin-8bcd,30,68,Normal
