timestamp,station_id,temp,humid,condition
2026-02-16 17:05:37.465430,London-e17a,18,89,Normal
2026-02-16 17:05:38.465430,London-e17a,44,18,Normal
2026-02-16 17:05:39.465430,London-e17a,18,92,Normal
2026-02-16 17:05:40.465430,London-e17a,3,14,Normal
2026-02-16 17:05:41.465430,London-e17a,-11,59,Normal
2026-02-16 17:05:42.465430,London-e17a,-11,30,Normal
2026-02-16 17:05:43.465430,London-e17a,-22,80,Normal
2026-02-16 17:05:44.465430,London-e17a,-22,0,Normal
2026-02-16 17:05:45.465430,London-e17a,-24,31,Normal
2026-02-16 17:05:46.465430,London-e17a,32,72,Normal
2026-02-16 17:05:47.465430,London-e17a,31,85,Normal
2026-02-16 17:05:48.465430,London-e17a,-18,26,Normal
2026-02-16 17:05:49.465430,London-e17a,-2,13,Normal
2026-02-16 17:05:50.465430,London-e17a,-1,30,Normal
2026-02-16 17:05:51.465430,London-e17a,8,86,Normal
2026-02-16 17:05:52.465430,London-e17a,17,85,Normal
2026-02-16 17:05:53.465430,London-e17a,13,86,Normal
2026-02-16 17:05:54.465430,London-e17a,-19,47,Normal
2026-02-16 17:05:55.465430,London-e17a,-22,98,Normal
2026-02-16 17:05:56.465430,London-e17a,-29,18,Normal
2026-02-16 17:05:57.465430,London-e17a,43,49,Normal
2026-02-16 17:05:58.465430,London-e17a,25,66,Normal
2026-02-16 17:05:59.465430,London-e17a,-3,95,Normal
2026-02-16 17:06:00.465430,London-e17a,-23,93,Normal
2026-02-16 17:06:01.465430,London-e17a,22,9,Normal
2026-02-16 17:06:02.465430,London-e17a,-24,24,Normal
2026-02-16 17:06:03.465430,London-e17a,8,4,Normal
2026-02-16 17:06:04.465430,London-e17a,7,18,Normal
2026-02-16 17:06:05.465430,London-e17a,14,97,Normal
2026-02-16 17:06:06.465430,London-e17a,4,37,Normal
2026-02-16 17:06:07.465430,London-e17a,-28,34,Normal
2026-02-16 17:06:08.465430,London-e17a,-29,30,Normal
2026-02-16 17:06:09.465430,London-e17a,28,99,Normal
2026-02-16 17:06:10.465430,London-e17a,20,41,Normal
2026-02-16 17:06:11.465430,London-e17a,49,70,Normal
2026-02-16 17:06:12.465430,London-e17a,-23,36,Normal
2026-02-16 17:06:13.465430,London-e17a,27,40,Normal
2026-02-16 17:06:14.465430,London-e17a,6,88,Normal
2026-02-16 17:06:15.465430,London-e17a,25,38,Normal
2026-02-16 17:06:16.465430,London-e17a,-4,51,Normal
2026-02-16 17:06:17.465430,London-e17a,43,75,Normal
2026-02-16 17:06:18.465430,London-e17a,30,92,Normal
2026-02-16 17:06:19.465430,London-e17a,50,61,Normal
2026-02-16 17:06:20.465430,London-e17a,18,58,Normal
2026-02-16 17:06:21.465430,London-e17a,41,42,Normal
2026-02-16 17:06:22.465430,London-e17a,-21,94,Normal
2026-02-16 17:06:23.465430,London-e17a,28,75,Normal
2026-02-16 17:06:24.465430,London-e17a,33,53,Normal
2026-02-16 17:06:25.465430,London-e17a,-15,72,Normal
2026-02-16 17:06:26.465430,London-e17a,-22,59,Normal
2026-02-16 17:06:27.465430,London-e17a,18,86,Normal
2026-02-16 17:06:28.465430,London-e17a,-13,84,Normal
2026-02-16 17:06:29.465430,London-e17a,3,77,Normal
2026-02-16 17:06:30.465430,London-e17a,23,81,Normal
2026-02-16 17:06:31.465430,London-e17a,-5,26,Normal
2026-02-16 17:06:32.465430,London-e17a,-27,76,Normal
2026-02-16 17:06:33.465430,London-e17a,45,18,Normal
2026-02-16 17:06:34.465430,London-e17a,-4,59,Normal
2026-02-16 17:06:35.465430,London-e17a,-10,38,Normal
2026-02-16 17:06:36.465430,London-e17a,-26,51,Normal
2026-02-16 17:06:37.465430,London-e17a,3,41,Normal
2026-02-16 17:06:38.465430,London-e17a,-12,60,Normal
2026-02-16 17:06:39.465430,London-e17a,-2,53,Normal
2026-02-16 17:06:40.465430,London-e17a,25,48,Normal
2026-02-16 17:06:41.465430,London-e17a,-22,32,Normal
2026-02-16 17:06:42.465430,London-e17a,34,74,Normal
2026-02-16 17:06:43.465430,London-e17a,8,60,Normal
2026-02-16 17:06:44.465430,London-e17a,-19,3,Normal
2026-02-16 17:06:45.465430,London-e17a,25,63,Normal
2026-02-16 17:06:46.465430,London-e17a,31,42,Normal
2026-02-16 17:06:47.465430,London-e17a,-7,86,Normal
2026-02-16 17:06:48.465430,London-e17a,35,23,Normal
2026-02-16 17:06:49.465430,London-e17a,25,29,Normal
2026-02-16 17:06:50.465430,London-e17a,22,86,Normal
2026-02-16 17:06:51.465430,London-e17a,-9,33,Normal
2026-02-16 17:06:52.465430,London-e17a,33,44,Normal
2026-02-16 17:06:53.465430,London-e17a,45,34,Normal
2026-02-16 17:06:54.465430,London-e17a,-27,8,Normal
2026-02-16 17:06:55.465430,London-e17a,0,1,Normal
2026-02-16 17:06:56.465430,London-e17a,-29,59,Normal
2026-02-16 17:06:57.465430,London-e17a,36,52,Normal
2026-02-16 17:06:58.465430,London-e17a,34,45,Normal
2026-02-16 17:06:59.465430,London-e17a,-9,39,Normal
2026-02-16 17:07:00.465430,London-e17a,49,38,Normal
2026-02-16 17:07:01.465430,London-e17a,14,74,Normal
2026-02-16 17:07:02.465430,London-e17a,1,17,Normal
2026-02-16 17:07:03.465430,London-e17a,-7,1,Normal
2026-02-16 17:07:04.465430,London-e17a,-16,18,Normal
2026-02-16 17:07:05.465430,London-e17a,-9,57,Normal
2026-02-16 17:07:06.465430,London-e17a,-21,5,Normal
2026-02-16 17:07:07.465430,London-e17a,42,80,Normal
2026-02-16 17:07:08.465430,London-e17a,-30,19,Normal
2026-02-16 17:07:09.465430,London-e17a,3,27,Normal
2026-02-16 17:07:10.465430,London-e17a,31,4,Normal
2026-02-16 17:07:11.465430,London-e17a,-7,46,Normal
2026-02-16 17:07:12.465430,London-e17a,33,19,Normal
2026-02-16 17:07:13.465430,London-e17a,10,57,Normal
2026-02-16 17:07:14.465430,London-e17a,-28,80,Normal
2026-02-16 17:07:15.465430,London-e17a,-18,84,Normal
2026-02-16 17:07:16.465430,London-e17a,-17,27,Normal
2026-02-16 17:07:17.465430,London-e17a,20,30,Normal
2026-02-16 17:07:18.465430,London-e17a,18,67,Normal
2026-02-16 17:07:19.465430,London-e17a,26,43,Normal
2026-02-16 17:07:20.465430,London-e17a,-22,6,Normal
2026-02-16 17:07:21.465430,London-e17a,11,34,Normal
2026-02-16 17:07:22.465430,London-e17a,-30,59,Normal
2026-02-16 17:07:23.465430,London-e17a,49,88,Normal
2026-02-16 17:07:24.465430,London-e17a,50,89,Normal
2026-02-16 17:07:25.465430,London-e17a,17,7,Normal
2026-02-16 17:07:26.465430,London-e17a,13,61,Normal
2026-02-16 17:07:27.465430,London-e17a,-5,90,Normal
2026-02-16 17:07:28.465430,London-e17a,31,65,Normal
2026-02-16 17:07:29.465430,London-e17a,15,16,Normal
2026-02-16 17:07:30.465430,London-e17a,3,11,Normal
2026-02-16 17:07:31.465430,London-e17a,-5,58,Normal
2026-02-16 17:07:32.465430,London-e17a,12,84,Normal
2026-02-16 17:07:33.465430,London-e17a,-15,82,Normal
2026-02-16 17:07:34.465430,London-e17a,-22,42,Normal
2026-02-16 17:07:35.465430,London-e17a,-6,58,Normal
2026-02-16 17:07:36.465430,London-e17a,-18,81,Normal
2026-02-16 17:07:37.465430,London-e17a,3,61,Normal
2026-02-16 17:07:38.465430,London-e17a,17,9,Normal
2026-02-16 17:07:39.465430,London-e17a,49,30,Normal
2026-02-16 17:07:40.465430,London-e17a,2,93,Normal
2026-02-16 17:07:41.465430,London-e17a,32,80,Normal
2026-02-16 17:07:42.465430,London-e17a,-4,40,Normal
2026-02-16 17:07:43.465430,London-e17a,-6,94,Normal
2026-02-16 17:07:44.465430,London-e17a,27,82,Normal
2026-02-16 17:07:45.465430,London-e17a,-11,89,Normal
2026-02-16 17:07:46.465430,London-e17a,40,96,Normal
2026-02-16 17:07:47.465430,London-e17a,42,72,Normal
2026-02-16 17:07:48.465430,London-e17a,37,14,Normal
2026-02-16 17:07:49.465430,London-e17a,44,84,Normal
2026-02-16 17:07:50.465430,London-e17a,14,41,Normal
2026-02-16 17:07:51.465430,London-e17a,49,83,Normal
2026-02-16 17:07:52.465430,London-e17a,2,56,Normal
2026-02-16 17:07:53.465430,London-e17a,-27,19,Normal
2026-02-16 17:07:54.465430,London-e17a,-8,36,Normal
2026-02-16 17:07:55.465430,London-e17a,-6,72,Normal
2026-02-16 17:07:56.465430,London-e17a,25,57,Normal
2026-02-16 17:07:57.465430,London-e17a,29,21,Normal
2026-02-16 17:07:58.465430,London-e17a,13,81,Normal
2026-02-16 17:07:59.465430,London-e17a,16,74,Normal
2026-02-16 17:08:00.465430,London-e17a,-9,67,Normal
2026-02-16 17:08:01.465430,London-e17a,-23,92,Normal
2026-02-16 17:08:02.465430,London-e17a,18,34,Normal
2026-02-16 17:08:03.465430,London-e17a,-1,69,Normal
2026-02-16 17:08:04.465430,London-e17a,-17,47,Normal
2026-02-16 17:08:05.465430,London-e17a,9,49,Normal
2026-02-16 17:08:06.465430,London-e17a,50,58,Normal
2026-02-16 17:08:07.465430,London-e17a,-13,32,Normal
2026-02-16 17:08:08.465430,London-e17a,-21,42,Normal
2026-02-16 17:08:09.465430,London-e17a,4,16,Normal
2026-02-16 17:08:10.465430,London-e17a,29,26,Normal
2026-02-16 17:08:11.465430,London-e17a,5,48,Normal
2026-02-16 17:08:12.465430,London-e17a,-12,54,Normal
2026-02-16 17:08:13.465430,London-e17a,46,18,Normal
2026-02-16 17:08:14.465430,London-e17a,34,80,Normal
2026-02-16 17:08:15.465430,London-e17a,-6,5,Normal
2026-02-16 17:08:16.465430,London-e17a,-15,99,Normal
2026-02-16 17:08:17.465430,London-e17a,-5,62,Normal
2026-02-16 17:08:18.465430,London-e17a,-1,22,Normal
2026-02-16 17:08:19.465430,London-e17a,38,69,Normal
2026-02-16 17:08:20.465430,London-e17a,37,76,Normal
2026-02-16 17:08:21.465430,London-e17a,-26,100,Normal
2026-02-16 17:08:22.465430,London-e17a,0,41,Normal
2026-02-16 17:08:23.465430,London-e17a,7,94,Normal
2026-02-16 17:08:24.465430,London-e17a,-24,83,Normal
2026-02-16 17:08:25.465430,London-e17a,18,94,Normal
2026-02-16 17:08:26.465430,London-e17a,-15,87,Normal
2026-02-16 17:08:27.465430,London-e17a,-13,8,Normal
2026-02-16 17:08:28.465430,London-e17a,17,46,Normal
2026-02-16 17:08:29.465430,London-e17a,-12,27,Normal
2026-02-16 17:08:30.465430,London-e17a,17,86,Normal
2026-02-16 17:08:31.465430,London-e17a,-1,82,Normal
2026-02-16 17:08:32.465430,London-e17a,39,31,Normal
2026-02-16 17:08:33.465430,London-e17a,-25,43,Normal
2026-02-16 17:08:34.465430,London-e17a,10,39,Normal
2026-02-16 17:08:35.465430,London-e17a,43,60,Normal
2026-02-16 17:08:36.465430,London-e17a,3,94,Normal
2026-02-16 17:08:37.465430,London-e17a,-26,2,Normal
2026-02-16 17:08:38.465430,London-e17a,-3,51,Normal
2026-02-16 17:08:39.465430,London-e17a,-4,2,Normal
2026-02-16 17:08:40.465430,London-e17a,26,42,Normal
2026-02-16 17:08:41.465430,London-e17a,2,2,Normal
2026-02-16 17:08:42.465430,London-e17a,37,73,Normal
2026-02-16 17:08:43.465430,London-e17a,23,23,Normal
2026-02-16 17:08:44.465430,London-e17a,8,31,Normal
2026-02-16 17:08:45.465430,London-e17a,43,78,Normal
2026-02-16 17:08:46.465430,London-e17a,-14,8,Normal
2026-02-16 17:08:47.465430,London-e17a,-17,83,Normal
2026-02-16 17:08:48.465430,London-e17a,0,82,Normal
2026-02-16 17:08:49.465430,London-e17a,28,52,Normal
2026-02-16 17:08:50.465430,London-e17a,39,74,Normal
2026-02-16 17:08:51.465430,London-e17a,-13,55,Normal
2026-02-16 17:08:52.465430,London-e17a,5,41,Normal
2026-02-16 17:08:53.465430,London-e17a,33,2,Normal
2026-02-16 17:08:54.465430,London-e17a,15,34,Normal
2026-02-16 17:08:55.465430,London-e17a,17,42,Normal
2026-02-16 17:08:56.465430,London-e17a,-30,26,Normal
2026-02-16 17:08:57.465430,London-e17a,23,21,Normal
2026-02-16 17:08:58.465430,London-e17a,25,10,Normal
2026-02-16 17:08:59.465430,London-e17a,-26,88,Normal
2026-02-16 17:09:00.465430,London-e17a,19,10,Normal
2026-02-16 17:09:01.465430,London-e17a,4,70,Normal
2026-02-16 17:09:02.465430,London-e17a,9,77,Normal
2026-02-16 17:09:03.465430,London-e17a,33,45,Normal
2026-02-16 17:09:04.465430,London-e17a,10,95,Normal
2026-02-16 17:09:05.465430,London-e17a,-10,89,Normal
2026-02-16 17:09:06.465430,London-e17a,24,30,Normal
2026-02-16 17:09:07.465430,London-e17a,38,86,Normal
2026-02-16 17:09:08.465430,London-e17a,12,8,Normal
2026-02-16 17:09:09.465430,London-e17a,30,98,Normal
2026-02-16 17:09:10.465430,London-e17a,23,91,Normal
2026-02-16 17:09:11.465430,London-e17a,33,11,Normal
2026-02-16 17:09:12.465430,London-e17a,44,5,Normal
2026-02-16 17:09:13.465430,London-e17a,-11,41,Normal
2026-02-16 17:09:14.465430,London-e17a,12,96,Normal
2026-02-16 17:09:15.465430,London-e17a,30,79,Normal
2026-02-16 17:09:16.465430,London-e17a,-13,28,Normal
2026-02-16 17:09:17.465430,London-e17a,49,58,Normal
2026-02-16 17:09:18.465430,London-e17a,9,42,Normal
2026-02-16 17:09:19.465430,London-e17a,-22,11,Normal
2026-02-16 17:09:20.465430,London-e17a,4,3,Normal
2026-02-16 17:09:21.465430,London-e17a,-27,60,Normal
2026-02-16 17:09:22.465430,London-e17a,9,62,Normal
2026-02-16 17:09:23.465430,London-e17a,17,62,Normal
2026-02-16 17:09:24.465430,London-e17a,-16,49,Normal
2026-02-16 17:09:25.465430,London-e17a,46,87,Normal
2026-02-16 17:09:26.465430,London-e17a,36,27,Normal
2026-02-16 17:09:27.465430,London-e17a,38,13,Normal
2026-02-16 17:09:28.465430,London-e17a,48,5,Normal
2026-02-16 17:09:29.465430,London-e17a,31,89,Normal
2026-02-16 17:09:30.465430,London-e17a,27,2,Normal
2026-02-16 17:09:31.465430,London-e17a,3,7,Normal
2026-02-16 17:09:32.465430,London-e17a,47,51,Normal
2026-02-16 17:09:33.465430,London-e17a,-6,37,Normal
2026-02-16 17:09:34.465430,London-e17a,41,61,Normal
2026-02-16 17:09:35.465430,London-e17a,4,38,Normal
2026-02-16 17:09:36.465430,London-e17a,33,93,Normal
2026-02-16 17:09:37.465430,London-e17a,47,56,Normal
2026-02-16 17:09:38.465430,London-e17a,17,46,Normal
2026-02-16 17:09:39.465430,London-e17a,39,53,Normal
2026-02-16 17:09:40.465430,London-e17a,-19,2,Normal
2026-02-16 17:09:41.465430,London-e17a,-12,7,Normal
2026-02-16 17:09:42.465430,London-e17a,34,48,Normal
2026-02-16 17:09:43.465430,London-e17a,46,39,Normal
2026-02-16 17:09:44.465430,London-e17a,34,61,Normal
2026-02-16 17:09:45.465430,London-e17a,-3,100,Normal
2026-02-16 17:09:46.465430,London-e17a,5,64,Normal
2026-02-16 17:09:47.465430,London-e17a,23,24,Normal
2026-02-16 17:09:48.465430,London-e17a,47,75,Normal
2026-02-16 17:09:49.465430,London-e17a,26,98,Normal
2026-02-16 17:09:50.465430,London-e17a,31,21,Normal
2026-02-16 17:09:51.465430,London-e17a,-11,48,Normal
2026-02-16 17:09:52.465430,London-e17a,50,36,Normal
2026-02-16 17:09:53.465430,London-e17a,10,89,Normal
2026-02-16 17:09:54.465430,London-e17a,27,76,Normal
2026-02-16 17:09:55.465430,London-e17a,-9,14,Normal
2026-02-16 17:09:56.465430,London-e17a,-13,47,Normal
2026-02-16 17:09:57.465430,London-e17a,-14,33,Normal
2026-02-16 17:09:58.465430,London-e17a,16,83,Normal
2026-02-16 17:09:59.465430,London-e17a,-12,76,Normal
2026-02-16 17:10:00.465430,London-e17a,-30,77,Normal
2026-02-16 17:10:01.465430,London-e17a,-10,68,Normal
2026-02-16 17:10:02.465430,London-e17a,-24,1,Normal
2026-02-16 17:10:03.465430,London-e17a,16,24,Normal
2026-02-16 17:10:04.465430,London-e17a,17,20,Normal
2026-02-16 17:10:05.465430,London-e17a,-9,64,Normal
2026-02-16 17:10:06.465430,London-e17a,45,17,Normal
2026-02-16 17:10:07.465430,London-e17a,0,28,Normal
2026-02-16 17:10:08.465430,London-e17a,2,68,Normal
2026-02-16 17:10:09.465430,London-e17a,6,98,Normal
2026-02-16 17:10:10.465430,London-e17a,4,24,Normal
2026-02-16 17:10:11.465430,London-e17a,37,17,Normal
2026-02-16 17:10:12.465430,London-e17a,9,59,Normal
2026-02-16 17:10:13.465430,London-e17a,27,92,Normal
2026-02-16 17:10:14.465430,London-e17a,37,36,Normal
2026-02-16 17:10:15.465430,London-e17a,41,79,Normal
2026-02-16 17:10:16.465430,London-e17a,27,59,Normal
2026-02-16 17:10:17.465430,London-e17a,27,93,Normal
2026-02-16 17:10:18.465430,London-e17a,21,35,Normal
2026-02-16 17:10:19.465430,London-e17a,34,30,Normal
2026-02-16 17:10:20.465430,London-e17a,-24,37,Normal
2026-02-16 17:10:21.465430,London-e17a,35,17,Normal
2026-02-16 17:10:22.465430,London-e17a,-22,39,Normal
2026-02-16 17:10:23.465430,London-e17a,37,99,Normal
2026-02-16 17:10:24.465430,London-e17a,-21,44,Normal
2026-02-16 17:10:25.465430,London-e17a,-29,30,Normal
2026-02-16 17:10:26.465430,London-e17a,-23,77,Normal
2026-02-16 17:10:27.465430,London-e17a,44,41,Normal
2026-02-16 17:10:28.465430,London-e17a,-22,72,Normal
2026-02-16 17:10:29.465430,London-e17a,-25,8,Normal
2026-02-16 17:10:30.465430,London-e17a,5,72,Normal
2026-02-16 17:10:31.465430,London-e17a,7,90,Normal
2026-02-16 17:10:32.465430,London-e17a,-2,80,Normal
2026-02-16 17:10:33.465430,London-e17a,14,14,Normal
2026-02-16 17:10:34.465430,London-e17a,-5,63,Normal
2026-02-16 17:10:35.465430,London-e17a,28,3,Normal
2026-02-16 17:10:36.465430,London-e17a,45,77,Normal
2026-02-16 17:10:37.465430,London-e17a,48,18,Normal
2026-02-16 17:10:38.465430,London-e17a,33,49,Normal
2026-02-16 17:10:39.465430,London-e17a,40,50,Normal
2026-02-16 17:10:40.465430,London-e17a,22,60,Normal
2026-02-16 17:10:41.465430,London-e17a,-24,52,Normal
2026-02-16 17:10:42.465430,London-e17a,-17,53,Normal
2026-02-16 17:10:43.465430,London-e17a,43,33,Normal
2026-02-16 17:10:44.465430,London-e17a,41,32,Normal
2026-02-16 17:10:45.465430,London-e17a,1,51,Normal
2026-02-16 17:10:46.465430,London-e17a,50,40,Normal
2026-02-16 17:10:47.465430,London-e17a,34,76,Normal
2026-02-16 17:10:48.465430,London-e17a,8,83,Normal
2026-02-16 17:10:49.465430,London-e17a,28,19,Normal
2026-02-16 17:10:50.465430,London-e17a,24,87,Normal
2026-02-16 17:10:51.465430,London-e17a,1,30,Normal
2026-02-16 17:10:52.465430,London-e17a,-23,29,Normal
2026-02-16 17:10:53.465430,London-e17a,-15,8,Normal
2026-02-16 17:10:54.465430,London-e17a,-19,0,Normal
2026-02-16 17:10:55.465430,London-e17a,0,43,Normal
2026-02-16 17:10:56.465430,London-e17a,-21,72,Normal
2026-02-16 17:10:57.465430,London-e17a,35,51,Normal
2026-02-16 17:10:58.465430,London-e17a,-30,80,Normal
2026-02-16 17:10:59.465430,London-e17a,34,18,Normal
2026-02-16 17:11:00.465430,London-e17a,32,15,Normal
2026-02-16 17:11:01.465430,London-e17a,23,80,Normal
2026-02-16 17:11:02.465430,London-e17a,18,92,Normal
2026-02-16 17:11:03.465430,London-e17a,27,38,Normal
2026-02-16 17:11:04.465430,London-e17a,23,5,Normal
2026-02-16 17:11:05.465430,London-e17a,19,44,Normal
2026-02-16 17:11:06.465430,London-e17a,8,86,Normal
2026-02-16 17:11:07.465430,London-e17a,-21,5,Normal
2026-02-16 17:11:08.465430,London-e17a,50,69,Normal
2026-02-16 17:11:09.465430,London-e17a,34,56,Normal
2026-02-16 17:11:10.465430,London-e17a,-23,51,Normal
2026-02-16 17:11:11.465430,London-e17a,23,93,Normal
2026-02-16 17:11:12.465430,London-e17a,5,63,Normal
2026-02-16 17:11:13.465430,London-e17a,30,43,Normal
2026-02-16 17:11:14.465430,London-e17a,31,53,Normal
2026-02-16 17:11:15.465430,London-e17a,42,100,Normal
2026-02-16 17:11:16.465430,London-e17a,-30,93,Normal
2026-02-16 17:11:17.465430,London-e17a,-4,34,Normal
2026-02-16 17:11:18.465430,London-e17a,22,40,Normal
2026-02-16 17:11:19.465430,London-e17a,-20,50,Normal
2026-02-16 17:11:20.465430,London-e17a,4,12,Normal
2026-02-16 17:11:21.465430,London-e17a,30,65,Normal
2026-02-16 17:11:22.465430,London-e17a,20,35,Normal
2026-02-16 17:11:23.465430,London-e17a,18,32,Normal
2026-02-16 17:11:24.465430,London-e17a,26,89,Normal
2026-02-16 17:11:25.465430,London-e17a,4,78,Normal
2026-02-16 17:11:26.465430,London-e17a,0,61,Normal
2026-02-16 17:11:27.465430,London-e17a,8,53,Normal
2026-02-16 17:11:28.465430,London-e17a,40,24,Normal
2026-02-16 17:11:29.465430,London-e17a,-20,97,Normal
2026-02-16 17:11:30.465430,London-e17a,5,43,Normal
2026-02-16 17:11:31.465430,London-e17a,33,61,Normal
2026-02-16 17:11:32.465430,London-e17a,25,66,Normal
2026-02-16 17:11:33.465430,London-e17a,-12,82,Normal
2026-02-16 17:11:34.465430,London-e17a,41,63,Normal
2026-02-16 17:11:35.465430,London-e17a,12,7,Normal
2026-02-16 17:11:36.465430,London-e17a,18,9,Normal
2026-02-16 17:11:37.465430,London-e17a,-8,68,Normal
2026-02-16 17:11:38.465430,London-e17a,15,86,Normal
2026-02-16 17:11:39.465430,London-e17a,23,97,Normal
2026-02-16 17:11:40.465430,London-e17a,33,2,Normal
2026-02-16 17:11:41.465430,London-e17a,32,62,Normal
2026-02-16 17:11:42.465430,London-e17a,37,28,Normal
2026-02-16 17:11:43.465430,London-e17a,45,90,Normal
2026-02-16 17:11:44.465430,London-e17a,44,25,Normal
2026-02-16 17:11:45.465430,London-e17a,14,26,Normal
2026-02-16 17:11:46.465430,London-e17a,-3,41,Normal
2026-02-16 17:11:47.465430,London-e17a,-20,73,Normal
2026-02-16 17:11:48.465430,London-e17a,1,19,Normal
2026-02-16 17:11:49.465430,London-e17a,0,41,Normal
2026-02-16 17:11:50.465430,London-e17a,48,31,Normal
2026-02-16 17:11:51.465430,London-e17a,50,3,Normal
2026-02-16 17:11:52.465430,London-e17a,3,14,Normal
2026-02-16 17:11:53.465430,London-e17a,28,59,Normal
2026-02-16 17:11:54.465430,London-e17a,4,14,Normal
2026-02-16 17:11:55.465430,London-e17a,25,70,Normal
2026-02-16 17:11:56.465430,London-e17a,-1,65,Normal
2026-02-16 17:11:57.465430,London-e17a,-29,83,Normal
2026-02-16 17:11:58.465430,London-e17a,36,12,Normal
2026-02-16 17:11:59.465430,London-e17a,-3,71,Normal
2026-02-16 17:12:00.465430,London-e17a,-18,33,Normal
2026-02-16 17:12:01.465430,London-e17a,-26,63,Normal
2026-02-16 17:12:02.465430,London-e17a,19,21,Normal
2026-02-16 17:12:03.465430,London-e17a,34,96,Normal
2026-02-16 17:12:04.465430,London-e17a,5,66,Normal
2026-02-16 17:12:05.465430,London-e17a,15,96,Normal
2026-02-16 17:12:06.465430,London-e17a,-2,71,Normal
2026-02-16 17:12:07.465430,London-e17a,-12,76,Normal
2026-02-16 17:12:08.465430,London-e17a,-19,63,Normal
2026-02-16 17:12:09.465430,London-e17a,23,19,Normal
2026-02-16 17:12:10.465430,London-e17a,25,100,Normal
2026-02-16 17:12:11.465430,London-e17a,46,28,Normal
2026-02-16 17:12:12.465430,London-e17a,30,16,Normal
2026-02-16 17:12:13.465430,London-e17a,44,69,Normal
2026-02-16 17:12:14.465430,London-e17a,-15,96,Normal
2026-02-16 17:12:15.465430,London-e17a,-25,0,Normal
2026-02-16 17:12:16.465430,London-e17a,23,6,Normal
2026-02-16 17:12:17.465430,London-e17a,-10,51,Normal
2026-02-16 17:12:18.465430,London-e17a,-12,35,Normal
2026-02-16 17:12:19.465430,London-e17a,-7,78,Normal
2026-02-16 17:12:20.465430,London-e17a,-11,39,Normal
2026-02-16 17:12:21.465430,London-e17a,16,63,Normal
2026-02-16 17:12:22.465430,London-e17a,43,65,Normal
2026-02-16 17:12:23.465430,London-e17a,-4,50,Normal
2026-02-16 17:12:24.465430,London-e17a,41,50,Normal
2026-02-16 17:12:25.465430,London-e17a,23,6,Normal
2026-02-16 17:12:26.465430,London-e17a,-2,97,Normal
2026-02-16 17:12:27.465430,London-e17a,7,24,Normal
2026-02-16 17:12:28.465430,London-e17a,9,88,Normal
2026-02-16 17:12:29.465430,London-e17a,38,48,Normal
2026-02-16 17:12:30.465430,London-e17a,29,22,Normal
2026-02-16 17:12:31.465430,London-e17a,31,71,Normal
2026-02-16 17:12:32.465430,London-e17a,41,16,Normal
2026-02-16 17:12:33.465430,London-e17a,39,24,Normal
2026-02-16 17:12:34.465430,London-e17a,5,71,Normal
2026-02-16 17:12:35.465430,London-e17a,2,95,Normal
2026-02-16 17:12:36.465430,London-e17a,39,54,Normal
2026-02-16 17:12:37.465430,London-e17a,-18,11,Normal
2026-02-16 17:12:38.465430,London-e17a,36,3,Normal
2026-02-16 17:12:39.465430,London-e17a,-25,87,Normal
2026-02-16 17:12:40.465430,London-e17a,-2,92,Normal
2026-02-16 17:12:41.465430,London-e17a,14,41,Normal
2026-02-16 17:12:42.465430,London-e17a,-7,0,Normal
2026-02-16 17:12:43.465430,London-e17a,-10,66,Normal
2026-02-16 17:12:44.465430,London-e17a,31,50,Normal
2026-02-16 17:12:45.465430,London-e17a,-8,46,Normal
2026-02-16 17:12:46.465430,London-e17a,45,4,Normal
2026-02-16 17:12:47.465430,London-e17a,8,46,Normal
2026-02-16 17:12:48.465430,London-e17a,9,42,Normal
2026-02-16 17:12:49.465430,London-e17a,14,21,Normal
2026-02-16 17:12:50.465430,London-e17a,-8,88,Normal
2026-02-16 17:12:51.465430,London-e17a,-13,47,Normal
2026-02-16 17:12:52.465430,London-e17a,11,92,Normal
2026-02-16 17:12:53.465430,London-e17a,42,88,Normal
2026-02-16 17:12:54.465430,London-e17a,34,48,Normal
2026-02-16 17:12:55.465430,London-e17a,35,57,Normal
2026-02-16 17:12:56.465430,London-e17a,4,93,Normal
2026-02-16 17:12:57.465430,London-e17a,21,20,Normal
2026-02-16 17:12:58.465430,London-e17a,10,82,Normal
2026-02-16 17:12:59.465430,London-e17a,-17,4,Normal
2026-02-16 17:13:00.465430,London-e17a,38,10,Normal
2026-02-16 17:13:01.465430,London-e17a,19,87,Normal
2026-02-16 17:13:02.465430,London-e17a,33,22,Normal
2026-02-16 17:13:03.465430,London-e17a,24,94,Normal
2026-02-16 17:13:04.465430,London-e17a,0,31,Normal
2026-02-16 17:13:05.465430,London-e17a,9,60,Normal
2026-02-16 17:13:06.465430,London-e17a,9,67,Normal
2026-02-16 17:13:07.465430,London-e17a,-9,46,Normal
2026-02-16 17:13:08.465430,London-e17a,32,69,Normal
2026-02-16 17:13:09.465430,London-e17a,27,52,Normal
2026-02-16 17:13:10.465430,London-e17a,41,37,Normal
2026-02-16 17:13:11.465430,London-e17a,18,57,Normal
2026-02-16 17:13:12.465430,London-e17a,43,92,Normal
2026-02-16 17:13:13.465430,London-e17a,-2,81,Normal
2026-02-16 17:13:14.465430,London-e17a,48,71,Normal
2026-02-16 17:13:15.465430,London-e17a,-25,0,Normal
2026-02-16 17:13:16.465430,London-e17a,-5,35,Normal
2026-02-16 17:13:17.465430,London-e17a,33,8,Normal
2026-02-16 17:13:18.465430,London-e17a,5,4,Normal
2026-02-16 17:13:19.465430,London-e17a,8,33,Normal
2026-02-16 17:13:20.465430,London-e17a,-13,38,Normal
2026-02-16 17:13:21.465430,London-e17a,17,0,Normal
2026-02-16 17:13:22.465430,London-e17a,-26,87,Normal
2026-02-16 17:13:23.465430,London-e17a,-13,59,Normal
2026-02-16 17:13:24.465430,London-e17a,-4,15,Normal
2026-02-16 17:13:25.465430,London-e17a,-8,15,Normal
2026-02-16 17:13:26.465430,London-e17a,31,1,Normal
2026-02-16 17:13:27.465430,London-e17a,37,16,Normal
2026-02-16 17:13:28.465430,London-e17a,30,26,Normal
2026-02-16 17:13:29.465430,London-e17a,-1,98,Normal
2026-02-16 17:13:30.465430,London-e17a,49,9,Normal
2026-02-16 17:13:31.465430,London-e17a,-19,58,Normal
2026-02-16 17:13:32.465430,London-e17a,-13,72,Normal
2026-02-16 17:13:33.465430,London-e17a,-19,64,Normal
2026-02-16 17:13:34.465430,London-e17a,-14,76,Normal
2026-02-16 17:13:35.465430,London-e17a,-11,43,Normal
2026-02-16 17:13:36.465430,London-e17a,45,36,Normal
2026-02-16 17:13:37.465430,London-e17a,46,24,Normal
2026-02-16 17:13:38.465430,London-e17a,0,24,Normal
2026-02-16 17:13:39.465430,London-e17a,-20,7,Normal
2026-02-16 17:13:40.465430,London-e17a,16,7,Normal
2026-02-16 17:13:41.465430,London-e17a,13,12,Normal
2026-02-16 17:13:42.465430,London-e17a,40,40,Normal
2026-02-16 17:13:43.465430,London-e17a,11,3,Normal
2026-02-16 17:13:44.465430,London-e17a,18,98,Normal
2026-02-16 17:13:45.465430,London-e17a,16,64,Normal
2026-02-16 17:13:46.465430,London-e17a,-25,64,Normal
2026-02-16 17:13:47.465430,London-e17a,-30,89,Normal
2026-02-16 17:13:48.465430,London-e17a,47,33,Normal
2026-02-16 17:13:49.465430,London-e17a,3,90,Normal
2026-02-16 17:13:50.465430,London-e17a,23,94,Normal
2026-02-16 17:13:51.465430,London-e17a,40,34,Normal
2026-02-16 17:13:52.465430,London-e17a,9,84,Normal
2026-02-16 17:13:53.465430,London-e17a,28,44,Normal
2026-02-16 17:13:54.465430,London-e17a,-4,18,Normal
2026-02-16 17:13:55.465430,London-e17a,50,40,Normal
2026-02-16 17:13:56.465430,London-e17a,-5,85,Normal
2026-02-16 17:13:57.465430,London-e17a,47,55,Normal
2026-02-16 17:13:58.465430,London-e17a,-29,29,Normal
2026-02-16 17:13:59.465430,London-e17a,50,73,Normal
2026-02-16 17:14:00.465430,London-e17a,-13,74,Normal
2026-02-16 17:14:01.465430,London-e17a,22,55,Normal
2026-02-16 17:14:02.465430,London-e17a,15,37,Normal
2026-02-16 17:14:03.465430,London-e17a,-2,9,Normal
2026-02-16 17:14:04.465430,London-e17a,-21,22,Normal
2026-02-16 17:14:05.465430,London-e17a,15,36,Normal
2026-02-16 17:14:06.465430,London-e17a,48,77,Normal
2026-02-16 17:14:07.465430,London-e17a,-27,21,Normal
2026-02-16 17:14:08.465430,London-e17a,10,34,Normal
2026-02-16 17:14:09.465430,London-e17a,7,3,Normal
2026-02-16 17:14:10.465430,London-e17a,-23,89,Normal
2026-02-16 17:14:11.465430,London-e17a,-16,82,Normal
2026-02-16 17:14:12.465430,London-e17a,-5,96,Normal
2026-02-16 17:14:13.465430,London-e17a,24,76,Normal
2026-02-16 17:14:14.465430,London-e17a,0,8,Normal
2026-02-16 17:14:15.465430,London-e17a,-3,96,Normal
2026-02-16 17:14:16.465430,London-e17a,-30,45,Normal
2026-02-16 17:14:17.465430,London-e17a,10,24,Normal
2026-02-16 17:14:18.465430,London-e17a,-5,99,Normal
2026-02-16 17:14:19.465430,London-e17a,-30,7,Normal
2026-02-16 17:14:20.465430,London-e17a,-17,59,Normal
2026-02-16 17:14:21.465430,London-e17a,-2,93,Normal
2026-02-16 17:14:22.465430,London-e17a,-29,20,Normal
2026-02-16 17:14:23.465430,London-e17a,-29,82,Normal
2026-02-16 17:14:24.465430,London-e17a,50,100,Normal
2026-02-16 17:14:25.465430,London-e17a,1,80,Normal
2026-02-16 17:14:26.465430,London-e17a,7,27,Normal
2026-02-16 17:14:27.465430,London-e17a,-4,87,Normal
2026-02-16 17:14:28.465430,London-e17a,22,42,Normal
2026-02-16 17:14:29.465430,London-e17a,-9,85,Normal
2026-02-16 17:14:30.465430,London-e17a,21,50,Normal
2026-02-16 17:14:31.465430,London-e17a,37,47,Normal
2026-02-16 17:14:32.465430,London-e17a,0,24,Normal
2026-02-16 17:14:33.465430,London-e17a,5,73,Normal
2026-02-16 17:14:34.465430,London-e17a,22,26,Normal
2026-02-16 17:14:35.465430,London-e17a,-14,46,Normal
2026-02-16 17:14:36.465430,London-e17a,30,36,Normal
2026-02-16 17:14:37.465430,London-e17a,-19,62,Normal
2026-02-16 17:14:38.465430,London-e17a,3,8,Normal
2026-02-16 17:14:39.465430,London-e17a,29,66,Normal
2026-02-16 17:14:40.465430,London-e17a,37,88,Normal
2026-02-16 17:14:41.465430,London-e17a,36,11,Normal
2026-02-16 17:14:42.465430,London-e17a,-23,48,Normal
2026-02-16 17:14:43.465430,London-e17a,37,83,Normal
2026-02-16 17:14:44.465430,London-e17a,13,92,Normal
2026-02-16 17:14:45.465430,London-e17a,36,40,Normal
2026-02-16 17:14:46.465430,London-e17a,2,63,Normal
2026-02-16 17:14:47.465430,London-e17a,-18,32,Normal
2026-02-16 17:14:48.465430,London-e17a,-17,93,Normal
2026-02-16 17:14:49.465430,London-e17a,-19,15,Normal
2026-02-16 17:14:50.465430,London-e17a,4,53,Normal
2026-02-16 17:14:51.465430,London-e17a,-16,72,Normal
2026-02-16 17:14:52.465430,London-e17a,24,46,Normal
2026-02-16 17:14:53.465430,London-e17a,33,87,Normal
2026-02-16 17:14:54.465430,London-e17a,1,79,Normal
2026-02-16 17:14:55.465430,London-e17a,29,70,Normal
2026-02-16 17:14:56.465430,London-e17a,-27,64,Normal
2026-02-16 17:14:57.465430,London-e17a,48,14,Normal
2026-02-16 17:14:58.465430,London-e17a,-8,6,Normal
2026-02-16 17:14:59.465430,London-e17a,21,85,Normal
2026-02-16 17:15:00.465430,London-e17a,-16,84,Normal
2026-02-16 17:15:01.465430,London-e17a,42,5,Normal
2026-02-16 17:15:02.465430,London-e17a,33,18,Normal
2026-02-16 17:15:03.465430,London-e17a,-16,64,Normal
2026-02-16 17:15:04.465430,London-e17a,-1,97,Normal
2026-02-16 17:15:05.465430,London-e17a,-3,9,Normal
2026-02-16 17:15:06.465430,London-e17a,7,16,Normal
2026-02-16 17:15:07.465430,London-e17a,-4,10,Normal
2026-02-16 17:15:08.465430,London-e17a,29,92,Normal
2026-02-16 17:15:09.465430,London-e17a,44,96,Normal
2026-02-16 17:15:10.465430,London-e17a,-5,83,Normal
2026-02-16 17:15:11.465430,London-e17a,24,86,Normal
2026-02-16 17:15:12.465430,London-e17a,23,27,Normal
2026-02-16 17:15:13.465430,London-e17a,-25,86,Normal
2026-02-16 17:15:14.465430,London-e17a,5,81,Normal
2026-02-16 17:15:15.465430,London-e17a,-20,11,Normal
2026-02-16 17:15:16.465430,London-e17a,30,26,Normal
2026-02-16 17:15:17.465430,London-e17a,47,46,Normal
2026-02-16 17:15:18.465430,London-e17a,0,53,Normal
2026-02-16 17:15:19.465430,London-e17a,-29,19,Normal
2026-02-16 17:15:20.465430,London-e17a,3,10,Normal
2026-02-16 17:15:21.465430,London-e17a,-12,76,Normal
2026-02-16 17:15:22.465430,London-e17a,5,19,Normal
2026-02-16 17:15:23.465430,London-e17a,-13,28,Normal
2026-02-16 17:15:24.465430,London-e17a,-28,60,Normal
2026-02-16 17:15:25.465430,London-e17a,20,68,Normal
2026-02-16 17:15:26.465430,London-e17a,7,85,Normal
2026-02-16 17:15:27.465430,London-e17a,22,7,Normal
2026-02-16 17:15:28.465430,London-e17a,4,0,Normal
2026-02-16 17:15:29.465430,London-e17a,28,21,Normal
2026-02-16 17:15:30.465430,London-e17a,-6,16,Normal
2026-02-16 17:15:31.465430,London-e17a,46,25,Normal
2026-02-16 17:15:32.465430,London-e17a,16,76,Normal
2026-02-16 17:15:33.465430,London-e17a,20,50,Normal
2026-02-16 17:15:34.465430,London-e17a,-17,27,Normal
2026-02-16 17:15:35.465430,London-e17a,26,76,Normal
2026-02-16 17:15:36.465430,London-e17a,-15,34,Normal
2026-02-16 17:15:37.465430,London-e17a,50,84,Normal
2026-02-16 17:15:38.465430,London-e17a,9,0,Normal
2026-02-16 17:15:39.465430,London-e17a,3,90,Normal
2026-02-16 17:15:40.465430,London-e17a,42,39,Normal
2026-02-16 17:15:41.465430,London-e17a,0,62,Normal
2026-02-16 17:15:42.465430,London-e17a,-27,61,Normal
2026-02-16 17:15:43.465430,London-e17a,27,28,Normal
2026-02-16 17:15:44.465430,London-e17a,-18,54,Normal
2026-02-16 17:15:45.465430,London-e17a,46,15,Normal
2026-02-16 17:15:46.465430,London-e17a,36,35,Normal
2026-02-16 17:15:47.465430,London-e17a,37,14,Normal
2026-02-16 17:15:48.465430,London-e17a,-20,44,Normal
2026-02-16 17:15:49.465430,London-e17a,-28,18,Normal
2026-02-16 17:15:50.465430,London-e17a,3,81,Normal
2026-02-16 17:15:51.465430,London-e17a,-16,96,Normal
2026-02-16 17:15:52.465430,London-e17a,18,35,Normal
2026-02-16 17:15:53.465430,London-e17a,41,53,Normal
2026-02-16 17:15:54.465430,London-e17a,8,11,Normal
2026-02-16 17:15:55.465430,London-e17a,21,43,Normal
2026-02-16 17:15:56.465430,London-e17a,-12,48,Normal
2026-02-16 17:15:57.465430,London-e17a,5,23,Normal
2026-02-16 17:15:58.465430,London-e17a,3,33,Normal
2026-02-16 17:15:59.465430,London-e17a,-22,99,Normal
2026-02-16 17:16:00.465430,London-e17a,5,15,Normal
2026-02-16 17:16:01.465430,London-e17a,19,17,Normal
2026-02-16 17:16:02.465430,London-e17a,16,91,Normal
2026-02-16 17:16:03.465430,London-e17a,33,5,Normal
2026-02-16 17:16:04.465430,London-e17a,37,94,Normal
2026-02-16 17:16:05.465430,London-e17a,-8,15,Normal
2026-02-16 17:16:06.465430,London-e17a,21,81,Normal
2026-02-16 17:16:07.465430,London-e17a,44,25,Normal
2026-02-16 17:16:08.465430,London-e17a,36,94,Normal
2026-02-16 17:16:09.465430,London-e17a,-3,55,Normal
2026-02-16 17:16:10.465430,London-e17a,41,80,Normal
2026-02-16 17:16:11.465430,London-e17a,-9,98,Normal
2026-02-16 17:16:12.465430,London-e17a,-17,67,Normal
2026-02-16 17:16:13.465430,London-e17a,50,21,Normal
2026-02-16 17:16:14.465430,London-e17a,8,85,Normal
2026-02-16 17:16:15.465430,London-e17a,37,81,Normal
2026-02-16 17:16:16.465430,London-e17a,12,96,Normal
2026-02-16 17:16:17.465430,London-e17a,-26,58,Normal
2026-02-16 17:16:18.465430,London-e17a,2,79,Normal
2026-02-16 17:16:19.465430,London-e17a,-2,67,Normal
2026-02-16 17:16:20.465430,London-e17a,-25,84,Normal
2026-02-16 17:16:21.465430,London-e17a,-16,19,Normal
2026-02-16 17:16:22.465430,London-e17a,-19,80,Normal
2026-02-16 17:16:23.465430,London-e17a,43,76,Normal
2026-02-16 17:16:24.465430,London-e17a,-26,9,Normal
2026-02-16 17:16:25.465430,London-e17a,-11,94,Normal
2026-02-16 17:16:26.465430,London-e17a,-10,55,Normal
2026-02-16 17:16:27.465430,London-e17a,10,6,Normal
2026-02-16 17:16:28.465430,London-e17a,-11,0,Normal
2026-02-16 17:16:29.465430,London-e17a,8,17,Normal
2026-02-16 17:16:30.465430,London-e17a,42,33,Normal
2026-02-16 17:16:31.465430,London-e17a,18,31,Normal
2026-02-16 17:16:32.465430,London-e17a,31,19,Normal
2026-02-16 17:16:33.465430,London-e17a,-27,29,Normal
2026-02-16 17:16:34.465430,London-e17a,24,37,Normal
2026-02-16 17:16:35.465430,London-e17a,-17,55,Normal
2026-02-16 17:16:36.465430,London-e17a,-27,10,Normal
2026-02-16 17:16:37.465430,London-e17a,-1,35,Normal
2026-02-16 17:16:38.465430,London-e17a,21,17,Normal
2026-02-16 17:16:39.465430,London-e17a,8,15,Normal
2026-02-16 17:16:40.465430,London-e17a,41,52,Normal
2026-02-16 17:16:41.465430,London-e17a,8,76,Normal
2026-02-16 17:16:42.465430,London-e17a,-2,71,Normal
2026-02-16 17:16:43.465430,London-e17a,19,31,Normal
2026-02-16 17:16:44.465430,London-e17a,-17,92,Normal
2026-02-16 17:16:45.465430,London-e17a,28,66,Normal
2026-02-16 17:16:46.465430,London-e17a,10,29,Normal
2026-02-16 17:16:47.465430,London-e17a,-17,63,Normal
2026-02-16 17:16:48.465430,London-e17a,19,89,Normal
2026-02-16 17:16:49.465430,London-e17a,14,91,Normal
2026-02-16 17:16:50.465430,London-e17a,26,2,Normal
2026-02-16 17:16:51.465430,London-e17a,43,62,Normal
2026-02-16 17:16:52.465430,London-e17a,2,82,Normal
2026-02-16 17:16:53.465430,London-e17a,-25,27,Normal
2026-02-16 17:16:54.465430,London-e17a,30,27,Normal
2026-02-16 17:16:55.465430,London-e17a,-23,7,Normal
2026-02-16 17:16:56.465430,London-e17a,-16,15,Normal
2026-02-16 17:16:57.465430,London-e17a,-8,79,Normal
2026-02-16 17:16:58.465430,London-e17a,-9,67,Normal
2026-02-16 17:16:59.465430,London-e17a,14,47,Normal
2026-02-16 17:17:00.465430,London-e17a,31,12,Normal
2026-02-16 17:17:01.465430,London-e17a,-29,3,Normal
2026-02-16 17:17:02.465430,London-e17a,-24,85,Normal
2026-02-16 17:17:03.465430,London-e17a,46,44,Normal
2026-02-16 17:17:04.465430,London-e17a,0,75,Normal
2026-02-16 17:17:05.465430,London-e17a,35,24,Normal
2026-02-16 17:17:06.465430,London-e17a,2,81,Normal
2026-02-16 17:17:07.465430,London-e17a,35,64,Normal
2026-02-16 17:17:08.465430,London-e17a,-7,54,Normal
2026-02-16 17:17:09.465430,London-e17a,20,6,Normal
2026-02-16 17:17:10.465430,London-e17a,-23,64,Normal
2026-02-16 17:17:11.465430,London-e17a,-21,8,Normal
2026-02-16 17:17:12.465430,London-e17a,-27,81,Normal
2026-02-16 17:17:13.465430,London-e17a,-7,18,Normal
2026-02-16 17:17:14.465430,London-e17a,44,55,Normal
2026-02-16 17:17:15.465430,London-e17a,-3,71,Normal
2026-02-16 17:17:16.465430,London-e17a,47,31,Normal
2026-02-16 17:17:17.465430,London-e17a,-6,39,Normal
2026-02-16 17:17:18.465430,London-e17a,47,39,Normal
2026-02-16 17:17:19.465430,London-e17a,26,73,Normal
2026-02-16 17:17:20.465430,London-e17a,-28,87,Normal
2026-02-16 17:17:21.465430,London-e17a,50,79,Normal
2026-02-16 17:17:22.465430,London-e17a,46,51,Normal
2026-02-16 17:17:23.465430,London-e17a,-21,35,Normal
2026-02-16 17:17:24.465430,London-e17a,39,67,Normal
2026-02-16 17:17:25.465430,London-e17a,-9,40,Normal
2026-02-16 17:17:26.465430,London-e17a,16,28,Normal
2026-02-16 17:17:27.465430,London-e17a,38,72,Normal
2026-02-16 17:17:28.465430,London-e17a,14,42,Normal
2026-02-16 17:17:29.465430,London-e17a,29,90,Normal
2026-02-16 17:17:30.465430,London-e17a,47,87,Normal
2026-02-16 17:17:31.465430,London-e17a,50,58,Normal
2026-02-16 17:17:32.465430,London-e17a,36,68,Normal
2026-02-16 17:17:33.465430,London-e17a,-23,49,Normal
2026-02-16 17:17:34.465430,London-e17a,2,87,Normal
2026-02-16 17:17:35.465430,London-e17a,17,79,Normal
2026-02-16 17:17:36.465430,London-e17a,-3,10,Normal
2026-02-16 17:17:37.465430,London-e17a,16,91,Normal
2026-02-16 17:17:38.465430,London-e17a,-24,31,Normal
2026-02-16 17:17:39.465430,London-e17a,4,96,Normal
2026-02-16 17:17:40.465430,London-e17a,2,30,Normal
2026-02-16 17:17:41.465430,London-e17a,27,92,Normal
2026-02-16 17:17:42.465430,London-e17a,-4,89,Normal
2026-02-16 17:17:43.465430,London-e17a,-5,73,Normal
2026-02-16 17:17:44.465430,London-e17a,-1,98,Normal
2026-02-16 17:17:45.465430,London-e17a,-3,93,Normal
2026-02-16 17:17:46.465430,London-e17a,-26,55,Normal
2026-02-16 17:17:47.465430,London-e17a,30,60,Normal
2026-02-16 17:17:48.465430,London-e17a,18,52,Normal
2026-02-16 17:17:49.465430,London-e17a,28,1,Normal
2026-02-16 17:17:50.465430,London-e17a,17,6,Normal
2026-02-16 17:17:51.465430,London-e17a,-19,85,Normal
2026-02-16 17:17:52.465430,London-e17a,50,87,Normal
2026-02-16 17:17:53.465430,London-e17a,34,86,Normal
2026-02-16 17:17:54.465430,London-e17a,33,50,Normal
2026-02-16 17:17:55.465430,London-e17a,-18,4,Normal
2026-02-16 17:17:56.465430,London-e17a,45,14,Normal
2026-02-16 17:17:57.465430,London-e17a,10,63,Normal
2026-02-16 17:17:58.465430,London-e17a,45,78,Normal
2026-02-16 17:17:59.465430,London-e17a,12,30,Normal
2026-02-16 17:18:00.465430,London-e17a,21,84,Normal
2026-02-16 17:18:01.465430,London-e17a,-4,85,Normal
2026-02-16 17:18:02.465430,London-e17a,49,39,Normal
2026-02-16 17:18:03.465430,London-e17a,28,41,Normal
2026-02-16 17:18:04.465430,London-e17a,23,47,Normal
2026-02-16 17:18:05.465430,London-e17a,21,43,Normal
2026-02-16 17:18:06.465430,London-e17a,21,17,Normal
2026-02-16 17:18:07.465430,London-e17a,28,8,Normal
2026-02-16 17:18:08.465430,London-e17a,46,18,Normal
2026-02-16 17:18:09.465430,London-e17a,44,71,Normal
2026-02-16 17:18:10.465430,London-e17a,-16,16,Normal
2026-02-16 17:18:11.465430,London-e17a,49,36,Normal
2026-02-16 17:18:12.465430,London-e17a,-14,11,Normal
2026-02-16 17:18:13.465430,London-e17a,8,7,Normal
2026-02-16 17:18:14.465430,London-e17a,24,8,Normal
2026-02-16 17:18:15.465430,London-e17a,-5,50,Normal
2026-02-16 17:18:16.465430,London-e17a,-26,59,Normal
2026-02-16 17:18:17.465430,London-e17a,35,62,Normal
2026-02-16 17:18:18.465430,London-e17a,-1,43,Normal
2026-02-16 17:18:19.465430,London-e17a,-10,66,Normal
2026-02-16 17:18:20.465430,London-e17a,-17,21,Normal
2026-02-16 17:18:21.465430,London-e17a,-7,54,Normal
2026-02-16 17:18:22.465430,London-e17a,-6,52,Normal
2026-02-16 17:18:23.465430,London-e17a,-8,9,Normal
2026-02-16 17:18:24.465430,London-e17a,24,34,Normal
2026-02-16 17:18:25.465430,London-e17a,-20,18,Normal
2026-02-16 17:18:26.465430,London-e17a,24,44,Normal
2026-02-16 17:18:27.465430,London-e17a,29,61,Normal
2026-02-16 17:18:28.465430,London-e17a,-3,69,Normal
2026-02-16 17:18:29.465430,London-e17a,7,67,Normal
2026-02-16 17:18:30.465430,London-e17a,-10,12,Normal
2026-02-16 17:18:31.465430,London-e17a,9,61,Normal
2026-02-16 17:18:32.465430,London-e17a,39,72,Normal
2026-02-16 17:18:33.465430,London-e17a,-6,73,Normal
2026-02-16 17:18:34.465430,London-e17a,-21,37,Normal
2026-02-16 17:18:35.465430,London-e17a,7,28,Normal
2026-02-16 17:18:36.465430,London-e17a,-8,82,Normal
2026-02-16 17:18:37.465430,London-e17a,39,5,Normal
2026-02-16 17:18:38.465430,London-e17a,-29,64,Normal
2026-02-16 17:18:39.465430,London-e17a,10,29,Normal
2026-02-16 17:18:40.465430,London-e17a,3,38,Normal
2026-02-16 17:18:41.465430,London-e17a,30,86,Normal
2026-02-16 17:18:42.465430,London-e17a,28,28,Normal
2026-02-16 17:18:43.465430,London-e17a,28,49,Normal
2026-02-16 17:18:44.465430,London-e17a,9,7,Normal
2026-02-16 17:18:45.465430,London-e17a,-12,48,Normal
2026-02-16 17:18:46.465430,London-e17a,16,30,Normal
2026-02-16 17:18:47.465430,London-e17a,39,55,Normal
2026-02-16 17:18:48.465430,London-e17a,4,59,Normal
2026-02-16 17:18:49.465430,London-e17a,20,89,Normal
2026-02-16 17:18:50.465430,London-e17a,25,48,Normal
2026-02-16 17:18:51.465430,London-e17a,27,30,Normal
2026-02-16 17:18:52.465430,London-e17a,-14,53,Normal
2026-02-16 17:18:53.465430,London-e17a,38,61,Normal
2026-02-16 17:18:54.465430,London-e17a,-2,31,Normal
2026-02-16 17:18:55.465430,London-e17a,24,88,Normal
2026-02-16 17:18:56.465430,London-e17a,5,57,Normal
2026-02-16 17:18:57.465430,London-e17a,-23,50,Normal
2026-02-16 17:18:58.465430,London-e17a,19,34,Normal
2026-02-16 17:18:59.465430,London-e17a,46,1,Normal
2026-02-16 17:19:00.465430,London-e17a,43,74,Normal
2026-02-16 17:19:01.465430,London-e17a,35,6,Normal
2026-02-16 17:19:02.465430,London-e17a,11,40,Normal
2026-02-16 17:19:03.465430,London-e17a,1,8,Normal
2026-02-16 17:19:04.465430,London-e17a,44,15,Normal
2026-02-16 17:19:05.465430,London-e17a,45,22,Normal
2026-02-16 17:19:06.465430,London-e17a,1,54,Normal
2026-02-16 17:19:07.465430,London-e17a,-9,67,Normal
2026-02-16 17:19:08.465430,London-e17a,43,12,Normal
2026-02-16 17:19:09.465430,London-e17a,35,62,Normal
2026-02-16 17:19:10.465430,London-e17a,-23,22,Normal
2026-02-16 17:19:11.465430,London-e17a,14,61,Normal
2026-02-16 17:19:12.465430,London-e17a,22,94,Normal
2026-02-16 17:19:13.465430,London-e17a,35,39,Normal
2026-02-16 17:19:14.465430,London-e17a,40,6,Normal
2026-02-16 17:19:15.465430,London-e17a,46,77,Normal
2026-02-16 17:19:16.465430,London-e17a,-28,7,Normal
2026-02-16 17:19:17.465430,London-e17a,-12,10,Normal
2026-02-16 17:19:18.465430,London-e17a,13,89,Normal
2026-02-16 17:19:19.465430,London-e17a,-6,52,Normal
2026-02-16 17:19:20.465430,London-e17a,18,87,Normal
2026-02-16 17:19:21.465430,London-e17a,-14,72,Normal
2026-02-16 17:19:22.465430,London-e17a,21,22,Normal
2026-02-16 17:19:23.465430,London-e17a,33,26,Normal
2026-02-16 17:19:24.465430,London-e17a,-17,62,Normal
2026-02-16 17:19:25.465430,London-e17a,34,25,Normal
2026-02-16 17:19:26.465430,London-e17a,42,76,Normal
2026-02-16 17:19:27.465430,London-e17a,-12,22,Normal
2026-02-16 17:19:28.465430,London-e17a,38,4,Normal
2026-02-16 17:19:29.465430,London-e17a,9,43,Normal
2026-02-16 17:19:30.465430,London-e17a,-8,6,Normal
2026-02-16 17:19:31.465430,London-e17a,-19,46,Normal
2026-02-16 17:19:32.465430,London-e17a,17,85,Normal
2026-02-16 17:19:33.465430,London-e17a,-21,14,Normal
2026-02-16 17:19:34.465430,London-e17a,-7,24,Normal
2026-02-16 17:19:35.465430,London-e17a,-30,22,Normal
2026-02-16 17:19:36.465430,London-e17a,11,83,Normal
2026-02-16 17:19:37.465430,London-e17a,1,92,Normal
2026-02-16 17:19:38.465430,London-e17a,27,85,Normal
2026-02-16 17:19:39.465430,London-e17a,22,64,Normal
2026-02-16 17:19:40.465430,London-e17a,14,59,Normal
2026-02-16 17:19:41.465430,London-e17a,28,28,Normal
2026-02-16 17:19:42.465430,London-e17a,-10,40,Normal
2026-02-16 17:19:43.465430,London-e17a,10,99,Normal
2026-02-16 17:19:44.465430,London-e17a,24,73,Normal
2026-02-16 17:19:45.465430,London-e17a,-15,8,Normal
2026-02-16 17:19:46.465430,London-e17a,2,71,Normal
2026-02-16 17:19:47.465430,London-e17a,39,16,Normal
2026-02-16 17:19:48.465430,London-e17a,-16,77,Normal
2026-02-16 17:19:49.465430,London-e17a,-12,9,Normal
2026-02-16 17:19:50.465430,London-e17a,-7,81,Normal
2026-02-16 17:19:51.465430,London-e17a,31,59,Normal
2026-02-16 17:19:52.465430,London-e17a,4,21,Normal
2026-02-16 17:19:53.465430,London-e17a,39,87,Normal
2026-02-16 17:19:54.465430,London-e17a,20,98,Normal
2026-02-16 17:19:55.465430,London-e17a,-2,73,Normal
2026-02-16 17:19:56.465430,London-e17a,45,44,Normal
2026-02-16 17:19:57.465430,London-e17a,49,12,Normal
2026-02-16 17:19:58.465430,London-e17a,-27,83,Normal
2026-02-16 17:19:59.465430,London-e17a,41,94,Normal
2026-02-16 17:20:00.465430,London-e17a,-29,65,Normal
2026-02-16 17:20:01.465430,London-e17a,45,24,Normal
2026-02-16 17:20:02.465430,London-e17a,4,38,Normal
2026-02-16 17:20:03.465430,London-e17a,-22,30,Normal
2026-02-16 17:20:04.465430,London-e17a,23,65,Normal
2026-02-16 17:20:05.465430,London-e17a,41,30,Normal
2026-02-16 17:20:06.465430,London-e17a,19,42,Normal
2026-02-16 17:20:07.465430,London-e17a,21,59,Normal
2026-02-16 17:20:08.465430,London-e17a,-14,51,Normal
2026-02-16 17:20:09.465430,London-e17a,44,63,Normal
2026-02-16 17:20:10.465430,London-e17a,0,38,Normal
2026-02-16 17:20:11.465430,London-e17a,-30,19,Normal
2026-02-16 17:20:12.465430,London-e17a,-6,58,Normal
2026-02-16 17:20:13.465430,London-e17a,45,2,Normal
2026-02-16 17:20:14.465430,London-e17a,26,21,Normal
2026-02-16 17:20:15.465430,London-e17a,32,78,Normal
2026-02-16 17:20:16.465430,London-e17a,5,54,Normal
2026-02-16 17:20:17.465430,London-e17a,21,1,Normal
2026-02-16 17:20:18.465430,London-e17a,27,84,Normal
2026-02-16 17:20:19.465430,London-e17a,24,41,Normal
2026-02-16 17:20:20.465430,London-e17a,-20,41,Normal
2026-02-16 17:20:21.465430,London-e17a,43,93,Normal
2026-02-16 17:20:22.465430,London-e17a,31,57,Normal
2026-02-16 17:20:23.465430,London-e17a,45,31,Normal
2026-02-16 17:20:24.465430,London-e17a,-2,88,Normal
2026-02-16 17:20:25.465430,London-e17a,38,100,Normal
2026-02-16 17:20:26.465430,London-e17a,-29,59,Normal
2026-02-16 17:20:27.465430,London-e17a,-1,5,Normal
2026-02-16 17:20:28.465430,London-e17a,-13,20,Normal
2026-02-16 17:20:29.465430,London-e17a,27,18,Normal
2026-02-16 17:20:30.465430,London-e17a,32,92,Normal
2026-02-16 17:20:31.465430,London-e17a,-20,43,Normal
2026-02-16 17:20:32.465430,London-e17a,21,100,Normal
2026-02-16 17:20:33.465430,London-e17a,26,66,Normal
2026-02-16 17:20:34.465430,London-e17a,42,88,Normal
2026-02-16 17:20:35.465430,London-e17a,-20,43,Normal
2026-02-16 17:20:36.465430,London-e17a,34,67,Normal
2026-02-16 17:20:37.465430,London-e17a,-25,26,Normal
2026-02-16 17:20:38.465430,London-e17a,-12,29,Normal
2026-02-16 17:20:39.465430,London-e17a,44,69,Normal
2026-02-16 17:20:40.465430,London-e17a,-19,36,Normal
2026-02-16 17:20:41.465430,London-e17a,25,80,Normal
2026-02-16 17:20:42.465430,London-e17a,31,43,Normal
2026-02-16 17:20:43.465430,London-e17a,29,84,Normal
2026-02-16 17:20:44.465430,London-e17a,1,77,Normal
2026-02-16 17:20:45.465430,London-e17a,32,26,Normal
2026-02-16 17:20:46.465430,London-e17a,4,71,Normal
2026-02-16 17:20:47.465430,London-e17a,3,12,Normal
2026-02-16 17:20:48.465430,London-e17a,50,29,Normal
2026-02-16 17:20:49.465430,London-e17a,1,87,Normal
2026-02-16 17:20:50.465430,London-e17a,-16,99,Normal
2026-02-16 17:20:51.465430,London-e17a,4,64,Normal
2026-02-16 17:20:52.465430,London-e17a,43,45,Normal
2026-02-16 17:20:53.465430,London-e17a,26,80,Normal
2026-02-16 17:20:54.465430,London-e17a,-12,46,Normal
2026-02-16 17:20:55.465430,London-e17a,9,77,Normal
2026-02-16 17:20:56.465430,London-e17a,30,46,Normal
2026-02-16 17:20:57.465430,London-e17a,2,10,Normal
2026-02-16 17:20:58.465430,London-e17a,-17,29,Normal
2026-02-16 17:20:59.465430,London-e17a,-1,38,Normal
2026-02-16 17:21:00.465430,London-e17a,-8,55,Normal
2026-02-16 17:21:01.465430,London-e17a,-5,33,Normal
2026-02-16 17:21:02.465430,London-e17a,14,84,Normal
2026-02-16 17:21:03.465430,London-e17a,29,43,Normal
2026-02-16 17:21:04.465430,London-e17a,-21,51,Normal
2026-02-16 17:21:05.465430,London-e17a,-7,5,Normal
2026-02-16 17:21:06.465430,London-e17a,21,88,Normal
2026-02-16 17:21:07.465430,London-e17a,-16,73,Normal
2026-02-16 17:21:08.465430,London-e17a,46,32,Normal
2026-02-16 17:21:09.465430,London-e17a,6,68,Normal
2026-02-16 17:21:10.465430,London-e17a,14,27,Normal
2026-02-16 17:21:11.465430,London-e17a,27,66,Normal
2026-02-16 17:21:12.465430,London-e17a,-24,20,Normal
2026-02-16 17:21:13.465430,London-e17a,5,21,Normal
2026-02-16 17:21:14.465430,London-e17a,-7,58,Normal
2026-02-16 17:21:15.465430,London-e17a,43,100,Normal
2026-02-16 17:21:16.465430,London-e17a,37,68,Normal
2026-02-16 17:21:17.465430,London-e17a,-9,27,Normal
2026-02-16 17:21:18.465430,London-e17a,-1,63,Normal
2026-02-16 17:21:19.465430,London-e17a,29,47,Normal
2026-02-16 17:21:20.465430,London-e17a,40,15,Normal
2026-02-16 17:21:21.465430,London-e17a,-15,39,Normal
2026-02-16 17:21:22.465430,London-e17a,-22,89,Normal
2026-02-16 17:21:23.465430,London-e17a,29,58,Normal
2026-02-16 17:21:24.465430,London-e17a,43,45,Normal
2026-02-16 17:21:25.465430,London-e17a,-14,24,Normal
2026-02-16 17:21:26.465430,London-e17a,4,60,Normal
2026-02-16 17:21:27.465430,London-e17a,12,30,Normal
2026-02-16 17:21:28.465430,London-e17a,27,66,Normal
2026-02-16 17:21:29.465430,London-e17a,15,0,Normal
2026-02-16 17:21:30.465430,London-e17a,36,54,Normal
2026-02-16 17:21:31.465430,London-e17a,-1,93,Normal
2026-02-16 17:21:32.465430,London-e17a,4,47,Normal
2026-02-16 17:21:33.465430,London-e17a,-28,83,Normal
2026-02-16 17:21:34.465430,London-e17a,10,20,Normal
2026-02-16 17:21:35.465430,London-e17a,50,100,Normal
2026-02-16 17:21:36.465430,London-e17a,20,29,Normal
2026-02-16 17:21:37.465430,London-e17a,42,83,Normal
2026-02-16 17:21:38.465430,London-e17a,-23,82,Normal
2026-02-16 17:21:39.465430,London-e17a,13,21,Normal
2026-02-16 17:21:40.465430,London-e17a,-11,29,Normal
2026-02-16 17:21:41.465430,London-e17a,5,9,Normal
2026-02-16 17:21:42.465430,London-e17a,49,48,Normal
2026-02-16 17:21:43.465430,London-e17a,37,27,Normal
2026-02-16 17:21:44.465430,London-e17a,-15,60,Normal
2026-02-16 17:21:45.465430,London-e17a,34,89,Normal
2026-02-16 17:21:46.465430,London-e17a,1,98,Normal
2026-02-16 17:21:47.465430,London-e17a,-18,45,Normal
2026-02-16 17:21:48.465430,London-e17a,48,49,Normal
2026-02-16 17:21:49.465430,London-e17a,-29,99,Normal
2026-02-16 17:21:50.465430,London-e17a,-11,28,Normal
2026-02-16 17:21:51.465430,London-e17a,45,69,Normal
2026-02-16 17:21:52.465430,London-e17a,21,99,Normal
2026-02-16 17:21:53.465430,London-e17a,-21,54,Normal
2026-02-16 17:21:54.465430,London-e17a,21,97,Normal
2026-02-16 17:21:55.465430,London-e17a,-5,29,Normal
2026-02-16 17:21:56.465430,London-e17a,47,52,Normal
2026-02-16 17:21:57.465430,London-e17a,12,73,Normal
2026-02-16 17:21:58.465430,London-e17a,8,60,Normal
2026-02-16 17:21:59.465430,London-e17a,47,12,Normal
2026-02-16 17:22:00.465430,London-e17a,-5,88,Normal
2026-02-16 17:22:01.465430,London-e17a,-7,90,Normal
2026-02-16 17:22:02.465430,London-e17a,16,43,Normal
2026-02-16 17:22:03.465430,London-e17a,-7,59,Normal
2026-02-16 17:22:04.465430,London-e17a,40,31,Normal
2026-02-16 17:22:05.465430,London-e17a,41,10,Normal
2026-02-16 17:22:06.465430,London-e17a,29,99,Normal
2026-02-16 17:22:07.465430,London-e17a,36,9,Normal
2026-02-16 17:22:08.465430,London-e17a,18,59,Normal
2026-02-16 17:22:09.465430,London-e17a,41,64,Normal
2026-02-16 17:22:10.465430,London-e17a,31,53,Normal
2026-02-16 17:22:11.465430,London-e17a,-29,56,Normal
2026-02-16 17:22:12.465430,London-e17a,10,69,Normal
2026-02-16 17:22:13.465430,London-e17a,22,16,Normal
2026-02-16 17:22:14.465430,London-e17a,27,84,Normal
2026-02-16 17:22:15.465430,London-e17a,16,32,Normal
2026-02-16 17:22:16.465430,London-e17a,33,43,Normal
2026-02-16 17:22:17.465430,London-e17a,-7,0,Normal
2026-02-16 17:22:18.465430,London-e17a,2,7,Normal
2026-02-16 17:22:19.465430,London-e17a,48,77,Normal
2026-02-16 17:22:20.465430,London-e17a,-22,91,Normal
2026-02-16 17:22:21.465430,London-e17a,29,61,Normal
2026-02-16 17:22:22.465430,London-e17a,-1,82,Normal
2026-02-16 17:22:23.465430,London-e17a,-25,72,Normal
2026-02-16 17:22:24.465430,London-e17a,-3,78,Normal
2026-02-16 17:22:25.465430,London-e17a,-28,98,Normal
2026-02-16 17:22:26.465430,London-e17a,1,62,Normal
2026-02-16 17:22:27.465430,London-e17a,44,14,Normal
2026-02-16 17:22:28.465430,London-e17a,-7,98,Normal
2026-02-16 17:22:29.465430,London-e17a,-11,71,Normal
2026-02-16 17:22:30.465430,London-e17a,13,37,Normal
2026-02-16 17:22:31.465430,London-e17a,-21,100,Normal
2026-02-16 17:22:32.465430,London-e17a,4,93,Normal
2026-02-16 17:22:33.465430,London-e17a,46,80,Normal
2026-02-16 17:22:34.465430,London-e17a,-21,5,Normal
2026-02-16 17:22:35.465430,London-e17a,-27,16,Normal
2026-02-16 17:22:36.465430,London-e17a,-9,54,Normal
2026-02-16 17:22:37.465430,London-e17a,46,91,Normal
2026-02-16 17:22:38.465430,London-e17a,37,6,Normal
2026-02-16 17:22:39.465430,London-e17a,26,29,Normal
2026-02-16 17:22:40.465430,London-e17a,-15,36,Normal
2026-02-16 17:22:41.465430,London-e17a,-24,32,Normal
2026-02-16 17:22:42.465430,London-e17a,18,11,Normal
2026-02-16 17:22:43.465430,London-e17a,-27,60,Normal
2026-02-16 17:22:44.465430,London-e17a,36,16,Normal
2026-02-16 17:22:45.465430,London-e17a,-19,58,Normal
2026-02-16 17:22:46.465430,London-e17a,17,24,Normal
2026-02-16 17:22:47.465430,London-e17a,-3,68,Normal
2026-02-16 17:22:48.465430,London-e17a,47,93,Normal
2026-02-16 17:22:49.465430,London-e17a,-28,43,Normal
2026-02-16 17:22:50.465430,London-e17a,34,94,Normal
2026-02-16 17:22:51.465430,London-e17a,-18,13,Normal
2026-02-16 17:22:52.465430,London-e17a,-25,84,Normal
2026-02-16 17:22:53.465430,London-e17a,33,3,Normal
2026-02-16 17:22:54.465430,London-e17a,46,34,Normal
2026-02-16 17:22:55.465430,London-e17a,-15,74,Normal
2026-02-16 17:22:56.465430,London-e17a,28,41,Normal
2026-02-16 17:22:57.465430,London-e17a,-21,96,Normal
2026-02-16 17:22:58.465430,London-e17a,19,98,Normal
2026-02-16 17:22:59.465430,London-e17a,-30,38,Normal
2026-02-16 17:23:00.465430,London-e17a,15,71,Normal
2026-02-16 17:23:01.465430,London-e17a,47,91,Normal
2026-02-16 17:23:02.465430,London-e17a,26,62,Normal
2026-02-16 17:23:03.465430,London-e17a,-27,11,Normal
2026-02-16 17:23:04.465430,London-e17a,1,43,Normal
2026-02-16 17:23:05.465430,London-e17a,-16,68,Normal
2026-02-16 17:23:06.465430,London-e17a,34,56,Normal
2026-02-16 17:23:07.465430,London-e17a,18,5,Normal
2026-02-16 17:23:08.465430,London-e17a,13,19,Normal
2026-02-16 17:23:09.465430,London-e17a,46,86,Normal
2026-02-16 17:23:10.465430,London-e17a,-7,100,Normal
2026-02-16 17:23:11.465430,London-e17a,-17,28,Normal
2026-02-16 17:23:12.465430,London-e17a,-12,44,Normal
2026-02-16 17:23:13.465430,London-e17a,28,83,Normal
2026-02-16 17:23:14.465430,London-e17a,13,96,Normal
2026-02-16 17:23:15.465430,London-e17a,-26,50,Normal
2026-02-16 17:23:16.465430,London-e17a,29,49,Normal
2026-02-16 17:23:17.465430,London-e17a,-18,51,Normal
2026-02-16 17:23:18.465430,London-e17a,36,5,Normal
2026-02-16 17:23:19.465430,London-e17a,34,62,Normal
2026-02-16 17:23:20.465430,London-e17a,-11,53,Normal
2026-02-16 17:23:21.465430,London-e17a,-16,1,Normal
2026-02-16 17:23:22.465430,London-e17a,47,86,Normal
2026-02-16 17:23:23.465430,London-e17a,-1,74,Normal
2026-02-16 17:23:24.465430,London-e17a,37,7,Normal
2026-02-16 17:23:25.465430,London-e17a,-27,43,Normal
2026-02-16 17:23:26.465430,London-e17a,-11,22,Normal
2026-02-16 17:23:27.465430,London-e17a,47,83,Normal
2026-02-16 17:23:28.465430,London-e17a,20,36,Normal
2026-02-16 17:23:29.465430,London-e17a,-5,19,Normal
2026-02-16 17:23:30.465430,London-e17a,18,42,Normal
2026-02-16 17:23:31.465430,London-e17a,22,61,Normal
2026-02-16 17:23:32.465430,London-e17a,-4,62,Normal
2026-02-16 17:23:33.465430,London-e17a,20,69,Normal
2026-02-16 17:23:34.465430,London-e17a,-1,62,Normal
2026-02-16 17:23:35.465430,London-e17a,-3,97,Normal
2026-02-16 17:23:36.465430,London-e17a,19,32,Normal
2026-02-16 17:23:37.465430,London-e17a,-24,21,Normal
2026-02-16 17:23:38.465430,London-e17a,3,57,Normal
2026-02-16 17:23:39.465430,London-e17a,48,41,Normal
2026-02-16 17:23:40.465430,London-e17a,19,96,Normal
2026-02-16 17:23:41.465430,London-e17a,15,93,Normal
2026-02-16 17:23:42.465430,London-e17a,-8,19,Normal
2026-02-16 17:23:43.465430,London-e17a,9,88,Normal
2026-02-16 17:23:44.465430,London-e17a,23,0,Normal
2026-02-16 17:23:45.465430,London-e17a,-24,21,Normal
2026-02-16 17:23:46.465430,London-e17a,-14,47,Normal
2026-02-16 17:23:47.465430,London-e17a,0,64,Normal
2026-02-16 17:23:48.465430,London-e17a,-17,7,Normal
2026-02-16 17:23:49.465430,London-e17a,38,87,Normal
2026-02-16 17:23:50.465430,London-e17a,50,0,Normal
2026-02-16 17:23:51.465430,London-e17a,38,42,Normal
2026-02-16 17:23:52.465430,London-e17a,36,25,Normal
2026-02-16 17:23:53.465430,London-e17a,5,42,Normal
2026-02-16 17:23:54.465430,London-e17a,27,94,Normal
2026-02-16 17:23:55.465430,London-e17a,-21,56,Normal
2026-02-16 17:23:56.465430,London-e17a,39,13,Normal
2026-02-16 17:23:57.465430,London-e17a,23,15,Normal
2026-02-16 17:23:58.465430,London-e17a,-4,8,Normal
2026-02-16 17:23:59.465430,London-e17a,11,81,Normal
2026-02-16 17:24:00.465430,London-e17a,0,63,Normal
2026-02-16 17:24:01.465430,London-e17a,23,74,Normal
2026-02-16 17:24:02.465430,London-e17a,44,1,Normal
2026-02-16 17:24:03.465430,London-e17a,-22,30,Normal
2026-02-16 17:24:04.465430,London-e17a,14,37,Normal
2026-02-16 17:24:05.465430,London-e17a,4,64,Normal
2026-02-16 17:24:06.465430,London-e17a,-27,74,Normal
2026-02-16 17:24:07.465430,London-e17a,-14,29,Normal
2026-02-16 17:24:08.465430,London-e17a,27,22,Normal
2026-02-16 17:24:09.465430,London-e17a,-22,54,Normal
2026-02-16 17:24:10.465430,London-e17a,14,47,Normal
2026-02-16 17:24:11.465430,London-e17a,15,61,Normal
2026-02-16 17:24:12.465430,London-e17a,19,68,Normal
2026-02-16 17:24:13.465430,London-e17a,3,48,Normal
2026-02-16 17:24:14.465430,London-e17a,-2,27,Normal
2026-02-16 17:24:15.465430,London-e17a,-27,74,Normal
2026-02-16 17:24:16.465430,London-e17a,7,19,Normal
2026-02-16 17:24:17.465430,London-e17a,3,47,Normal
2026-02-16 17:24:18.465430,London-e17a,-15,49,Normal
2026-02-16 17:24:19.465430,London-e17a,43,54,Normal
2026-02-16 17:24:20.465430,London-e17a,-30,17,Normal
2026-02-16 17:24:21.465430,London-e17a,-3,98,Normal
2026-02-16 17:24:22.465430,London-e17a,11,21,Normal
2026-02-16 17:24:23.465430,London-e17a,5,59,Normal
2026-02-16 17:24:24.465430,London-e17a,-16,27,Normal
2026-02-16 17:24:25.465430,London-e17a,-12,55,Normal
2026-02-16 17:24:26.465430,London-e17a,8,17,Normal
2026-02-16 17:24:27.465430,London-e17a,40,25,Normal
2026-02-16 17:24:28.465430,London-e17a,-8,31,Normal
2026-02-16 17:24:29.465430,London-e17a,30,99,Normal
2026-02-16 17:24:30.465430,London-e17a,-14,26,Normal
2026-02-16 17:24:31.465430,London-e17a,-4,54,Normal
2026-02-16 17:24:32.465430,London-e17a,-18,33,Normal
2026-02-16 17:24:33.465430,London-e17a,13,41,Normal
2026-02-16 17:24:34.465430,London-e17a,23,23,Normal
2026-02-16 17:24:35.465430,London-e17a,9,26,Normal
2026-02-16 17:24:36.465430,London-e17a,23,63,Normal
2026-02-16 17:24:37.465430,London-e17a,-17,10,Normal
2026-02-16 17:24:38.465430,London-e17a,45,67,Normal
2026-02-16 17:24:39.465430,London-e17a,43,70,Normal
2026-02-16 17:24:40.465430,London-e17a,28,98,Normal
2026-02-16 17:24:41.465430,London-e17a,9,89,Normal
2026-02-16 17:24:42.465430,London-e17a,-10,92,Normal
2026-02-16 17:24:43.465430,London-e17a,37,52,Normal
2026-02-16 17:24:44.465430,London-e17a,-25,47,Normal
2026-02-16 17:24:45.465430,London-e17a,25,70,Normal
2026-02-16 17:24:46.465430,London-e17a,-28,8,Normal
2026-02-16 17:24:47.465430,London-e17a,29,85,Normal
2026-02-16 17:24:48.465430,London-e17a,-30,42,Normal
2026-02-16 17:24:49.465430,London-e17a,42,20,Normal
2026-02-16 17:24:50.465430,London-e17a,41,41,Normal
2026-02-16 17:24:51.465430,London-e17a,22,39,Normal
2026-02-16 17:24:52.465430,London-e17a,-23,77,Normal
2026-02-16 17:24:53.465430,London-e17a,12,23,Normal
2026-02-16 17:24:54.465430,London-e17a,-15,37,Normal
2026-02-16 17:24:55.465430,London-e17a,36,33,Normal
2026-02-16 17:24:56.465430,London-e17a,25,94,Normal
2026-02-16 17:24:57.465430,London-e17a,31,78,Normal
2026-02-16 17:24:58.465430,London-e17a,11,96,Normal
2026-02-16 17:24:59.465430,London-e17a,-9,96,Normal
2026-02-16 17:25:00.465430,London-e17a,-30,33,Normal
2026-02-16 17:25:01.465430,London-e17a,39,68,Normal
2026-02-16 17:25:02.465430,London-e17a,-9,62,Normal
2026-02-16 17:25:03.465430,London-e17a,-19,90,Normal
2026-02-16 17:25:04.465430,London-e17a,9,69,Normal
2026-02-16 17:25:05.465430,London-e17a,-1,35,Normal
2026-02-16 17:25:06.465430,London-e17a,-8,93,Normal
2026-02-16 17:25:07.465430,London-e17a,42,31,Normal
2026-02-16 17:25:08.465430,London-e17a,43,36,Normal
2026-02-16 17:25:09.465430,London-e17a,38,12,Normal
2026-02-16 17:25:10.465430,London-e17a,-29,47,Normal
2026-02-16 17:25:11.465430,London-e17a,-1,13,Normal
2026-02-16 17:25:12.465430,London-e17a,-2,36,Normal
2026-02-16 17:25:13.465430,London-e17a,9,93,Normal
2026-02-16 17:25:14.465430,London-e17a,4,65,Normal
2026-02-16 17:25:15.465430,London-e17a,-10,45,Normal
2026-02-16 17:25:16.465430,London-e17a,35,94,Normal
2026-02-16 17:25:17.465430,London-e17a,23,24,Normal
2026-02-16 17:25:18.465430,London-e17a,5,25,Normal
2026-02-16 17:25:19.465430,London-e17a,7,15,Normal
2026-02-16 17:25:20.465430,London-e17a,27,47,Normal
2026-02-16 17:25:21.465430,London-e17a,38,31,Normal
2026-02-16 17:25:22.465430,London-e17a,32,38,Normal
2026-02-16 17:25:23.465430,London-e17a,35,36,Normal
2026-02-16 17:25:24.465430,London-e17a,32,66,Normal
2026-02-16 17:25:25.465430,London-e17a,28,88,Normal
2026-02-16 17:25:26.465430,London-e17a,-12,6,Normal
2026-02-16 17:25:27.465430,London-e17a,-26,26,Normal
2026-02-16 17:25:28.465430,London-e17a,-16,23,Normal
2026-02-16 17:25:29.465430,London-e17a,-3,67,Normal
2026-02-16 17:25:30.465430,London-e17a,12,67,Normal
2026-02-16 17:25:31.465430,London-e17a,-23,40,Normal
2026-02-16 17:25:32.465430,London-e17a,-13,32,Normal
2026-02-16 17:25:33.465430,London-e17a,28,89,Normal
2026-02-16 17:25:34.465430,London-e17a,8,30,Normal
2026-02-16 17:25:35.465430,London-e17a,31,81,Normal
2026-02-16 17:25:36.465430,London-e17a,10,85,Normal
2026-02-16 17:25:37.465430,London-e17a,18,30,Normal
2026-02-16 17:25:38.465430,London-e17a,40,90,Normal
2026-02-16 17:25:39.465430,London-e17a,-1,90,Normal
2026-02-16 17:25:40.465430,London-e17a,8,4,Normal
2026-02-16 17:25:41.465430,London-e17a,11,25,Normal
2026-02-16 17:25:42.465430,London-e17a,-23,58,Normal
2026-02-16 17:25:43.465430,London-e17a,18,50,Normal
2026-02-16 17:25:44.465430,London-e17a,47,97,Normal
2026-02-16 17:25:45.465430,London-e17a,2,61,Normal
2026-02-16 17:25:46.465430,London-e17a,13,62,Normal
2026-02-16 17:25:47.465430,London-e17a,23,22,Normal
2026-02-16 17:25:48.465430,London-e17a,29,36,Normal
2026-02-16 17:25:49.465430,London-e17a,-20,22,Normal
2026-02-16 17:25:50.465430,London-e17a,-1,43,Normal
2026-02-16 17:25:51.465430,London-e17a,-22,61,Normal
2026-02-16 17:25:52.465430,London-e17a,45,35,Normal
2026-02-16 17:25:53.465430,London-e17a,43,46,Normal
2026-02-16 17:25:54.465430,London-e17a,11,20,Normal
2026-02-16 17:25:55.465430,London-e17a,-1,13,Normal
2026-02-16 17:25:56.465430,London-e17a,40,26,Normal
2026-02-16 17:25:57.465430,London-e17a,15,25,Normal
2026-02-16 17:25:58.465430,London-e17a,-12,13,Normal
2026-02-16 17:25:59.465430,London-e17a,-4,14,Normal
2026-02-16 17:26:00.465430,London-e17a,18,39,Normal
2026-02-16 17:26:01.465430,London-e17a,36,73,Normal
2026-02-16 17:26:02.465430,London-e17a,36,10,Normal
2026-02-16 17:26:03.465430,London-e17a,49,44,Normal
2026-02-16 17:26:04.465430,London-e17a,7,56,Normal
2026-02-16 17:26:05.465430,London-e17a,2,23,Normal
2026-02-16 17:26:06.465430,London-e17a,8,85,Normal
2026-02-16 17:26:07.465430,London-e17a,-10,83,Normal
2026-02-16 17:26:08.465430,London-e17a,12,74,Normal
2026-02-16 17:26:09.465430,London-e17a,40,47,Normal
2026-02-16 17:26:10.465430,London-e17a,-11,33,Normal
2026-02-16 17:26:11.465430,London-e17a,36,24,Normal
2026-02-16 17:26:12.465430,London-e17a,-5,6,Normal
2026-02-16 17:26:13.465430,London-e17a,36,0,Normal
2026-02-16 17:26:14.465430,London-e17a,-9,97,Normal
2026-02-16 17:26:15.465430,London-e17a,34,63,Normal
2026-02-16 17:26:16.465430,London-e17a,14,10,Normal
2026-02-16 17:26:17.465430,London-e17a,5,91,Normal
2026-02-16 17:26:18.465430,London-e17a,42,29,Normal
2026-02-16 17:26:19.465430,London-e17a,37,63,Normal
2026-02-16 17:26:20.465430,London-e17a,23,100,Normal
2026-02-16 17:26:21.465430,London-e17a,5,6,Normal
2026-02-16 17:26:22.465430,London-e17a,-25,42,Normal
2026-02-16 17:26:23.465430,London-e17a,-29,94,Normal
2026-02-16 17:26:24.465430,London-e17a,49,38,Normal
2026-02-16 17:26:25.465430,London-e17a,15,54,Normal
2026-02-16 17:26:26.465430,London-e17a,-18,47,Normal
2026-02-16 17:26:27.465430,London-e17a,22,25,Normal
2026-02-16 17:26:28.465430,London-e17a,26,45,Normal
2026-02-16 17:26:29.465430,London-e17a,-21,74,Normal
2026-02-16 17:26:30.465430,London-e17a,-15,43,Normal
2026-02-16 17:26:31.465430,London-e17a,40,10,Normal
2026-02-16 17:26:32.465430,London-e17a,26,67,Normal
2026-02-16 17:26:33.465430,London-e17a,33,43,Normal
2026-02-16 17:26:34.465430,London-e17a,-13,74,Normal
2026-02-16 17:26:35.465430,London-e17a,39,54,Normal
2026-02-16 17:26:36.465430,London-e17a,-7,64,Normal
2026-02-16 17:26:37.465430,London-e17a,22,36,Normal
2026-02-16 17:26:38.465430,London-e17a,11,5,Normal
2026-02-16 17:26:39.465430,London-e17a,-22,46,Normal
2026-02-16 17:26:40.465430,London-e17a,-8,60,Normal
2026-02-16 17:26:41.465430,London-e17a,-4,71,Normal
2026-02-16 17:26:42.465430,London-e17a,-30,71,Normal
2026-02-16 17:26:43.465430,London-e17a,22,62,Normal
2026-02-16 17:26:44.465430,London-e17a,35,32,Normal
2026-02-16 17:26:45.465430,London-e17a,-14,70,Normal
2026-02-16 17:26:46.465430,London-e17a,-22,66,Normal
2026-02-16 17:26:47.465430,London-e17a,34,12,Normal
2026-02-16 17:26:48.465430,London-e17a,31,56,Normal
2026-02-16 17:26:49.465430,London-e17a,-18,8,Normal
2026-02-16 17:26:50.465430,London-e17a,15,13,Normal
2026-02-16 17:26:51.465430,London-e17a,5,79,Normal
2026-02-16 17:26:52.465430,London-e17a,2,84,Normal
2026-02-16 17:26:53.465430,London-e17a,-24,29,Normal
2026-02-16 17:26:54.465430,London-e17a,-16,54,Normal
2026-02-16 17:26:55.465430,London-e17a,23,20,Normal
2026-02-16 17:26:56.465430,London-e17a,13,34,Normal
2026-02-16 17:26:57.465430,London-e17a,20,56,Normal
2026-02-16 17:26:58.465430,London-e17a,-22,8,Normal
2026-02-16 17:26:59.465430,London-e17a,-7,16,Normal
2026-02-16 17:27:00.465430,London-e17a,-19,3,Normal
2026-02-16 17:27:01.465430,London-e17a,38,30,Normal
2026-02-16 17:27:02.465430,London-e17a,-26,67,Normal
2026-02-16 17:27:03.465430,London-e17a,-22,85,Normal
2026-02-16 17:27:04.465430,London-e17a,-8,31,Normal
2026-02-16 17:27:05.465430,London-e17a,22,27,Normal
2026-02-16 17:27:06.465430,London-e17a,22,49,Normal
2026-02-16 17:27:07.465430,London-e17a,43,32,Normal
2026-02-16 17:27:08.465430,London-e17a,47,92,Normal
2026-02-16 17:27:09.465430,London-e17a,-18,82,Normal
2026-02-16 17:27:10.465430,London-e17a,-16,35,Normal
2026-02-16 17:27:11.465430,London-e17a,-14,60,Normal
2026-02-16 17:27:12.465430,London-e17a,32,16,Normal
2026-02-16 17:27:13.465430,London-e17a,-22,69,Normal
2026-02-16 17:27:14.465430,London-e17a,16,42,Normal
2026-02-16 17:27:15.465430,London-e17a,29,23,Normal
2026-02-16 17:27:16.465430,London-e17a,-8,75,Normal
2026-02-16 17:27:17.465430,London-e17a,47,77,Normal
2026-02-16 17:27:18.465430,London-e17a,13,52,Normal
2026-02-16 17:27:19.465430,London-e17a,28,65,Normal
2026-02-16 17:27:20.465430,London-e17a,45,88,Normal
2026-02-16 17:27:21.465430,London-e17a,7,22,Normal
2026-02-16 17:27:22.465430,London-e17a,-21,82,Normal
2026-02-16 17:27:23.465430,London-e17a,28,69,Normal
2026-02-16 17:27:24.465430,London-e17a,16,4,Normal
2026-02-16 17:27:25.465430,London-e17a,-11,5,Normal
2026-02-16 17:27:26.465430,London-e17a,49,7,Normal
2026-02-16 17:27:27.465430,London-e17a,-21,79,Normal
2026-02-16 17:27:28.465430,London-e17a,-1,18,Normal
2026-02-16 17:27:29.465430,London-e17a,50,33,Normal
2026-02-16 17:27:30.465430,London-e17a,9,26,Normal
2026-02-16 17:27:31.465430,London-e17a,7,43,Normal
2026-02-16 17:27:32.465430,London-e17a,1,53,Normal
2026-02-16 17:27:33.465430,London-e17a,-21,41,Normal
2026-02-16 17:27:34.465430,London-e17a,38,78,Normal
2026-02-16 17:27:35.465430,London-e17a,-4,88,Normal
2026-02-16 17:27:36.465430,London-e17a,30,90,Normal
2026-02-16 17:27:37.465430,London-e17a,-4,37,Normal
2026-02-16 17:27:38.465430,London-e17a,-30,99,Normal
2026-02-16 17:27:39.465430,London-e17a,-1,47,Normal
2026-02-16 17:27:40.465430,London-e17a,47,24,Normal
2026-02-16 17:27:41.465430,London-e17a,-6,28,Normal
2026-02-16 17:27:42.465430,London-e17a,5,82,Normal
2026-02-16 17:27:43.465430,London-e17a,5,95,Normal
2026-02-16 17:27:44.465430,London-e17a,-16,18,Normal
2026-02-16 17:27:45.465430,London-e17a,-4,71,Normal
2026-02-16 17:27:46.465430,London-e17a,-1,92,Normal
2026-02-16 17:27:47.465430,London-e17a,21,14,Normal
2026-02-16 17:27:48.465430,London-e17a,25,65,Normal
2026-02-16 17:27:49.465430,London-e17a,2,69,Normal
2026-02-16 17:27:50.465430,London-e17a,-6,89,Normal
2026-02-16 17:27:51.465430,London-e17a,2,15,Normal
2026-02-16 17:27:52.465430,London-e17a,5,42,Normal
2026-02-16 17:27:53.465430,London-e17a,-2,98,Normal
2026-02-16 17:27:54.465430,London-e17a,5,42,Normal
2026-02-16 17:27:55.465430,London-e17a,50,79,Normal
2026-02-16 17:27:56.465430,London-e17a,-17,51,Normal
2026-02-16 17:27:57.465430,London-e17a,-24,76,Normal
2026-02-16 17:27:58.465430,London-e17a,-14,30,Normal
2026-02-16 17:27:59.465430,London-e17a,13,82,Normal
2026-02-16 17:28:00.465430,London-e17a,45,89,Normal
2026-02-16 17:28:01.465430,London-e17a,-13,85,Normal
2026-02-16 17:28:02.465430,London-e17a,35,42,Normal
2026-02-16 17:28:03.465430,London-e17a,10,96,Normal
2026-02-16 17:28:04.465430,London-e17a,46,97,Normal
2026-02-16 17:28:05.465430,London-e17a,23,66,Normal
2026-02-16 17:28:06.465430,London-e17a,18,72,Normal
2026-02-16 17:28:07.465430,London-e17a,3,59,Normal
2026-02-16 17:28:08.465430,London-e17a,13,35,Normal
2026-02-16 17:28:09.465430,London-e17a,31,58,Normal
2026-02-16 17:28:10.465430,London-e17a,-22,83,Normal
2026-02-16 17:28:11.465430,London-e17a,48,40,Normal
2026-02-16 17:28:12.465430,London-e17a,-2,28,Normal
2026-02-16 17:28:13.465430,London-e17a,23,37,Normal
2026-02-16 17:28:14.465430,London-e17a,-22,23,Normal
2026-02-16 17:28:15.465430,London-e17a,1,15,Normal
2026-02-16 17:28:16.465430,London-e17a,40,67,Normal
2026-02-16 17:28:17.465430,London-e17a,27,98,Normal
2026-02-16 17:28:18.465430,London-e17a,14,9,Normal
2026-02-16 17:28:19.465430,London-e17a,33,42,Normal
2026-02-16 17:28:20.465430,London-e17a,-8,43,Normal
2026-02-16 17:28:21.465430,London-e17a,50,51,Normal
2026-02-16 17:28:22.465430,London-e17a,26,66,Normal
2026-02-16 17:28:23.465430,London-e17a,15,60,Normal
2026-02-16 17:28:24.465430,London-e17a,41,42,Normal
2026-02-16 17:28:25.465430,London-e17a,50,25,Normal
2026-02-16 17:28:26.465430,London-e17a,-27,83,Normal
2026-02-16 17:28:27.465430,London-e17a,-9,38,Normal
2026-02-16 17:28:28.465430,London-e17a,19,64,Normal
2026-02-16 17:28:29.465430,London-e17a,25,62,Normal
2026-02-16 17:28:30.465430,London-e17a,25,82,Normal
2026-02-16 17:28:31.465430,London-e17a,5,32,Normal
2026-02-16 17:28:32.465430,London-e17a,-27,65,Normal
2026-02-16 17:28:33.465430,London-e17a,-29,43,Normal
2026-02-16 17:28:34.465430,London-e17a,5,11,Normal
2026-02-16 17:28:35.465430,London-e17a,-3,30,Normal
2026-02-16 17:28:36.465430,London-e17a,8,28,Normal
2026-02-16 17:28:37.465430,London-e17a,-26,0,Normal
2026-02-16 17:28:38.465430,London-e17a,44,83,Normal
2026-02-16 17:28:39.465430,London-e17a,18,72,Normal
2026-02-16 17:28:40.465430,London-e17a,31,45,Normal
2026-02-16 17:28:41.465430,London-e17a,-20,10,Normal
2026-02-16 17:28:42.465430,London-e17a,21,65,Normal
2026-02-16 17:28:43.465430,London-e17a,7,25,Normal
2026-02-16 17:28:44.465430,London-e17a,-14,9,Normal
2026-02-16 17:28:45.465430,London-e17a,1,89,Normal
2026-02-16 17:28:46.465430,London-e17a,-10,67,Normal
2026-02-16 17:28:47.465430,London-e17a,-10,61,Normal
2026-02-16 17:28:48.465430,London-e17a,31,13,Normal
2026-02-16 17:28:49.465430,London-e17a,15,97,Normal
2026-02-16 17:28:50.465430,London-e17a,-8,55,Normal
2026-02-16 17:28:51.465430,London-e17a,4,41,Normal
2026-02-16 17:28:52.465430,London-e17a,15,67,Normal
2026-02-16 17:28:53.465430,London-e17a,3,9,Normal
2026-02-16 17:28:54.465430,London-e17a,-5,38,Normal
2026-02-16 17:28:55.465430,London-e17a,-24,57,Normal
2026-02-16 17:28:56.465430,London-e17a,-30,34,Normal
2026-02-16 17:28:57.465430,London-e17a,50,51,Normal
2026-02-16 17:28:58.465430,London-e17a,11,67,Normal
2026-02-16 17:28:59.465430,London-e17a,11,77,Normal
2026-02-16 17:29:00.465430,London-e17a,-21,68,Normal
2026-02-16 17:29:01.465430,London-e17a,-2,98,Normal
2026-02-16 17:29:02.465430,London-e17a,35,82,Normal
2026-02-16 17:29:03.465430,London-e17a,11,74,Normal
2026-02-16 17:29:04.465430,London-e17a,-5,76,Normal
2026-02-16 17:29:05.465430,London-e17a,-6,93,Normal
2026-02-16 17:29:06.465430,London-e17a,-4,88,Normal
2026-02-16 17:29:07.465430,London-e17a,30,95,Normal
2026-02-16 17:29:08.465430,London-e17a,-20,40,Normal
2026-02-16 17:29:09.465430,London-e17a,19,100,Normal
2026-02-16 17:29:10.465430,London-e17a,2,100,Normal
2026-02-16 17:29:11.465430,London-e17a,6,37,Normal
2026-02-16 17:29:12.465430,London-e17a,24,78,Normal
2026-02-16 17:29:13.465430,London-e17a,-25,0,Normal
2026-02-16 17:29:14.465430,London-e17a,25,67,Normal
2026-02-16 17:29:15.465430,London-e17a,-20,83,Normal
2026-02-16 17:29:16.465430,London-e17a,-3,29,Normal
2026-02-16 17:29:17.465430,London-e17a,14,8,Normal
2026-02-16 17:29:18.465430,London-e17a,10,47,Normal
2026-02-16 17:29:19.465430,London-e17a,-24,1,Normal
2026-02-16 17:29:20.465430,London-e17a,-20,25,Normal
2026-02-16 17:29:21.465430,London-e17a,12,23,Normal
2026-02-16 17:29:22.465430,London-e17a,-25,74,Normal
2026-02-16 17:29:23.465430,London-e17a,15,22,Normal
2026-02-16 17:29:24.465430,London-e17a,-4,57,Normal
2026-02-16 17:29:25.465430,London-e17a,28,61,Normal
2026-02-16 17:29:26.465430,London-e17a,7,82,Normal
2026-02-16 17:29:27.465430,London-e17a,23,29,Normal
2026-02-16 17:29:28.465430,London-e17a,37,33,Normal
2026-02-16 17:29:29.465430,London-e17a,-9,61,Normal
2026-02-16 17:29:30.465430,London-e17a,22,91,Normal
2026-02-16 17:29:31.465430,London-e17a,2,7,Normal
2026-02-16 17:29:32.465430,London-e17a,16,18,Normal
2026-02-16 17:29:33.465430,London-e17a,-10,80,Normal
2026-02-16 17:29:34.465430,London-e17a,-22,15,Normal
2026-02-16 17:29:35.465430,London-e17a,33,48,Normal
2026-02-16 17:29:36.465430,London-e17a,-25,89,Normal
2026-02-16 17:29:37.465430,London-e17a,36,16,Normal
2026-02-16 17:29:38.465430,London-e17a,3,94,Normal
2026-02-16 17:29:39.465430,London-e17a,40,88,Normal
2026-02-16 17:29:40.465430,London-e17a,23,55,Normal
2026-02-16 17:29:41.465430,London-e17a,28,36,Normal
2026-02-16 17:29:42.465430,London-e17a,0,40,Normal
2026-02-16 17:29:43.465430,London-e17a,21,76,Normal
2026-02-16 17:29:44.465430,London-e17a,49,44,Normal
2026-02-16 17:29:45.465430,London-e17a,-17,97,Normal
2026-02-16 17:29:46.465430,London-e17a,50,91,Normal
2026-02-16 17:29:47.465430,London-e17a,-27,43,Normal
2026-02-16 17:29:48.465430,London-e17a,28,69,Normal
2026-02-16 17:29:49.465430,London-e17a,-22,31,Normal
2026-02-16 17:29:50.465430,London-e17a,23,7,Normal
2026-02-16 17:29:51.465430,London-e17a,-3,0,Normal
2026-02-16 17:29:52.465430,London-e17a,28,99,Normal
2026-02-16 17:29:53.465430,London-e17a,19,13,Normal
2026-02-16 17:29:54.465430,London-e17a,46,57,Normal
2026-02-16 17:29:55.465430,London-e17a,50,67,Normal
2026-02-16 17:29:56.465430,London-e17a,17,38,Normal
2026-02-16 17:29:57.465430,London-e17a,36,82,Normal
2026-02-16 17:29:58.465430,London-e17a,40,41,Normal
2026-02-16 17:29:59.465430,London-e17a,-19,48,Normal
2026-02-16 17:30:00.465430,London-e17a,-13,58,Normal
2026-02-16 17:30:01.465430,London-e17a,-14,66,Normal
2026-02-16 17:30:02.465430,London-e17a,24,40,Normal
2026-02-16 17:30:03.465430,London-e17a,-27,54,Normal
2026-02-16 17:30:04.465430,London-e17a,42,74,Normal
2026-02-16 17:30:05.465430,London-e17a,50,57,Normal
2026-02-16 17:30:06.465430,London-e17a,-2,95,Normal
2026-02-16 17:30:07.465430,London-e17a,-11,18,Normal
2026-02-16 17:30:08.465430,London-e17a,9,14,Normal
2026-02-16 17:30:09.465430,London-e17a,-11,49,Normal
2026-02-16 17:30:10.465430,London-e17a,49,69,Normal
2026-02-16 17:30:11.465430,London-e17a,41,29,Normal
2026-02-16 17:30:12.465430,London-e17a,40,12,Normal
2026-02-16 17:30:13.465430,London-e17a,15,82,Normal
2026-02-16 17:30:14.465430,London-e17a,-26,2,Normal
2026-02-16 17:30:15.465430,London-e17a,10,38,Normal
2026-02-16 17:30:16.465430,London-e17a,-17,93,Normal
2026-02-16 17:30:17.465430,London-e17a,-10,92,Normal
2026-02-16 17:30:18.465430,London-e17a,39,67,Normal
2026-02-16 17:30:19.465430,London-e17a,4,75,Normal
2026-02-16 17:30:20.465430,London-e17a,-8,41,Normal
2026-02-16 17:30:21.465430,London-e17a,6,1,Normal
2026-02-16 17:30:22.465430,London-e17a,7,99,Normal
2026-02-16 17:30:23.465430,London-e17a,39,25,Normal
2026-02-16 17:30:24.465430,London-e17a,-8,79,Normal
2026-02-16 17:30:25.465430,London-e17a,-21,19,Normal
2026-02-16 17:30:26.465430,London-e17a,41,93,Normal
2026-02-16 17:30:27.465430,London-e17a,-28,31,Normal
2026-02-16 17:30:28.465430,London-e17a,16,89,Normal
2026-02-16 17:30:29.465430,London-e17a,15,69,Normal
2026-02-16 17:30:30.465430,London-e17a,10,40,Normal
2026-02-16 17:30:31.465430,London-e17a,-19,46,Normal
2026-02-16 17:30:32.465430,London-e17a,-18,28,Normal
2026-02-16 17:30:33.465430,London-e17a,-29,4,Normal
2026-02-16 17:30:34.465430,London-e17a,27,84,Normal
2026-02-16 17:30:35.465430,London-e17a,38,24,Normal
2026-02-16 17:30:36.465430,London-e17a,7,89,Normal
2026-02-16 17:30:37.465430,London-e17a,-16,50,Normal
2026-02-16 17:30:38.465430,London-e17a,21,4,Normal
2026-02-16 17:30:39.465430,London-e17a,31,59,Normal
2026-02-16 17:30:40.465430,London-e17a,1,0,Normal
2026-02-16 17:30:41.465430,London-e17a,4,20,Normal
2026-02-16 17:30:42.465430,London-e17a,45,69,Normal
2026-02-16 17:30:43.465430,London-e17a,-19,65,Normal
2026-02-16 17:30:44.465430,London-e17a,-28,65,Normal
2026-02-16 17:30:45.465430,London-e17a,-11,38,Normal
2026-02-16 17:30:46.465430,London-e17a,16,31,Normal
2026-02-16 17:30:47.465430,London-e17a,11,54,Normal
2026-02-16 17:30:48.465430,London-e17a,-29,65,Normal
2026-02-16 17:30:49.465430,London-e17a,-1,83,Normal
2026-02-16 17:30:50.465430,London-e17a,30,82,Normal
2026-02-16 17:30:51.465430,London-e17a,48,56,Normal
2026-02-16 17:30:52.465430,London-e17a,47,85,Normal
2026-02-16 17:30:53.465430,London-e17a,-4,100,Normal
2026-02-16 17:30:54.465430,London-e17a,11,76,Normal
2026-02-16 17:30:55.465430,London-e17a,20,10,Normal
2026-02-16 17:30:56.465430,London-e17a,34,30,Normal
2026-02-16 17:30:57.465430,London-e17a,-2,77,Normal
2026-02-16 17:30:58.465430,London-e17a,7,91,Normal
2026-02-16 17:30:59.465430,London-e17a,40,64,Normal
2026-02-16 17:31:00.465430,London-e17a,19,98,Normal
2026-02-16 17:31:01.465430,London-e17a,-1,65,Normal
2026-02-16 17:31:02.465430,London-e17a,-15,68,Normal
2026-02-16 17:31:03.465430,London-e17a,-26,76,Normal
2026-02-16 17:31:04.465430,London-e17a,34,50,Normal
2026-02-16 17:31:05.465430,London-e17a,24,13,Normal
2026-02-16 17:31:06.465430,London-e17a,25,45,Normal
2026-02-16 17:31:07.465430,London-e17a,2,94,Normal
2026-02-16 17:31:08.465430,London-e17a,-1,41,Normal
2026-02-16 17:31:09.465430,London-e17a,20,26,Normal
2026-02-16 17:31:10.465430,London-e17a,26,62,Normal
2026-02-16 17:31:11.465430,London-e17a,-14,13,Normal
2026-02-16 17:31:12.465430,London-e17a,48,37,Normal
2026-02-16 17:31:13.465430,London-e17a,15,15,Normal
2026-02-16 17:31:14.465430,London-e17a,1,82,Normal
2026-02-16 17:31:15.465430,London-e17a,46,36,Normal
2026-02-16 17:31:16.465430,London-e17a,19,86,Normal
2026-02-16 17:31:17.465430,London-e17a,42,11,Normal
2026-02-16 17:31:18.465430,London-e17a,27,43,Normal
2026-02-16 17:31:19.465430,London-e17a,-7,51,Normal
2026-02-16 17:31:20.465430,London-e17a,-29,12,Normal
2026-02-16 17:31:21.465430,London-e17a,2,83,Normal
2026-02-16 17:31:22.465430,London-e17a,10,61,Normal
2026-02-16 17:31:23.465430,London-e17a,-7,94,Normal
2026-02-16 17:31:24.465430,London-e17a,34,41,Normal
2026-02-16 17:31:25.465430,London-e17a,-23,21,Normal
2026-02-16 17:31:26.465430,London-e17a,-23,90,Normal
2026-02-16 17:31:27.465430,London-e17a,-28,56,Normal
2026-02-16 17:31:28.465430,London-e17a,-9,60,Normal
2026-02-16 17:31:29.465430,London-e17a,37,76,Normal
2026-02-16 17:31:30.465430,London-e17a,-9,4,Normal
2026-02-16 17:31:31.465430,London-e17a,0,41,Normal
2026-02-16 17:31:32.465430,London-e17a,36,5,Normal
2026-02-16 17:31:33.465430,London-e17a,-16,5,Normal
2026-02-16 17:31:34.465430,London-e17a,-26,68,Normal
2026-02-16 17:31:35.465430,London-e17a,28,76,Normal
2026-02-16 17:31:36.465430,London-e17a,45,72,Normal
2026-02-16 17:31:37.465430,London-e17a,11,15,Normal
2026-02-16 17:31:38.465430,London-e17a,1,16,Normal
2026-02-16 17:31:39.465430,London-e17a,16,32,Normal
2026-02-16 17:31:40.465430,London-e17a,-24,28,Normal
2026-02-16 17:31:41.465430,London-e17a,46,42,Normal
2026-02-16 17:31:42.465430,London-e17a,10,69,Normal
2026-02-16 17:31:43.465430,London-e17a,-20,59,Normal
2026-02-16 17:31:44.465430,London-e17a,-4,98,Normal
2026-02-16 17:31:45.465430,London-e17a,45,96,Normal
2026-02-16 17:31:46.465430,London-e17a,17,1,Normal
2026-02-16 17:31:47.465430,London-e17a,48,66,Normal
2026-02-16 17:31:48.465430,London-e17a,12,90,Normal
2026-02-16 17:31:49.465430,London-e17a,-2,43,Normal
2026-02-16 17:31:50.465430,London-e17a,49,87,Normal
2026-02-16 17:31:51.465430,London-e17a,13,24,Normal
2026-02-16 17:31:52.465430,London-e17a,8,50,Normal
2026-02-16 17:31:53.465430,London-e17a,33,76,Normal
2026-02-16 17:31:54.465430,London-e17a,2,28,Normal
2026-02-16 17:31:55.465430,London-e17a,-30,18,Normal
2026-02-16 17:31:56.465430,London-e17a,50,19,Normal
2026-02-16 17:31:57.465430,London-e17a,-12,72,Normal
2026-02-16 17:31:58.465430,London-e17a,10,89,Normal
2026-02-16 17:31:59.465430,London-e17a,44,58,Normal
2026-02-16 17:32:00.465430,London-e17a,-21,26,Normal
2026-02-16 17:32:01.465430,London-e17a,33,97,Normal
2026-02-16 17:32:02.465430,London-e17a,34,2,Normal
2026-02-16 17:32:03.465430,London-e17a,3,54,Normal
2026-02-16 17:32:04.465430,London-e17a,7,27,Normal
2026-02-16 17:32:05.465430,London-e17a,32,17,Normal
2026-02-16 17:32:06.465430,London-e17a,26,89,Normal
2026-02-16 17:32:07.465430,London-e17a,-13,33,Normal
2026-02-16 17:32:08.465430,London-e17a,-9,74,Normal
2026-02-16 17:32:09.465430,London-e17a,-7,70,Normal
2026-02-16 17:32:10.465430,London-e17a,23,95,Normal
2026-02-16 17:32:11.465430,London-e17a,-9,31,Normal
2026-02-16 17:32:12.465430,London-e17a,-1,87,Normal
2026-02-16 17:32:13.465430,London-e17a,29,16,Normal
2026-02-16 17:32:14.465430,London-e17a,-27,56,Normal
2026-02-16 17:32:15.465430,London-e17a,47,88,Normal
2026-02-16 17:32:16.465430,London-e17a,2,82,Normal
2026-02-16 17:32:17.465430,London-e17a,37,44,Normal
2026-02-16 17:32:18.465430,London-e17a,35,67,Normal
2026-02-16 17:32:19.465430,London-e17a,47,74,Normal
2026-02-16 17:32:20.465430,London-e17a,-7,78,Normal
2026-02-16 17:32:21.465430,London-e17a,-8,84,Normal
2026-02-16 17:32:22.465430,London-e17a,22,48,Normal
2026-02-16 17:32:23.465430,London-e17a,-8,86,Normal
2026-02-16 17:32:24.465430,London-e17a,-7,63,Normal
2026-02-16 17:32:25.465430,London-e17a,33,9,Normal
2026-02-16 17:32:26.465430,London-e17a,10,27,Normal
2026-02-16 17:32:27.465430,London-e17a,-14,79,Normal
2026-02-16 17:32:28.465430,London-e17a,28,57,Normal
2026-02-16 17:32:29.465430,London-e17a,35,57,Normal
2026-02-16 17:32:30.465430,London-e17a,44,32,Normal
2026-02-16 17:32:31.465430,London-e17a,-20,90,Normal
2026-02-16 17:32:32.465430,London-e17a,-17,92,Normal
2026-02-16 17:32:33.465430,London-e17a,-15,58,Normal
2026-02-16 17:32:34.465430,London-e17a,5,25,Normal
2026-02-16 17:32:35.465430,London-e17a,29,60,Normal
2026-02-16 17:32:36.465430,London-e17a,16,60,Normal
2026-02-16 17:32:37.465430,London-e17a,22,62,Normal
2026-02-16 17:32:38.465430,London-e17a,23,3,Normal
2026-02-16 17:32:39.465430,London-e17a,16,59,Normal
2026-02-16 17:32:40.465430,London-e17a,-28,35,Normal
2026-02-16 17:32:41.465430,London-e17a,6,11,Normal
2026-02-16 17:32:42.465430,London-e17a,-21,53,Normal
2026-02-16 17:32:43.465430,London-e17a,-9,92,Normal
2026-02-16 17:32:44.465430,London-e17a,23,79,Normal
2026-02-16 17:32:45.465430,London-e17a,50,39,Normal
2026-02-16 17:32:46.465430,London-e17a,12,67,Normal
2026-02-16 17:32:47.465430,London-e17a,14,68,Normal
2026-02-16 17:32:48.465430,London-e17a,49,74,Normal
2026-02-16 17:32:49.465430,London-e17a,43,4,Normal
2026-02-16 17:32:50.465430,London-e17a,-14,91,Normal
2026-02-16 17:32:51.465430,London-e17a,12,70,Normal
2026-02-16 17:32:52.465430,London-e17a,25,51,Normal
2026-02-16 17:32:53.465430,London-e17a,12,100,Normal
2026-02-16 17:32:54.465430,London-e17a,-9,31,Normal
2026-02-16 17:32:55.465430,London-e17a,14,61,Normal
2026-02-16 17:32:56.465430,London-e17a,49,30,Normal
2026-02-16 17:32:57.465430,London-e17a,35,54,Normal
2026-02-16 17:32:58.465430,London-e17a,-28,23,Normal
2026-02-16 17:32:59.465430,London-e17a,50,84,Normal
2026-02-16 17:33:00.465430,London-e17a,1,46,Normal
2026-02-16 17:33:01.465430,London-e17a,-21,79,Normal
2026-02-16 17:33:02.465430,London-e17a,20,30,Normal
2026-02-16 17:33:03.465430,London-e17a,-30,81,Normal
2026-02-16 17:33:04.465430,London-e17a,18,53,Normal
2026-02-16 17:33:05.465430,London-e17a,8,64,Normal
2026-02-16 17:33:06.465430,London-e17a,7,1,Normal
2026-02-16 17:33:07.465430,London-e17a,-22,38,Normal
2026-02-16 17:33:08.465430,London-e17a,-22,31,Normal
2026-02-16 17:33:09.465430,London-e17a,-15,12,Normal
2026-02-16 17:33:10.465430,London-e17a,9,86,Normal
2026-02-16 17:33:11.465430,London-e17a,2,60,Normal
2026-02-16 17:33:12.465430,London-e17a,-18,62,Normal
2026-02-16 17:33:13.465430,London-e17a,13,17,Normal
2026-02-16 17:33:14.465430,London-e17a,-19,55,Normal
2026-02-16 17:33:15.465430,London-e17a,-10,22,Normal
2026-02-16 17:33:16.465430,London-e17a,36,20,Normal
2026-02-16 17:33:17.465430,London-e17a,-11,85,Normal
2026-02-16 17:33:18.465430,London-e17a,16,38,Normal
2026-02-16 17:33:19.465430,London-e17a,44,54,Normal
2026-02-16 17:33:20.465430,London-e17a,-16,93,Normal
2026-02-16 17:33:21.465430,London-e17a,26,44,Normal
2026-02-16 17:33:22.465430,London-e17a,19,48,Normal
2026-02-16 17:33:23.465430,London-e17a,-24,43,Normal
2026-02-16 17:33:24.465430,London-e17a,16,6,Normal
2026-02-16 17:33:25.465430,London-e17a,6,42,Normal
2026-02-16 17:33:26.465430,London-e17a,-2,77,Normal
2026-02-16 17:33:27.465430,London-e17a,35,81,Normal
2026-02-16 17:33:28.465430,London-e17a,41,23,Normal
2026-02-16 17:33:29.465430,London-e17a,49,22,Normal
2026-02-16 17:33:30.465430,London-e17a,27,80,Normal
2026-02-16 17:33:31.465430,London-e17a,-26,81,Normal
2026-02-16 17:33:32.465430,London-e17a,49,22,Normal
2026-02-16 17:33:33.465430,London-e17a,45,6,Normal
2026-02-16 17:33:34.465430,London-e17a,42,46,Normal
2026-02-16 17:33:35.465430,London-e17a,42,96,Normal
2026-02-16 17:33:36.465430,London-e17a,20,16,Normal
2026-02-16 17:33:37.465430,London-e17a,30,42,Normal
2026-02-16 17:33:38.465430,London-e17a,23,56,Normal
2026-02-16 17:33:39.465430,London-e17a,25,22,Normal
2026-02-16 17:33:40.465430,London-e17a,29,89,Normal
2026-02-16 17:33:41.465430,London-e17a,14,22,Normal
2026-02-16 17:33:42.465430,London-e17a,9,14,Normal
2026-02-16 17:33:43.465430,London-e17a,35,78,Normal
2026-02-16 17:33:44.465430,London-e17a,16,29,Normal
2026-02-16 17:33:45.465430,London-e17a,23,79,Normal
2026-02-16 17:33:46.465430,London-e17a,-30,87,Normal
2026-02-16 17:33:47.465430,London-e17a,18,77,Normal
2026-02-16 17:33:48.465430,London-e17a,21,17,Normal
2026-02-16 17:33:49.465430,London-e17a,27,56,Normal
2026-02-16 17:33:50.465430,London-e17a,13,75,Normal
2026-02-16 17:33:51.465430,London-e17a,-17,15,Normal
2026-02-16 17:33:52.465430,London-e17a,-26,52,Normal
2026-02-16 17:33:53.465430,London-e17a,49,78,Normal
2026-02-16 17:33:54.465430,London-e17a,-19,1,Normal
2026-02-16 17:33:55.465430,London-e17a,-26,12,Normal
2026-02-16 17:33:56.465430,London-e17a,-6,95,Normal
2026-02-16 17:33:57.465430,London-e17a,2,13,Normal
2026-02-16 17:33:58.465430,London-e17a,16,96,Normal
2026-02-16 17:33:59.465430,London-e17a,1,30,Normal
2026-02-16 17:34:00.465430,London-e17a,21,99,Normal
2026-02-16 17:34:01.465430,London-e17a,-20,39,Normal
2026-02-16 17:34:02.465430,London-e17a,50,80,Normal
2026-02-16 17:34:03.465430,London-e17a,40,82,Normal
2026-02-16 17:34:04.465430,London-e17a,13,20,Normal
2026-02-16 17:34:05.465430,London-e17a,-12,71,Normal
2026-02-16 17:34:06.465430,London-e17a,-11,33,Normal
2026-02-16 17:34:07.465430,London-e17a,-3,82,Normal
2026-02-16 17:34:08.465430,London-e17a,41,11,Normal
2026-02-16 17:34:09.465430,London-e17a,39,10,Normal
2026-02-16 17:34:10.465430,London-e17a,17,50,Normal
2026-02-16 17:34:11.465430,London-e17a,-26,7,Normal
2026-02-16 17:34:12.465430,London-e17a,48,36,Normal
2026-02-16 17:34:13.465430,London-e17a,-30,61,Normal
2026-02-16 17:34:14.465430,London-e17a,6,33,Normal
2026-02-16 17:34:15.465430,London-e17a,44,65,Normal
2026-02-16 17:34:16.465430,London-e17a,-26,89,Normal
2026-02-16 17:34:17.465430,London-e17a,48,64,Normal
2026-02-16 17:34:18.465430,London-e17a,0,78,Normal
2026-02-16 17:34:19.465430,London-e17a,27,94,Normal
2026-02-16 17:34:20.465430,London-e17a,0,30,Normal
2026-02-16 17:34:21.465430,London-e17a,4,17,Normal
2026-02-16 17:34:22.465430,London-e17a,-21,6,Normal
2026-02-16 17:34:23.465430,London-e17a,-17,96,Normal
2026-02-16 17:34:24.465430,London-e17a,-11,4,Normal
2026-02-16 17:34:25.465430,London-e17a,41,28,Normal
2026-02-16 17:34:26.465430,London-e17a,-10,13,Normal
2026-02-16 17:34:27.465430,London-e17a,-6,7,Normal
2026-02-16 17:34:28.465430,London-e17a,40,7,Normal
2026-02-16 17:34:29.465430,London-e17a,-7,49,Normal
2026-02-16 17:34:30.465430,London-e17a,-24,31,Normal
2026-02-16 17:34:31.465430,London-e17a,32,69,Normal
2026-02-16 17:34:32.465430,London-e17a,44,93,Normal
2026-02-16 17:34:33.465430,London-e17a,-25,51,Normal
2026-02-16 17:34:34.465430,London-e17a,2,0,Normal
2026-02-16 17:34:35.465430,London-e17a,36,30,Normal
2026-02-16 17:34:36.465430,London-e17a,-10,50,Normal
2026-02-16 17:34:37.465430,London-e17a,-14,37,Normal
2026-02-16 17:34:38.465430,London-e17a,-1,81,Normal
2026-02-16 17:34:39.465430,London-e17a,4,48,Normal
2026-02-16 17:34:40.465430,London-e17a,49,87,Normal
2026-02-16 17:34:41.465430,London-e17a,11,15,Normal
2026-02-16 17:34:42.465430,London-e17a,19,89,Normal
2026-02-16 17:34:43.465430,London-e17a,-9,75,Normal
2026-02-16 17:34:44.465430,London-e17a,-14,20,Normal
2026-02-16 17:34:45.465430,London-e17a,50,41,Normal
2026-02-16 17:34:46.465430,London-e17a,36,77,Normal
2026-02-16 17:34:47.465430,London-e17a,-27,37,Normal
2026-02-16 17:34:48.465430,London-e17a,-2,62,Normal
2026-02-16 17:34:49.465430,London-e17a,35,97,Normal
2026-02-16 17:34:50.465430,London-e17a,1,13,Normal
2026-02-16 17:34:51.465430,London-e17a,40,77,Normal
2026-02-16 17:34:52.465430,London-e17a,-8,73,Normal
2026-02-16 17:34:53.465430,London-e17a,-8,72,Normal
2026-02-16 17:34:54.465430,London-e17a,-3,41,Normal
2026-02-16 17:34:55.465430,London-e17a,-30,39,Normal
2026-02-16 17:34:56.465430,London-e17a,38,99,Normal
2026-02-16 17:34:57.465430,London-e17a,5,11,Normal
2026-02-16 17:34:58.465430,London-e17a,32,98,Normal
2026-02-16 17:34:59.465430,London-e17a,35,57,Normal
2026-02-16 17:35:00.465430,London-e17a,9,51,Normal
2026-02-16 17:35:01.465430,London-e17a,-14,92,Normal
2026-02-16 17:35:02.465430,London-e17a,2,57,Normal
2026-02-16 17:35:03.465430,London-e17a,38,81,Normal
2026-02-16 17:35:04.465430,London-e17a,26,85,Normal
2026-02-16 17:35:05.465430,London-e17a,1,90,Normal
2026-02-16 17:35:06.465430,London-e17a,-18,96,Normal
2026-02-16 17:35:07.465430,London-e17a,-11,23,Normal
2026-02-16 17:35:08.465430,London-e17a,-19,53,Normal
2026-02-16 17:35:09.465430,London-e17a,30,80,Normal
2026-02-16 17:35:10.465430,London-e17a,21,80,Normal
2026-02-16 17:35:11.465430,London-e17a,42,93,Normal
2026-02-16 17:35:12.465430,London-e17a,-4,32,Normal
2026-02-16 17:35:13.465430,London-e17a,-6,73,Normal
2026-02-16 17:35:14.465430,London-e17a,-29,61,Normal
2026-02-16 17:35:15.465430,London-e17a,25,48,Normal
2026-02-16 17:35:16.465430,London-e17a,-17,73,Normal
2026-02-16 17:35:17.465430,London-e17a,42,18,Normal
2026-02-16 17:35:18.465430,London-e17a,43,44,Normal
2026-02-16 17:35:19.465430,London-e17a,-29,34,Normal
2026-02-16 17:35:20.465430,London-e17a,-17,57,Normal
2026-02-16 17:35:21.465430,London-e17a,7,16,Normal
2026-02-16 17:35:22.465430,London-e17a,20,37,Normal
2026-02-16 17:35:23.465430,London-e17a,20,91,Normal
2026-02-16 17:35:24.465430,London-e17a,-30,84,Normal
2026-02-16 17:35:25.465430,London-e17a,2,30,Normal
2026-02-16 17:35:26.465430,London-e17a,12,52,Normal
2026-02-16 17:35:27.465430,London-e17a,19,2,Normal
2026-02-16 17:35:28.465430,London-e17a,-12,31,Normal
2026-02-16 17:35:29.465430,London-e17a,30,27,Normal
2026-02-16 17:35:30.465430,London-e17a,-26,77,Normal
2026-02-16 17:35:31.465430,London-e17a,14,84,Normal
2026-02-16 17:35:32.465430,London-e17a,0,52,Normal
2026-02-16 17:35:33.465430,London-e17a,33,79,Normal
2026-02-16 17:35:34.465430,London-e17a,-8,14,Normal
2026-02-16 17:35:35.465430,London-e17a,-20,93,Normal
2026-02-16 17:35:36.465430,London-e17a,-14,33,Normal
2026-02-16 17:35:37.465430,London-e17a,3,44,Normal
2026-02-16 17:35:38.465430,London-e17a,46,40,Normal
2026-02-16 17:35:39.465430,London-e17a,42,24,Normal
2026-02-16 17:35:40.465430,London-e17a,9,1,Normal
2026-02-16 17:35:41.465430,London-e17a,9,53,Normal
2026-02-16 17:35:42.465430,London-e17a,-12,71,Normal
2026-02-16 17:35:43.465430,London-e17a,-4,98,Normal
2026-02-16 17:35:44.465430,London-e17a,32,95,Normal
2026-02-16 17:35:45.465430,London-e17a,-5,44,Normal
2026-02-16 17:35:46.465430,London-e17a,-5,27,Normal
2026-02-16 17:35:47.465430,London-e17a,13,86,Normal
2026-02-16 17:35:48.465430,London-e17a,37,10,Normal
2026-02-16 17:35:49.465430,London-e17a,17,76,Normal
2026-02-16 17:35:50.465430,London-e17a,1,98,Normal
2026-02-16 17:35:51.465430,London-e17a,40,92,Normal
2026-02-16 17:35:52.465430,London-e17a,-20,8,Normal
2026-02-16 17:35:53.465430,London-e17a,-17,44,Normal
2026-02-16 17:35:54.465430,London-e17a,39,16,Normal
2026-02-16 17:35:55.465430,London-e17a,44,43,Normal
2026-02-16 17:35:56.465430,London-e17a,8,78,Normal
2026-02-16 17:35:57.465430,London-e17a,47,3,Normal
2026-02-16 17:35:58.465430,London-e17a,11,17,Normal
2026-02-16 17:35:59.465430,London-e17a,-13,37,Normal
2026-02-16 17:36:00.465430,London-e17a,35,0,Normal
2026-02-16 17:36:01.465430,London-e17a,38,94,Normal
2026-02-16 17:36:02.465430,London-e17a,36,35,Normal
2026-02-16 17:36:03.465430,London-e17a,-17,21,Normal
2026-02-16 17:36:04.465430,London-e17a,-22,81,Normal
2026-02-16 17:36:05.465430,London-e17a,-2,65,Normal
2026-02-16 17:36:06.465430,London-e17a,-16,78,Normal
2026-02-16 17:36:07.465430,London-e17a,32,72,Normal
2026-02-16 17:36:08.465430,London-e17a,3,62,Normal
2026-02-16 17:36:09.465430,London-e17a,41,30,Normal
2026-02-16 17:36:10.465430,London-e17a,6,3,Normal
2026-02-16 17:36:11.465430,London-e17a,5,31,Normal
2026-02-16 17:36:12.465430,London-e17a,-12,39,Normal
2026-02-16 17:36:13.465430,London-e17a,27,41,Normal
2026-02-16 17:36:14.465430,London-e17a,7,64,Normal
2026-02-16 17:36:15.465430,London-e17a,-21,88,Normal
2026-02-16 17:36:16.465430,London-e17a,19,75,Normal
2026-02-16 17:36:17.465430,London-e17a,11,34,Normal
2026-02-16 17:36:18.465430,London-e17a,10,60,Normal
2026-02-16 17:36:19.465430,London-e17a,31,66,Normal
2026-02-16 17:36:20.465430,London-e17a,40,98,Normal
2026-02-16 17:36:21.465430,London-e17a,21,18,Normal
2026-02-16 17:36:22.465430,London-e17a,-1,62,Normal
2026-02-16 17:36:23.465430,London-e17a,-24,83,Normal
2026-02-16 17:36:24.465430,London-e17a,-28,5,Normal
2026-02-16 17:36:25.465430,London-e17a,15,58,Normal
2026-02-16 17:36:26.465430,London-e17a,39,8,Normal
2026-02-16 17:36:27.465430,London-e17a,8,81,Normal
2026-02-16 17:36:28.465430,London-e17a,-5,76,Normal
2026-02-16 17:36:29.465430,London-e17a,24,17,Normal
2026-02-16 17:36:30.465430,London-e17a,39,41,Normal
2026-02-16 17:36:31.465430,London-e17a,22,56,Normal
2026-02-16 17:36:32.465430,London-e17a,-16,52,Normal
2026-02-16 17:36:33.465430,London-e17a,32,65,Normal
2026-02-16 17:36:34.465430,London-e17a,36,6,Normal
2026-02-16 17:36:35.465430,London-e17a,22,60,Normal
2026-02-16 17:36:36.465430,London-e17a,48,39,Normal
2026-02-16 17:36:37.465430,London-e17a,39,89,Normal
2026-02-16 17:36:38.465430,London-e17a,6,99,Normal
2026-02-16 17:36:39.465430,London-e17a,0,63,Normal
2026-02-16 17:36:40.465430,London-e17a,37,17,Normal
2026-02-16 17:36:41.465430,London-e17a,-11,33,Normal
2026-02-16 17:36:42.465430,London-e17a,25,44,Normal
2026-02-16 17:36:43.465430,London-e17a,31,4,Normal
2026-02-16 17:36:44.465430,London-e17a,10,29,Normal
2026-02-16 17:36:45.465430,London-e17a,12,80,Normal
2026-02-16 17:36:46.465430,London-e17a,22,13,Normal
2026-02-16 17:36:47.465430,London-e17a,-5,40,Normal
2026-02-16 17:36:48.465430,London-e17a,32,20,Normal
2026-02-16 17:36:49.465430,London-e17a,-15,95,Normal
2026-02-16 17:36:50.465430,London-e17a,18,58,Normal
2026-02-16 17:36:51.465430,London-e17a,45,42,Normal
2026-02-16 17:36:52.465430,London-e17a,-16,10,Normal
2026-02-16 17:36:53.465430,London-e17a,12,56,Normal
2026-02-16 17:36:54.465430,London-e17a,13,49,Normal
2026-02-16 17:36:55.465430,London-e17a,-9,10,Normal
2026-02-16 17:36:56.465430,London-e17a,-21,5,Normal
2026-02-16 17:36:57.465430,London-e17a,35,52,Normal
2026-02-16 17:36:58.465430,London-e17a,44,52,Normal
2026-02-16 17:36:59.465430,London-e17a,-30,18,Normal
2026-02-16 17:37:00.465430,London-e17a,-1,80,Normal
2026-02-16 17:37:01.465430,London-e17a,31,100,Normal
2026-02-16 17:37:02.465430,London-e17a,-13,11,Normal
2026-02-16 17:37:03.465430,London-e17a,24,14,Normal
2026-02-16 17:37:04.465430,London-e17a,-1,67,Normal
2026-02-16 17:37:05.465430,London-e17a,49,42,Normal
2026-02-16 17:37:06.465430,London-e17a,17,41,Normal
2026-02-16 17:37:07.465430,London-e17a,-22,4,Normal
2026-02-16 17:37:08.465430,London-e17a,-2,21,Normal
2026-02-16 17:37:09.465430,London-e17a,28,97,Normal
2026-02-16 17:37:10.465430,London-e17a,-11,77,Normal
2026-02-16 17:37:11.465430,London-e17a,26,81,Normal
2026-02-16 17:37:12.465430,London-e17a,-26,96,Normal
2026-02-16 17:37:13.465430,London-e17a,23,90,Normal
2026-02-16 17:37:14.465430,London-e17a,15,89,Normal
2026-02-16 17:37:15.465430,London-e17a,31,26,Normal
2026-02-16 17:37:16.465430,London-e17a,44,1,Normal
2026-02-16 17:37:17.465430,London-e17a,48,68,Normal
2026-02-16 17:37:18.465430,London-e17a,-22,19,Normal
2026-02-16 17:37:19.465430,London-e17a,27,5,Normal
2026-02-16 17:37:20.465430,London-e17a,30,98,Normal
2026-02-16 17:37:21.465430,London-e17a,49,97,Normal
2026-02-16 17:37:22.465430,London-e17a,41,98,Normal
2026-02-16 17:37:23.465430,London-e17a,2,15,Normal
2026-02-16 17:37:24.465430,London-e17a,28,45,Normal
2026-02-16 17:37:25.465430,London-e17a,-24,36,Normal
2026-02-16 17:37:26.465430,London-e17a,25,90,Normal
2026-02-16 17:37:27.465430,London-e17a,6,76,Normal
2026-02-16 17:37:28.465430,London-e17a,49,1,Normal
2026-02-16 17:37:29.465430,London-e17a,-1,80,Normal
2026-02-16 17:37:30.465430,London-e17a,-3,6,Normal
2026-02-16 17:37:31.465430,London-e17a,8,61,Normal
2026-02-16 17:37:32.465430,London-e17a,29,59,Normal
2026-02-16 17:37:33.465430,London-e17a,5,52,Normal
2026-02-16 17:37:34.465430,London-e17a,26,42,Normal
2026-02-16 17:37:35.465430,London-e17a,-22,17,Normal
2026-02-16 17:37:36.465430,London-e17a,39,78,Normal
2026-02-16 17:37:37.465430,London-e17a,-29,55,Normal
2026-02-16 17:37:38.465430,London-e17a,-15,32,Normal
2026-02-16 17:37:39.465430,London-e17a,-28,63,Normal
2026-02-16 17:37:40.465430,London-e17a,23,39,Normal
2026-02-16 17:37:41.465430,London-e17a,40,26,Normal
2026-02-16 17:37:42.465430,London-e17a,27,58,Normal
2026-02-16 17:37:43.465430,London-e17a,7,45,Normal
2026-02-16 17:37:44.465430,London-e17a,14,28,Normal
2026-02-16 17:37:45.465430,London-e17a,-13,9,Normal
2026-02-16 17:37:46.465430,London-e17a,43,32,Normal
2026-02-16 17:37:47.465430,London-e17a,39,16,Normal
2026-02-16 17:37:48.465430,London-e17a,43,42,Normal
2026-02-16 17:37:49.465430,London-e17a,32,48,Normal
2026-02-16 17:37:50.465430,London-e17a,30,53,Normal
2026-02-16 17:37:51.465430,London-e17a,-21,63,Normal
2026-02-16 17:37:52.465430,London-e17a,-1,15,Normal
2026-02-16 17:37:53.465430,London-e17a,19,28,Normal
2026-02-16 17:37:54.465430,London-e17a,48,34,Normal
2026-02-16 17:37:55.465430,London-e17a,24,68,Normal
2026-02-16 17:37:56.465430,London-e17a,13,11,Normal
2026-02-16 17:37:57.465430,London-e17a,-24,45,Normal
2026-02-16 17:37:58.465430,London-e17a,47,7,Normal
2026-02-16 17:37:59.465430,London-e17a,44,43,Normal
2026-02-16 17:38:00.465430,London-e17a,4,20,Normal
2026-02-16 17:38:01.465430,London-e17a,-28,45,Normal
2026-02-16 17:38:02.465430,London-e17a,28,27,Normal
2026-02-16 17:38:03.465430,London-e17a,26,100,Normal
2026-02-16 17:38:04.465430,London-e17a,-7,78,Normal
2026-02-16 17:38:05.465430,London-e17a,36,4,Normal
2026-02-16 17:38:06.465430,London-e17a,0,6,Normal
2026-02-16 17:38:07.465430,London-e17a,38,80,Normal
2026-02-16 17:38:08.465430,London-e17a,-10,80,Normal
2026-02-16 17:38:09.465430,London-e17a,8,60,Normal
2026-02-16 17:38:10.465430,London-e17a,31,40,Normal
2026-02-16 17:38:11.465430,London-e17a,23,62,Normal
2026-02-16 17:38:12.465430,London-e17a,-5,19,Normal
2026-02-16 17:38:13.465430,London-e17a,26,73,Normal
2026-02-16 17:38:14.465430,London-e17a,-25,45,Normal
2026-02-16 17:38:15.465430,London-e17a,-19,75,Normal
2026-02-16 17:38:16.465430,London-e17a,-14,70,Normal
2026-02-16 17:38:17.465430,London-e17a,46,19,Normal
2026-02-16 17:38:18.465430,London-e17a,40,64,Normal
2026-02-16 17:38:19.465430,London-e17a,12,37,Normal
2026-02-16 17:38:20.465430,London-e17a,22,49,Normal
2026-02-16 17:38:21.465430,London-e17a,-14,99,Normal
2026-02-16 17:38:22.465430,London-e17a,-27,82,Normal
2026-02-16 17:38:23.465430,London-e17a,-8,82,Normal
2026-02-16 17:38:24.465430,London-e17a,-25,7,Normal
2026-02-16 17:38:25.465430,London-e17a,28,45,Normal
2026-02-16 17:38:26.465430,London-e17a,-3,74,Normal
2026-02-16 17:38:27.465430,London-e17a,42,39,Normal
2026-02-16 17:38:28.465430,London-e17a,2,11,Normal
2026-02-16 17:38:29.465430,London-e17a,-12,7,Normal
2026-02-16 17:38:30.465430,London-e17a,16,84,Normal
2026-02-16 17:38:31.465430,London-e17a,-29,91,Normal
2026-02-16 17:38:32.465430,London-e17a,-21,39,Normal
2026-02-16 17:38:33.465430,London-e17a,-3,83,Normal
2026-02-16 17:38:34.465430,London-e17a,-23,13,Normal
2026-02-16 17:38:35.465430,London-e17a,24,91,Normal
2026-02-16 17:38:36.465430,London-e17a,49,89,Normal
2026-02-16 17:38:37.465430,London-e17a,-24,80,Normal
2026-02-16 17:38:38.465430,London-e17a,27,21,Normal
2026-02-16 17:38:39.465430,London-e17a,-19,89,Normal
2026-02-16 17:38:40.465430,London-e17a,-10,17,Normal
2026-02-16 17:38:41.465430,London-e17a,38,87,Normal
2026-02-16 17:38:42.465430,London-e17a,0,10,Normal
2026-02-16 17:38:43.465430,London-e17a,9,47,Normal
2026-02-16 17:38:44.465430,London-e17a,45,55,Normal
2026-02-16 17:38:45.465430,London-e17a,-23,81,Normal
2026-02-16 17:38:46.465430,London-e17a,22,55,Normal
2026-02-16 17:38:47.465430,London-e17a,21,2,Normal
2026-02-16 17:38:48.465430,London-e17a,4,92,Normal
2026-02-16 17:38:49.465430,London-e17a,-15,45,Normal
2026-02-16 17:38:50.465430,London-e17a,11,86,Normal
2026-02-16 17:38:51.465430,London-e17a,-23,0,Normal
2026-02-16 17:38:52.465430,London-e17a,18,3,Normal
2026-02-16 17:38:53.465430,London-e17a,-29,76,Normal
2026-02-16 17:38:54.465430,London-e17a,-24,21,Normal
2026-02-16 17:38:55.465430,London-e17a,46,88,Normal
2026-02-16 17:38:56.465430,London-e17a,36,93,Normal
