timestamp,station_id,temp,humid,condition
2026-02-16 01:00:20.713387,Tokyo-380b,37,48,Normal
2026-02-16 01:00:21.713387,Tokyo-380b,34,30,Normal
2026-02-16 01:00:22.713387,Tokyo-380b,-13,1,Normal
2026-02-16 01:00:23.713387,Tokyo-380b,-5,44,Normal
2026-02-16 01:00:24.713387,Tokyo-380b,18,61,Normal
2026-02-16 01:00:25.713387,Tokyo-380b,25,37,Normal
2026-02-16 01:00:26.713387,Tokyo-380b,39,2,Normal
2026-02-16 01:00:27.713387,Tokyo-380b,-11,33,Normal
2026-02-16 01:00:28.713387,Tokyo-380b,-7,21,Normal
2026-02-16 01:00:29.713387,Tokyo-380b,-20,64,Normal
2026-02-16 01:00:30.713387,Tokyo-380b,36,18,Normal
2026-02-16 01:00:31.713387,Tokyo-380b,45,92,Normal
2026-02-16 01:00:32.713387,Tokyo-380b,29,86,Normal
2026-02-16 01:00:33.713387,Tokyo-380b,-6,92,Normal
2026-02-16 01:00:34.713387,Tokyo-380b,-13,99,Normal
2026-02-16 01:00:35.713387,Tokyo-380b,23,65,Normal
2026-02-16 01:00:36.713387,Tokyo-380b,16,76,Normal
2026-02-16 01:00:37.713387,Tokyo-380b,40,0,Normal
2026-02-16 01:00:38.713387,Tokyo-380b,22,15,Normal
2026-02-16 01:00:39.713387,Tokyo-380b,-14,67,Normal
2026-02-16 01:00:40.713387,Tokyo-380b,-2,4,Normal
2026-02-16 01:00:41.713387,Tokyo-380b,-9,100,Normal
2026-02-16 01:00:42.713387,Tokyo-380b,38,42,Normal
2026-02-16 01:00:43.713387,Tokyo-380b,44,64,Normal
2026-02-16 01:00:44.713387,Tokyo-380b,-4,84,Normal
2026-02-16 01:00:45.713387,Tokyo-380b,13,37,Normal
2026-02-16 01:00:46.713387,Tokyo-380b,32,74,Normal
2026-02-16 01:00:47.713387,Tokyo-380b,14,68,Normal
2026-02-16 01:00:48.713387,Tokyo-380b,22,99,Normal
2026-02-16 01:00:49.713387,Tokyo-380b,47,53,Normal
2026-02-16 01:00:50.713387,Tokyo-380b,10,97,Normal
2026-02-16 01:00:51.713387,Tokyo-380b,-22,7,Normal
2026-02-16 01:00:52.713387,Tokyo-380b,-17,16,Normal
2026-02-16 01:00:53.713387,Tokyo-380b,37,74,Normal
2026-02-16 01:00:54.713387,Tokyo-380b,24,43,Normal
2026-02-16 01:00:55.713387,Tokyo-380b,20,93,Normal
2026-02-16 01:00:56.713387,Tokyo-380b,-24,69,Normal
2026-02-16 01:00:57.713387,Tokyo-380b,-5,68,Normal
2026-02-16 01:00:58.713387,Tokyo-380b,16,83,Normal
2026-02-16 01:00:59.713387,Tokyo-380b,29,7,Normal
2026-02-16 01:01:00.713387,Tokyo-380b,-29,96,Normal
2026-02-16 01:01:01.713387,Tokyo-380b,-16,50,Normal
2026-02-16 01:01:02.713387,Tokyo-380b,28,100,Normal
2026-02-16 01:01:03.713387,Tokyo-380b,-9,56,Normal
2026-02-16 01:01:04.713387,Tokyo-380b,-7,24,Normal
2026-02-16 01:01:05.713387,Tokyo-380b,36,47,Normal
2026-02-16 01:01:06.713387,Tokyo-380b,17,35,Normal
2026-02-16 01:01:07.713387,Tokyo-380b,-18,53,Normal
2026-02-16 01:01:08.713387,Tokyo-380b,-6,26,Normal
2026-02-16 01:01:09.713387,Tokyo-380b,50,54,Normal
2026-02-16 01:01:10.713387,Tokyo-380b,44,12,Normal
2026-02-16 01:01:11.713387,Tokyo-380b,16,84,Normal
2026-02-16 01:01:12.713387,Tokyo-380b,20,16,Normal
2026-02-16 01:01:13.713387,Tokyo-380b,39,89,Normal
2026-02-16 01:01:14.713387,Tokyo-380b,-18,95,Normal
2026-02-16 01:01:15.713387,Tokyo-380b,33,86,Normal
2026-02-16 01:01:16.713387,Tokyo-380b,17,78,Normal
2026-02-16 01:01:17.713387,Tokyo-380b,-3,41,Normal
2026-02-16 01:01:18.713387,Tokyo-380b,26,76,Normal
2026-02-16 01:01:19.713387,Tokyo-380b,29,45,Normal
2026-02-16 01:01:20.713387,Tokyo-380b,-28,97,Normal
2026-02-16 01:01:21.713387,Tokyo-380b,4,80,Normal
2026-02-16 01:01:22.713387,Tokyo-380b,-6,19,Normal
2026-02-16 01:01:23.713387,Tokyo-380b,-23,31,Normal
2026-02-16 01:01:24.713387,Tokyo-380b,-21,28,Normal
2026-02-16 01:01:25.713387,Tokyo-380b,25,74,Normal
2026-02-16 01:01:26.713387,Tokyo-380b,43,16,Normal
2026-02-16 01:01:27.713387,Tokyo-380b,-10,78,Normal
2026-02-16 01:01:28.713387,Tokyo-380b,8,40,Normal
2026-02-16 01:01:29.713387,Tokyo-380b,-20,11,Normal
2026-02-16 01:01:30.713387,Tokyo-380b,41,95,Normal
2026-02-16 01:01:31.713387,Tokyo-380b,0,7,Normal
2026-02-16 01:01:32.713387,Tokyo-380b,39,60,Normal
2026-02-16 01:01:33.713387,Tokyo-380b,9,14,Normal
2026-02-16 01:01:34.713387,Tokyo-380b,-28,68,Normal
2026-02-16 01:01:35.713387,Tokyo-380b,28,83,Normal
2026-02-16 01:01:36.713387,Tokyo-380b,-30,23,Normal
2026-02-16 01:01:37.713387,Tokyo-380b,-19,60,Normal
2026-02-16 01:01:38.713387,Tokyo-380b,36,39,Normal
2026-02-16 01:01:39.713387,Tokyo-380b,12,46,Normal
2026-02-16 01:01:40.713387,Tokyo-380b,48,44,Normal
2026-02-16 01:01:41.713387,Tokyo-380b,-11,59,Normal
2026-02-16 01:01:42.713387,Tokyo-380b,8,12,Normal
2026-02-16 01:01:43.713387,Tokyo-380b,22,82,Normal
2026-02-16 01:01:44.713387,Tokyo-380b,8,59,Normal
2026-02-16 01:01:45.713387,Tokyo-380b,10,4,Normal
2026-02-16 01:01:46.713387,Tokyo-380b,-6,90,Normal
2026-02-16 01:01:47.713387,Tokyo-380b,-15,83,Normal
2026-02-16 01:01:48.713387,Tokyo-380b,33,38,Normal
2026-02-16 01:01:49.713387,Tokyo-380b,33,13,Normal
2026-02-16 01:01:50.713387,Tokyo-380b,-29,1,Normal
2026-02-16 01:01:51.713387,Tokyo-380b,12,60,Normal
2026-02-16 01:01:52.713387,Tokyo-380b,-23,3,Normal
2026-02-16 01:01:53.713387,Tokyo-380b,-12,59,Normal
2026-02-16 01:01:54.713387,Tokyo-380b,12,65,Normal
2026-02-16 01:01:55.713387,Tokyo-380b,11,31,Normal
2026-02-16 01:01:56.713387,Tokyo-380b,25,96,Normal
2026-02-16 01:01:57.713387,Tokyo-380b,-29,61,Normal
2026-02-16 01:01:58.713387,Tokyo-380b,4,45,Normal
2026-02-16 01:01:59.713387,Tokyo-380b,26,65,Normal
2026-02-16 01:02:00.713387,Tokyo-380b,3,40,Normal
2026-02-16 01:02:01.713387,Tokyo-380b,-21,53,Normal
2026-02-16 01:02:02.713387,Tokyo-380b,18,72,Normal
2026-02-16 01:02:03.713387,Tokyo-380b,3,4,Normal
2026-02-16 01:02:04.713387,Tokyo-380b,-13,51,Normal
2026-02-16 01:02:05.713387,Tokyo-380b,11,56,Normal
2026-02-16 01:02:06.713387,Tokyo-380b,26,91,Normal
2026-02-16 01:02:07.713387,Tokyo-380b,5,45,Normal
2026-02-16 01:02:08.713387,Tokyo-380b,36,56,Normal
2026-02-16 01:02:09.713387,Tokyo-380b,-12,19,Normal
2026-02-16 01:02:10.713387,Tokyo-380b,-5,10,Normal
2026-02-16 01:02:11.713387,Tokyo-380b,-26,12,Normal
2026-02-16 01:02:12.713387,Tokyo-380b,-30,5,Normal
2026-02-16 01:02:13.713387,Tokyo-380b,-10,61,Normal
2026-02-16 01:02:14.713387,Tokyo-380b,-25,38,Normal
2026-02-16 01:02:15.713387,Tokyo-380b,0,81,Normal
2026-02-16 01:02:16.713387,Tokyo-380b,8,24,Normal
2026-02-16 01:02:17.713387,Tokyo-380b,5,21,Normal
2026-02-16 01:02:18.713387,Tokyo-380b,13,59,Normal
2026-02-16 01:02:19.713387,Tokyo-380b,-2,89,Normal
2026-02-16 01:02:20.713387,Tokyo-380b,-11,96,Normal
2026-02-16 01:02:21.713387,Tokyo-380b,-28,46,Normal
2026-02-16 01:02:22.713387,Tokyo-380b,41,30,Normal
2026-02-16 01:02:23.713387,Tokyo-380b,26,4,Normal
2026-02-16 01:02:24.713387,Tokyo-380b,27,96,Normal
2026-02-16 01:02:25.713387,Tokyo-380b,-15,87,Normal
2026-02-16 01:02:26.713387,Tokyo-380b,50,24,Normal
2026-02-16 01:02:27.713387,Tokyo-380b,38,93,Normal
2026-02-16 01:02:28.713387,Tokyo-380b,35,6,Normal
2026-02-16 01:02:29.713387,Tokyo-380b,17,19,Normal
2026-02-16 01:02:30.713387,Tokyo-380b,36,50,Normal
2026-02-16 01:02:31.713387,Tokyo-380b,46,27,Normal
2026-02-16 01:02:32.713387,Tokyo-380b,1,35,Normal
2026-02-16 01:02:33.713387,Tokyo-380b,-13,34,Normal
2026-02-16 01:02:34.713387,Tokyo-380b,-4,10,Normal
2026-02-16 01:02:35.713387,Tokyo-380b,-19,73,Normal
2026-02-16 01:02:36.713387,Tokyo-380b,20,61,Normal
2026-02-16 01:02:37.713387,Tokyo-380b,-4,54,Normal
2026-02-16 01:02:38.713387,Tokyo-380b,15,81,Normal
2026-02-16 01:02:39.713387,Tokyo-380b,-24,71,Normal
2026-02-16 01:02:40.713387,Tokyo-380b,18,59,Normal
2026-02-16 01:02:41.713387,Tokyo-380b,43,8,Normal
2026-02-16 01:02:42.713387,Tokyo-380b,-4,17,Normal
2026-02-16 01:02:43.713387,Tokyo-380b,4,4,Normal
2026-02-16 01:02:44.713387,Tokyo-380b,50,73,Normal
2026-02-16 01:02:45.713387,Tokyo-380b,-7,66,Normal
2026-02-16 01:02:46.713387,Tokyo-380b,6,81,Normal
2026-02-16 01:02:47.713387,Tokyo-380b,22,29,Normal
2026-02-16 01:02:48.713387,Tokyo-380b,23,14,Normal
2026-02-16 01:02:49.713387,Tokyo-380b,31,53,Normal
2026-02-16 01:02:50.713387,Tokyo-380b,-19,60,Normal
2026-02-16 01:02:51.713387,Tokyo-380b,4,41,Normal
2026-02-16 01:02:52.713387,Tokyo-380b,48,100,Normal
2026-02-16 01:02:53.713387,Tokyo-380b,-25,47,Normal
2026-02-16 01:02:54.713387,Tokyo-380b,-14,68,Normal
2026-02-16 01:02:55.713387,Tokyo-380b,21,13,Normal
2026-02-16 01:02:56.713387,Tokyo-380b,9,62,Normal
2026-02-16 01:02:57.713387,Tokyo-380b,18,27,Normal
2026-02-16 01:02:58.713387,Tokyo-380b,-17,29,Normal
2026-02-16 01:02:59.713387,Tokyo-380b,-9,35,Normal
2026-02-16 01:03:00.713387,Tokyo-380b,24,56,Normal
2026-02-16 01:03:01.713387,Tokyo-380b,40,94,Normal
2026-02-16 01:03:02.713387,Tokyo-380b,37,64,Normal
2026-02-16 01:03:03.713387,Tokyo-380b,15,67,Normal
2026-02-16 01:03:04.713387,Tokyo-380b,37,27,Normal
2026-02-16 01:03:05.713387,Tokyo-380b,13,7,Normal
2026-02-16 01:03:06.713387,Tokyo-380b,-21,60,Normal
2026-02-16 01:03:07.713387,Tokyo-380b,42,30,Normal
2026-02-16 01:03:08.713387,Tokyo-380b,0,51,Normal
2026-02-16 01:03:09.713387,Tokyo-380b,17,82,Normal
2026-02-16 01:03:10.713387,Tokyo-380b,5,29,Normal
2026-02-16 01:03:11.713387,Tokyo-380b,47,64,Normal
2026-02-16 01:03:12.713387,Tokyo-380b,32,50,Normal
2026-02-16 01:03:13.713387,Tokyo-380b,0,89,Normal
2026-02-16 01:03:14.713387,Tokyo-380b,-2,62,Normal
2026-02-16 01:03:15.713387,Tokyo-380b,17,84,Normal
2026-02-16 01:03:16.713387,Tokyo-380b,2,19,Normal
2026-02-16 01:03:17.713387,Tokyo-380b,19,49,Normal
2026-02-16 01:03:18.713387,Tokyo-380b,24,69,Normal
2026-02-16 01:03:19.713387,Tokyo-380b,-24,53,Normal
2026-02-16 01:03:20.713387,Tokyo-380b,15,96,Normal
2026-02-16 01:03:21.713387,Tokyo-380b,-18,3,Normal
2026-02-16 01:03:22.713387,Tokyo-380b,-28,62,Normal
2026-02-16 01:03:23.713387,Tokyo-380b,12,61,Normal
2026-02-16 01:03:24.713387,Tokyo-380b,31,36,Normal
2026-02-16 01:03:25.713387,Tokyo-380b,35,78,Normal
2026-02-16 01:03:26.713387,Tokyo-380b,-18,42,Normal
2026-02-16 01:03:27.713387,Tokyo-380b,39,28,Normal
2026-02-16 01:03:28.713387,Tokyo-380b,11,11,Normal
2026-02-16 01:03:29.713387,Tokyo-380b,36,73,Normal
2026-02-16 01:03:30.713387,Tokyo-380b,-13,65,Normal
2026-02-16 01:03:31.713387,Tokyo-380b,-2,80,Normal
2026-02-16 01:03:32.713387,Tokyo-380b,43,50,Normal
2026-02-16 01:03:33.713387,Tokyo-380b,14,91,Normal
2026-02-16 01:03:34.713387,Tokyo-380b,2,45,Normal
2026-02-16 01:03:35.713387,Tokyo-380b,6,70,Normal
2026-02-16 01:03:36.713387,Tokyo-380b,45,14,Normal
2026-02-16 01:03:37.713387,Tokyo-380b,-16,14,Normal
2026-02-16 01:03:38.713387,Tokyo-380b,-29,12,Normal
2026-02-16 01:03:39.713387,Tokyo-380b,-21,87,Normal
2026-02-16 01:03:40.713387,Tokyo-380b,39,50,Normal
2026-02-16 01:03:41.713387,Tokyo-380b,-9,19,Normal
2026-02-16 01:03:42.713387,Tokyo-380b,-4,93,Normal
2026-02-16 01:03:43.713387,Tokyo-380b,50,18,Normal
2026-02-16 01:03:44.713387,Tokyo-380b,36,29,Normal
2026-02-16 01:03:45.713387,Tokyo-380b,33,46,Normal
2026-02-16 01:03:46.713387,Tokyo-380b,36,41,Normal
2026-02-16 01:03:47.713387,Tokyo-380b,24,10,Normal
2026-02-16 01:03:48.713387,Tokyo-380b,18,50,Normal
2026-02-16 01:03:49.713387,Tokyo-380b,-22,100,Normal
2026-02-16 01:03:50.713387,Tokyo-380b,16,54,Normal
2026-02-16 01:03:51.713387,Tokyo-380b,45,41,Normal
2026-02-16 01:03:52.713387,Tokyo-380b,36,96,Normal
2026-02-16 01:03:53.713387,Tokyo-380b,-24,9,Normal
2026-02-16 01:03:54.713387,Tokyo-380b,32,92,Normal
2026-02-16 01:03:55.713387,Tokyo-380b,26,42,Normal
2026-02-16 01:03:56.713387,Tokyo-380b,-11,13,Normal
2026-02-16 01:03:57.713387,Tokyo-380b,-26,52,Normal
2026-02-16 01:03:58.713387,Tokyo-380b,-3,62,Normal
2026-02-16 01:03:59.713387,Tokyo-380b,15,76,Normal
2026-02-16 01:04:00.713387,Tokyo-380b,33,43,Normal
2026-02-16 01:04:01.713387,Tokyo-380b,-13,22,Normal
2026-02-16 01:04:02.713387,Tokyo-380b,33,74,Normal
2026-02-16 01:04:03.713387,Tokyo-380b,-2,77,Normal
2026-02-16 01:04:04.713387,Tokyo-380b,49,97,Normal
2026-02-16 01:04:05.713387,Tokyo-380b,7,85,Normal
2026-02-16 01:04:06.713387,Tokyo-380b,23,99,Normal
2026-02-16 01:04:07.713387,Tokyo-380b,23,62,Normal
2026-02-16 01:04:08.713387,Tokyo-380b,24,67,Normal
2026-02-16 01:04:09.713387,Tokyo-380b,23,97,Normal
2026-02-16 01:04:10.713387,Tokyo-380b,17,25,Normal
2026-02-16 01:04:11.713387,Tokyo-380b,28,56,Normal
2026-02-16 01:04:12.713387,Tokyo-380b,6,26,Normal
2026-02-16 01:04:13.713387,Tokyo-380b,11,82,Normal
2026-02-16 01:04:14.713387,Tokyo-380b,26,98,Normal
2026-02-16 01:04:15.713387,Tokyo-380b,50,10,Normal
2026-02-16 01:04:16.713387,Tokyo-380b,27,8,Normal
2026-02-16 01:04:17.713387,Tokyo-380b,0,25,Normal
2026-02-16 01:04:18.713387,Tokyo-380b,-12,75,Normal
2026-02-16 01:04:19.713387,Tokyo-380b,26,72,Normal
2026-02-16 01:04:20.713387,Tokyo-380b,-18,41,Normal
2026-02-16 01:04:21.713387,Tokyo-380b,-16,95,Normal
2026-02-16 01:04:22.713387,Tokyo-380b,3,13,Normal
2026-02-16 01:04:23.713387,Tokyo-380b,-23,44,Normal
2026-02-16 01:04:24.713387,Tokyo-380b,44,71,Normal
2026-02-16 01:04:25.713387,Tokyo-380b,24,54,Normal
2026-02-16 01:04:26.713387,Tokyo-380b,35,98,Normal
2026-02-16 01:04:27.713387,Tokyo-380b,36,52,Normal
2026-02-16 01:04:28.713387,Tokyo-380b,22,24,Normal
2026-02-16 01:04:29.713387,Tokyo-380b,31,74,Normal
2026-02-16 01:04:30.713387,Tokyo-380b,25,86,Normal
2026-02-16 01:04:31.713387,Tokyo-380b,39,50,Normal
2026-02-16 01:04:32.713387,Tokyo-380b,-9,30,Normal
2026-02-16 01:04:33.713387,Tokyo-380b,31,12,Normal
2026-02-16 01:04:34.713387,Tokyo-380b,26,97,Normal
2026-02-16 01:04:35.713387,Tokyo-380b,29,18,Normal
2026-02-16 01:04:36.713387,Tokyo-380b,11,74,Normal
2026-02-16 01:04:37.713387,Tokyo-380b,-9,45,Normal
2026-02-16 01:04:38.713387,Tokyo-380b,-24,59,Normal
2026-02-16 01:04:39.713387,Tokyo-380b,-27,78,Normal
2026-02-16 01:04:40.713387,Tokyo-380b,-17,2,Normal
2026-02-16 01:04:41.713387,Tokyo-380b,27,84,Normal
2026-02-16 01:04:42.713387,Tokyo-380b,46,80,Normal
2026-02-16 01:04:43.713387,Tokyo-380b,-15,78,Normal
2026-02-16 01:04:44.713387,Tokyo-380b,35,70,Normal
2026-02-16 01:04:45.713387,Tokyo-380b,28,52,Normal
2026-02-16 01:04:46.713387,Tokyo-380b,35,87,Normal
2026-02-16 01:04:47.713387,Tokyo-380b,45,77,Normal
2026-02-16 01:04:48.713387,Tokyo-380b,29,29,Normal
2026-02-16 01:04:49.713387,Tokyo-380b,-11,98,Normal
2026-02-16 01:04:50.713387,Tokyo-380b,44,18,Normal
2026-02-16 01:04:51.713387,Tokyo-380b,24,23,Normal
2026-02-16 01:04:52.713387,Tokyo-380b,-20,48,Normal
2026-02-16 01:04:53.713387,Tokyo-380b,33,6,Normal
2026-02-16 01:04:54.713387,Tokyo-380b,-5,100,Normal
2026-02-16 01:04:55.713387,Tokyo-380b,-30,67,Normal
2026-02-16 01:04:56.713387,Tokyo-380b,50,27,Normal
2026-02-16 01:04:57.713387,Tokyo-380b,5,76,Normal
2026-02-16 01:04:58.713387,Tokyo-380b,-20,41,Normal
2026-02-16 01:04:59.713387,Tokyo-380b,49,57,Normal
2026-02-16 01:05:00.713387,Tokyo-380b,31,81,Normal
2026-02-16 01:05:01.713387,Tokyo-380b,43,13,Normal
2026-02-16 01:05:02.713387,Tokyo-380b,16,59,Normal
2026-02-16 01:05:03.713387,Tokyo-380b,50,2,Normal
2026-02-16 01:05:04.713387,Tokyo-380b,25,25,Normal
2026-02-16 01:05:05.713387,Tokyo-380b,17,88,Normal
2026-02-16 01:05:06.713387,Tokyo-380b,4,50,Normal
2026-02-16 01:05:07.713387,Tokyo-380b,29,93,Normal
2026-02-16 01:05:08.713387,Tokyo-380b,34,80,Normal
2026-02-16 01:05:09.713387,Tokyo-380b,32,26,Normal
2026-02-16 01:05:10.713387,Tokyo-380b,-28,15,Normal
2026-02-16 01:05:11.713387,Tokyo-380b,32,17,Normal
2026-02-16 01:05:12.713387,Tokyo-380b,-17,65,Normal
2026-02-16 01:05:13.713387,Tokyo-380b,50,40,Normal
2026-02-16 01:05:14.713387,Tokyo-380b,15,52,Normal
2026-02-16 01:05:15.713387,Tokyo-380b,7,28,Normal
2026-02-16 01:05:16.713387,Tokyo-380b,39,80,Normal
2026-02-16 01:05:17.713387,Tokyo-380b,-2,73,Normal
2026-02-16 01:05:18.713387,Tokyo-380b,12,87,Normal
2026-02-16 01:05:19.713387,Tokyo-380b,-7,82,Normal
2026-02-16 01:05:20.713387,Tokyo-380b,-20,40,Normal
2026-02-16 01:05:21.713387,Tokyo-380b,-19,8,Normal
2026-02-16 01:05:22.713387,Tokyo-380b,27,15,Normal
2026-02-16 01:05:23.713387,Tokyo-380b,41,93,Normal
2026-02-16 01:05:24.713387,Tokyo-380b,-17,100,Normal
2026-02-16 01:05:25.713387,Tokyo-380b,1,72,Normal
2026-02-16 01:05:26.713387,Tokyo-380b,12,78,Normal
2026-02-16 01:05:27.713387,Tokyo-380b,1,99,Normal
2026-02-16 01:05:28.713387,Tokyo-380b,-16,84,Normal
2026-02-16 01:05:29.713387,Tokyo-380b,-6,39,Normal
2026-02-16 01:05:30.713387,Tokyo-380b,-16,89,Normal
2026-02-16 01:05:31.713387,Tokyo-380b,13,92,Normal
2026-02-16 01:05:32.713387,Tokyo-380b,18,49,Normal
2026-02-16 01:05:33.713387,Tokyo-380b,47,52,Normal
2026-02-16 01:05:34.713387,Tokyo-380b,4,63,Normal
2026-02-16 01:05:35.713387,Tokyo-380b,13,53,Normal
2026-02-16 01:05:36.713387,Tokyo-380b,-27,51,Normal
2026-02-16 01:05:37.713387,Tokyo-380b,21,19,Normal
2026-02-16 01:05:38.713387,Tokyo-380b,-18,50,Normal
2026-02-16 01:05:39.713387,Tokyo-380b,36,32,Normal
2026-02-16 01:05:40.713387,Tokyo-380b,39,19,Normal
2026-02-16 01:05:41.713387,Tokyo-380b,-16,40,Normal
2026-02-16 01:05:42.713387,Tokyo-380b,29,84,Normal
2026-02-16 01:05:43.713387,Tokyo-380b,7,0,Normal
2026-02-16 01:05:44.713387,Tokyo-380b,-11,87,Normal
2026-02-16 01:05:45.713387,Tokyo-380b,22,91,Normal
2026-02-16 01:05:46.713387,Tokyo-380b,-25,56,Normal
2026-02-16 01:05:47.713387,Tokyo-380b,36,3,Normal
2026-02-16 01:05:48.713387,Tokyo-380b,-24,61,Normal
2026-02-16 01:05:49.713387,Tokyo-380b,47,63,Normal
2026-02-16 01:05:50.713387,Tokyo-380b,-28,18,Normal
2026-02-16 01:05:51.713387,Tokyo-380b,25,65,Normal
2026-02-16 01:05:52.713387,Tokyo-380b,40,91,Normal
2026-02-16 01:05:53.713387,Tokyo-380b,-3,3,Normal
2026-02-16 01:05:54.713387,Tokyo-380b,-5,25,Normal
2026-02-16 01:05:55.713387,Tokyo-380b,30,14,Normal
2026-02-16 01:05:56.713387,Tokyo-380b,32,45,Normal
2026-02-16 01:05:57.713387,Tokyo-380b,17,97,Normal
2026-02-16 01:05:58.713387,Tokyo-380b,37,94,Normal
2026-02-16 01:05:59.713387,Tokyo-380b,6,22,Normal
2026-02-16 01:06:00.713387,Tokyo-380b,41,57,Normal
2026-02-16 01:06:01.713387,Tokyo-380b,44,88,Normal
2026-02-16 01:06:02.713387,Tokyo-380b,46,78,Normal
2026-02-16 01:06:03.713387,Tokyo-380b,-5,43,Normal
2026-02-16 01:06:04.713387,Tokyo-380b,35,16,Normal
2026-02-16 01:06:05.713387,Tokyo-380b,-27,83,Normal
2026-02-16 01:06:06.713387,Tokyo-380b,36,48,Normal
2026-02-16 01:06:07.713387,Tokyo-380b,38,37,Normal
2026-02-16 01:06:08.713387,Tokyo-380b,26,45,Normal
2026-02-16 01:06:09.713387,Tokyo-380b,33,65,Normal
2026-02-16 01:06:10.713387,Tokyo-380b,-1,80,Normal
2026-02-16 01:06:11.713387,Tokyo-380b,-1,71,Normal
2026-02-16 01:06:12.713387,Tokyo-380b,24,89,Normal
2026-02-16 01:06:13.713387,Tokyo-380b,8,60,Normal
2026-02-16 01:06:14.713387,Tokyo-380b,40,95,Normal
2026-02-16 01:06:15.713387,Tokyo-380b,3,39,Normal
2026-02-16 01:06:16.713387,Tokyo-380b,25,19,Normal
2026-02-16 01:06:17.713387,Tokyo-380b,20,74,Normal
2026-02-16 01:06:18.713387,Tokyo-380b,28,74,Normal
2026-02-16 01:06:19.713387,Tokyo-380b,41,31,Normal
2026-02-16 01:06:20.713387,Tokyo-380b,-3,78,Normal
2026-02-16 01:06:21.713387,Tokyo-380b,30,76,Normal
2026-02-16 01:06:22.713387,Tokyo-380b,-23,58,Normal
2026-02-16 01:06:23.713387,Tokyo-380b,20,2,Normal
2026-02-16 01:06:24.713387,Tokyo-380b,0,63,Normal
2026-02-16 01:06:25.713387,Tokyo-380b,-18,99,Normal
2026-02-16 01:06:26.713387,Tokyo-380b,4,37,Normal
2026-02-16 01:06:27.713387,Tokyo-380b,-29,44,Normal
2026-02-16 01:06:28.713387,Tokyo-380b,30,51,Normal
2026-02-16 01:06:29.713387,Tokyo-380b,45,58,Normal
2026-02-16 01:06:30.713387,Tokyo-380b,-7,43,Normal
2026-02-16 01:06:31.713387,Tokyo-380b,-6,24,Normal
2026-02-16 01:06:32.713387,Tokyo-380b,48,37,Normal
2026-02-16 01:06:33.713387,Tokyo-380b,-19,13,Normal
2026-02-16 01:06:34.713387,Tokyo-380b,50,89,Normal
2026-02-16 01:06:35.713387,Tokyo-380b,50,28,Normal
2026-02-16 01:06:36.713387,Tokyo-380b,13,36,Normal
2026-02-16 01:06:37.713387,Tokyo-380b,-6,62,Normal
2026-02-16 01:06:38.713387,Tokyo-380b,12,66,Normal
2026-02-16 01:06:39.713387,Tokyo-380b,-13,15,Normal
2026-02-16 01:06:40.713387,Tokyo-380b,19,21,Normal
2026-02-16 01:06:41.713387,Tokyo-380b,33,4,Normal
2026-02-16 01:06:42.713387,Tokyo-380b,-8,46,Normal
2026-02-16 01:06:43.713387,Tokyo-380b,5,23,Normal
2026-02-16 01:06:44.713387,Tokyo-380b,44,64,Normal
2026-02-16 01:06:45.713387,Tokyo-380b,-23,58,Normal
2026-02-16 01:06:46.713387,Tokyo-380b,36,75,Normal
2026-02-16 01:06:47.713387,Tokyo-380b,45,88,Normal
2026-02-16 01:06:48.713387,Tokyo-380b,4,55,Normal
2026-02-16 01:06:49.713387,Tokyo-380b,43,42,Normal
2026-02-16 01:06:50.713387,Tokyo-380b,10,48,Normal
2026-02-16 01:06:51.713387,Tokyo-380b,18,45,Normal
2026-02-16 01:06:52.713387,Tokyo-380b,20,67,Normal
2026-02-16 01:06:53.713387,Tokyo-380b,-2,55,Normal
2026-02-16 01:06:54.713387,Tokyo-380b,14,59,Normal
2026-02-16 01:06:55.713387,Tokyo-380b,9,6,Normal
2026-02-16 01:06:56.713387,Tokyo-380b,44,17,Normal
2026-02-16 01:06:57.713387,Tokyo-380b,43,36,Normal
2026-02-16 01:06:58.713387,Tokyo-380b,-16,81,Normal
2026-02-16 01:06:59.713387,Tokyo-380b,-23,89,Normal
2026-02-16 01:07:00.713387,Tokyo-380b,-1,99,Normal
2026-02-16 01:07:01.713387,Tokyo-380b,-25,57,Normal
2026-02-16 01:07:02.713387,Tokyo-380b,7,1,Normal
2026-02-16 01:07:03.713387,Tokyo-380b,14,30,Normal
2026-02-16 01:07:04.713387,Tokyo-380b,-14,27,Normal
2026-02-16 01:07:05.713387,Tokyo-380b,-14,62,Normal
2026-02-16 01:07:06.713387,Tokyo-380b,43,29,Normal
2026-02-16 01:07:07.713387,Tokyo-380b,-29,65,Normal
2026-02-16 01:07:08.713387,Tokyo-380b,19,61,Normal
2026-02-16 01:07:09.713387,Tokyo-380b,-4,81,Normal
2026-02-16 01:07:10.713387,Tokyo-380b,-21,99,Normal
2026-02-16 01:07:11.713387,Tokyo-380b,-20,93,Normal
2026-02-16 01:07:12.713387,Tokyo-380b,-7,41,Normal
2026-02-16 01:07:13.713387,Tokyo-380b,-23,81,Normal
2026-02-16 01:07:14.713387,Tokyo-380b,27,7,Normal
2026-02-16 01:07:15.713387,Tokyo-380b,-13,29,Normal
2026-02-16 01:07:16.713387,Tokyo-380b,35,46,Normal
2026-02-16 01:07:17.713387,Tokyo-380b,9,68,Normal
2026-02-16 01:07:18.713387,Tokyo-380b,16,84,Normal
2026-02-16 01:07:19.713387,Tokyo-380b,32,6,Normal
2026-02-16 01:07:20.713387,Tokyo-380b,46,12,Normal
2026-02-16 01:07:21.713387,Tokyo-380b,-27,85,Normal
2026-02-16 01:07:22.713387,Tokyo-380b,-28,94,Normal
2026-02-16 01:07:23.713387,Tokyo-380b,50,73,Normal
2026-02-16 01:07:24.713387,Tokyo-380b,-2,54,Normal
2026-02-16 01:07:25.713387,Tokyo-380b,44,74,Normal
2026-02-16 01:07:26.713387,Tokyo-380b,-20,24,Normal
2026-02-16 01:07:27.713387,Tokyo-380b,29,61,Normal
2026-02-16 01:07:28.713387,Tokyo-380b,-10,32,Normal
2026-02-16 01:07:29.713387,Tokyo-380b,40,94,Normal
2026-02-16 01:07:30.713387,Tokyo-380b,-10,92,Normal
2026-02-16 01:07:31.713387,Tokyo-380b,-7,99,Normal
2026-02-16 01:07:32.713387,Tokyo-380b,3,84,Normal
2026-02-16 01:07:33.713387,Tokyo-380b,7,77,Normal
2026-02-16 01:07:34.713387,Tokyo-380b,45,58,Normal
2026-02-16 01:07:35.713387,Tokyo-380b,-19,99,Normal
2026-02-16 01:07:36.713387,Tokyo-380b,28,100,Normal
2026-02-16 01:07:37.713387,Tokyo-380b,23,19,Normal
2026-02-16 01:07:38.713387,Tokyo-380b,-12,46,Normal
2026-02-16 01:07:39.713387,Tokyo-380b,47,100,Normal
2026-02-16 01:07:40.713387,Tokyo-380b,5,0,Normal
2026-02-16 01:07:41.713387,Tokyo-380b,-14,54,Normal
2026-02-16 01:07:42.713387,Tokyo-380b,-21,62,Normal
2026-02-16 01:07:43.713387,Tokyo-380b,-21,37,Normal
2026-02-16 01:07:44.713387,Tokyo-380b,24,26,Normal
2026-02-16 01:07:45.713387,Tokyo-380b,-22,95,Normal
2026-02-16 01:07:46.713387,Tokyo-380b,13,42,Normal
2026-02-16 01:07:47.713387,Tokyo-380b,3,57,Normal
2026-02-16 01:07:48.713387,Tokyo-380b,37,64,Normal
2026-02-16 01:07:49.713387,Tokyo-380b,-12,53,Normal
2026-02-16 01:07:50.713387,Tokyo-380b,19,78,Normal
2026-02-16 01:07:51.713387,Tokyo-380b,23,36,Normal
2026-02-16 01:07:52.713387,Tokyo-380b,44,28,Normal
2026-02-16 01:07:53.713387,Tokyo-380b,0,18,Normal
2026-02-16 01:07:54.713387,Tokyo-380b,-10,28,Normal
2026-02-16 01:07:55.713387,Tokyo-380b,-4,76,Normal
2026-02-16 01:07:56.713387,Tokyo-380b,31,100,Normal
2026-02-16 01:07:57.713387,Tokyo-380b,38,26,Normal
2026-02-16 01:07:58.713387,Tokyo-380b,-17,54,Normal
2026-02-16 01:07:59.713387,Tokyo-380b,40,75,Normal
2026-02-16 01:08:00.713387,Tokyo-380b,-4,9,Normal
2026-02-16 01:08:01.713387,Tokyo-380b,4,41,Normal
2026-02-16 01:08:02.713387,Tokyo-380b,39,72,Normal
2026-02-16 01:08:03.713387,Tokyo-380b,27,25,Normal
2026-02-16 01:08:04.713387,Tokyo-380b,-8,0,Normal
2026-02-16 01:08:05.713387,Tokyo-380b,-14,50,Normal
2026-02-16 01:08:06.713387,Tokyo-380b,41,80,Normal
2026-02-16 01:08:07.713387,Tokyo-380b,18,14,Normal
2026-02-16 01:08:08.713387,Tokyo-380b,-28,36,Normal
2026-02-16 01:08:09.713387,Tokyo-380b,28,52,Normal
2026-02-16 01:08:10.713387,Tokyo-380b,14,72,Normal
2026-02-16 01:08:11.713387,Tokyo-380b,-2,99,Normal
2026-02-16 01:08:12.713387,Tokyo-380b,16,90,Normal
2026-02-16 01:08:13.713387,Tokyo-380b,5,49,Normal
2026-02-16 01:08:14.713387,Tokyo-380b,23,55,Normal
2026-02-16 01:08:15.713387,Tokyo-380b,11,36,Normal
2026-02-16 01:08:16.713387,Tokyo-380b,12,46,Normal
2026-02-16 01:08:17.713387,Tokyo-380b,27,99,Normal
2026-02-16 01:08:18.713387,Tokyo-380b,6,53,Normal
2026-02-16 01:08:19.713387,Tokyo-380b,36,0,Normal
2026-02-16 01:08:20.713387,Tokyo-380b,18,58,Normal
2026-02-16 01:08:21.713387,Tokyo-380b,31,65,Normal
2026-02-16 01:08:22.713387,Tokyo-380b,24,89,Normal
2026-02-16 01:08:23.713387,Tokyo-380b,21,39,Normal
2026-02-16 01:08:24.713387,Tokyo-380b,-19,76,Normal
2026-02-16 01:08:25.713387,Tokyo-380b,-30,75,Normal
2026-02-16 01:08:26.713387,Tokyo-380b,33,5,Normal
2026-02-16 01:08:27.713387,Tokyo-380b,28,30,Normal
2026-02-16 01:08:28.713387,Tokyo-380b,33,20,Normal
2026-02-16 01:08:29.713387,Tokyo-380b,0,78,Normal
2026-02-16 01:08:30.713387,Tokyo-380b,30,21,Normal
2026-02-16 01:08:31.713387,Tokyo-380b,24,63,Normal
2026-02-16 01:08:32.713387,Tokyo-380b,8,72,Normal
2026-02-16 01:08:33.713387,Tokyo-380b,8,20,Normal
2026-02-16 01:08:34.713387,Tokyo-380b,-13,45,Normal
2026-02-16 01:08:35.713387,Tokyo-380b,24,53,Normal
2026-02-16 01:08:36.713387,Tokyo-380b,29,81,Normal
2026-02-16 01:08:37.713387,Tokyo-380b,8,80,Normal
2026-02-16 01:08:38.713387,Tokyo-380b,32,64,Normal
2026-02-16 01:08:39.713387,Tokyo-380b,44,77,Normal
2026-02-16 01:08:40.713387,Tokyo-380b,31,100,Normal
2026-02-16 01:08:41.713387,Tokyo-380b,50,19,Normal
2026-02-16 01:08:42.713387,Tokyo-380b,14,30,Normal
2026-02-16 01:08:43.713387,Tokyo-380b,43,80,Normal
2026-02-16 01:08:44.713387,Tokyo-380b,12,27,Normal
2026-02-16 01:08:45.713387,Tokyo-380b,-17,9,Normal
2026-02-16 01:08:46.713387,Tokyo-380b,11,91,Normal
2026-02-16 01:08:47.713387,Tokyo-380b,2,44,Normal
2026-02-16 01:08:48.713387,Tokyo-380b,24,72,Normal
2026-02-16 01:08:49.713387,Tokyo-380b,4,31,Normal
2026-02-16 01:08:50.713387,Tokyo-380b,19,30,Normal
2026-02-16 01:08:51.713387,Tokyo-380b,-19,10,Normal
2026-02-16 01:08:52.713387,Tokyo-380b,40,52,Normal
2026-02-16 01:08:53.713387,Tokyo-380b,-23,78,Normal
2026-02-16 01:08:54.713387,Tokyo-380b,30,74,Normal
2026-02-16 01:08:55.713387,Tokyo-380b,15,77,Normal
2026-02-16 01:08:56.713387,Tokyo-380b,46,15,Normal
2026-02-16 01:08:57.713387,Tokyo-380b,23,44,Normal
2026-02-16 01:08:58.713387,Tokyo-380b,11,42,Normal
2026-02-16 01:08:59.713387,Tokyo-380b,25,63,Normal
2026-02-16 01:09:00.713387,Tokyo-380b,22,41,Normal
2026-02-16 01:09:01.713387,Tokyo-380b,39,74,Normal
2026-02-16 01:09:02.713387,Tokyo-380b,43,46,Normal
2026-02-16 01:09:03.713387,Tokyo-380b,-26,45,Normal
2026-02-16 01:09:04.713387,Tokyo-380b,7,98,Normal
2026-02-16 01:09:05.713387,Tokyo-380b,-7,27,Normal
2026-02-16 01:09:06.713387,Tokyo-380b,48,90,Normal
2026-02-16 01:09:07.713387,Tokyo-380b,15,77,Normal
2026-02-16 01:09:08.713387,Tokyo-380b,13,28,Normal
2026-02-16 01:09:09.713387,Tokyo-380b,-6,3,Normal
2026-02-16 01:09:10.713387,Tokyo-380b,-5,10,Normal
2026-02-16 01:09:11.713387,Tokyo-380b,4,36,Normal
2026-02-16 01:09:12.713387,Tokyo-380b,8,32,Normal
2026-02-16 01:09:13.713387,Tokyo-380b,-1,53,Normal
2026-02-16 01:09:14.713387,Tokyo-380b,17,99,Normal
2026-02-16 01:09:15.713387,Tokyo-380b,-19,89,Normal
2026-02-16 01:09:16.713387,Tokyo-380b,39,93,Normal
2026-02-16 01:09:17.713387,Tokyo-380b,-10,41,Normal
2026-02-16 01:09:18.713387,Tokyo-380b,13,71,Normal
2026-02-16 01:09:19.713387,Tokyo-380b,7,98,Normal
2026-02-16 01:09:20.713387,Tokyo-380b,-17,80,Normal
2026-02-16 01:09:21.713387,Tokyo-380b,11,45,Normal
2026-02-16 01:09:22.713387,Tokyo-380b,25,95,Normal
2026-02-16 01:09:23.713387,Tokyo-380b,-5,5,Normal
2026-02-16 01:09:24.713387,Tokyo-380b,47,90,Normal
2026-02-16 01:09:25.713387,Tokyo-380b,-4,1,Normal
2026-02-16 01:09:26.713387,Tokyo-380b,40,40,Normal
2026-02-16 01:09:27.713387,Tokyo-380b,-5,93,Normal
2026-02-16 01:09:28.713387,Tokyo-380b,-24,26,Normal
2026-02-16 01:09:29.713387,Tokyo-380b,-12,78,Normal
2026-02-16 01:09:30.713387,Tokyo-380b,26,79,Normal
2026-02-16 01:09:31.713387,Tokyo-380b,14,60,Normal
2026-02-16 01:09:32.713387,Tokyo-380b,-17,79,Normal
2026-02-16 01:09:33.713387,Tokyo-380b,-7,34,Normal
2026-02-16 01:09:34.713387,Tokyo-380b,17,6,Normal
2026-02-16 01:09:35.713387,Tokyo-380b,33,86,Normal
2026-02-16 01:09:36.713387,Tokyo-380b,-28,4,Normal
2026-02-16 01:09:37.713387,Tokyo-380b,35,34,Normal
2026-02-16 01:09:38.713387,Tokyo-380b,2,76,Normal
2026-02-16 01:09:39.713387,Tokyo-380b,-15,1,Normal
2026-02-16 01:09:40.713387,Tokyo-380b,-13,81,Normal
2026-02-16 01:09:41.713387,Tokyo-380b,30,53,Normal
2026-02-16 01:09:42.713387,Tokyo-380b,-3,17,Normal
2026-02-16 01:09:43.713387,Tokyo-380b,-1,85,Normal
2026-02-16 01:09:44.713387,Tokyo-380b,26,46,Normal
2026-02-16 01:09:45.713387,Tokyo-380b,-12,9,Normal
2026-02-16 01:09:46.713387,Tokyo-380b,-19,32,Normal
2026-02-16 01:09:47.713387,Tokyo-380b,43,84,Normal
2026-02-16 01:09:48.713387,Tokyo-380b,27,74,Normal
2026-02-16 01:09:49.713387,Tokyo-380b,49,72,Normal
2026-02-16 01:09:50.713387,Tokyo-380b,-1,78,Normal
2026-02-16 01:09:51.713387,Tokyo-380b,-4,67,Normal
2026-02-16 01:09:52.713387,Tokyo-380b,44,60,Normal
2026-02-16 01:09:53.713387,Tokyo-380b,43,56,Normal
2026-02-16 01:09:54.713387,Tokyo-380b,-19,100,Normal
2026-02-16 01:09:55.713387,Tokyo-380b,6,56,Normal
2026-02-16 01:09:56.713387,Tokyo-380b,42,80,Normal
2026-02-16 01:09:57.713387,Tokyo-380b,5,22,Normal
2026-02-16 01:09:58.713387,Tokyo-380b,-4,50,Normal
2026-02-16 01:09:59.713387,Tokyo-380b,27,76,Normal
2026-02-16 01:10:00.713387,Tokyo-380b,-25,94,Normal
2026-02-16 01:10:01.713387,Tokyo-380b,38,23,Normal
2026-02-16 01:10:02.713387,Tokyo-380b,-24,27,Normal
2026-02-16 01:10:03.713387,Tokyo-380b,2,73,Normal
2026-02-16 01:10:04.713387,Tokyo-380b,-17,60,Normal
2026-02-16 01:10:05.713387,Tokyo-380b,25,33,Normal
2026-02-16 01:10:06.713387,Tokyo-380b,34,88,Normal
2026-02-16 01:10:07.713387,Tokyo-380b,26,29,Normal
2026-02-16 01:10:08.713387,Tokyo-380b,45,77,Normal
2026-02-16 01:10:09.713387,Tokyo-380b,-8,68,Normal
2026-02-16 01:10:10.713387,Tokyo-380b,29,63,Normal
2026-02-16 01:10:11.713387,Tokyo-380b,2,83,Normal
2026-02-16 01:10:12.713387,Tokyo-380b,33,93,Normal
2026-02-16 01:10:13.713387,Tokyo-380b,-30,14,Normal
2026-02-16 01:10:14.713387,Tokyo-380b,-11,50,Normal
2026-02-16 01:10:15.713387,Tokyo-380b,28,29,Normal
2026-02-16 01:10:16.713387,Tokyo-380b,10,23,Normal
2026-02-16 01:10:17.713387,Tokyo-380b,-3,98,Normal
2026-02-16 01:10:18.713387,Tokyo-380b,15,85,Normal
2026-02-16 01:10:19.713387,Tokyo-380b,43,63,Normal
2026-02-16 01:10:20.713387,Tokyo-380b,39,43,Normal
2026-02-16 01:10:21.713387,Tokyo-380b,-28,19,Normal
2026-02-16 01:10:22.713387,Tokyo-380b,8,75,Normal
2026-02-16 01:10:23.713387,Tokyo-380b,47,22,Normal
2026-02-16 01:10:24.713387,Tokyo-380b,14,76,Normal
2026-02-16 01:10:25.713387,Tokyo-380b,10,67,Normal
2026-02-16 01:10:26.713387,Tokyo-380b,-10,64,Normal
2026-02-16 01:10:27.713387,Tokyo-380b,47,18,Normal
2026-02-16 01:10:28.713387,Tokyo-380b,40,99,Normal
2026-02-16 01:10:29.713387,Tokyo-380b,-29,11,Normal
2026-02-16 01:10:30.713387,Tokyo-380b,-5,78,Normal
2026-02-16 01:10:31.713387,Tokyo-380b,17,6,Normal
2026-02-16 01:10:32.713387,Tokyo-380b,-24,16,Normal
2026-02-16 01:10:33.713387,Tokyo-380b,35,8,Normal
2026-02-16 01:10:34.713387,Tokyo-380b,-29,28,Normal
2026-02-16 01:10:35.713387,Tokyo-380b,19,68,Normal
2026-02-16 01:10:36.713387,Tokyo-380b,12,40,Normal
2026-02-16 01:10:37.713387,Tokyo-380b,45,4,Normal
2026-02-16 01:10:38.713387,Tokyo-380b,-18,82,Normal
2026-02-16 01:10:39.713387,Tokyo-380b,11,37,Normal
2026-02-16 01:10:40.713387,Tokyo-380b,-25,47,Normal
2026-02-16 01:10:41.713387,Tokyo-380b,-1,76,Normal
2026-02-16 01:10:42.713387,Tokyo-380b,44,14,Normal
2026-02-16 01:10:43.713387,Tokyo-380b,16,43,Normal
2026-02-16 01:10:44.713387,Tokyo-380b,-1,34,Normal
2026-02-16 01:10:45.713387,Tokyo-380b,11,13,Normal
2026-02-16 01:10:46.713387,Tokyo-380b,16,27,Normal
2026-02-16 01:10:47.713387,Tokyo-380b,12,76,Normal
2026-02-16 01:10:48.713387,Tokyo-380b,37,37,Normal
2026-02-16 01:10:49.713387,Tokyo-380b,27,68,Normal
2026-02-16 01:10:50.713387,Tokyo-380b,-15,77,Normal
2026-02-16 01:10:51.713387,Tokyo-380b,11,70,Normal
2026-02-16 01:10:52.713387,Tokyo-380b,-21,4,Normal
2026-02-16 01:10:53.713387,Tokyo-380b,46,59,Normal
2026-02-16 01:10:54.713387,Tokyo-380b,25,55,Normal
2026-02-16 01:10:55.713387,Tokyo-380b,-4,47,Normal
2026-02-16 01:10:56.713387,Tokyo-380b,33,43,Normal
2026-02-16 01:10:57.713387,Tokyo-380b,27,91,Normal
2026-02-16 01:10:58.713387,Tokyo-380b,-27,8,Normal
2026-02-16 01:10:59.713387,Tokyo-380b,-20,19,Normal
2026-02-16 01:11:00.713387,Tokyo-380b,-14,16,Normal
2026-02-16 01:11:01.713387,Tokyo-380b,31,96,Normal
2026-02-16 01:11:02.713387,Tokyo-380b,34,27,Normal
2026-02-16 01:11:03.713387,Tokyo-380b,27,30,Normal
2026-02-16 01:11:04.713387,Tokyo-380b,2,95,Normal
2026-02-16 01:11:05.713387,Tokyo-380b,-1,96,Normal
2026-02-16 01:11:06.713387,Tokyo-380b,26,22,Normal
2026-02-16 01:11:07.713387,Tokyo-380b,-12,54,Normal
2026-02-16 01:11:08.713387,Tokyo-380b,-12,41,Normal
2026-02-16 01:11:09.713387,Tokyo-380b,-12,42,Normal
2026-02-16 01:11:10.713387,Tokyo-380b,-22,16,Normal
2026-02-16 01:11:11.713387,Tokyo-380b,8,39,Normal
2026-02-16 01:11:12.713387,Tokyo-380b,46,6,Normal
2026-02-16 01:11:13.713387,Tokyo-380b,22,48,Normal
2026-02-16 01:11:14.713387,Tokyo-380b,46,91,Normal
2026-02-16 01:11:15.713387,Tokyo-380b,-18,26,Normal
2026-02-16 01:11:16.713387,Tokyo-380b,-5,60,Normal
2026-02-16 01:11:17.713387,Tokyo-380b,4,51,Normal
2026-02-16 01:11:18.713387,Tokyo-380b,-20,68,Normal
2026-02-16 01:11:19.713387,Tokyo-380b,17,77,Normal
2026-02-16 01:11:20.713387,Tokyo-380b,25,92,Normal
2026-02-16 01:11:21.713387,Tokyo-380b,21,93,Normal
2026-02-16 01:11:22.713387,Tokyo-380b,3,78,Normal
2026-02-16 01:11:23.713387,Tokyo-380b,-2,77,Normal
2026-02-16 01:11:24.713387,Tokyo-380b,-12,38,Normal
2026-02-16 01:11:25.713387,Tokyo-380b,-8,60,Normal
2026-02-16 01:11:26.713387,Tokyo-380b,45,89,Normal
2026-02-16 01:11:27.713387,Tokyo-380b,-3,29,Normal
2026-02-16 01:11:28.713387,Tokyo-380b,48,39,Normal
2026-02-16 01:11:29.713387,Tokyo-380b,-25,3,Normal
2026-02-16 01:11:30.713387,Tokyo-380b,46,58,Normal
2026-02-16 01:11:31.713387,Tokyo-380b,41,55,Normal
2026-02-16 01:11:32.713387,Tokyo-380b,17,96,Normal
2026-02-16 01:11:33.713387,Tokyo-380b,33,48,Normal
2026-02-16 01:11:34.713387,Tokyo-380b,44,40,Normal
2026-02-16 01:11:35.713387,Tokyo-380b,41,95,Normal
2026-02-16 01:11:36.713387,Tokyo-380b,47,48,Normal
2026-02-16 01:11:37.713387,Tokyo-380b,18,84,Normal
2026-02-16 01:11:38.713387,Tokyo-380b,11,19,Normal
2026-02-16 01:11:39.713387,Tokyo-380b,20,2,Normal
2026-02-16 01:11:40.713387,Tokyo-380b,-24,31,Normal
2026-02-16 01:11:41.713387,Tokyo-380b,-12,68,Normal
2026-02-16 01:11:42.713387,Tokyo-380b,46,2,Normal
2026-02-16 01:11:43.713387,Tokyo-380b,41,94,Normal
2026-02-16 01:11:44.713387,Tokyo-380b,-2,37,Normal
2026-02-16 01:11:45.713387,Tokyo-380b,0,0,Normal
2026-02-16 01:11:46.713387,Tokyo-380b,45,16,Normal
2026-02-16 01:11:47.713387,Tokyo-380b,-23,56,Normal
2026-02-16 01:11:48.713387,Tokyo-380b,13,24,Normal
2026-02-16 01:11:49.713387,Tokyo-380b,-10,16,Normal
2026-02-16 01:11:50.713387,Tokyo-380b,-15,42,Normal
2026-02-16 01:11:51.713387,Tokyo-380b,-13,55,Normal
2026-02-16 01:11:52.713387,Tokyo-380b,32,9,Normal
2026-02-16 01:11:53.713387,Tokyo-380b,-6,68,Normal
2026-02-16 01:11:54.713387,Tokyo-380b,16,48,Normal
2026-02-16 01:11:55.713387,Tokyo-380b,7,15,Normal
2026-02-16 01:11:56.713387,Tokyo-380b,32,35,Normal
2026-02-16 01:11:57.713387,Tokyo-380b,-25,20,Normal
2026-02-16 01:11:58.713387,Tokyo-380b,-22,10,Normal
2026-02-16 01:11:59.713387,Tokyo-380b,-9,49,Normal
2026-02-16 01:12:00.713387,Tokyo-380b,27,54,Normal
2026-02-16 01:12:01.713387,Tokyo-380b,-10,51,Normal
2026-02-16 01:12:02.713387,Tokyo-380b,-6,1,Normal
2026-02-16 01:12:03.713387,Tokyo-380b,-24,18,Normal
2026-02-16 01:12:04.713387,Tokyo-380b,11,71,Normal
2026-02-16 01:12:05.713387,Tokyo-380b,41,46,Normal
2026-02-16 01:12:06.713387,Tokyo-380b,34,3,Normal
2026-02-16 01:12:07.713387,Tokyo-380b,29,6,Normal
2026-02-16 01:12:08.713387,Tokyo-380b,-29,78,Normal
2026-02-16 01:12:09.713387,Tokyo-380b,30,39,Normal
2026-02-16 01:12:10.713387,Tokyo-380b,-12,60,Normal
2026-02-16 01:12:11.713387,Tokyo-380b,26,5,Normal
2026-02-16 01:12:12.713387,Tokyo-380b,-2,36,Normal
2026-02-16 01:12:13.713387,Tokyo-380b,-21,54,Normal
2026-02-16 01:12:14.713387,Tokyo-380b,38,40,Normal
2026-02-16 01:12:15.713387,Tokyo-380b,18,33,Normal
2026-02-16 01:12:16.713387,Tokyo-380b,-28,1,Normal
2026-02-16 01:12:17.713387,Tokyo-380b,20,68,Normal
2026-02-16 01:12:18.713387,Tokyo-380b,47,26,Normal
2026-02-16 01:12:19.713387,Tokyo-380b,13,40,Normal
2026-02-16 01:12:20.713387,Tokyo-380b,49,25,Normal
2026-02-16 01:12:21.713387,Tokyo-380b,23,92,Normal
2026-02-16 01:12:22.713387,Tokyo-380b,13,80,Normal
2026-02-16 01:12:23.713387,Tokyo-380b,-15,88,Normal
2026-02-16 01:12:24.713387,Tokyo-380b,39,37,Normal
2026-02-16 01:12:25.713387,Tokyo-380b,-7,64,Normal
2026-02-16 01:12:26.713387,Tokyo-380b,38,59,Normal
2026-02-16 01:12:27.713387,Tokyo-380b,-23,52,Normal
2026-02-16 01:12:28.713387,Tokyo-380b,21,39,Normal
2026-02-16 01:12:29.713387,Tokyo-380b,-14,42,Normal
2026-02-16 01:12:30.713387,Tokyo-380b,-20,17,Normal
2026-02-16 01:12:31.713387,Tokyo-380b,-25,42,Normal
2026-02-16 01:12:32.713387,Tokyo-380b,11,64,Normal
2026-02-16 01:12:33.713387,Tokyo-380b,-15,33,Normal
2026-02-16 01:12:34.713387,Tokyo-380b,-17,84,Normal
2026-02-16 01:12:35.713387,Tokyo-380b,1,13,Normal
2026-02-16 01:12:36.713387,Tokyo-380b,10,48,Normal
2026-02-16 01:12:37.713387,Tokyo-380b,28,24,Normal
2026-02-16 01:12:38.713387,Tokyo-380b,21,69,Normal
2026-02-16 01:12:39.713387,Tokyo-380b,-22,80,Normal
2026-02-16 01:12:40.713387,Tokyo-380b,5,27,Normal
2026-02-16 01:12:41.713387,Tokyo-380b,-1,84,Normal
2026-02-16 01:12:42.713387,Tokyo-380b,13,91,Normal
2026-02-16 01:12:43.713387,Tokyo-380b,-17,47,Normal
2026-02-16 01:12:44.713387,Tokyo-380b,11,12,Normal
2026-02-16 01:12:45.713387,Tokyo-380b,48,95,Normal
2026-02-16 01:12:46.713387,Tokyo-380b,44,7,Normal
2026-02-16 01:12:47.713387,Tokyo-380b,-8,97,Normal
2026-02-16 01:12:48.713387,Tokyo-380b,-16,35,Normal
2026-02-16 01:12:49.713387,Tokyo-380b,-3,79,Normal
2026-02-16 01:12:50.713387,Tokyo-380b,21,73,Normal
2026-02-16 01:12:51.713387,Tokyo-380b,-11,9,Normal
2026-02-16 01:12:52.713387,Tokyo-380b,-26,67,Normal
2026-02-16 01:12:53.713387,Tokyo-380b,33,92,Normal
2026-02-16 01:12:54.713387,Tokyo-380b,10,94,Normal
2026-02-16 01:12:55.713387,Tokyo-380b,-29,55,Normal
2026-02-16 01:12:56.713387,Tokyo-380b,30,4,Normal
2026-02-16 01:12:57.713387,Tokyo-380b,-24,63,Normal
2026-02-16 01:12:58.713387,Tokyo-380b,-10,9,Normal
2026-02-16 01:12:59.713387,Tokyo-380b,33,51,Normal
2026-02-16 01:13:00.713387,Tokyo-380b,41,69,Normal
2026-02-16 01:13:01.713387,Tokyo-380b,4,7,Normal
2026-02-16 01:13:02.713387,Tokyo-380b,39,40,Normal
2026-02-16 01:13:03.713387,Tokyo-380b,-4,94,Normal
2026-02-16 01:13:04.713387,Tokyo-380b,35,12,Normal
2026-02-16 01:13:05.713387,Tokyo-380b,15,14,Normal
2026-02-16 01:13:06.713387,Tokyo-380b,-12,22,Normal
2026-02-16 01:13:07.713387,Tokyo-380b,-14,14,Normal
2026-02-16 01:13:08.713387,Tokyo-380b,-9,8,Normal
2026-02-16 01:13:09.713387,Tokyo-380b,0,44,Normal
2026-02-16 01:13:10.713387,Tokyo-380b,-8,92,Normal
2026-02-16 01:13:11.713387,Tokyo-380b,31,76,Normal
2026-02-16 01:13:12.713387,Tokyo-380b,20,62,Normal
2026-02-16 01:13:13.713387,Tokyo-380b,45,35,Normal
2026-02-16 01:13:14.713387,Tokyo-380b,8,8,Normal
2026-02-16 01:13:15.713387,Tokyo-380b,48,40,Normal
2026-02-16 01:13:16.713387,Tokyo-380b,-11,52,Normal
2026-02-16 01:13:17.713387,Tokyo-380b,22,69,Normal
2026-02-16 01:13:18.713387,Tokyo-380b,4,78,Normal
2026-02-16 01:13:19.713387,Tokyo-380b,27,6,Normal
2026-02-16 01:13:20.713387,Tokyo-380b,48,63,Normal
2026-02-16 01:13:21.713387,Tokyo-380b,-17,92,Normal
2026-02-16 01:13:22.713387,Tokyo-380b,31,87,Normal
2026-02-16 01:13:23.713387,Tokyo-380b,-26,50,Normal
2026-02-16 01:13:24.713387,Tokyo-380b,33,99,Normal
2026-02-16 01:13:25.713387,Tokyo-380b,-30,8,Normal
2026-02-16 01:13:26.713387,Tokyo-380b,-22,54,Normal
2026-02-16 01:13:27.713387,Tokyo-380b,9,83,Normal
2026-02-16 01:13:28.713387,Tokyo-380b,-8,69,Normal
2026-02-16 01:13:29.713387,Tokyo-380b,24,58,Normal
2026-02-16 01:13:30.713387,Tokyo-380b,20,85,Normal
2026-02-16 01:13:31.713387,Tokyo-380b,5,90,Normal
2026-02-16 01:13:32.713387,Tokyo-380b,27,53,Normal
2026-02-16 01:13:33.713387,Tokyo-380b,40,44,Normal
2026-02-16 01:13:34.713387,Tokyo-380b,-29,72,Normal
2026-02-16 01:13:35.713387,Tokyo-380b,4,37,Normal
2026-02-16 01:13:36.713387,Tokyo-380b,6,81,Normal
2026-02-16 01:13:37.713387,Tokyo-380b,-24,87,Normal
2026-02-16 01:13:38.713387,Tokyo-380b,34,34,Normal
2026-02-16 01:13:39.713387,Tokyo-380b,-11,48,Normal
2026-02-16 01:13:40.713387,Tokyo-380b,46,43,Normal
2026-02-16 01:13:41.713387,Tokyo-380b,-23,23,Normal
2026-02-16 01:13:42.713387,Tokyo-380b,-17,67,Normal
2026-02-16 01:13:43.713387,Tokyo-380b,45,6,Normal
2026-02-16 01:13:44.713387,Tokyo-380b,41,69,Normal
2026-02-16 01:13:45.713387,Tokyo-380b,28,5,Normal
2026-02-16 01:13:46.713387,Tokyo-380b,-12,8,Normal
2026-02-16 01:13:47.713387,Tokyo-380b,-14,18,Normal
2026-02-16 01:13:48.713387,Tokyo-380b,12,94,Normal
2026-02-16 01:13:49.713387,Tokyo-380b,50,15,Normal
2026-02-16 01:13:50.713387,Tokyo-380b,21,51,Normal
2026-02-16 01:13:51.713387,Tokyo-380b,44,86,Normal
2026-02-16 01:13:52.713387,Tokyo-380b,41,57,Normal
2026-02-16 01:13:53.713387,Tokyo-380b,17,57,Normal
2026-02-16 01:13:54.713387,Tokyo-380b,49,76,Normal
2026-02-16 01:13:55.713387,Tokyo-380b,12,19,Normal
2026-02-16 01:13:56.713387,Tokyo-380b,20,82,Normal
2026-02-16 01:13:57.713387,Tokyo-380b,-6,51,Normal
2026-02-16 01:13:58.713387,Tokyo-380b,-5,48,Normal
2026-02-16 01:13:59.713387,Tokyo-380b,-3,67,Normal
2026-02-16 01:14:00.713387,Tokyo-380b,25,69,Normal
2026-02-16 01:14:01.713387,Tokyo-380b,26,36,Normal
2026-02-16 01:14:02.713387,Tokyo-380b,1,0,Normal
2026-02-16 01:14:03.713387,Tokyo-380b,34,20,Normal
2026-02-16 01:14:04.713387,Tokyo-380b,-26,94,Normal
2026-02-16 01:14:05.713387,Tokyo-380b,-10,59,Normal
2026-02-16 01:14:06.713387,Tokyo-380b,5,94,Normal
2026-02-16 01:14:07.713387,Tokyo-380b,-30,60,Normal
2026-02-16 01:14:08.713387,Tokyo-380b,5,90,Normal
2026-02-16 01:14:09.713387,Tokyo-380b,24,35,Normal
2026-02-16 01:14:10.713387,Tokyo-380b,28,43,Normal
2026-02-16 01:14:11.713387,Tokyo-380b,-19,73,Normal
2026-02-16 01:14:12.713387,Tokyo-380b,-12,46,Normal
2026-02-16 01:14:13.713387,Tokyo-380b,5,94,Normal
2026-02-16 01:14:14.713387,Tokyo-380b,18,69,Normal
2026-02-16 01:14:15.713387,Tokyo-380b,-27,78,Normal
2026-02-16 01:14:16.713387,Tokyo-380b,47,5,Normal
2026-02-16 01:14:17.713387,Tokyo-380b,43,66,Normal
2026-02-16 01:14:18.713387,Tokyo-380b,-12,7,Normal
2026-02-16 01:14:19.713387,Tokyo-380b,21,70,Normal
2026-02-16 01:14:20.713387,Tokyo-380b,8,13,Normal
2026-02-16 01:14:21.713387,Tokyo-380b,18,25,Normal
2026-02-16 01:14:22.713387,Tokyo-380b,22,91,Normal
2026-02-16 01:14:23.713387,Tokyo-380b,-2,28,Normal
2026-02-16 01:14:24.713387,Tokyo-380b,43,4,Normal
2026-02-16 01:14:25.713387,Tokyo-380b,14,52,Normal
2026-02-16 01:14:26.713387,Tokyo-380b,24,29,Normal
2026-02-16 01:14:27.713387,Tokyo-380b,35,14,Normal
2026-02-16 01:14:28.713387,Tokyo-380b,-7,38,Normal
2026-02-16 01:14:29.713387,Tokyo-380b,-24,82,Normal
2026-02-16 01:14:30.713387,Tokyo-380b,21,80,Normal
2026-02-16 01:14:31.713387,Tokyo-380b,46,59,Normal
2026-02-16 01:14:32.713387,Tokyo-380b,-28,4,Normal
2026-02-16 01:14:33.713387,Tokyo-380b,-21,5,Normal
2026-02-16 01:14:34.713387,Tokyo-380b,-27,94,Normal
2026-02-16 01:14:35.713387,Tokyo-380b,-18,99,Normal
2026-02-16 01:14:36.713387,Tokyo-380b,25,33,Normal
2026-02-16 01:14:37.713387,Tokyo-380b,-18,48,Normal
2026-02-16 01:14:38.713387,Tokyo-380b,28,87,Normal
2026-02-16 01:14:39.713387,Tokyo-380b,10,100,Normal
2026-02-16 01:14:40.713387,Tokyo-380b,42,14,Normal
2026-02-16 01:14:41.713387,Tokyo-380b,8,85,Normal
2026-02-16 01:14:42.713387,Tokyo-380b,6,16,Normal
2026-02-16 01:14:43.713387,Tokyo-380b,33,56,Normal
2026-02-16 01:14:44.713387,Tokyo-380b,-20,84,Normal
2026-02-16 01:14:45.713387,Tokyo-380b,-23,13,Normal
2026-02-16 01:14:46.713387,Tokyo-380b,-8,44,Normal
2026-02-16 01:14:47.713387,Tokyo-380b,-17,46,Normal
2026-02-16 01:14:48.713387,Tokyo-380b,25,86,Normal
2026-02-16 01:14:49.713387,Tokyo-380b,-13,21,Normal
2026-02-16 01:14:50.713387,Tokyo-380b,3,75,Normal
2026-02-16 01:14:51.713387,Tokyo-380b,50,99,Normal
2026-02-16 01:14:52.713387,Tokyo-380b,-10,18,Normal
2026-02-16 01:14:53.713387,Tokyo-380b,-1,13,Normal
2026-02-16 01:14:54.713387,Tokyo-380b,32,92,Normal
2026-02-16 01:14:55.713387,Tokyo-380b,48,11,Normal
2026-02-16 01:14:56.713387,Tokyo-380b,5,14,Normal
2026-02-16 01:14:57.713387,Tokyo-380b,33,31,Normal
2026-02-16 01:14:58.713387,Tokyo-380b,41,21,Normal
2026-02-16 01:14:59.713387,Tokyo-380b,-7,42,Normal
2026-02-16 01:15:00.713387,Tokyo-380b,46,59,Normal
2026-02-16 01:15:01.713387,Tokyo-380b,3,6,Normal
2026-02-16 01:15:02.713387,Tokyo-380b,17,24,Normal
2026-02-16 01:15:03.713387,Tokyo-380b,45,19,Normal
2026-02-16 01:15:04.713387,Tokyo-380b,16,26,Normal
2026-02-16 01:15:05.713387,Tokyo-380b,-3,11,Normal
2026-02-16 01:15:06.713387,Tokyo-380b,-5,26,Normal
2026-02-16 01:15:07.713387,Tokyo-380b,-20,20,Normal
2026-02-16 01:15:08.713387,Tokyo-380b,-29,63,Normal
2026-02-16 01:15:09.713387,Tokyo-380b,14,89,Normal
2026-02-16 01:15:10.713387,Tokyo-380b,-24,62,Normal
2026-02-16 01:15:11.713387,Tokyo-380b,-12,79,Normal
2026-02-16 01:15:12.713387,Tokyo-380b,-14,49,Normal
2026-02-16 01:15:13.713387,Tokyo-380b,14,21,Normal
2026-02-16 01:15:14.713387,Tokyo-380b,-25,17,Normal
2026-02-16 01:15:15.713387,Tokyo-380b,-27,33,Normal
2026-02-16 01:15:16.713387,Tokyo-380b,-3,73,Normal
2026-02-16 01:15:17.713387,Tokyo-380b,41,1,Normal
2026-02-16 01:15:18.713387,Tokyo-380b,37,10,Normal
2026-02-16 01:15:19.713387,Tokyo-380b,32,45,Normal
2026-02-16 01:15:20.713387,Tokyo-380b,50,100,Normal
2026-02-16 01:15:21.713387,Tokyo-380b,37,40,Normal
2026-02-16 01:15:22.713387,Tokyo-380b,-24,42,Normal
2026-02-16 01:15:23.713387,Tokyo-380b,45,89,Normal
2026-02-16 01:15:24.713387,Tokyo-380b,3,91,Normal
2026-02-16 01:15:25.713387,Tokyo-380b,-13,97,Normal
2026-02-16 01:15:26.713387,Tokyo-380b,23,43,Normal
2026-02-16 01:15:27.713387,Tokyo-380b,-10,0,Normal
2026-02-16 01:15:28.713387,Tokyo-380b,-19,94,Normal
2026-02-16 01:15:29.713387,Tokyo-380b,36,82,Normal
2026-02-16 01:15:30.713387,Tokyo-380b,29,74,Normal
2026-02-16 01:15:31.713387,Tokyo-380b,40,33,Normal
2026-02-16 01:15:32.713387,Tokyo-380b,2,21,Normal
2026-02-16 01:15:33.713387,Tokyo-380b,-7,52,Normal
2026-02-16 01:15:34.713387,Tokyo-380b,-22,72,Normal
2026-02-16 01:15:35.713387,Tokyo-380b,-18,68,Normal
2026-02-16 01:15:36.713387,Tokyo-380b,32,87,Normal
2026-02-16 01:15:37.713387,Tokyo-380b,34,40,Normal
2026-02-16 01:15:38.713387,Tokyo-380b,-6,27,Normal
2026-02-16 01:15:39.713387,Tokyo-380b,24,65,Normal
2026-02-16 01:15:40.713387,Tokyo-380b,34,81,Normal
2026-02-16 01:15:41.713387,Tokyo-380b,33,34,Normal
2026-02-16 01:15:42.713387,Tokyo-380b,10,38,Normal
2026-02-16 01:15:43.713387,Tokyo-380b,24,95,Normal
2026-02-16 01:15:44.713387,Tokyo-380b,-26,31,Normal
2026-02-16 01:15:45.713387,Tokyo-380b,9,7,Normal
2026-02-16 01:15:46.713387,Tokyo-380b,2,72,Normal
2026-02-16 01:15:47.713387,Tokyo-380b,-22,49,Normal
2026-02-16 01:15:48.713387,Tokyo-380b,12,19,Normal
2026-02-16 01:15:49.713387,Tokyo-380b,48,29,Normal
2026-02-16 01:15:50.713387,Tokyo-380b,20,41,Normal
2026-02-16 01:15:51.713387,Tokyo-380b,-30,41,Normal
2026-02-16 01:15:52.713387,Tokyo-380b,-7,90,Normal
2026-02-16 01:15:53.713387,Tokyo-380b,-11,62,Normal
2026-02-16 01:15:54.713387,Tokyo-380b,20,98,Normal
2026-02-16 01:15:55.713387,Tokyo-380b,-26,50,Normal
2026-02-16 01:15:56.713387,Tokyo-380b,-29,27,Normal
2026-02-16 01:15:57.713387,Tokyo-380b,49,25,Normal
2026-02-16 01:15:58.713387,Tokyo-380b,0,76,Normal
2026-02-16 01:15:59.713387,Tokyo-380b,6,29,Normal
2026-02-16 01:16:00.713387,Tokyo-380b,3,70,Normal
2026-02-16 01:16:01.713387,Tokyo-380b,-20,6,Normal
2026-02-16 01:16:02.713387,Tokyo-380b,22,69,Normal
2026-02-16 01:16:03.713387,Tokyo-380b,36,78,Normal
2026-02-16 01:16:04.713387,Tokyo-380b,23,64,Normal
2026-02-16 01:16:05.713387,Tokyo-380b,-21,32,Normal
2026-02-16 01:16:06.713387,Tokyo-380b,-5,7,Normal
2026-02-16 01:16:07.713387,Tokyo-380b,30,13,Normal
2026-02-16 01:16:08.713387,Tokyo-380b,21,73,Normal
2026-02-16 01:16:09.713387,Tokyo-380b,22,3,Normal
2026-02-16 01:16:10.713387,Tokyo-380b,-3,4,Normal
2026-02-16 01:16:11.713387,Tokyo-380b,50,12,Normal
2026-02-16 01:16:12.713387,Tokyo-380b,41,76,Normal
2026-02-16 01:16:13.713387,Tokyo-380b,-17,97,Normal
2026-02-16 01:16:14.713387,Tokyo-380b,23,49,Normal
2026-02-16 01:16:15.713387,Tokyo-380b,-17,25,Normal
2026-02-16 01:16:16.713387,Tokyo-380b,30,44,Normal
2026-02-16 01:16:17.713387,Tokyo-380b,-30,93,Normal
2026-02-16 01:16:18.713387,Tokyo-380b,20,27,Normal
2026-02-16 01:16:19.713387,Tokyo-380b,31,41,Normal
2026-02-16 01:16:20.713387,Tokyo-380b,16,97,Normal
2026-02-16 01:16:21.713387,Tokyo-380b,50,73,Normal
2026-02-16 01:16:22.713387,Tokyo-380b,20,48,Normal
2026-02-16 01:16:23.713387,Tokyo-380b,7,8,Normal
2026-02-16 01:16:24.713387,Tokyo-380b,-6,20,Normal
2026-02-16 01:16:25.713387,Tokyo-380b,9,15,Normal
2026-02-16 01:16:26.713387,Tokyo-380b,-17,27,Normal
2026-02-16 01:16:27.713387,Tokyo-380b,33,83,Normal
2026-02-16 01:16:28.713387,Tokyo-380b,19,31,Normal
2026-02-16 01:16:29.713387,Tokyo-380b,-19,84,Normal
2026-02-16 01:16:30.713387,Tokyo-380b,33,53,Normal
2026-02-16 01:16:31.713387,Tokyo-380b,-17,71,Normal
2026-02-16 01:16:32.713387,Tokyo-380b,-28,56,Normal
2026-02-16 01:16:33.713387,Tokyo-380b,20,86,Normal
2026-02-16 01:16:34.713387,Tokyo-380b,-19,98,Normal
2026-02-16 01:16:35.713387,Tokyo-380b,49,36,Normal
2026-02-16 01:16:36.713387,Tokyo-380b,13,81,Normal
2026-02-16 01:16:37.713387,Tokyo-380b,46,80,Normal
2026-02-16 01:16:38.713387,Tokyo-380b,1,36,Normal
2026-02-16 01:16:39.713387,Tokyo-380b,34,8,Normal
2026-02-16 01:16:40.713387,Tokyo-380b,-6,28,Normal
2026-02-16 01:16:41.713387,Tokyo-380b,-26,70,Normal
2026-02-16 01:16:42.713387,Tokyo-380b,20,50,Normal
2026-02-16 01:16:43.713387,Tokyo-380b,-17,93,Normal
2026-02-16 01:16:44.713387,Tokyo-380b,35,1,Normal
2026-02-16 01:16:45.713387,Tokyo-380b,-6,56,Normal
2026-02-16 01:16:46.713387,Tokyo-380b,23,39,Normal
2026-02-16 01:16:47.713387,Tokyo-380b,38,42,Normal
2026-02-16 01:16:48.713387,Tokyo-380b,31,2,Normal
2026-02-16 01:16:49.713387,Tokyo-380b,13,4,Normal
2026-02-16 01:16:50.713387,Tokyo-380b,14,87,Normal
2026-02-16 01:16:51.713387,Tokyo-380b,10,26,Normal
2026-02-16 01:16:52.713387,Tokyo-380b,34,75,Normal
2026-02-16 01:16:53.713387,Tokyo-380b,29,58,Normal
2026-02-16 01:16:54.713387,Tokyo-380b,1,56,Normal
2026-02-16 01:16:55.713387,Tokyo-380b,4,58,Normal
2026-02-16 01:16:56.713387,Tokyo-380b,17,85,Normal
2026-02-16 01:16:57.713387,Tokyo-380b,-16,63,Normal
2026-02-16 01:16:58.713387,Tokyo-380b,41,63,Normal
2026-02-16 01:16:59.713387,Tokyo-380b,30,30,Normal
2026-02-16 01:17:00.713387,Tokyo-380b,40,26,Normal
2026-02-16 01:17:01.713387,Tokyo-380b,13,81,Normal
2026-02-16 01:17:02.713387,Tokyo-380b,31,52,Normal
2026-02-16 01:17:03.713387,Tokyo-380b,34,53,Normal
2026-02-16 01:17:04.713387,Tokyo-380b,-3,29,Normal
2026-02-16 01:17:05.713387,Tokyo-380b,-5,82,Normal
2026-02-16 01:17:06.713387,Tokyo-380b,-9,45,Normal
2026-02-16 01:17:07.713387,Tokyo-380b,-10,99,Normal
2026-02-16 01:17:08.713387,Tokyo-380b,-28,44,Normal
2026-02-16 01:17:09.713387,Tokyo-380b,46,74,Normal
2026-02-16 01:17:10.713387,Tokyo-380b,-15,98,Normal
2026-02-16 01:17:11.713387,Tokyo-380b,28,26,Normal
2026-02-16 01:17:12.713387,Tokyo-380b,9,98,Normal
2026-02-16 01:17:13.713387,Tokyo-380b,32,16,Normal
2026-02-16 01:17:14.713387,Tokyo-380b,8,27,Normal
2026-02-16 01:17:15.713387,Tokyo-380b,4,31,Normal
2026-02-16 01:17:16.713387,Tokyo-380b,35,60,Normal
2026-02-16 01:17:17.713387,Tokyo-380b,0,45,Normal
2026-02-16 01:17:18.713387,Tokyo-380b,23,30,Normal
2026-02-16 01:17:19.713387,Tokyo-380b,42,75,Normal
2026-02-16 01:17:20.713387,Tokyo-380b,-9,53,Normal
2026-02-16 01:17:21.713387,Tokyo-380b,47,20,Normal
2026-02-16 01:17:22.713387,Tokyo-380b,24,38,Normal
2026-02-16 01:17:23.713387,Tokyo-380b,21,33,Normal
2026-02-16 01:17:24.713387,Tokyo-380b,41,32,Normal
2026-02-16 01:17:25.713387,Tokyo-380b,-1,98,Normal
2026-02-16 01:17:26.713387,Tokyo-380b,0,17,Normal
2026-02-16 01:17:27.713387,Tokyo-380b,9,61,Normal
2026-02-16 01:17:28.713387,Tokyo-380b,43,92,Normal
2026-02-16 01:17:29.713387,Tokyo-380b,23,20,Normal
2026-02-16 01:17:30.713387,Tokyo-380b,48,85,Normal
2026-02-16 01:17:31.713387,Tokyo-380b,-17,10,Normal
2026-02-16 01:17:32.713387,Tokyo-380b,-3,65,Normal
2026-02-16 01:17:33.713387,Tokyo-380b,11,59,Normal
2026-02-16 01:17:34.713387,Tokyo-380b,28,99,Normal
2026-02-16 01:17:35.713387,Tokyo-380b,4,42,Normal
2026-02-16 01:17:36.713387,Tokyo-380b,32,91,Normal
2026-02-16 01:17:37.713387,Tokyo-380b,48,15,Normal
2026-02-16 01:17:38.713387,Tokyo-380b,41,42,Normal
2026-02-16 01:17:39.713387,Tokyo-380b,16,12,Normal
2026-02-16 01:17:40.713387,Tokyo-380b,3,31,Normal
2026-02-16 01:17:41.713387,Tokyo-380b,-7,45,Normal
2026-02-16 01:17:42.713387,Tokyo-380b,46,95,Normal
2026-02-16 01:17:43.713387,Tokyo-380b,-26,22,Normal
2026-02-16 01:17:44.713387,Tokyo-380b,34,93,Normal
2026-02-16 01:17:45.713387,Tokyo-380b,17,82,Normal
2026-02-16 01:17:46.713387,Tokyo-380b,30,87,Normal
2026-02-16 01:17:47.713387,Tokyo-380b,-29,24,Normal
2026-02-16 01:17:48.713387,Tokyo-380b,-8,15,Normal
2026-02-16 01:17:49.713387,Tokyo-380b,30,8,Normal
2026-02-16 01:17:50.713387,Tokyo-380b,-20,17,Normal
2026-02-16 01:17:51.713387,Tokyo-380b,-23,2,Normal
2026-02-16 01:17:52.713387,Tokyo-380b,41,81,Normal
2026-02-16 01:17:53.713387,Tokyo-380b,-23,11,Normal
2026-02-16 01:17:54.713387,Tokyo-380b,29,21,Normal
2026-02-16 01:17:55.713387,Tokyo-380b,36,27,Normal
2026-02-16 01:17:56.713387,Tokyo-380b,-11,85,Normal
2026-02-16 01:17:57.713387,Tokyo-380b,22,38,Normal
2026-02-16 01:17:58.713387,Tokyo-380b,44,77,Normal
2026-02-16 01:17:59.713387,Tokyo-380b,21,87,Normal
2026-02-16 01:18:00.713387,Tokyo-380b,-18,2,Normal
2026-02-16 01:18:01.713387,Tokyo-380b,-24,32,Normal
2026-02-16 01:18:02.713387,Tokyo-380b,10,0,Normal
2026-02-16 01:18:03.713387,Tokyo-380b,18,87,Normal
2026-02-16 01:18:04.713387,Tokyo-380b,-6,30,Normal
2026-02-16 01:18:05.713387,Tokyo-380b,38,0,Normal
2026-02-16 01:18:06.713387,Tokyo-380b,47,28,Normal
2026-02-16 01:18:07.713387,Tokyo-380b,32,84,Normal
2026-02-16 01:18:08.713387,Tokyo-380b,2,64,Normal
2026-02-16 01:18:09.713387,Tokyo-380b,-20,34,Normal
2026-02-16 01:18:10.713387,Tokyo-380b,7,44,Normal
2026-02-16 01:18:11.713387,Tokyo-380b,42,22,Normal
2026-02-16 01:18:12.713387,Tokyo-380b,-24,5,Normal
2026-02-16 01:18:13.713387,Tokyo-380b,26,96,Normal
2026-02-16 01:18:14.713387,Tokyo-380b,-24,99,Normal
2026-02-16 01:18:15.713387,Tokyo-380b,21,19,Normal
2026-02-16 01:18:16.713387,Tokyo-380b,28,1,Normal
2026-02-16 01:18:17.713387,Tokyo-380b,46,15,Normal
2026-02-16 01:18:18.713387,Tokyo-380b,31,45,Normal
2026-02-16 01:18:19.713387,Tokyo-380b,-9,93,Normal
2026-02-16 01:18:20.713387,Tokyo-380b,25,23,Normal
2026-02-16 01:18:21.713387,Tokyo-380b,5,78,Normal
2026-02-16 01:18:22.713387,Tokyo-380b,15,34,Normal
2026-02-16 01:18:23.713387,Tokyo-380b,24,30,Normal
2026-02-16 01:18:24.713387,Tokyo-380b,11,64,Normal
2026-02-16 01:18:25.713387,Tokyo-380b,-28,27,Normal
2026-02-16 01:18:26.713387,Tokyo-380b,-24,64,Normal
2026-02-16 01:18:27.713387,Tokyo-380b,39,81,Normal
2026-02-16 01:18:28.713387,Tokyo-380b,-2,91,Normal
2026-02-16 01:18:29.713387,Tokyo-380b,13,55,Normal
2026-02-16 01:18:30.713387,Tokyo-380b,10,76,Normal
2026-02-16 01:18:31.713387,Tokyo-380b,4,5,Normal
2026-02-16 01:18:32.713387,Tokyo-380b,20,90,Normal
2026-02-16 01:18:33.713387,Tokyo-380b,12,49,Normal
2026-02-16 01:18:34.713387,Tokyo-380b,20,57,Normal
2026-02-16 01:18:35.713387,Tokyo-380b,-1,31,Normal
2026-02-16 01:18:36.713387,Tokyo-380b,19,84,Normal
2026-02-16 01:18:37.713387,Tokyo-380b,36,45,Normal
2026-02-16 01:18:38.713387,Tokyo-380b,35,64,Normal
2026-02-16 01:18:39.713387,Tokyo-380b,14,25,Normal
2026-02-16 01:18:40.713387,Tokyo-380b,-6,91,Normal
2026-02-16 01:18:41.713387,Tokyo-380b,20,67,Normal
2026-02-16 01:18:42.713387,Tokyo-380b,41,43,Normal
2026-02-16 01:18:43.713387,Tokyo-380b,16,10,Normal
2026-02-16 01:18:44.713387,Tokyo-380b,34,35,Normal
2026-02-16 01:18:45.713387,Tokyo-380b,36,48,Normal
2026-02-16 01:18:46.713387,Tokyo-380b,9,51,Normal
2026-02-16 01:18:47.713387,Tokyo-380b,48,29,Normal
2026-02-16 01:18:48.713387,Tokyo-380b,12,37,Normal
2026-02-16 01:18:49.713387,Tokyo-380b,25,15,Normal
2026-02-16 01:18:50.713387,Tokyo-380b,29,0,Normal
2026-02-16 01:18:51.713387,Tokyo-380b,-29,37,Normal
2026-02-16 01:18:52.713387,Tokyo-380b,-16,9,Normal
2026-02-16 01:18:53.713387,Tokyo-380b,49,37,Normal
2026-02-16 01:18:54.713387,Tokyo-380b,11,35,Normal
2026-02-16 01:18:55.713387,Tokyo-380b,-13,60,Normal
2026-02-16 01:18:56.713387,Tokyo-380b,20,72,Normal
2026-02-16 01:18:57.713387,Tokyo-380b,-4,64,Normal
2026-02-16 01:18:58.713387,Tokyo-380b,47,37,Normal
2026-02-16 01:18:59.713387,Tokyo-380b,3,61,Normal
2026-02-16 01:19:00.713387,Tokyo-380b,41,62,Normal
2026-02-16 01:19:01.713387,Tokyo-380b,21,92,Normal
2026-02-16 01:19:02.713387,Tokyo-380b,18,51,Normal
2026-02-16 01:19:03.713387,Tokyo-380b,18,51,Normal
2026-02-16 01:19:04.713387,Tokyo-380b,-2,25,Normal
2026-02-16 01:19:05.713387,Tokyo-380b,29,29,Normal
2026-02-16 01:19:06.713387,Tokyo-380b,5,81,Normal
2026-02-16 01:19:07.713387,Tokyo-380b,5,58,Normal
2026-02-16 01:19:08.713387,Tokyo-380b,33,76,Normal
2026-02-16 01:19:09.713387,Tokyo-380b,15,28,Normal
2026-02-16 01:19:10.713387,Tokyo-380b,36,66,Normal
2026-02-16 01:19:11.713387,Tokyo-380b,37,47,Normal
2026-02-16 01:19:12.713387,Tokyo-380b,46,34,Normal
2026-02-16 01:19:13.713387,Tokyo-380b,28,15,Normal
2026-02-16 01:19:14.713387,Tokyo-380b,14,96,Normal
2026-02-16 01:19:15.713387,Tokyo-380b,16,43,Normal
2026-02-16 01:19:16.713387,Tokyo-380b,34,50,Normal
2026-02-16 01:19:17.713387,Tokyo-380b,-15,62,Normal
2026-02-16 01:19:18.713387,Tokyo-380b,-17,19,Normal
2026-02-16 01:19:19.713387,Tokyo-380b,-30,38,Normal
2026-02-16 01:19:20.713387,Tokyo-380b,-26,2,Normal
2026-02-16 01:19:21.713387,Tokyo-380b,15,6,Normal
2026-02-16 01:19:22.713387,Tokyo-380b,-19,97,Normal
2026-02-16 01:19:23.713387,Tokyo-380b,-10,48,Normal
2026-02-16 01:19:24.713387,Tokyo-380b,-10,91,Normal
2026-02-16 01:19:25.713387,Tokyo-380b,40,78,Normal
2026-02-16 01:19:26.713387,Tokyo-380b,-10,49,Normal
2026-02-16 01:19:27.713387,Tokyo-380b,22,92,Normal
2026-02-16 01:19:28.713387,Tokyo-380b,-11,62,Normal
2026-02-16 01:19:29.713387,Tokyo-380b,19,4,Normal
2026-02-16 01:19:30.713387,Tokyo-380b,37,74,Normal
2026-02-16 01:19:31.713387,Tokyo-380b,-22,30,Normal
2026-02-16 01:19:32.713387,Tokyo-380b,13,24,Normal
2026-02-16 01:19:33.713387,Tokyo-380b,-20,73,Normal
2026-02-16 01:19:34.713387,Tokyo-380b,44,75,Normal
2026-02-16 01:19:35.713387,Tokyo-380b,-28,24,Normal
2026-02-16 01:19:36.713387,Tokyo-380b,28,17,Normal
2026-02-16 01:19:37.713387,Tokyo-380b,16,16,Normal
2026-02-16 01:19:38.713387,Tokyo-380b,-24,75,Normal
2026-02-16 01:19:39.713387,Tokyo-380b,4,66,Normal
2026-02-16 01:19:40.713387,Tokyo-380b,42,6,Normal
2026-02-16 01:19:41.713387,Tokyo-380b,41,2,Normal
2026-02-16 01:19:42.713387,Tokyo-380b,-12,99,Normal
2026-02-16 01:19:43.713387,Tokyo-380b,44,24,Normal
2026-02-16 01:19:44.713387,Tokyo-380b,26,97,Normal
2026-02-16 01:19:45.713387,Tokyo-380b,41,69,Normal
2026-02-16 01:19:46.713387,Tokyo-380b,-13,33,Normal
2026-02-16 01:19:47.713387,Tokyo-380b,27,14,Normal
2026-02-16 01:19:48.713387,Tokyo-380b,-20,28,Normal
2026-02-16 01:19:49.713387,Tokyo-380b,0,29,Normal
2026-02-16 01:19:50.713387,Tokyo-380b,-21,33,Normal
2026-02-16 01:19:51.713387,Tokyo-380b,1,36,Normal
2026-02-16 01:19:52.713387,Tokyo-380b,33,75,Normal
2026-02-16 01:19:53.713387,Tokyo-380b,-23,13,Normal
2026-02-16 01:19:54.713387,Tokyo-380b,31,23,Normal
2026-02-16 01:19:55.713387,Tokyo-380b,30,71,Normal
2026-02-16 01:19:56.713387,Tokyo-380b,-15,57,Normal
2026-02-16 01:19:57.713387,Tokyo-380b,50,88,Normal
2026-02-16 01:19:58.713387,Tokyo-380b,17,6,Normal
2026-02-16 01:19:59.713387,Tokyo-380b,-28,86,Normal
2026-02-16 01:20:00.713387,Tokyo-380b,30,8,Normal
2026-02-16 01:20:01.713387,Tokyo-380b,50,57,Normal
2026-02-16 01:20:02.713387,Tokyo-380b,-24,83,Normal
2026-02-16 01:20:03.713387,Tokyo-380b,22,85,Normal
2026-02-16 01:20:04.713387,Tokyo-380b,-12,39,Normal
2026-02-16 01:20:05.713387,Tokyo-380b,-20,33,Normal
2026-02-16 01:20:06.713387,Tokyo-380b,48,40,Normal
2026-02-16 01:20:07.713387,Tokyo-380b,-2,73,Normal
2026-02-16 01:20:08.713387,Tokyo-380b,-18,48,Normal
2026-02-16 01:20:09.713387,Tokyo-380b,-6,28,Normal
2026-02-16 01:20:10.713387,Tokyo-380b,28,77,Normal
2026-02-16 01:20:11.713387,Tokyo-380b,-20,62,Normal
2026-02-16 01:20:12.713387,Tokyo-380b,26,32,Normal
2026-02-16 01:20:13.713387,Tokyo-380b,-26,60,Normal
2026-02-16 01:20:14.713387,Tokyo-380b,0,63,Normal
2026-02-16 01:20:15.713387,Tokyo-380b,24,22,Normal
2026-02-16 01:20:16.713387,Tokyo-380b,4,32,Normal
2026-02-16 01:20:17.713387,Tokyo-380b,26,42,Normal
2026-02-16 01:20:18.713387,Tokyo-380b,-25,68,Normal
2026-02-16 01:20:19.713387,Tokyo-380b,5,28,Normal
2026-02-16 01:20:20.713387,Tokyo-380b,42,77,Normal
2026-02-16 01:20:21.713387,Tokyo-380b,-26,80,Normal
2026-02-16 01:20:22.713387,Tokyo-380b,-8,79,Normal
2026-02-16 01:20:23.713387,Tokyo-380b,-21,56,Normal
2026-02-16 01:20:24.713387,Tokyo-380b,-25,35,Normal
2026-02-16 01:20:25.713387,Tokyo-380b,4,87,Normal
2026-02-16 01:20:26.713387,Tokyo-380b,-8,3,Normal
2026-02-16 01:20:27.713387,Tokyo-380b,41,41,Normal
2026-02-16 01:20:28.713387,Tokyo-380b,37,89,Normal
2026-02-16 01:20:29.713387,Tokyo-380b,-23,64,Normal
2026-02-16 01:20:30.713387,Tokyo-380b,47,14,Normal
2026-02-16 01:20:31.713387,Tokyo-380b,25,7,Normal
2026-02-16 01:20:32.713387,Tokyo-380b,8,90,Normal
2026-02-16 01:20:33.713387,Tokyo-380b,47,11,Normal
2026-02-16 01:20:34.713387,Tokyo-380b,50,29,Normal
2026-02-16 01:20:35.713387,Tokyo-380b,49,86,Normal
2026-02-16 01:20:36.713387,Tokyo-380b,-14,78,Normal
2026-02-16 01:20:37.713387,Tokyo-380b,18,86,Normal
2026-02-16 01:20:38.713387,Tokyo-380b,17,84,Normal
2026-02-16 01:20:39.713387,Tokyo-380b,47,94,Normal
2026-02-16 01:20:40.713387,Tokyo-380b,23,67,Normal
2026-02-16 01:20:41.713387,Tokyo-380b,13,59,Normal
2026-02-16 01:20:42.713387,Tokyo-380b,24,88,Normal
2026-02-16 01:20:43.713387,Tokyo-380b,-16,56,Normal
2026-02-16 01:20:44.713387,Tokyo-380b,-30,39,Normal
2026-02-16 01:20:45.713387,Tokyo-380b,40,56,Normal
2026-02-16 01:20:46.713387,Tokyo-380b,48,40,Normal
2026-02-16 01:20:47.713387,Tokyo-380b,-3,92,Normal
2026-02-16 01:20:48.713387,Tokyo-380b,12,92,Normal
2026-02-16 01:20:49.713387,Tokyo-380b,-17,6,Normal
2026-02-16 01:20:50.713387,Tokyo-380b,-8,81,Normal
2026-02-16 01:20:51.713387,Tokyo-380b,-30,42,Normal
2026-02-16 01:20:52.713387,Tokyo-380b,-13,72,Normal
2026-02-16 01:20:53.713387,Tokyo-380b,12,96,Normal
2026-02-16 01:20:54.713387,Tokyo-380b,-11,1,Normal
2026-02-16 01:20:55.713387,Tokyo-380b,-23,50,Normal
2026-02-16 01:20:56.713387,Tokyo-380b,46,12,Normal
2026-02-16 01:20:57.713387,Tokyo-380b,0,19,Normal
2026-02-16 01:20:58.713387,Tokyo-380b,36,8,Normal
2026-02-16 01:20:59.713387,Tokyo-380b,-4,69,Normal
2026-02-16 01:21:00.713387,Tokyo-380b,39,4,Normal
2026-02-16 01:21:01.713387,Tokyo-380b,-4,61,Normal
2026-02-16 01:21:02.713387,Tokyo-380b,-29,64,Normal
2026-02-16 01:21:03.713387,Tokyo-380b,-29,18,Normal
2026-02-16 01:21:04.713387,Tokyo-380b,5,29,Normal
2026-02-16 01:21:05.713387,Tokyo-380b,39,72,Normal
2026-02-16 01:21:06.713387,Tokyo-380b,4,73,Normal
2026-02-16 01:21:07.713387,Tokyo-380b,-8,57,Normal
2026-02-16 01:21:08.713387,Tokyo-380b,45,30,Normal
2026-02-16 01:21:09.713387,Tokyo-380b,1,8,Normal
2026-02-16 01:21:10.713387,Tokyo-380b,-17,56,Normal
2026-02-16 01:21:11.713387,Tokyo-380b,7,33,Normal
2026-02-16 01:21:12.713387,Tokyo-380b,40,79,Normal
2026-02-16 01:21:13.713387,Tokyo-380b,28,80,Normal
2026-02-16 01:21:14.713387,Tokyo-380b,-24,25,Normal
2026-02-16 01:21:15.713387,Tokyo-380b,-13,77,Normal
2026-02-16 01:21:16.713387,Tokyo-380b,45,96,Normal
2026-02-16 01:21:17.713387,Tokyo-380b,16,96,Normal
2026-02-16 01:21:18.713387,Tokyo-380b,27,56,Normal
2026-02-16 01:21:19.713387,Tokyo-380b,22,11,Normal
2026-02-16 01:21:20.713387,Tokyo-380b,15,9,Normal
2026-02-16 01:21:21.713387,Tokyo-380b,40,12,Normal
2026-02-16 01:21:22.713387,Tokyo-380b,46,81,Normal
2026-02-16 01:21:23.713387,Tokyo-380b,-23,51,Normal
2026-02-16 01:21:24.713387,Tokyo-380b,15,48,Normal
2026-02-16 01:21:25.713387,Tokyo-380b,-19,13,Normal
2026-02-16 01:21:26.713387,Tokyo-380b,-20,47,Normal
2026-02-16 01:21:27.713387,Tokyo-380b,-30,95,Normal
2026-02-16 01:21:28.713387,Tokyo-380b,-3,17,Normal
2026-02-16 01:21:29.713387,Tokyo-380b,24,7,Normal
2026-02-16 01:21:30.713387,Tokyo-380b,-28,49,Normal
2026-02-16 01:21:31.713387,Tokyo-380b,-5,94,Normal
2026-02-16 01:21:32.713387,Tokyo-380b,8,8,Normal
2026-02-16 01:21:33.713387,Tokyo-380b,44,2,Normal
2026-02-16 01:21:34.713387,Tokyo-380b,41,73,Normal
2026-02-16 01:21:35.713387,Tokyo-380b,-17,82,Normal
2026-02-16 01:21:36.713387,Tokyo-380b,40,65,Normal
2026-02-16 01:21:37.713387,Tokyo-380b,-26,4,Normal
2026-02-16 01:21:38.713387,Tokyo-380b,-1,59,Normal
2026-02-16 01:21:39.713387,Tokyo-380b,-25,36,Normal
2026-02-16 01:21:40.713387,Tokyo-380b,16,38,Normal
2026-02-16 01:21:41.713387,Tokyo-380b,15,42,Normal
2026-02-16 01:21:42.713387,Tokyo-380b,-19,93,Normal
2026-02-16 01:21:43.713387,Tokyo-380b,-4,98,Normal
2026-02-16 01:21:44.713387,Tokyo-380b,12,26,Normal
2026-02-16 01:21:45.713387,Tokyo-380b,49,1,Normal
2026-02-16 01:21:46.713387,Tokyo-380b,40,53,Normal
2026-02-16 01:21:47.713387,Tokyo-380b,16,36,Normal
2026-02-16 01:21:48.713387,Tokyo-380b,0,50,Normal
2026-02-16 01:21:49.713387,Tokyo-380b,45,69,Normal
2026-02-16 01:21:50.713387,Tokyo-380b,3,79,Normal
2026-02-16 01:21:51.713387,Tokyo-380b,40,3,Normal
2026-02-16 01:21:52.713387,Tokyo-380b,-27,67,Normal
2026-02-16 01:21:53.713387,Tokyo-380b,-10,16,Normal
2026-02-16 01:21:54.713387,Tokyo-380b,19,94,Normal
2026-02-16 01:21:55.713387,Tokyo-380b,-11,21,Normal
2026-02-16 01:21:56.713387,Tokyo-380b,13,13,Normal
2026-02-16 01:21:57.713387,Tokyo-380b,49,12,Normal
2026-02-16 01:21:58.713387,Tokyo-380b,9,87,Normal
2026-02-16 01:21:59.713387,Tokyo-380b,-3,18,Normal
2026-02-16 01:22:00.713387,Tokyo-380b,41,99,Normal
2026-02-16 01:22:01.713387,Tokyo-380b,12,28,Normal
2026-02-16 01:22:02.713387,Tokyo-380b,2,60,Normal
2026-02-16 01:22:03.713387,Tokyo-380b,-6,95,Normal
2026-02-16 01:22:04.713387,Tokyo-380b,2,4,Normal
2026-02-16 01:22:05.713387,Tokyo-380b,12,40,Normal
2026-02-16 01:22:06.713387,Tokyo-380b,-11,23,Normal
2026-02-16 01:22:07.713387,Tokyo-380b,-28,34,Normal
2026-02-16 01:22:08.713387,Tokyo-380b,-30,46,Normal
2026-02-16 01:22:09.713387,Tokyo-380b,17,31,Normal
2026-02-16 01:22:10.713387,Tokyo-380b,-14,10,Normal
2026-02-16 01:22:11.713387,Tokyo-380b,-27,51,Normal
2026-02-16 01:22:12.713387,Tokyo-380b,47,33,Normal
2026-02-16 01:22:13.713387,Tokyo-380b,-30,29,Normal
2026-02-16 01:22:14.713387,Tokyo-380b,-30,16,Normal
2026-02-16 01:22:15.713387,Tokyo-380b,40,56,Normal
2026-02-16 01:22:16.713387,Tokyo-380b,-19,13,Normal
2026-02-16 01:22:17.713387,Tokyo-380b,16,81,Normal
2026-02-16 01:22:18.713387,Tokyo-380b,10,19,Normal
2026-02-16 01:22:19.713387,Tokyo-380b,24,14,Normal
2026-02-16 01:22:20.713387,Tokyo-380b,21,52,Normal
2026-02-16 01:22:21.713387,Tokyo-380b,23,63,Normal
2026-02-16 01:22:22.713387,Tokyo-380b,47,45,Normal
2026-02-16 01:22:23.713387,Tokyo-380b,32,3,Normal
2026-02-16 01:22:24.713387,Tokyo-380b,11,48,Normal
2026-02-16 01:22:25.713387,Tokyo-380b,-24,76,Normal
2026-02-16 01:22:26.713387,Tokyo-380b,-10,0,Normal
2026-02-16 01:22:27.713387,Tokyo-380b,-22,20,Normal
2026-02-16 01:22:28.713387,Tokyo-380b,13,69,Normal
2026-02-16 01:22:29.713387,Tokyo-380b,20,84,Normal
2026-02-16 01:22:30.713387,Tokyo-380b,-12,32,Normal
2026-02-16 01:22:31.713387,Tokyo-380b,13,47,Normal
2026-02-16 01:22:32.713387,Tokyo-380b,28,91,Normal
2026-02-16 01:22:33.713387,Tokyo-380b,-30,7,Normal
2026-02-16 01:22:34.713387,Tokyo-380b,26,71,Normal
2026-02-16 01:22:35.713387,Tokyo-380b,-9,56,Normal
2026-02-16 01:22:36.713387,Tokyo-380b,23,50,Normal
2026-02-16 01:22:37.713387,Tokyo-380b,11,72,Normal
2026-02-16 01:22:38.713387,Tokyo-380b,39,2,Normal
2026-02-16 01:22:39.713387,Tokyo-380b,45,83,Normal
2026-02-16 01:22:40.713387,Tokyo-380b,37,19,Normal
2026-02-16 01:22:41.713387,Tokyo-380b,8,100,Normal
2026-02-16 01:22:42.713387,Tokyo-380b,-1,61,Normal
2026-02-16 01:22:43.713387,Tokyo-380b,-30,58,Normal
2026-02-16 01:22:44.713387,Tokyo-380b,-11,68,Normal
2026-02-16 01:22:45.713387,Tokyo-380b,2,97,Normal
2026-02-16 01:22:46.713387,Tokyo-380b,44,74,Normal
2026-02-16 01:22:47.713387,Tokyo-380b,2,54,Normal
2026-02-16 01:22:48.713387,Tokyo-380b,19,36,Normal
2026-02-16 01:22:49.713387,Tokyo-380b,-12,56,Normal
2026-02-16 01:22:50.713387,Tokyo-380b,-30,26,Normal
2026-02-16 01:22:51.713387,Tokyo-380b,1,25,Normal
2026-02-16 01:22:52.713387,Tokyo-380b,-15,9,Normal
2026-02-16 01:22:53.713387,Tokyo-380b,15,56,Normal
2026-02-16 01:22:54.713387,Tokyo-380b,-9,51,Normal
2026-02-16 01:22:55.713387,Tokyo-380b,49,76,Normal
2026-02-16 01:22:56.713387,Tokyo-380b,14,30,Normal
2026-02-16 01:22:57.713387,Tokyo-380b,39,100,Normal
2026-02-16 01:22:58.713387,Tokyo-380b,6,61,Normal
2026-02-16 01:22:59.713387,Tokyo-380b,1,24,Normal
2026-02-16 01:23:00.713387,Tokyo-380b,29,82,Normal
2026-02-16 01:23:01.713387,Tokyo-380b,-4,26,Normal
2026-02-16 01:23:02.713387,Tokyo-380b,7,83,Normal
2026-02-16 01:23:03.713387,Tokyo-380b,-8,46,Normal
2026-02-16 01:23:04.713387,Tokyo-380b,-18,12,Normal
2026-02-16 01:23:05.713387,Tokyo-380b,-25,89,Normal
2026-02-16 01:23:06.713387,Tokyo-380b,47,41,Normal
2026-02-16 01:23:07.713387,Tokyo-380b,50,99,Normal
2026-02-16 01:23:08.713387,Tokyo-380b,6,96,Normal
2026-02-16 01:23:09.713387,Tokyo-380b,36,42,Normal
2026-02-16 01:23:10.713387,Tokyo-380b,30,80,Normal
2026-02-16 01:23:11.713387,Tokyo-380b,33,57,Normal
2026-02-16 01:23:12.713387,Tokyo-380b,44,84,Normal
2026-02-16 01:23:13.713387,Tokyo-380b,6,45,Normal
2026-02-16 01:23:14.713387,Tokyo-380b,20,5,Normal
2026-02-16 01:23:15.713387,Tokyo-380b,-29,50,Normal
2026-02-16 01:23:16.713387,Tokyo-380b,-14,12,Normal
2026-02-16 01:23:17.713387,Tokyo-380b,29,36,Normal
2026-02-16 01:23:18.713387,Tokyo-380b,50,51,Normal
2026-02-16 01:23:19.713387,Tokyo-380b,17,49,Normal
2026-02-16 01:23:20.713387,Tokyo-380b,-13,12,Normal
2026-02-16 01:23:21.713387,Tokyo-380b,-7,44,Normal
2026-02-16 01:23:22.713387,Tokyo-380b,21,23,Normal
2026-02-16 01:23:23.713387,Tokyo-380b,27,91,Normal
2026-02-16 01:23:24.713387,Tokyo-380b,-5,55,Normal
2026-02-16 01:23:25.713387,Tokyo-380b,39,58,Normal
2026-02-16 01:23:26.713387,Tokyo-380b,10,5,Normal
2026-02-16 01:23:27.713387,Tokyo-380b,40,50,Normal
2026-02-16 01:23:28.713387,Tokyo-380b,-28,0,Normal
2026-02-16 01:23:29.713387,Tokyo-380b,-26,87,Normal
2026-02-16 01:23:30.713387,Tokyo-380b,-25,9,Normal
2026-02-16 01:23:31.713387,Tokyo-380b,41,89,Normal
2026-02-16 01:23:32.713387,Tokyo-380b,30,65,Normal
2026-02-16 01:23:33.713387,Tokyo-380b,-30,87,Normal
2026-02-16 01:23:34.713387,Tokyo-380b,1,87,Normal
2026-02-16 01:23:35.713387,Tokyo-380b,7,23,Normal
2026-02-16 01:23:36.713387,Tokyo-380b,25,84,Normal
2026-02-16 01:23:37.713387,Tokyo-380b,37,83,Normal
2026-02-16 01:23:38.713387,Tokyo-380b,16,54,Normal
2026-02-16 01:23:39.713387,Tokyo-380b,38,43,Normal
2026-02-16 01:23:40.713387,Tokyo-380b,10,19,Normal
2026-02-16 01:23:41.713387,Tokyo-380b,-13,70,Normal
2026-02-16 01:23:42.713387,Tokyo-380b,35,71,Normal
2026-02-16 01:23:43.713387,Tokyo-380b,-14,44,Normal
2026-02-16 01:23:44.713387,Tokyo-380b,50,1,Normal
2026-02-16 01:23:45.713387,Tokyo-380b,6,30,Normal
2026-02-16 01:23:46.713387,Tokyo-380b,-4,56,Normal
2026-02-16 01:23:47.713387,Tokyo-380b,11,90,Normal
2026-02-16 01:23:48.713387,Tokyo-380b,-8,95,Normal
2026-02-16 01:23:49.713387,Tokyo-380b,-9,29,Normal
2026-02-16 01:23:50.713387,Tokyo-380b,-2,14,Normal
2026-02-16 01:23:51.713387,Tokyo-380b,30,90,Normal
2026-02-16 01:23:52.713387,Tokyo-380b,38,53,Normal
2026-02-16 01:23:53.713387,Tokyo-380b,37,8,Normal
2026-02-16 01:23:54.713387,Tokyo-380b,-21,1,Normal
2026-02-16 01:23:55.713387,Tokyo-380b,29,21,Normal
2026-02-16 01:23:56.713387,Tokyo-380b,-21,49,Normal
2026-02-16 01:23:57.713387,Tokyo-380b,8,68,Normal
2026-02-16 01:23:58.713387,Tokyo-380b,24,25,Normal
2026-02-16 01:23:59.713387,Tokyo-380b,-23,27,Normal
2026-02-16 01:24:00.713387,Tokyo-380b,-29,20,Normal
2026-02-16 01:24:01.713387,Tokyo-380b,6,78,Normal
2026-02-16 01:24:02.713387,Tokyo-380b,28,76,Normal
2026-02-16 01:24:03.713387,Tokyo-380b,15,43,Normal
2026-02-16 01:24:04.713387,Tokyo-380b,-4,86,Normal
2026-02-16 01:24:05.713387,Tokyo-380b,23,43,Normal
2026-02-16 01:24:06.713387,Tokyo-380b,3,76,Normal
2026-02-16 01:24:07.713387,Tokyo-380b,23,62,Normal
2026-02-16 01:24:08.713387,Tokyo-380b,-29,68,Normal
2026-02-16 01:24:09.713387,Tokyo-380b,43,54,Normal
2026-02-16 01:24:10.713387,Tokyo-380b,-19,76,Normal
2026-02-16 01:24:11.713387,Tokyo-380b,-18,76,Normal
2026-02-16 01:24:12.713387,Tokyo-380b,-8,3,Normal
2026-02-16 01:24:13.713387,Tokyo-380b,-14,78,Normal
2026-02-16 01:24:14.713387,Tokyo-380b,12,45,Normal
2026-02-16 01:24:15.713387,Tokyo-380b,12,12,Normal
2026-02-16 01:24:16.713387,Tokyo-380b,-10,57,Normal
2026-02-16 01:24:17.713387,Tokyo-380b,30,39,Normal
2026-02-16 01:24:18.713387,Tokyo-380b,15,21,Normal
2026-02-16 01:24:19.713387,Tokyo-380b,8,85,Normal
2026-02-16 01:24:20.713387,Tokyo-380b,10,5,Normal
2026-02-16 01:24:21.713387,Tokyo-380b,36,52,Normal
2026-02-16 01:24:22.713387,Tokyo-380b,32,66,Normal
2026-02-16 01:24:23.713387,Tokyo-380b,8,78,Normal
2026-02-16 01:24:24.713387,Tokyo-380b,-21,16,Normal
2026-02-16 01:24:25.713387,Tokyo-380b,-30,89,Normal
2026-02-16 01:24:26.713387,Tokyo-380b,-18,59,Normal
2026-02-16 01:24:27.713387,Tokyo-380b,11,67,Normal
2026-02-16 01:24:28.713387,Tokyo-380b,16,71,Normal
2026-02-16 01:24:29.713387,Tokyo-380b,36,93,Normal
2026-02-16 01:24:30.713387,Tokyo-380b,10,39,Normal
2026-02-16 01:24:31.713387,Tokyo-380b,-5,0,Normal
2026-02-16 01:24:32.713387,Tokyo-380b,37,85,Normal
2026-02-16 01:24:33.713387,Tokyo-380b,-7,64,Normal
2026-02-16 01:24:34.713387,Tokyo-380b,34,20,Normal
2026-02-16 01:24:35.713387,Tokyo-380b,-5,56,Normal
2026-02-16 01:24:36.713387,Tokyo-380b,40,65,Normal
2026-02-16 01:24:37.713387,Tokyo-380b,41,52,Normal
2026-02-16 01:24:38.713387,Tokyo-380b,-8,58,Normal
2026-02-16 01:24:39.713387,Tokyo-380b,19,92,Normal
2026-02-16 01:24:40.713387,Tokyo-380b,15,66,Normal
2026-02-16 01:24:41.713387,Tokyo-380b,42,21,Normal
2026-02-16 01:24:42.713387,Tokyo-380b,4,71,Normal
2026-02-16 01:24:43.713387,Tokyo-380b,11,58,Normal
2026-02-16 01:24:44.713387,Tokyo-380b,-9,59,Normal
2026-02-16 01:24:45.713387,Tokyo-380b,41,31,Normal
2026-02-16 01:24:46.713387,Tokyo-380b,-9,42,Normal
2026-02-16 01:24:47.713387,Tokyo-380b,-13,10,Normal
2026-02-16 01:24:48.713387,Tokyo-380b,2,96,Normal
2026-02-16 01:24:49.713387,Tokyo-380b,3,90,Normal
2026-02-16 01:24:50.713387,Tokyo-380b,18,44,Normal
2026-02-16 01:24:51.713387,Tokyo-380b,30,60,Normal
2026-02-16 01:24:52.713387,Tokyo-380b,10,92,Normal
2026-02-16 01:24:53.713387,Tokyo-380b,38,38,Normal
2026-02-16 01:24:54.713387,Tokyo-380b,26,58,Normal
2026-02-16 01:24:55.713387,Tokyo-380b,37,49,Normal
2026-02-16 01:24:56.713387,Tokyo-380b,-11,6,Normal
2026-02-16 01:24:57.713387,Tokyo-380b,8,84,Normal
2026-02-16 01:24:58.713387,Tokyo-380b,-4,94,Normal
2026-02-16 01:24:59.713387,Tokyo-380b,-4,31,Normal
2026-02-16 01:25:00.713387,Tokyo-380b,45,20,Normal
2026-02-16 01:25:01.713387,Tokyo-380b,17,31,Normal
2026-02-16 01:25:02.713387,Tokyo-380b,-8,84,Normal
2026-02-16 01:25:03.713387,Tokyo-380b,47,84,Normal
2026-02-16 01:25:04.713387,Tokyo-380b,-18,68,Normal
2026-02-16 01:25:05.713387,Tokyo-380b,32,72,Normal
2026-02-16 01:25:06.713387,Tokyo-380b,45,40,Normal
2026-02-16 01:25:07.713387,Tokyo-380b,38,25,Normal
2026-02-16 01:25:08.713387,Tokyo-380b,37,78,Normal
2026-02-16 01:25:09.713387,Tokyo-380b,-23,88,Normal
2026-02-16 01:25:10.713387,Tokyo-380b,37,52,Normal
2026-02-16 01:25:11.713387,Tokyo-380b,3,73,Normal
2026-02-16 01:25:12.713387,Tokyo-380b,47,27,Normal
2026-02-16 01:25:13.713387,Tokyo-380b,43,91,Normal
2026-02-16 01:25:14.713387,Tokyo-380b,25,15,Normal
2026-02-16 01:25:15.713387,Tokyo-380b,-20,83,Normal
2026-02-16 01:25:16.713387,Tokyo-380b,38,0,Normal
2026-02-16 01:25:17.713387,Tokyo-380b,-12,37,Normal
2026-02-16 01:25:18.713387,Tokyo-380b,-17,91,Normal
2026-02-16 01:25:19.713387,Tokyo-380b,-25,70,Normal
2026-02-16 01:25:20.713387,Tokyo-380b,-4,71,Normal
2026-02-16 01:25:21.713387,Tokyo-380b,-23,18,Normal
2026-02-16 01:25:22.713387,Tokyo-380b,-8,47,Normal
2026-02-16 01:25:23.713387,Tokyo-380b,11,61,Normal
2026-02-16 01:25:24.713387,Tokyo-380b,-10,75,Normal
2026-02-16 01:25:25.713387,Tokyo-380b,20,51,Normal
2026-02-16 01:25:26.713387,Tokyo-380b,-24,87,Normal
2026-02-16 01:25:27.713387,Tokyo-380b,18,41,Normal
2026-02-16 01:25:28.713387,Tokyo-380b,47,0,Normal
2026-02-16 01:25:29.713387,Tokyo-380b,17,84,Normal
2026-02-16 01:25:30.713387,Tokyo-380b,26,36,Normal
2026-02-16 01:25:31.713387,Tokyo-380b,18,67,Normal
2026-02-16 01:25:32.713387,Tokyo-380b,8,4,Normal
2026-02-16 01:25:33.713387,Tokyo-380b,5,90,Normal
2026-02-16 01:25:34.713387,Tokyo-380b,3,83,Normal
2026-02-16 01:25:35.713387,Tokyo-380b,34,60,Normal
2026-02-16 01:25:36.713387,Tokyo-380b,16,77,Normal
2026-02-16 01:25:37.713387,Tokyo-380b,24,34,Normal
2026-02-16 01:25:38.713387,Tokyo-380b,37,3,Normal
2026-02-16 01:25:39.713387,Tokyo-380b,48,15,Normal
2026-02-16 01:25:40.713387,Tokyo-380b,-24,3,Normal
2026-02-16 01:25:41.713387,Tokyo-380b,-6,69,Normal
2026-02-16 01:25:42.713387,Tokyo-380b,-25,3,Normal
2026-02-16 01:25:43.713387,Tokyo-380b,7,13,Normal
2026-02-16 01:25:44.713387,Tokyo-380b,-5,28,Normal
2026-02-16 01:25:45.713387,Tokyo-380b,9,75,Normal
2026-02-16 01:25:46.713387,Tokyo-380b,25,72,Normal
2026-02-16 01:25:47.713387,Tokyo-380b,25,64,Normal
2026-02-16 01:25:48.713387,Tokyo-380b,-10,63,Normal
2026-02-16 01:25:49.713387,Tokyo-380b,38,61,Normal
2026-02-16 01:25:50.713387,Tokyo-380b,3,74,Normal
2026-02-16 01:25:51.713387,Tokyo-380b,27,54,Normal
2026-02-16 01:25:52.713387,Tokyo-380b,31,95,Normal
2026-02-16 01:25:53.713387,Tokyo-380b,35,72,Normal
2026-02-16 01:25:54.713387,Tokyo-380b,38,46,Normal
2026-02-16 01:25:55.713387,Tokyo-380b,-15,95,Normal
2026-02-16 01:25:56.713387,Tokyo-380b,0,45,Normal
2026-02-16 01:25:57.713387,Tokyo-380b,34,49,Normal
2026-02-16 01:25:58.713387,Tokyo-380b,40,71,Normal
2026-02-16 01:25:59.713387,Tokyo-380b,9,14,Normal
2026-02-16 01:26:00.713387,Tokyo-380b,19,94,Normal
2026-02-16 01:26:01.713387,Tokyo-380b,33,55,Normal
2026-02-16 01:26:02.713387,Tokyo-380b,-5,16,Normal
2026-02-16 01:26:03.713387,Tokyo-380b,37,91,Normal
2026-02-16 01:26:04.713387,Tokyo-380b,-13,60,Normal
2026-02-16 01:26:05.713387,Tokyo-380b,-21,78,Normal
2026-02-16 01:26:06.713387,Tokyo-380b,17,86,Normal
2026-02-16 01:26:07.713387,Tokyo-380b,-16,65,Normal
2026-02-16 01:26:08.713387,Tokyo-380b,-28,89,Normal
2026-02-16 01:26:09.713387,Tokyo-380b,25,16,Normal
2026-02-16 01:26:10.713387,Tokyo-380b,-22,35,Normal
2026-02-16 01:26:11.713387,Tokyo-380b,21,51,Normal
2026-02-16 01:26:12.713387,Tokyo-380b,28,56,Normal
2026-02-16 01:26:13.713387,Tokyo-380b,29,86,Normal
2026-02-16 01:26:14.713387,Tokyo-380b,-13,57,Normal
2026-02-16 01:26:15.713387,Tokyo-380b,-18,5,Normal
2026-02-16 01:26:16.713387,Tokyo-380b,-5,77,Normal
2026-02-16 01:26:17.713387,Tokyo-380b,-26,43,Normal
2026-02-16 01:26:18.713387,Tokyo-380b,44,91,Normal
2026-02-16 01:26:19.713387,Tokyo-380b,-18,32,Normal
2026-02-16 01:26:20.713387,Tokyo-380b,-18,29,Normal
2026-02-16 01:26:21.713387,Tokyo-380b,-5,70,Normal
2026-02-16 01:26:22.713387,Tokyo-380b,-28,6,Normal
2026-02-16 01:26:23.713387,Tokyo-380b,19,88,Normal
2026-02-16 01:26:24.713387,Tokyo-380b,45,80,Normal
2026-02-16 01:26:25.713387,Tokyo-380b,-19,66,Normal
2026-02-16 01:26:26.713387,Tokyo-380b,13,84,Normal
2026-02-16 01:26:27.713387,Tokyo-380b,2,84,Normal
2026-02-16 01:26:28.713387,Tokyo-380b,16,89,Normal
2026-02-16 01:26:29.713387,Tokyo-380b,-3,80,Normal
2026-02-16 01:26:30.713387,Tokyo-380b,-10,85,Normal
2026-02-16 01:26:31.713387,Tokyo-380b,-3,14,Normal
2026-02-16 01:26:32.713387,Tokyo-380b,46,73,Normal
2026-02-16 01:26:33.713387,Tokyo-380b,25,85,Normal
2026-02-16 01:26:34.713387,Tokyo-380b,14,83,Normal
2026-02-16 01:26:35.713387,Tokyo-380b,-12,89,Normal
2026-02-16 01:26:36.713387,Tokyo-380b,-28,68,Normal
2026-02-16 01:26:37.713387,Tokyo-380b,-12,0,Normal
2026-02-16 01:26:38.713387,Tokyo-380b,41,94,Normal
2026-02-16 01:26:39.713387,Tokyo-380b,-2,42,Normal
2026-02-16 01:26:40.713387,Tokyo-380b,47,5,Normal
2026-02-16 01:26:41.713387,Tokyo-380b,39,4,Normal
2026-02-16 01:26:42.713387,Tokyo-380b,-30,14,Normal
2026-02-16 01:26:43.713387,Tokyo-380b,38,71,Normal
2026-02-16 01:26:44.713387,Tokyo-380b,-7,86,Normal
2026-02-16 01:26:45.713387,Tokyo-380b,28,98,Normal
2026-02-16 01:26:46.713387,Tokyo-380b,24,38,Normal
2026-02-16 01:26:47.713387,Tokyo-380b,40,52,Normal
2026-02-16 01:26:48.713387,Tokyo-380b,-22,74,Normal
2026-02-16 01:26:49.713387,Tokyo-380b,36,40,Normal
2026-02-16 01:26:50.713387,Tokyo-380b,38,51,Normal
2026-02-16 01:26:51.713387,Tokyo-380b,46,72,Normal
2026-02-16 01:26:52.713387,Tokyo-380b,27,75,Normal
2026-02-16 01:26:53.713387,Tokyo-380b,23,25,Normal
2026-02-16 01:26:54.713387,Tokyo-380b,46,76,Normal
2026-02-16 01:26:55.713387,Tokyo-380b,12,17,Normal
2026-02-16 01:26:56.713387,Tokyo-380b,-27,20,Normal
2026-02-16 01:26:57.713387,Tokyo-380b,-12,27,Normal
2026-02-16 01:26:58.713387,Tokyo-380b,18,31,Normal
2026-02-16 01:26:59.713387,Tokyo-380b,23,76,Normal
2026-02-16 01:27:00.713387,Tokyo-380b,38,61,Normal
2026-02-16 01:27:01.713387,Tokyo-380b,27,43,Normal
2026-02-16 01:27:02.713387,Tokyo-380b,33,0,Normal
2026-02-16 01:27:03.713387,Tokyo-380b,43,77,Normal
2026-02-16 01:27:04.713387,Tokyo-380b,14,88,Normal
2026-02-16 01:27:05.713387,Tokyo-380b,4,59,Normal
2026-02-16 01:27:06.713387,Tokyo-380b,-10,64,Normal
2026-02-16 01:27:07.713387,Tokyo-380b,21,99,Normal
2026-02-16 01:27:08.713387,Tokyo-380b,-5,4,Normal
2026-02-16 01:27:09.713387,Tokyo-380b,18,40,Normal
2026-02-16 01:27:10.713387,Tokyo-380b,38,36,Normal
2026-02-16 01:27:11.713387,Tokyo-380b,-12,0,Normal
2026-02-16 01:27:12.713387,Tokyo-380b,8,32,Normal
2026-02-16 01:27:13.713387,Tokyo-380b,25,6,Normal
2026-02-16 01:27:14.713387,Tokyo-380b,33,0,Normal
2026-02-16 01:27:15.713387,Tokyo-380b,44,100,Normal
2026-02-16 01:27:16.713387,Tokyo-380b,49,80,Normal
2026-02-16 01:27:17.713387,Tokyo-380b,15,97,Normal
2026-02-16 01:27:18.713387,Tokyo-380b,-14,92,Normal
2026-02-16 01:27:19.713387,Tokyo-380b,13,93,Normal
2026-02-16 01:27:20.713387,Tokyo-380b,48,12,Normal
2026-02-16 01:27:21.713387,Tokyo-380b,6,74,Normal
2026-02-16 01:27:22.713387,Tokyo-380b,39,56,Normal
2026-02-16 01:27:23.713387,Tokyo-380b,1,55,Normal
2026-02-16 01:27:24.713387,Tokyo-380b,-17,86,Normal
2026-02-16 01:27:25.713387,Tokyo-380b,15,65,Normal
2026-02-16 01:27:26.713387,Tokyo-380b,-14,21,Normal
2026-02-16 01:27:27.713387,Tokyo-380b,29,89,Normal
2026-02-16 01:27:28.713387,Tokyo-380b,-17,13,Normal
2026-02-16 01:27:29.713387,Tokyo-380b,-18,13,Normal
2026-02-16 01:27:30.713387,Tokyo-380b,18,44,Normal
2026-02-16 01:27:31.713387,Tokyo-380b,40,67,Normal
2026-02-16 01:27:32.713387,Tokyo-380b,-22,89,Normal
2026-02-16 01:27:33.713387,Tokyo-380b,24,61,Normal
2026-02-16 01:27:34.713387,Tokyo-380b,-27,72,Normal
2026-02-16 01:27:35.713387,Tokyo-380b,-25,77,Normal
2026-02-16 01:27:36.713387,Tokyo-380b,48,47,Normal
2026-02-16 01:27:37.713387,Tokyo-380b,49,65,Normal
2026-02-16 01:27:38.713387,Tokyo-380b,-21,90,Normal
2026-02-16 01:27:39.713387,Tokyo-380b,23,9,Normal
2026-02-16 01:27:40.713387,Tokyo-380b,10,4,Normal
2026-02-16 01:27:41.713387,Tokyo-380b,3,56,Normal
2026-02-16 01:27:42.713387,Tokyo-380b,40,6,Normal
2026-02-16 01:27:43.713387,Tokyo-380b,-6,99,Normal
2026-02-16 01:27:44.713387,Tokyo-380b,7,40,Normal
2026-02-16 01:27:45.713387,Tokyo-380b,-7,50,Normal
2026-02-16 01:27:46.713387,Tokyo-380b,43,32,Normal
2026-02-16 01:27:47.713387,Tokyo-380b,45,73,Normal
2026-02-16 01:27:48.713387,Tokyo-380b,28,40,Normal
2026-02-16 01:27:49.713387,Tokyo-380b,5,30,Normal
2026-02-16 01:27:50.713387,Tokyo-380b,-25,41,Normal
2026-02-16 01:27:51.713387,Tokyo-380b,6,28,Normal
2026-02-16 01:27:52.713387,Tokyo-380b,25,31,Normal
2026-02-16 01:27:53.713387,Tokyo-380b,15,79,Normal
2026-02-16 01:27:54.713387,Tokyo-380b,23,20,Normal
2026-02-16 01:27:55.713387,Tokyo-380b,23,30,Normal
2026-02-16 01:27:56.713387,Tokyo-380b,-11,87,Normal
2026-02-16 01:27:57.713387,Tokyo-380b,32,7,Normal
2026-02-16 01:27:58.713387,Tokyo-380b,32,36,Normal
2026-02-16 01:27:59.713387,Tokyo-380b,48,22,Normal
2026-02-16 01:28:00.713387,Tokyo-380b,15,86,Normal
2026-02-16 01:28:01.713387,Tokyo-380b,6,54,Normal
2026-02-16 01:28:02.713387,Tokyo-380b,-29,21,Normal
2026-02-16 01:28:03.713387,Tokyo-380b,40,29,Normal
2026-02-16 01:28:04.713387,Tokyo-380b,26,7,Normal
2026-02-16 01:28:05.713387,Tokyo-380b,10,52,Normal
2026-02-16 01:28:06.713387,Tokyo-380b,7,66,Normal
2026-02-16 01:28:07.713387,Tokyo-380b,50,50,Normal
2026-02-16 01:28:08.713387,Tokyo-380b,38,77,Normal
2026-02-16 01:28:09.713387,Tokyo-380b,19,80,Normal
2026-02-16 01:28:10.713387,Tokyo-380b,-21,99,Normal
2026-02-16 01:28:11.713387,Tokyo-380b,3,50,Normal
2026-02-16 01:28:12.713387,Tokyo-380b,7,29,Normal
2026-02-16 01:28:13.713387,Tokyo-380b,20,70,Normal
2026-02-16 01:28:14.713387,Tokyo-380b,35,91,Normal
2026-02-16 01:28:15.713387,Tokyo-380b,27,55,Normal
2026-02-16 01:28:16.713387,Tokyo-380b,-30,39,Normal
2026-02-16 01:28:17.713387,Tokyo-380b,25,98,Normal
2026-02-16 01:28:18.713387,Tokyo-380b,-8,90,Normal
2026-02-16 01:28:19.713387,Tokyo-380b,-28,76,Normal
2026-02-16 01:28:20.713387,Tokyo-380b,-11,19,Normal
2026-02-16 01:28:21.713387,Tokyo-380b,14,63,Normal
2026-02-16 01:28:22.713387,Tokyo-380b,30,54,Normal
2026-02-16 01:28:23.713387,Tokyo-380b,-7,5,Normal
2026-02-16 01:28:24.713387,Tokyo-380b,22,5,Normal
2026-02-16 01:28:25.713387,Tokyo-380b,46,21,Normal
2026-02-16 01:28:26.713387,Tokyo-380b,-21,91,Normal
2026-02-16 01:28:27.713387,Tokyo-380b,-20,28,Normal
2026-02-16 01:28:28.713387,Tokyo-380b,-6,36,Normal
2026-02-16 01:28:29.713387,Tokyo-380b,40,44,Normal
2026-02-16 01:28:30.713387,Tokyo-380b,-3,41,Normal
2026-02-16 01:28:31.713387,Tokyo-380b,14,57,Normal
2026-02-16 01:28:32.713387,Tokyo-380b,1,29,Normal
2026-02-16 01:28:33.713387,Tokyo-380b,-28,5,Normal
2026-02-16 01:28:34.713387,Tokyo-380b,-21,22,Normal
2026-02-16 01:28:35.713387,Tokyo-380b,46,32,Normal
2026-02-16 01:28:36.713387,Tokyo-380b,-1,61,Normal
2026-02-16 01:28:37.713387,Tokyo-380b,-22,80,Normal
2026-02-16 01:28:38.713387,Tokyo-380b,5,37,Normal
2026-02-16 01:28:39.713387,Tokyo-380b,19,46,Normal
2026-02-16 01:28:40.713387,Tokyo-380b,16,41,Normal
2026-02-16 01:28:41.713387,Tokyo-380b,14,97,Normal
2026-02-16 01:28:42.713387,Tokyo-380b,31,55,Normal
2026-02-16 01:28:43.713387,Tokyo-380b,-4,46,Normal
2026-02-16 01:28:44.713387,Tokyo-380b,41,46,Normal
2026-02-16 01:28:45.713387,Tokyo-380b,-2,50,Normal
2026-02-16 01:28:46.713387,Tokyo-380b,45,67,Normal
2026-02-16 01:28:47.713387,Tokyo-380b,-1,45,Normal
2026-02-16 01:28:48.713387,Tokyo-380b,12,58,Normal
2026-02-16 01:28:49.713387,Tokyo-380b,31,2,Normal
2026-02-16 01:28:50.713387,Tokyo-380b,27,99,Normal
2026-02-16 01:28:51.713387,Tokyo-380b,-26,29,Normal
2026-02-16 01:28:52.713387,Tokyo-380b,45,29,Normal
2026-02-16 01:28:53.713387,Tokyo-380b,33,13,Normal
2026-02-16 01:28:54.713387,Tokyo-380b,-9,53,Normal
2026-02-16 01:28:55.713387,Tokyo-380b,18,43,Normal
2026-02-16 01:28:56.713387,Tokyo-380b,-22,61,Normal
2026-02-16 01:28:57.713387,Tokyo-380b,-25,64,Normal
2026-02-16 01:28:58.713387,Tokyo-380b,1,11,Normal
2026-02-16 01:28:59.713387,Tokyo-380b,-21,74,Normal
2026-02-16 01:29:00.713387,Tokyo-380b,-8,30,Normal
2026-02-16 01:29:01.713387,Tokyo-380b,-29,13,Normal
2026-02-16 01:29:02.713387,Tokyo-380b,32,33,Normal
2026-02-16 01:29:03.713387,Tokyo-380b,20,62,Normal
2026-02-16 01:29:04.713387,Tokyo-380b,-14,81,Normal
2026-02-16 01:29:05.713387,Tokyo-380b,-27,38,Normal
2026-02-16 01:29:06.713387,Tokyo-380b,34,59,Normal
2026-02-16 01:29:07.713387,Tokyo-380b,8,46,Normal
2026-02-16 01:29:08.713387,Tokyo-380b,45,35,Normal
2026-02-16 01:29:09.713387,Tokyo-380b,17,74,Normal
2026-02-16 01:29:10.713387,Tokyo-380b,42,78,Normal
2026-02-16 01:29:11.713387,Tokyo-380b,24,38,Normal
2026-02-16 01:29:12.713387,Tokyo-380b,-4,76,Normal
2026-02-16 01:29:13.713387,Tokyo-380b,32,50,Normal
2026-02-16 01:29:14.713387,Tokyo-380b,0,93,Normal
2026-02-16 01:29:15.713387,Tokyo-380b,12,84,Normal
2026-02-16 01:29:16.713387,Tokyo-380b,-7,7,Normal
2026-02-16 01:29:17.713387,Tokyo-380b,32,26,Normal
2026-02-16 01:29:18.713387,Tokyo-380b,-14,64,Normal
2026-02-16 01:29:19.713387,Tokyo-380b,-25,72,Normal
2026-02-16 01:29:20.713387,Tokyo-380b,38,45,Normal
2026-02-16 01:29:21.713387,Tokyo-380b,-26,27,Normal
2026-02-16 01:29:22.713387,Tokyo-380b,49,72,Normal
2026-02-16 01:29:23.713387,Tokyo-380b,32,26,Normal
2026-02-16 01:29:24.713387,Tokyo-380b,-10,17,Normal
2026-02-16 01:29:25.713387,Tokyo-380b,30,24,Normal
2026-02-16 01:29:26.713387,Tokyo-380b,1,48,Normal
2026-02-16 01:29:27.713387,Tokyo-380b,-26,63,Normal
2026-02-16 01:29:28.713387,Tokyo-380b,12,63,Normal
2026-02-16 01:29:29.713387,Tokyo-380b,15,15,Normal
2026-02-16 01:29:30.713387,Tokyo-380b,45,34,Normal
2026-02-16 01:29:31.713387,Tokyo-380b,39,44,Normal
2026-02-16 01:29:32.713387,Tokyo-380b,15,0,Normal
2026-02-16 01:29:33.713387,Tokyo-380b,46,85,Normal
2026-02-16 01:29:34.713387,Tokyo-380b,9,24,Normal
2026-02-16 01:29:35.713387,Tokyo-380b,39,47,Normal
2026-02-16 01:29:36.713387,Tokyo-380b,33,88,Normal
2026-02-16 01:29:37.713387,Tokyo-380b,18,78,Normal
2026-02-16 01:29:38.713387,Tokyo-380b,16,53,Normal
2026-02-16 01:29:39.713387,Tokyo-380b,-3,76,Normal
2026-02-16 01:29:40.713387,Tokyo-380b,46,34,Normal
2026-02-16 01:29:41.713387,Tokyo-380b,31,95,Normal
2026-02-16 01:29:42.713387,Tokyo-380b,-21,83,Normal
2026-02-16 01:29:43.713387,Tokyo-380b,-27,42,Normal
2026-02-16 01:29:44.713387,Tokyo-380b,45,29,Normal
2026-02-16 01:29:45.713387,Tokyo-380b,37,75,Normal
2026-02-16 01:29:46.713387,Tokyo-380b,-1,34,Normal
2026-02-16 01:29:47.713387,Tokyo-380b,-24,51,Normal
2026-02-16 01:29:48.713387,Tokyo-380b,28,32,Normal
2026-02-16 01:29:49.713387,Tokyo-380b,25,1,Normal
2026-02-16 01:29:50.713387,Tokyo-380b,25,52,Normal
2026-02-16 01:29:51.713387,Tokyo-380b,-6,58,Normal
2026-02-16 01:29:52.713387,Tokyo-380b,-11,78,Normal
2026-02-16 01:29:53.713387,Tokyo-380b,-14,66,Normal
2026-02-16 01:29:54.713387,Tokyo-380b,-1,71,Normal
2026-02-16 01:29:55.713387,Tokyo-380b,14,20,Normal
2026-02-16 01:29:56.713387,Tokyo-380b,11,54,Normal
2026-02-16 01:29:57.713387,Tokyo-380b,-19,61,Normal
2026-02-16 01:29:58.713387,Tokyo-380b,-5,94,Normal
2026-02-16 01:29:59.713387,Tokyo-380b,-2,52,Normal
2026-02-16 01:30:00.713387,Tokyo-380b,-18,64,Normal
2026-02-16 01:30:01.713387,Tokyo-380b,18,92,Normal
2026-02-16 01:30:02.713387,Tokyo-380b,-12,65,Normal
2026-02-16 01:30:03.713387,Tokyo-380b,16,92,Normal
2026-02-16 01:30:04.713387,Tokyo-380b,0,93,Normal
2026-02-16 01:30:05.713387,Tokyo-380b,-16,68,Normal
2026-02-16 01:30:06.713387,Tokyo-380b,39,13,Normal
2026-02-16 01:30:07.713387,Tokyo-380b,42,41,Normal
2026-02-16 01:30:08.713387,Tokyo-380b,-18,7,Normal
2026-02-16 01:30:09.713387,Tokyo-380b,-4,85,Normal
2026-02-16 01:30:10.713387,Tokyo-380b,26,10,Normal
2026-02-16 01:30:11.713387,Tokyo-380b,12,33,Normal
2026-02-16 01:30:12.713387,Tokyo-380b,-15,81,Normal
2026-02-16 01:30:13.713387,Tokyo-380b,8,34,Normal
2026-02-16 01:30:14.713387,Tokyo-380b,16,94,Normal
2026-02-16 01:30:15.713387,Tokyo-380b,4,80,Normal
2026-02-16 01:30:16.713387,Tokyo-380b,4,23,Normal
2026-02-16 01:30:17.713387,Tokyo-380b,-25,17,Normal
2026-02-16 01:30:18.713387,Tokyo-380b,28,74,Normal
2026-02-16 01:30:19.713387,Tokyo-380b,28,12,Normal
2026-02-16 01:30:20.713387,Tokyo-380b,-25,83,Normal
2026-02-16 01:30:21.713387,Tokyo-380b,42,87,Normal
2026-02-16 01:30:22.713387,Tokyo-380b,48,69,Normal
2026-02-16 01:30:23.713387,Tokyo-380b,17,5,Normal
2026-02-16 01:30:24.713387,Tokyo-380b,5,97,Normal
2026-02-16 01:30:25.713387,Tokyo-380b,-11,67,Normal
2026-02-16 01:30:26.713387,Tokyo-380b,-14,34,Normal
2026-02-16 01:30:27.713387,Tokyo-380b,29,70,Normal
2026-02-16 01:30:28.713387,Tokyo-380b,33,56,Normal
2026-02-16 01:30:29.713387,Tokyo-380b,36,47,Normal
2026-02-16 01:30:30.713387,Tokyo-380b,16,79,Normal
2026-02-16 01:30:31.713387,Tokyo-380b,-4,70,Normal
2026-02-16 01:30:32.713387,Tokyo-380b,29,78,Normal
2026-02-16 01:30:33.713387,Tokyo-380b,-12,66,Normal
2026-02-16 01:30:34.713387,Tokyo-380b,48,8,Normal
2026-02-16 01:30:35.713387,Tokyo-380b,22,6,Normal
2026-02-16 01:30:36.713387,Tokyo-380b,-28,10,Normal
2026-02-16 01:30:37.713387,Tokyo-380b,34,58,Normal
2026-02-16 01:30:38.713387,Tokyo-380b,8,32,Normal
2026-02-16 01:30:39.713387,Tokyo-380b,34,14,Normal
2026-02-16 01:30:40.713387,Tokyo-380b,-7,60,Normal
2026-02-16 01:30:41.713387,Tokyo-380b,-2,57,Normal
2026-02-16 01:30:42.713387,Tokyo-380b,-21,4,Normal
2026-02-16 01:30:43.713387,Tokyo-380b,13,72,Normal
2026-02-16 01:30:44.713387,Tokyo-380b,45,92,Normal
2026-02-16 01:30:45.713387,Tokyo-380b,-15,46,Normal
2026-02-16 01:30:46.713387,Tokyo-380b,44,12,Normal
2026-02-16 01:30:47.713387,Tokyo-380b,1,35,Normal
2026-02-16 01:30:48.713387,Tokyo-380b,-13,6,Normal
2026-02-16 01:30:49.713387,Tokyo-380b,20,50,Normal
2026-02-16 01:30:50.713387,Tokyo-380b,45,53,Normal
2026-02-16 01:30:51.713387,Tokyo-380b,-6,53,Normal
2026-02-16 01:30:52.713387,Tokyo-380b,48,13,Normal
2026-02-16 01:30:53.713387,Tokyo-380b,26,15,Normal
2026-02-16 01:30:54.713387,Tokyo-380b,1,6,Normal
2026-02-16 01:30:55.713387,Tokyo-380b,15,76,Normal
2026-02-16 01:30:56.713387,Tokyo-380b,39,47,Normal
2026-02-16 01:30:57.713387,Tokyo-380b,-2,89,Normal
2026-02-16 01:30:58.713387,Tokyo-380b,-6,38,Normal
2026-02-16 01:30:59.713387,Tokyo-380b,13,67,Normal
2026-02-16 01:31:00.713387,Tokyo-380b,-23,40,Normal
2026-02-16 01:31:01.713387,Tokyo-380b,-22,17,Normal
2026-02-16 01:31:02.713387,Tokyo-380b,-20,100,Normal
2026-02-16 01:31:03.713387,Tokyo-380b,12,15,Normal
2026-02-16 01:31:04.713387,Tokyo-380b,-14,56,Normal
2026-02-16 01:31:05.713387,Tokyo-380b,-2,30,Normal
2026-02-16 01:31:06.713387,Tokyo-380b,2,15,Normal
2026-02-16 01:31:07.713387,Tokyo-380b,49,42,Normal
2026-02-16 01:31:08.713387,Tokyo-380b,16,12,Normal
2026-02-16 01:31:09.713387,Tokyo-380b,17,94,Normal
2026-02-16 01:31:10.713387,Tokyo-380b,21,53,Normal
2026-02-16 01:31:11.713387,Tokyo-380b,25,62,Normal
2026-02-16 01:31:12.713387,Tokyo-380b,21,54,Normal
2026-02-16 01:31:13.713387,Tokyo-380b,10,74,Normal
2026-02-16 01:31:14.713387,Tokyo-380b,41,13,Normal
2026-02-16 01:31:15.713387,Tokyo-380b,23,96,Normal
2026-02-16 01:31:16.713387,Tokyo-380b,6,65,Normal
2026-02-16 01:31:17.713387,Tokyo-380b,25,36,Normal
2026-02-16 01:31:18.713387,Tokyo-380b,-23,25,Normal
2026-02-16 01:31:19.713387,Tokyo-380b,12,60,Normal
2026-02-16 01:31:20.713387,Tokyo-380b,-6,44,Normal
2026-02-16 01:31:21.713387,Tokyo-380b,16,99,Normal
2026-02-16 01:31:22.713387,Tokyo-380b,27,42,Normal
2026-02-16 01:31:23.713387,Tokyo-380b,34,40,Normal
2026-02-16 01:31:24.713387,Tokyo-380b,-16,6,Normal
2026-02-16 01:31:25.713387,Tokyo-380b,15,90,Normal
2026-02-16 01:31:26.713387,Tokyo-380b,12,77,Normal
2026-02-16 01:31:27.713387,Tokyo-380b,-4,23,Normal
2026-02-16 01:31:28.713387,Tokyo-380b,20,1,Normal
2026-02-16 01:31:29.713387,Tokyo-380b,5,13,Normal
2026-02-16 01:31:30.713387,Tokyo-380b,45,42,Normal
2026-02-16 01:31:31.713387,Tokyo-380b,37,90,Normal
2026-02-16 01:31:32.713387,Tokyo-380b,32,86,Normal
2026-02-16 01:31:33.713387,Tokyo-380b,12,67,Normal
2026-02-16 01:31:34.713387,Tokyo-380b,-28,92,Normal
2026-02-16 01:31:35.713387,Tokyo-380b,12,0,Normal
2026-02-16 01:31:36.713387,Tokyo-380b,5,15,Normal
2026-02-16 01:31:37.713387,Tokyo-380b,-4,4,Normal
2026-02-16 01:31:38.713387,Tokyo-380b,20,5,Normal
2026-02-16 01:31:39.713387,Tokyo-380b,24,33,Normal
2026-02-16 01:31:40.713387,Tokyo-380b,49,28,Normal
2026-02-16 01:31:41.713387,Tokyo-380b,9,20,Normal
2026-02-16 01:31:42.713387,Tokyo-380b,-5,37,Normal
2026-02-16 01:31:43.713387,Tokyo-380b,-6,86,Normal
2026-02-16 01:31:44.713387,Tokyo-380b,48,84,Normal
2026-02-16 01:31:45.713387,Tokyo-380b,-6,68,Normal
2026-02-16 01:31:46.713387,Tokyo-380b,25,36,Normal
2026-02-16 01:31:47.713387,Tokyo-380b,21,94,Normal
2026-02-16 01:31:48.713387,Tokyo-380b,-27,76,Normal
2026-02-16 01:31:49.713387,Tokyo-380b,48,53,Normal
2026-02-16 01:31:50.713387,Tokyo-380b,-24,87,Normal
2026-02-16 01:31:51.713387,Tokyo-380b,12,75,Normal
2026-02-16 01:31:52.713387,Tokyo-380b,9,66,Normal
2026-02-16 01:31:53.713387,Tokyo-380b,18,47,Normal
2026-02-16 01:31:54.713387,Tokyo-380b,46,66,Normal
2026-02-16 01:31:55.713387,Tokyo-380b,-4,32,Normal
2026-02-16 01:31:56.713387,Tokyo-380b,18,40,Normal
2026-02-16 01:31:57.713387,Tokyo-380b,10,54,Normal
2026-02-16 01:31:58.713387,Tokyo-380b,34,47,Normal
2026-02-16 01:31:59.713387,Tokyo-380b,49,69,Normal
2026-02-16 01:32:00.713387,Tokyo-380b,49,53,Normal
2026-02-16 01:32:01.713387,Tokyo-380b,21,24,Normal
2026-02-16 01:32:02.713387,Tokyo-380b,-16,0,Normal
2026-02-16 01:32:03.713387,Tokyo-380b,-15,12,Normal
2026-02-16 01:32:04.713387,Tokyo-380b,-30,63,Normal
2026-02-16 01:32:05.713387,Tokyo-380b,-21,42,Normal
2026-02-16 01:32:06.713387,Tokyo-380b,3,16,Normal
2026-02-16 01:32:07.713387,Tokyo-380b,23,86,Normal
2026-02-16 01:32:08.713387,Tokyo-380b,-6,30,Normal
2026-02-16 01:32:09.713387,Tokyo-380b,35,51,Normal
2026-02-16 01:32:10.713387,Tokyo-380b,28,83,Normal
2026-02-16 01:32:11.713387,Tokyo-380b,2,74,Normal
2026-02-16 01:32:12.713387,Tokyo-380b,33,1,Normal
2026-02-16 01:32:13.713387,Tokyo-380b,-21,71,Normal
2026-02-16 01:32:14.713387,Tokyo-380b,-11,2,Normal
2026-02-16 01:32:15.713387,Tokyo-380b,3,39,Normal
2026-02-16 01:32:16.713387,Tokyo-380b,-14,61,Normal
2026-02-16 01:32:17.713387,Tokyo-380b,36,83,Normal
2026-02-16 01:32:18.713387,Tokyo-380b,20,57,Normal
2026-02-16 01:32:19.713387,Tokyo-380b,-23,76,Normal
2026-02-16 01:32:20.713387,Tokyo-380b,29,49,Normal
2026-02-16 01:32:21.713387,Tokyo-380b,1,1,Normal
2026-02-16 01:32:22.713387,Tokyo-380b,-27,97,Normal
2026-02-16 01:32:23.713387,Tokyo-380b,41,69,Normal
2026-02-16 01:32:24.713387,Tokyo-380b,45,52,Normal
2026-02-16 01:32:25.713387,Tokyo-380b,45,55,Normal
2026-02-16 01:32:26.713387,Tokyo-380b,10,3,Normal
2026-02-16 01:32:27.713387,Tokyo-380b,18,74,Normal
2026-02-16 01:32:28.713387,Tokyo-380b,17,29,Normal
2026-02-16 01:32:29.713387,Tokyo-380b,27,87,Normal
2026-02-16 01:32:30.713387,Tokyo-380b,15,8,Normal
2026-02-16 01:32:31.713387,Tokyo-380b,23,35,Normal
2026-02-16 01:32:32.713387,Tokyo-380b,18,84,Normal
2026-02-16 01:32:33.713387,Tokyo-380b,39,19,Normal
2026-02-16 01:32:34.713387,Tokyo-380b,7,14,Normal
2026-02-16 01:32:35.713387,Tokyo-380b,35,23,Normal
2026-02-16 01:32:36.713387,Tokyo-380b,19,74,Normal
2026-02-16 01:32:37.713387,Tokyo-380b,8,78,Normal
2026-02-16 01:32:38.713387,Tokyo-380b,-16,72,Normal
2026-02-16 01:32:39.713387,Tokyo-380b,49,22,Normal
2026-02-16 01:32:40.713387,Tokyo-380b,-29,13,Normal
2026-02-16 01:32:41.713387,Tokyo-380b,-13,73,Normal
2026-02-16 01:32:42.713387,Tokyo-380b,14,100,Normal
2026-02-16 01:32:43.713387,Tokyo-380b,10,16,Normal
2026-02-16 01:32:44.713387,Tokyo-380b,9,80,Normal
2026-02-16 01:32:45.713387,Tokyo-380b,45,72,Normal
2026-02-16 01:32:46.713387,Tokyo-380b,44,90,Normal
2026-02-16 01:32:47.713387,Tokyo-380b,0,53,Normal
2026-02-16 01:32:48.713387,Tokyo-380b,5,99,Normal
2026-02-16 01:32:49.713387,Tokyo-380b,-16,68,Normal
2026-02-16 01:32:50.713387,Tokyo-380b,-25,39,Normal
2026-02-16 01:32:51.713387,Tokyo-380b,-1,60,Normal
2026-02-16 01:32:52.713387,Tokyo-380b,17,33,Normal
2026-02-16 01:32:53.713387,Tokyo-380b,-10,57,Normal
2026-02-16 01:32:54.713387,Tokyo-380b,-13,78,Normal
2026-02-16 01:32:55.713387,Tokyo-380b,6,58,Normal
2026-02-16 01:32:56.713387,Tokyo-380b,35,6,Normal
2026-02-16 01:32:57.713387,Tokyo-380b,9,87,Normal
2026-02-16 01:32:58.713387,Tokyo-380b,24,98,Normal
2026-02-16 01:32:59.713387,Tokyo-380b,38,35,Normal
2026-02-16 01:33:00.713387,Tokyo-380b,49,30,Normal
2026-02-16 01:33:01.713387,Tokyo-380b,36,49,Normal
2026-02-16 01:33:02.713387,Tokyo-380b,47,97,Normal
2026-02-16 01:33:03.713387,Tokyo-380b,20,64,Normal
2026-02-16 01:33:04.713387,Tokyo-380b,39,95,Normal
2026-02-16 01:33:05.713387,Tokyo-380b,41,22,Normal
2026-02-16 01:33:06.713387,Tokyo-380b,-5,44,Normal
2026-02-16 01:33:07.713387,Tokyo-380b,-19,34,Normal
2026-02-16 01:33:08.713387,Tokyo-380b,4,4,Normal
2026-02-16 01:33:09.713387,Tokyo-380b,-22,36,Normal
2026-02-16 01:33:10.713387,Tokyo-380b,13,86,Normal
2026-02-16 01:33:11.713387,Tokyo-380b,-28,77,Normal
2026-02-16 01:33:12.713387,Tokyo-380b,9,12,Normal
2026-02-16 01:33:13.713387,Tokyo-380b,-20,46,Normal
2026-02-16 01:33:14.713387,Tokyo-380b,45,99,Normal
2026-02-16 01:33:15.713387,Tokyo-380b,-7,61,Normal
2026-02-16 01:33:16.713387,Tokyo-380b,50,29,Normal
2026-02-16 01:33:17.713387,Tokyo-380b,33,30,Normal
2026-02-16 01:33:18.713387,Tokyo-380b,-6,89,Normal
2026-02-16 01:33:19.713387,Tokyo-380b,32,25,Normal
2026-02-16 01:33:20.713387,Tokyo-380b,-10,38,Normal
2026-02-16 01:33:21.713387,Tokyo-380b,11,62,Normal
2026-02-16 01:33:22.713387,Tokyo-380b,46,40,Normal
2026-02-16 01:33:23.713387,Tokyo-380b,12,37,Normal
2026-02-16 01:33:24.713387,Tokyo-380b,-11,47,Normal
2026-02-16 01:33:25.713387,Tokyo-380b,-28,67,Normal
2026-02-16 01:33:26.713387,Tokyo-380b,32,72,Normal
2026-02-16 01:33:27.713387,Tokyo-380b,40,33,Normal
2026-02-16 01:33:28.713387,Tokyo-380b,-17,89,Normal
2026-02-16 01:33:29.713387,Tokyo-380b,34,20,Normal
2026-02-16 01:33:30.713387,Tokyo-380b,19,55,Normal
2026-02-16 01:33:31.713387,Tokyo-380b,45,41,Normal
2026-02-16 01:33:32.713387,Tokyo-380b,12,56,Normal
2026-02-16 01:33:33.713387,Tokyo-380b,31,92,Normal
2026-02-16 01:33:34.713387,Tokyo-380b,-2,100,Normal
2026-02-16 01:33:35.713387,Tokyo-380b,21,61,Normal
2026-02-16 01:33:36.713387,Tokyo-380b,15,23,Normal
2026-02-16 01:33:37.713387,Tokyo-380b,45,8,Normal
2026-02-16 01:33:38.713387,Tokyo-380b,-14,56,Normal
2026-02-16 01:33:39.713387,Tokyo-380b,8,99,Normal
