timestamp,station_id,temp,humid,condition
2026-02-16 03:27:20.823794,Tokyo-f704,-14,39,Normal
2026-02-16 03:27:21.823794,Tokyo-f704,0,3,Normal
2026-02-16 03:27:22.823794,Tokyo-f704,-17,55,Normal
2026-02-16 03:27:23.823794,Tokyo-f704,19,6,Normal
2026-02-16 03:27:24.823794,Tokyo-f704,26,58,Normal
2026-02-16 03:27:25.823794,Tokyo-f704,-21,28,Normal
2026-02-16 03:27:26.823794,Tokyo-f704,2,40,Normal
2026-02-16 03:27:27.823794,Tokyo-f704,28,67,Normal
2026-02-16 03:27:28.823794,Tokyo-f704,1,24,Normal
2026-02-16 03:27:29.823794,Tokyo-f704,-2,5,Normal
2026-02-16 03:27:30.823794,Tokyo-f704,-10,99,Normal
2026-02-16 03:27:31.823794,Tokyo-f704,37,53,Normal
2026-02-16 03:27:32.823794,Tokyo-f704,46,99,Normal
2026-02-16 03:27:33.823794,Tokyo-f704,3,51,Normal
2026-02-16 03:27:34.823794,Tokyo-f704,37,65,Normal
2026-02-16 03:27:35.823794,Tokyo-f704,45,16,Normal
2026-02-16 03:27:36.823794,Tokyo-f704,32,39,Normal
2026-02-16 03:27:37.823794,Tokyo-f704,16,47,Normal
2026-02-16 03:27:38.823794,Tokyo-f704,25,99,Normal
2026-02-16 03:27:39.823794,Tokyo-f704,7,27,Normal
2026-02-16 03:27:40.823794,Tokyo-f704,-4,99,Normal
2026-02-16 03:27:41.823794,Tokyo-f704,47,52,Normal
2026-02-16 03:27:42.823794,Tokyo-f704,26,93,Normal
2026-02-16 03:27:43.823794,Tokyo-f704,20,66,Normal
2026-02-16 03:27:44.823794,Tokyo-f704,-30,39,Normal
2026-02-16 03:27:45.823794,Tokyo-f704,13,36,Normal
2026-02-16 03:27:46.823794,Tokyo-f704,1,65,Normal
2026-02-16 03:27:47.823794,Tokyo-f704,6,32,Normal
2026-02-16 03:27:48.823794,Tokyo-f704,-26,67,Normal
2026-02-16 03:27:49.823794,Tokyo-f704,-13,22,Normal
2026-02-16 03:27:50.823794,Tokyo-f704,46,1,Normal
2026-02-16 03:27:51.823794,Tokyo-f704,-23,52,Normal
2026-02-16 03:27:52.823794,Tokyo-f704,0,14,Normal
2026-02-16 03:27:53.823794,Tokyo-f704,23,41,Normal
2026-02-16 03:27:54.823794,Tokyo-f704,43,53,Normal
2026-02-16 03:27:55.823794,Tokyo-f704,-30,79,Normal
2026-02-16 03:27:56.823794,Tokyo-f704,-12,39,Normal
2026-02-16 03:27:57.823794,Tokyo-f704,-2,99,Normal
2026-02-16 03:27:58.823794,Tokyo-f704,-9,35,Normal
2026-02-16 03:27:59.823794,Tokyo-f704,29,96,Normal
2026-02-16 03:28:00.823794,Tokyo-f704,2,99,Normal
2026-02-16 03:28:01.823794,Tokyo-f704,-17,55,Normal
2026-02-16 03:28:02.823794,Tokyo-f704,0,45,Normal
2026-02-16 03:28:03.823794,Tokyo-f704,34,35,Normal
2026-02-16 03:28:04.823794,Tokyo-f704,-11,47,Normal
2026-02-16 03:28:05.823794,Tokyo-f704,43,32,Normal
2026-02-16 03:28:06.823794,Tokyo-f704,9,11,Normal
2026-02-16 03:28:07.823794,Tokyo-f704,36,54,Normal
2026-02-16 03:28:08.823794,Tokyo-f704,34,83,Normal
2026-02-16 03:28:09.823794,Tokyo-f704,2,61,Normal
2026-02-16 03:28:10.823794,Tokyo-f704,27,50,Normal
2026-02-16 03:28:11.823794,Tokyo-f704,14,95,Normal
2026-02-16 03:28:12.823794,Tokyo-f704,-4,84,Normal
2026-02-16 03:28:13.823794,Tokyo-f704,-19,36,Normal
2026-02-16 03:28:14.823794,Tokyo-f704,14,43,Normal
2026-02-16 03:28:15.823794,Tokyo-f704,42,87,Normal
2026-02-16 03:28:16.823794,Tokyo-f704,26,31,Normal
2026-02-16 03:28:17.823794,Tokyo-f704,38,94,Normal
2026-02-16 03:28:18.823794,Tokyo-f704,24,70,Normal
2026-02-16 03:28:19.823794,Tokyo-f704,30,38,Normal
2026-02-16 03:28:20.823794,Tokyo-f704,45,86,Normal
2026-02-16 03:28:21.823794,Tokyo-f704,50,94,Normal
2026-02-16 03:28:22.823794,Tokyo-f704,32,50,Normal
2026-02-16 03:28:23.823794,Tokyo-f704,5,17,Normal
2026-02-16 03:28:24.823794,Tokyo-f704,-24,96,Normal
2026-02-16 03:28:25.823794,Tokyo-f704,41,14,Normal
2026-02-16 03:28:26.823794,Tokyo-f704,15,21,Normal
2026-02-16 03:28:27.823794,Tokyo-f704,-16,17,Normal
2026-02-16 03:28:28.823794,Tokyo-f704,40,66,Normal
2026-02-16 03:28:29.823794,Tokyo-f704,-30,62,Normal
2026-02-16 03:28:30.823794,Tokyo-f704,-24,29,Normal
2026-02-16 03:28:31.823794,Tokyo-f704,-24,95,Normal
2026-02-16 03:28:32.823794,Tokyo-f704,28,11,Normal
2026-02-16 03:28:33.823794,Tokyo-f704,25,94,Normal
2026-02-16 03:28:34.823794,Tokyo-f704,-29,15,Normal
2026-02-16 03:28:35.823794,Tokyo-f704,28,59,Normal
2026-02-16 03:28:36.823794,Tokyo-f704,16,12,Normal
2026-02-16 03:28:37.823794,Tokyo-f704,18,48,Normal
2026-02-16 03:28:38.823794,Tokyo-f704,36,44,Normal
2026-02-16 03:28:39.823794,Tokyo-f704,23,21,Normal
2026-02-16 03:28:40.823794,Tokyo-f704,-27,82,Normal
2026-02-16 03:28:41.823794,Tokyo-f704,-2,68,Normal
2026-02-16 03:28:42.823794,Tokyo-f704,1,0,Normal
2026-02-16 03:28:43.823794,Tokyo-f704,0,72,Normal
2026-02-16 03:28:44.823794,Tokyo-f704,-9,81,Normal
2026-02-16 03:28:45.823794,Tokyo-f704,0,81,Normal
2026-02-16 03:28:46.823794,Tokyo-f704,-25,87,Normal
2026-02-16 03:28:47.823794,Tokyo-f704,33,58,Normal
2026-02-16 03:28:48.823794,Tokyo-f704,0,57,Normal
2026-02-16 03:28:49.823794,Tokyo-f704,10,80,Normal
2026-02-16 03:28:50.823794,Tokyo-f704,36,51,Normal
2026-02-16 03:28:51.823794,Tokyo-f704,27,47,Normal
2026-02-16 03:28:52.823794,Tokyo-f704,-30,6,Normal
2026-02-16 03:28:53.823794,Tokyo-f704,50,25,Normal
2026-02-16 03:28:54.823794,Tokyo-f704,-20,35,Normal
2026-02-16 03:28:55.823794,Tokyo-f704,21,65,Normal
2026-02-16 03:28:56.823794,Tokyo-f704,-14,40,Normal
2026-02-16 03:28:57.823794,Tokyo-f704,32,23,Normal
2026-02-16 03:28:58.823794,Tokyo-f704,35,27,Normal
2026-02-16 03:28:59.823794,Tokyo-f704,26,27,Normal
2026-02-16 03:29:00.823794,Tokyo-f704,43,44,Normal
2026-02-16 03:29:01.823794,Tokyo-f704,-14,18,Normal
2026-02-16 03:29:02.823794,Tokyo-f704,-27,5,Normal
2026-02-16 03:29:03.823794,Tokyo-f704,23,93,Normal
2026-02-16 03:29:04.823794,Tokyo-f704,43,47,Normal
2026-02-16 03:29:05.823794,Tokyo-f704,9,3,Normal
2026-02-16 03:29:06.823794,Tokyo-f704,34,13,Normal
2026-02-16 03:29:07.823794,Tokyo-f704,-16,99,Normal
2026-02-16 03:29:08.823794,Tokyo-f704,15,96,Normal
2026-02-16 03:29:09.823794,Tokyo-f704,0,43,Normal
2026-02-16 03:29:10.823794,Tokyo-f704,44,100,Normal
2026-02-16 03:29:11.823794,Tokyo-f704,-3,54,Normal
2026-02-16 03:29:12.823794,Tokyo-f704,-15,43,Normal
2026-02-16 03:29:13.823794,Tokyo-f704,37,60,Normal
2026-02-16 03:29:14.823794,Tokyo-f704,20,46,Normal
2026-02-16 03:29:15.823794,Tokyo-f704,-15,0,Normal
2026-02-16 03:29:16.823794,Tokyo-f704,4,72,Normal
2026-02-16 03:29:17.823794,Tokyo-f704,21,92,Normal
2026-02-16 03:29:18.823794,Tokyo-f704,-30,74,Normal
2026-02-16 03:29:19.823794,Tokyo-f704,9,26,Normal
2026-02-16 03:29:20.823794,Tokyo-f704,-17,49,Normal
2026-02-16 03:29:21.823794,Tokyo-f704,48,31,Normal
2026-02-16 03:29:22.823794,Tokyo-f704,45,55,Normal
2026-02-16 03:29:23.823794,Tokyo-f704,6,93,Normal
2026-02-16 03:29:24.823794,Tokyo-f704,-12,34,Normal
2026-02-16 03:29:25.823794,Tokyo-f704,10,10,Normal
2026-02-16 03:29:26.823794,Tokyo-f704,-18,23,Normal
2026-02-16 03:29:27.823794,Tokyo-f704,42,45,Normal
2026-02-16 03:29:28.823794,Tokyo-f704,30,39,Normal
2026-02-16 03:29:29.823794,Tokyo-f704,0,70,Normal
2026-02-16 03:29:30.823794,Tokyo-f704,-11,10,Normal
2026-02-16 03:29:31.823794,Tokyo-f704,43,89,Normal
2026-02-16 03:29:32.823794,Tokyo-f704,-19,28,Normal
2026-02-16 03:29:33.823794,Tokyo-f704,-7,12,Normal
2026-02-16 03:29:34.823794,Tokyo-f704,-14,40,Normal
2026-02-16 03:29:35.823794,Tokyo-f704,-28,69,Normal
2026-02-16 03:29:36.823794,Tokyo-f704,42,53,Normal
2026-02-16 03:29:37.823794,Tokyo-f704,0,40,Normal
2026-02-16 03:29:38.823794,Tokyo-f704,34,71,Normal
2026-02-16 03:29:39.823794,Tokyo-f704,-3,27,Normal
2026-02-16 03:29:40.823794,Tokyo-f704,-21,45,Normal
2026-02-16 03:29:41.823794,Tokyo-f704,6,37,Normal
2026-02-16 03:29:42.823794,Tokyo-f704,23,52,Normal
2026-02-16 03:29:43.823794,Tokyo-f704,-13,69,Normal
2026-02-16 03:29:44.823794,Tokyo-f704,13,22,Normal
2026-02-16 03:29:45.823794,Tokyo-f704,-18,32,Normal
2026-02-16 03:29:46.823794,Tokyo-f704,-19,35,Normal
2026-02-16 03:29:47.823794,Tokyo-f704,13,49,Normal
2026-02-16 03:29:48.823794,Tokyo-f704,47,81,Normal
2026-02-16 03:29:49.823794,Tokyo-f704,11,45,Normal
2026-02-16 03:29:50.823794,Tokyo-f704,-6,83,Normal
2026-02-16 03:29:51.823794,Tokyo-f704,-11,67,Normal
2026-02-16 03:29:52.823794,Tokyo-f704,-17,10,Normal
2026-02-16 03:29:53.823794,Tokyo-f704,50,29,Normal
2026-02-16 03:29:54.823794,Tokyo-f704,41,90,Normal
2026-02-16 03:29:55.823794,Tokyo-f704,-28,18,Normal
2026-02-16 03:29:56.823794,Tokyo-f704,13,0,Normal
2026-02-16 03:29:57.823794,Tokyo-f704,-8,69,Normal
2026-02-16 03:29:58.823794,Tokyo-f704,-27,35,Normal
2026-02-16 03:29:59.823794,Tokyo-f704,10,2,Normal
2026-02-16 03:30:00.823794,Tokyo-f704,-1,52,Normal
2026-02-16 03:30:01.823794,Tokyo-f704,39,46,Normal
2026-02-16 03:30:02.823794,Tokyo-f704,-29,42,Normal
2026-02-16 03:30:03.823794,Tokyo-f704,32,33,Normal
2026-02-16 03:30:04.823794,Tokyo-f704,-6,89,Normal
2026-02-16 03:30:05.823794,Tokyo-f704,21,81,Normal
2026-02-16 03:30:06.823794,Tokyo-f704,39,97,Normal
2026-02-16 03:30:07.823794,Tokyo-f704,-20,94,Normal
2026-02-16 03:30:08.823794,Tokyo-f704,-29,20,Normal
2026-02-16 03:30:09.823794,Tokyo-f704,-25,11,Normal
2026-02-16 03:30:10.823794,Tokyo-f704,30,33,Normal
2026-02-16 03:30:11.823794,Tokyo-f704,14,33,Normal
2026-02-16 03:30:12.823794,Tokyo-f704,13,94,Normal
2026-02-16 03:30:13.823794,Tokyo-f704,46,52,Normal
2026-02-16 03:30:14.823794,Tokyo-f704,-29,16,Normal
2026-02-16 03:30:15.823794,Tokyo-f704,-16,76,Normal
2026-02-16 03:30:16.823794,Tokyo-f704,13,38,Normal
2026-02-16 03:30:17.823794,Tokyo-f704,-21,78,Normal
2026-02-16 03:30:18.823794,Tokyo-f704,1,15,Normal
2026-02-16 03:30:19.823794,Tokyo-f704,1,35,Normal
2026-02-16 03:30:20.823794,Tokyo-f704,27,56,Normal
2026-02-16 03:30:21.823794,Tokyo-f704,16,51,Normal
2026-02-16 03:30:22.823794,Tokyo-f704,-3,44,Normal
2026-02-16 03:30:23.823794,Tokyo-f704,29,65,Normal
2026-02-16 03:30:24.823794,Tokyo-f704,14,11,Normal
2026-02-16 03:30:25.823794,Tokyo-f704,9,40,Normal
2026-02-16 03:30:26.823794,Tokyo-f704,43,7,Normal
2026-02-16 03:30:27.823794,Tokyo-f704,1,18,Normal
2026-02-16 03:30:28.823794,Tokyo-f704,14,91,Normal
2026-02-16 03:30:29.823794,Tokyo-f704,17,55,Normal
2026-02-16 03:30:30.823794,Tokyo-f704,-25,27,Normal
2026-02-16 03:30:31.823794,Tokyo-f704,-11,21,Normal
2026-02-16 03:30:32.823794,Tokyo-f704,41,31,Normal
2026-02-16 03:30:33.823794,Tokyo-f704,-14,46,Normal
2026-02-16 03:30:34.823794,Tokyo-f704,-10,88,Normal
2026-02-16 03:30:35.823794,Tokyo-f704,-13,41,Normal
2026-02-16 03:30:36.823794,Tokyo-f704,43,88,Normal
2026-02-16 03:30:37.823794,Tokyo-f704,32,31,Normal
2026-02-16 03:30:38.823794,Tokyo-f704,7,9,Normal
2026-02-16 03:30:39.823794,Tokyo-f704,48,95,Normal
2026-02-16 03:30:40.823794,Tokyo-f704,39,87,Normal
2026-02-16 03:30:41.823794,Tokyo-f704,49,86,Normal
2026-02-16 03:30:42.823794,Tokyo-f704,15,26,Normal
2026-02-16 03:30:43.823794,Tokyo-f704,36,17,Normal
2026-02-16 03:30:44.823794,Tokyo-f704,20,99,Normal
2026-02-16 03:30:45.823794,Tokyo-f704,16,80,Normal
2026-02-16 03:30:46.823794,Tokyo-f704,39,0,Normal
2026-02-16 03:30:47.823794,Tokyo-f704,14,29,Normal
2026-02-16 03:30:48.823794,Tokyo-f704,46,93,Normal
2026-02-16 03:30:49.823794,Tokyo-f704,37,14,Normal
2026-02-16 03:30:50.823794,Tokyo-f704,22,10,Normal
2026-02-16 03:30:51.823794,Tokyo-f704,-2,45,Normal
2026-02-16 03:30:52.823794,Tokyo-f704,46,44,Normal
2026-02-16 03:30:53.823794,Tokyo-f704,-6,43,Normal
2026-02-16 03:30:54.823794,Tokyo-f704,5,35,Normal
2026-02-16 03:30:55.823794,Tokyo-f704,46,23,Normal
2026-02-16 03:30:56.823794,Tokyo-f704,36,75,Normal
2026-02-16 03:30:57.823794,Tokyo-f704,-26,68,Normal
2026-02-16 03:30:58.823794,Tokyo-f704,28,42,Normal
2026-02-16 03:30:59.823794,Tokyo-f704,-28,0,Normal
2026-02-16 03:31:00.823794,Tokyo-f704,39,16,Normal
2026-02-16 03:31:01.823794,Tokyo-f704,-16,47,Normal
2026-02-16 03:31:02.823794,Tokyo-f704,27,43,Normal
2026-02-16 03:31:03.823794,Tokyo-f704,50,31,Normal
2026-02-16 03:31:04.823794,Tokyo-f704,-23,15,Normal
2026-02-16 03:31:05.823794,Tokyo-f704,-26,48,Normal
2026-02-16 03:31:06.823794,Tokyo-f704,23,19,Normal
2026-02-16 03:31:07.823794,Tokyo-f704,46,89,Normal
2026-02-16 03:31:08.823794,Tokyo-f704,18,93,Normal
2026-02-16 03:31:09.823794,Tokyo-f704,23,98,Normal
2026-02-16 03:31:10.823794,Tokyo-f704,25,64,Normal
2026-02-16 03:31:11.823794,Tokyo-f704,-17,64,Normal
2026-02-16 03:31:12.823794,Tokyo-f704,-17,50,Normal
2026-02-16 03:31:13.823794,Tokyo-f704,-1,82,Normal
2026-02-16 03:31:14.823794,Tokyo-f704,40,63,Normal
2026-02-16 03:31:15.823794,Tokyo-f704,30,19,Normal
2026-02-16 03:31:16.823794,Tokyo-f704,42,21,Normal
2026-02-16 03:31:17.823794,Tokyo-f704,-22,33,Normal
2026-02-16 03:31:18.823794,Tokyo-f704,34,25,Normal
2026-02-16 03:31:19.823794,Tokyo-f704,-18,25,Normal
2026-02-16 03:31:20.823794,Tokyo-f704,-13,42,Normal
2026-02-16 03:31:21.823794,Tokyo-f704,39,90,Normal
2026-02-16 03:31:22.823794,Tokyo-f704,39,85,Normal
2026-02-16 03:31:23.823794,Tokyo-f704,-22,69,Normal
2026-02-16 03:31:24.823794,Tokyo-f704,-22,7,Normal
2026-02-16 03:31:25.823794,Tokyo-f704,-4,81,Normal
2026-02-16 03:31:26.823794,Tokyo-f704,48,1,Normal
2026-02-16 03:31:27.823794,Tokyo-f704,-7,4,Normal
2026-02-16 03:31:28.823794,Tokyo-f704,28,12,Normal
2026-02-16 03:31:29.823794,Tokyo-f704,44,6,Normal
2026-02-16 03:31:30.823794,Tokyo-f704,40,28,Normal
2026-02-16 03:31:31.823794,Tokyo-f704,15,17,Normal
2026-02-16 03:31:32.823794,Tokyo-f704,-27,42,Normal
2026-02-16 03:31:33.823794,Tokyo-f704,-3,82,Normal
2026-02-16 03:31:34.823794,Tokyo-f704,41,19,Normal
2026-02-16 03:31:35.823794,Tokyo-f704,-30,98,Normal
2026-02-16 03:31:36.823794,Tokyo-f704,35,62,Normal
2026-02-16 03:31:37.823794,Tokyo-f704,-23,4,Normal
2026-02-16 03:31:38.823794,Tokyo-f704,34,24,Normal
2026-02-16 03:31:39.823794,Tokyo-f704,-19,32,Normal
2026-02-16 03:31:40.823794,Tokyo-f704,3,20,Normal
2026-02-16 03:31:41.823794,Tokyo-f704,40,59,Normal
2026-02-16 03:31:42.823794,Tokyo-f704,20,53,Normal
2026-02-16 03:31:43.823794,Tokyo-f704,-14,73,Normal
2026-02-16 03:31:44.823794,Tokyo-f704,34,66,Normal
2026-02-16 03:31:45.823794,Tokyo-f704,21,6,Normal
2026-02-16 03:31:46.823794,Tokyo-f704,12,39,Normal
2026-02-16 03:31:47.823794,Tokyo-f704,-10,94,Normal
2026-02-16 03:31:48.823794,Tokyo-f704,8,61,Normal
2026-02-16 03:31:49.823794,Tokyo-f704,8,57,Normal
2026-02-16 03:31:50.823794,Tokyo-f704,-8,42,Normal
2026-02-16 03:31:51.823794,Tokyo-f704,37,12,Normal
2026-02-16 03:31:52.823794,Tokyo-f704,47,72,Normal
2026-02-16 03:31:53.823794,Tokyo-f704,10,33,Normal
2026-02-16 03:31:54.823794,Tokyo-f704,25,100,Normal
2026-02-16 03:31:55.823794,Tokyo-f704,3,65,Normal
2026-02-16 03:31:56.823794,Tokyo-f704,28,22,Normal
2026-02-16 03:31:57.823794,Tokyo-f704,22,16,Normal
2026-02-16 03:31:58.823794,Tokyo-f704,26,98,Normal
2026-02-16 03:31:59.823794,Tokyo-f704,16,19,Normal
2026-02-16 03:32:00.823794,Tokyo-f704,-1,16,Normal
2026-02-16 03:32:01.823794,Tokyo-f704,11,62,Normal
2026-02-16 03:32:02.823794,Tokyo-f704,38,35,Normal
2026-02-16 03:32:03.823794,Tokyo-f704,4,61,Normal
2026-02-16 03:32:04.823794,Tokyo-f704,20,89,Normal
2026-02-16 03:32:05.823794,Tokyo-f704,38,25,Normal
2026-02-16 03:32:06.823794,Tokyo-f704,44,13,Normal
2026-02-16 03:32:07.823794,Tokyo-f704,21,76,Normal
2026-02-16 03:32:08.823794,Tokyo-f704,41,29,Normal
2026-02-16 03:32:09.823794,Tokyo-f704,28,56,Normal
2026-02-16 03:32:10.823794,Tokyo-f704,-21,18,Normal
2026-02-16 03:32:11.823794,Tokyo-f704,-11,55,Normal
2026-02-16 03:32:12.823794,Tokyo-f704,10,67,Normal
2026-02-16 03:32:13.823794,Tokyo-f704,26,20,Normal
2026-02-16 03:32:14.823794,Tokyo-f704,34,46,Normal
2026-02-16 03:32:15.823794,Tokyo-f704,35,81,Normal
2026-02-16 03:32:16.823794,Tokyo-f704,26,14,Normal
2026-02-16 03:32:17.823794,Tokyo-f704,50,9,Normal
2026-02-16 03:32:18.823794,Tokyo-f704,-15,14,Normal
2026-02-16 03:32:19.823794,Tokyo-f704,12,79,Normal
2026-02-16 03:32:20.823794,Tokyo-f704,-10,56,Normal
2026-02-16 03:32:21.823794,Tokyo-f704,13,21,Normal
2026-02-16 03:32:22.823794,Tokyo-f704,-21,2,Normal
2026-02-16 03:32:23.823794,Tokyo-f704,50,69,Normal
2026-02-16 03:32:24.823794,Tokyo-f704,50,69,Normal
2026-02-16 03:32:25.823794,Tokyo-f704,-25,44,Normal
2026-02-16 03:32:26.823794,Tokyo-f704,6,8,Normal
2026-02-16 03:32:27.823794,Tokyo-f704,8,3,Normal
2026-02-16 03:32:28.823794,Tokyo-f704,-13,10,Normal
2026-02-16 03:32:29.823794,Tokyo-f704,-30,12,Normal
2026-02-16 03:32:30.823794,Tokyo-f704,2,17,Normal
2026-02-16 03:32:31.823794,Tokyo-f704,3,25,Normal
2026-02-16 03:32:32.823794,Tokyo-f704,25,81,Normal
2026-02-16 03:32:33.823794,Tokyo-f704,6,93,Normal
2026-02-16 03:32:34.823794,Tokyo-f704,47,47,Normal
2026-02-16 03:32:35.823794,Tokyo-f704,30,16,Normal
2026-02-16 03:32:36.823794,Tokyo-f704,30,49,Normal
2026-02-16 03:32:37.823794,Tokyo-f704,-26,88,Normal
2026-02-16 03:32:38.823794,Tokyo-f704,-24,60,Normal
2026-02-16 03:32:39.823794,Tokyo-f704,6,45,Normal
2026-02-16 03:32:40.823794,Tokyo-f704,45,64,Normal
2026-02-16 03:32:41.823794,Tokyo-f704,3,34,Normal
2026-02-16 03:32:42.823794,Tokyo-f704,-18,60,Normal
2026-02-16 03:32:43.823794,Tokyo-f704,9,10,Normal
2026-02-16 03:32:44.823794,Tokyo-f704,23,99,Normal
2026-02-16 03:32:45.823794,Tokyo-f704,-21,27,Normal
2026-02-16 03:32:46.823794,Tokyo-f704,45,38,Normal
2026-02-16 03:32:47.823794,Tokyo-f704,29,12,Normal
2026-02-16 03:32:48.823794,Tokyo-f704,4,37,Normal
2026-02-16 03:32:49.823794,Tokyo-f704,-10,84,Normal
2026-02-16 03:32:50.823794,Tokyo-f704,26,78,Normal
2026-02-16 03:32:51.823794,Tokyo-f704,0,98,Normal
2026-02-16 03:32:52.823794,Tokyo-f704,-26,45,Normal
2026-02-16 03:32:53.823794,Tokyo-f704,-17,35,Normal
2026-02-16 03:32:54.823794,Tokyo-f704,-26,22,Normal
2026-02-16 03:32:55.823794,Tokyo-f704,-5,78,Normal
2026-02-16 03:32:56.823794,Tokyo-f704,19,20,Normal
2026-02-16 03:32:57.823794,Tokyo-f704,-16,35,Normal
2026-02-16 03:32:58.823794,Tokyo-f704,22,88,Normal
2026-02-16 03:32:59.823794,Tokyo-f704,-5,88,Normal
2026-02-16 03:33:00.823794,Tokyo-f704,11,7,Normal
2026-02-16 03:33:01.823794,Tokyo-f704,0,56,Normal
2026-02-16 03:33:02.823794,Tokyo-f704,8,40,Normal
2026-02-16 03:33:03.823794,Tokyo-f704,26,50,Normal
2026-02-16 03:33:04.823794,Tokyo-f704,-14,76,Normal
2026-02-16 03:33:05.823794,Tokyo-f704,46,41,Normal
2026-02-16 03:33:06.823794,Tokyo-f704,-3,5,Normal
2026-02-16 03:33:07.823794,Tokyo-f704,29,66,Normal
2026-02-16 03:33:08.823794,Tokyo-f704,28,53,Normal
2026-02-16 03:33:09.823794,Tokyo-f704,-15,52,Normal
2026-02-16 03:33:10.823794,Tokyo-f704,38,27,Normal
2026-02-16 03:33:11.823794,Tokyo-f704,-2,99,Normal
2026-02-16 03:33:12.823794,Tokyo-f704,47,71,Normal
2026-02-16 03:33:13.823794,Tokyo-f704,41,89,Normal
2026-02-16 03:33:14.823794,Tokyo-f704,33,84,Normal
2026-02-16 03:33:15.823794,Tokyo-f704,-2,86,Normal
2026-02-16 03:33:16.823794,Tokyo-f704,13,73,Normal
2026-02-16 03:33:17.823794,Tokyo-f704,-22,70,Normal
2026-02-16 03:33:18.823794,Tokyo-f704,-30,61,Normal
2026-02-16 03:33:19.823794,Tokyo-f704,-22,87,Normal
2026-02-16 03:33:20.823794,Tokyo-f704,-20,88,Normal
2026-02-16 03:33:21.823794,Tokyo-f704,23,71,Normal
2026-02-16 03:33:22.823794,Tokyo-f704,32,82,Normal
2026-02-16 03:33:23.823794,Tokyo-f704,-12,3,Normal
2026-02-16 03:33:24.823794,Tokyo-f704,31,66,Normal
2026-02-16 03:33:25.823794,Tokyo-f704,-2,85,Normal
2026-02-16 03:33:26.823794,Tokyo-f704,-8,44,Normal
2026-02-16 03:33:27.823794,Tokyo-f704,5,55,Normal
2026-02-16 03:33:28.823794,Tokyo-f704,29,37,Normal
2026-02-16 03:33:29.823794,Tokyo-f704,23,60,Normal
2026-02-16 03:33:30.823794,Tokyo-f704,47,15,Normal
2026-02-16 03:33:31.823794,Tokyo-f704,9,71,Normal
2026-02-16 03:33:32.823794,Tokyo-f704,40,19,Normal
2026-02-16 03:33:33.823794,Tokyo-f704,-28,3,Normal
2026-02-16 03:33:34.823794,Tokyo-f704,26,29,Normal
2026-02-16 03:33:35.823794,Tokyo-f704,0,23,Normal
2026-02-16 03:33:36.823794,Tokyo-f704,15,8,Normal
2026-02-16 03:33:37.823794,Tokyo-f704,2,27,Normal
2026-02-16 03:33:38.823794,Tokyo-f704,-5,89,Normal
2026-02-16 03:33:39.823794,Tokyo-f704,46,84,Normal
2026-02-16 03:33:40.823794,Tokyo-f704,36,68,Normal
2026-02-16 03:33:41.823794,Tokyo-f704,-13,33,Normal
2026-02-16 03:33:42.823794,Tokyo-f704,9,73,Normal
2026-02-16 03:33:43.823794,Tokyo-f704,-29,95,Normal
2026-02-16 03:33:44.823794,Tokyo-f704,0,38,Normal
2026-02-16 03:33:45.823794,Tokyo-f704,-14,88,Normal
2026-02-16 03:33:46.823794,Tokyo-f704,-4,79,Normal
2026-02-16 03:33:47.823794,Tokyo-f704,29,67,Normal
2026-02-16 03:33:48.823794,Tokyo-f704,21,37,Normal
2026-02-16 03:33:49.823794,Tokyo-f704,18,28,Normal
2026-02-16 03:33:50.823794,Tokyo-f704,-25,28,Normal
2026-02-16 03:33:51.823794,Tokyo-f704,46,62,Normal
2026-02-16 03:33:52.823794,Tokyo-f704,-6,75,Normal
2026-02-16 03:33:53.823794,Tokyo-f704,14,54,Normal
2026-02-16 03:33:54.823794,Tokyo-f704,24,45,Normal
2026-02-16 03:33:55.823794,Tokyo-f704,-12,26,Normal
2026-02-16 03:33:56.823794,Tokyo-f704,43,1,Normal
2026-02-16 03:33:57.823794,Tokyo-f704,36,62,Normal
2026-02-16 03:33:58.823794,Tokyo-f704,47,90,Normal
2026-02-16 03:33:59.823794,Tokyo-f704,3,7,Normal
2026-02-16 03:34:00.823794,Tokyo-f704,20,66,Normal
2026-02-16 03:34:01.823794,Tokyo-f704,25,50,Normal
2026-02-16 03:34:02.823794,Tokyo-f704,30,70,Normal
2026-02-16 03:34:03.823794,Tokyo-f704,-2,57,Normal
2026-02-16 03:34:04.823794,Tokyo-f704,11,61,Normal
2026-02-16 03:34:05.823794,Tokyo-f704,23,27,Normal
2026-02-16 03:34:06.823794,Tokyo-f704,-30,91,Normal
2026-02-16 03:34:07.823794,Tokyo-f704,7,41,Normal
2026-02-16 03:34:08.823794,Tokyo-f704,32,10,Normal
2026-02-16 03:34:09.823794,Tokyo-f704,7,7,Normal
2026-02-16 03:34:10.823794,Tokyo-f704,31,83,Normal
2026-02-16 03:34:11.823794,Tokyo-f704,44,67,Normal
2026-02-16 03:34:12.823794,Tokyo-f704,14,52,Normal
2026-02-16 03:34:13.823794,Tokyo-f704,34,34,Normal
2026-02-16 03:34:14.823794,Tokyo-f704,7,26,Normal
2026-02-16 03:34:15.823794,Tokyo-f704,35,46,Normal
2026-02-16 03:34:16.823794,Tokyo-f704,45,99,Normal
2026-02-16 03:34:17.823794,Tokyo-f704,-28,81,Normal
2026-02-16 03:34:18.823794,Tokyo-f704,-22,91,Normal
2026-02-16 03:34:19.823794,Tokyo-f704,-17,31,Normal
2026-02-16 03:34:20.823794,Tokyo-f704,50,32,Normal
2026-02-16 03:34:21.823794,Tokyo-f704,-30,79,Normal
2026-02-16 03:34:22.823794,Tokyo-f704,-8,93,Normal
2026-02-16 03:34:23.823794,Tokyo-f704,45,75,Normal
2026-02-16 03:34:24.823794,Tokyo-f704,13,34,Normal
2026-02-16 03:34:25.823794,Tokyo-f704,41,59,Normal
2026-02-16 03:34:26.823794,Tokyo-f704,-17,67,Normal
2026-02-16 03:34:27.823794,Tokyo-f704,-9,92,Normal
2026-02-16 03:34:28.823794,Tokyo-f704,-19,24,Normal
2026-02-16 03:34:29.823794,Tokyo-f704,-14,69,Normal
2026-02-16 03:34:30.823794,Tokyo-f704,49,22,Normal
2026-02-16 03:34:31.823794,Tokyo-f704,-24,78,Normal
2026-02-16 03:34:32.823794,Tokyo-f704,12,69,Normal
2026-02-16 03:34:33.823794,Tokyo-f704,-4,21,Normal
2026-02-16 03:34:34.823794,Tokyo-f704,11,97,Normal
2026-02-16 03:34:35.823794,Tokyo-f704,24,4,Normal
2026-02-16 03:34:36.823794,Tokyo-f704,19,8,Normal
2026-02-16 03:34:37.823794,Tokyo-f704,40,17,Normal
2026-02-16 03:34:38.823794,Tokyo-f704,36,29,Normal
2026-02-16 03:34:39.823794,Tokyo-f704,23,37,Normal
2026-02-16 03:34:40.823794,Tokyo-f704,-6,1,Normal
2026-02-16 03:34:41.823794,Tokyo-f704,25,16,Normal
2026-02-16 03:34:42.823794,Tokyo-f704,39,49,Normal
2026-02-16 03:34:43.823794,Tokyo-f704,27,93,Normal
2026-02-16 03:34:44.823794,Tokyo-f704,-12,75,Normal
2026-02-16 03:34:45.823794,Tokyo-f704,42,73,Normal
2026-02-16 03:34:46.823794,Tokyo-f704,-1,68,Normal
2026-02-16 03:34:47.823794,Tokyo-f704,3,9,Normal
2026-02-16 03:34:48.823794,Tokyo-f704,10,79,Normal
2026-02-16 03:34:49.823794,Tokyo-f704,17,90,Normal
2026-02-16 03:34:50.823794,Tokyo-f704,7,87,Normal
2026-02-16 03:34:51.823794,Tokyo-f704,-4,93,Normal
2026-02-16 03:34:52.823794,Tokyo-f704,49,32,Normal
2026-02-16 03:34:53.823794,Tokyo-f704,39,41,Normal
2026-02-16 03:34:54.823794,Tokyo-f704,-1,43,Normal
2026-02-16 03:34:55.823794,Tokyo-f704,2,52,Normal
2026-02-16 03:34:56.823794,Tokyo-f704,37,37,Normal
2026-02-16 03:34:57.823794,Tokyo-f704,-2,41,Normal
2026-02-16 03:34:58.823794,Tokyo-f704,-19,15,Normal
2026-02-16 03:34:59.823794,Tokyo-f704,20,92,Normal
2026-02-16 03:35:00.823794,Tokyo-f704,10,57,Normal
2026-02-16 03:35:01.823794,Tokyo-f704,29,32,Normal
2026-02-16 03:35:02.823794,Tokyo-f704,-10,69,Normal
2026-02-16 03:35:03.823794,Tokyo-f704,34,68,Normal
2026-02-16 03:35:04.823794,Tokyo-f704,11,98,Normal
2026-02-16 03:35:05.823794,Tokyo-f704,8,53,Normal
2026-02-16 03:35:06.823794,Tokyo-f704,22,92,Normal
2026-02-16 03:35:07.823794,Tokyo-f704,28,62,Normal
2026-02-16 03:35:08.823794,Tokyo-f704,48,78,Normal
2026-02-16 03:35:09.823794,Tokyo-f704,9,53,Normal
2026-02-16 03:35:10.823794,Tokyo-f704,44,73,Normal
2026-02-16 03:35:11.823794,Tokyo-f704,14,16,Normal
2026-02-16 03:35:12.823794,Tokyo-f704,36,24,Normal
2026-02-16 03:35:13.823794,Tokyo-f704,41,52,Normal
2026-02-16 03:35:14.823794,Tokyo-f704,-5,70,Normal
2026-02-16 03:35:15.823794,Tokyo-f704,14,68,Normal
2026-02-16 03:35:16.823794,Tokyo-f704,15,44,Normal
2026-02-16 03:35:17.823794,Tokyo-f704,-7,87,Normal
2026-02-16 03:35:18.823794,Tokyo-f704,46,92,Normal
2026-02-16 03:35:19.823794,Tokyo-f704,28,48,Normal
2026-02-16 03:35:20.823794,Tokyo-f704,35,83,Normal
2026-02-16 03:35:21.823794,Tokyo-f704,-18,9,Normal
2026-02-16 03:35:22.823794,Tokyo-f704,35,46,Normal
2026-02-16 03:35:23.823794,Tokyo-f704,16,34,Normal
2026-02-16 03:35:24.823794,Tokyo-f704,39,80,Normal
2026-02-16 03:35:25.823794,Tokyo-f704,46,60,Normal
2026-02-16 03:35:26.823794,Tokyo-f704,24,19,Normal
2026-02-16 03:35:27.823794,Tokyo-f704,28,2,Normal
2026-02-16 03:35:28.823794,Tokyo-f704,50,95,Normal
2026-02-16 03:35:29.823794,Tokyo-f704,-18,11,Normal
2026-02-16 03:35:30.823794,Tokyo-f704,-21,85,Normal
2026-02-16 03:35:31.823794,Tokyo-f704,40,67,Normal
2026-02-16 03:35:32.823794,Tokyo-f704,27,16,Normal
2026-02-16 03:35:33.823794,Tokyo-f704,-5,8,Normal
2026-02-16 03:35:34.823794,Tokyo-f704,-7,71,Normal
2026-02-16 03:35:35.823794,Tokyo-f704,15,75,Normal
2026-02-16 03:35:36.823794,Tokyo-f704,-20,48,Normal
2026-02-16 03:35:37.823794,Tokyo-f704,-30,58,Normal
2026-02-16 03:35:38.823794,Tokyo-f704,2,23,Normal
2026-02-16 03:35:39.823794,Tokyo-f704,18,57,Normal
2026-02-16 03:35:40.823794,Tokyo-f704,-30,34,Normal
2026-02-16 03:35:41.823794,Tokyo-f704,42,20,Normal
2026-02-16 03:35:42.823794,Tokyo-f704,22,94,Normal
2026-02-16 03:35:43.823794,Tokyo-f704,48,22,Normal
2026-02-16 03:35:44.823794,Tokyo-f704,-9,25,Normal
2026-02-16 03:35:45.823794,Tokyo-f704,26,40,Normal
2026-02-16 03:35:46.823794,Tokyo-f704,48,28,Normal
2026-02-16 03:35:47.823794,Tokyo-f704,1,87,Normal
2026-02-16 03:35:48.823794,Tokyo-f704,6,18,Normal
2026-02-16 03:35:49.823794,Tokyo-f704,17,93,Normal
2026-02-16 03:35:50.823794,Tokyo-f704,29,77,Normal
2026-02-16 03:35:51.823794,Tokyo-f704,19,58,Normal
2026-02-16 03:35:52.823794,Tokyo-f704,8,25,Normal
2026-02-16 03:35:53.823794,Tokyo-f704,-30,32,Normal
2026-02-16 03:35:54.823794,Tokyo-f704,44,48,Normal
2026-02-16 03:35:55.823794,Tokyo-f704,49,77,Normal
2026-02-16 03:35:56.823794,Tokyo-f704,46,43,Normal
2026-02-16 03:35:57.823794,Tokyo-f704,-17,97,Normal
2026-02-16 03:35:58.823794,Tokyo-f704,1,14,Normal
2026-02-16 03:35:59.823794,Tokyo-f704,21,63,Normal
2026-02-16 03:36:00.823794,Tokyo-f704,36,99,Normal
2026-02-16 03:36:01.823794,Tokyo-f704,13,11,Normal
2026-02-16 03:36:02.823794,Tokyo-f704,7,78,Normal
2026-02-16 03:36:03.823794,Tokyo-f704,33,23,Normal
2026-02-16 03:36:04.823794,Tokyo-f704,27,89,Normal
2026-02-16 03:36:05.823794,Tokyo-f704,24,84,Normal
2026-02-16 03:36:06.823794,Tokyo-f704,50,20,Normal
2026-02-16 03:36:07.823794,Tokyo-f704,-27,100,Normal
2026-02-16 03:36:08.823794,Tokyo-f704,-21,6,Normal
2026-02-16 03:36:09.823794,Tokyo-f704,31,31,Normal
2026-02-16 03:36:10.823794,Tokyo-f704,24,98,Normal
2026-02-16 03:36:11.823794,Tokyo-f704,-14,97,Normal
2026-02-16 03:36:12.823794,Tokyo-f704,16,94,Normal
2026-02-16 03:36:13.823794,Tokyo-f704,21,100,Normal
2026-02-16 03:36:14.823794,Tokyo-f704,44,71,Normal
2026-02-16 03:36:15.823794,Tokyo-f704,31,25,Normal
2026-02-16 03:36:16.823794,Tokyo-f704,45,41,Normal
2026-02-16 03:36:17.823794,Tokyo-f704,46,59,Normal
2026-02-16 03:36:18.823794,Tokyo-f704,-15,8,Normal
2026-02-16 03:36:19.823794,Tokyo-f704,39,11,Normal
2026-02-16 03:36:20.823794,Tokyo-f704,48,25,Normal
2026-02-16 03:36:21.823794,Tokyo-f704,-1,38,Normal
2026-02-16 03:36:22.823794,Tokyo-f704,-5,40,Normal
2026-02-16 03:36:23.823794,Tokyo-f704,12,16,Normal
2026-02-16 03:36:24.823794,Tokyo-f704,-29,1,Normal
2026-02-16 03:36:25.823794,Tokyo-f704,-30,18,Normal
2026-02-16 03:36:26.823794,Tokyo-f704,26,75,Normal
2026-02-16 03:36:27.823794,Tokyo-f704,-25,93,Normal
2026-02-16 03:36:28.823794,Tokyo-f704,-9,58,Normal
2026-02-16 03:36:29.823794,Tokyo-f704,-11,57,Normal
2026-02-16 03:36:30.823794,Tokyo-f704,-10,35,Normal
2026-02-16 03:36:31.823794,Tokyo-f704,45,87,Normal
2026-02-16 03:36:32.823794,Tokyo-f704,4,52,Normal
2026-02-16 03:36:33.823794,Tokyo-f704,15,71,Normal
2026-02-16 03:36:34.823794,Tokyo-f704,23,59,Normal
2026-02-16 03:36:35.823794,Tokyo-f704,-22,32,Normal
2026-02-16 03:36:36.823794,Tokyo-f704,46,6,Normal
2026-02-16 03:36:37.823794,Tokyo-f704,14,1,Normal
2026-02-16 03:36:38.823794,Tokyo-f704,25,16,Normal
2026-02-16 03:36:39.823794,Tokyo-f704,26,36,Normal
2026-02-16 03:36:40.823794,Tokyo-f704,7,32,Normal
2026-02-16 03:36:41.823794,Tokyo-f704,36,38,Normal
2026-02-16 03:36:42.823794,Tokyo-f704,8,42,Normal
2026-02-16 03:36:43.823794,Tokyo-f704,6,74,Normal
2026-02-16 03:36:44.823794,Tokyo-f704,5,9,Normal
2026-02-16 03:36:45.823794,Tokyo-f704,-25,42,Normal
2026-02-16 03:36:46.823794,Tokyo-f704,-25,54,Normal
2026-02-16 03:36:47.823794,Tokyo-f704,11,53,Normal
2026-02-16 03:36:48.823794,Tokyo-f704,18,55,Normal
2026-02-16 03:36:49.823794,Tokyo-f704,-9,27,Normal
2026-02-16 03:36:50.823794,Tokyo-f704,34,100,Normal
2026-02-16 03:36:51.823794,Tokyo-f704,-8,15,Normal
2026-02-16 03:36:52.823794,Tokyo-f704,8,3,Normal
2026-02-16 03:36:53.823794,Tokyo-f704,38,28,Normal
2026-02-16 03:36:54.823794,Tokyo-f704,29,73,Normal
2026-02-16 03:36:55.823794,Tokyo-f704,39,56,Normal
2026-02-16 03:36:56.823794,Tokyo-f704,32,85,Normal
2026-02-16 03:36:57.823794,Tokyo-f704,23,83,Normal
2026-02-16 03:36:58.823794,Tokyo-f704,-19,86,Normal
2026-02-16 03:36:59.823794,Tokyo-f704,10,34,Normal
2026-02-16 03:37:00.823794,Tokyo-f704,23,43,Normal
2026-02-16 03:37:01.823794,Tokyo-f704,7,45,Normal
2026-02-16 03:37:02.823794,Tokyo-f704,-17,31,Normal
2026-02-16 03:37:03.823794,Tokyo-f704,26,24,Normal
2026-02-16 03:37:04.823794,Tokyo-f704,10,61,Normal
2026-02-16 03:37:05.823794,Tokyo-f704,49,7,Normal
2026-02-16 03:37:06.823794,Tokyo-f704,37,36,Normal
2026-02-16 03:37:07.823794,Tokyo-f704,13,23,Normal
2026-02-16 03:37:08.823794,Tokyo-f704,-22,71,Normal
2026-02-16 03:37:09.823794,Tokyo-f704,6,66,Normal
2026-02-16 03:37:10.823794,Tokyo-f704,6,98,Normal
2026-02-16 03:37:11.823794,Tokyo-f704,44,77,Normal
2026-02-16 03:37:12.823794,Tokyo-f704,35,83,Normal
2026-02-16 03:37:13.823794,Tokyo-f704,31,78,Normal
2026-02-16 03:37:14.823794,Tokyo-f704,-16,58,Normal
2026-02-16 03:37:15.823794,Tokyo-f704,-12,100,Normal
2026-02-16 03:37:16.823794,Tokyo-f704,22,69,Normal
2026-02-16 03:37:17.823794,Tokyo-f704,-26,73,Normal
2026-02-16 03:37:18.823794,Tokyo-f704,47,3,Normal
2026-02-16 03:37:19.823794,Tokyo-f704,-15,36,Normal
2026-02-16 03:37:20.823794,Tokyo-f704,39,54,Normal
2026-02-16 03:37:21.823794,Tokyo-f704,8,65,Normal
2026-02-16 03:37:22.823794,Tokyo-f704,-20,0,Normal
2026-02-16 03:37:23.823794,Tokyo-f704,13,22,Normal
2026-02-16 03:37:24.823794,Tokyo-f704,11,38,Normal
2026-02-16 03:37:25.823794,Tokyo-f704,-13,78,Normal
2026-02-16 03:37:26.823794,Tokyo-f704,-25,31,Normal
2026-02-16 03:37:27.823794,Tokyo-f704,10,52,Normal
2026-02-16 03:37:28.823794,Tokyo-f704,-2,33,Normal
2026-02-16 03:37:29.823794,Tokyo-f704,17,24,Normal
2026-02-16 03:37:30.823794,Tokyo-f704,30,15,Normal
2026-02-16 03:37:31.823794,Tokyo-f704,-6,27,Normal
2026-02-16 03:37:32.823794,Tokyo-f704,31,84,Normal
2026-02-16 03:37:33.823794,Tokyo-f704,40,16,Normal
2026-02-16 03:37:34.823794,Tokyo-f704,-16,4,Normal
2026-02-16 03:37:35.823794,Tokyo-f704,-25,9,Normal
2026-02-16 03:37:36.823794,Tokyo-f704,0,33,Normal
2026-02-16 03:37:37.823794,Tokyo-f704,39,75,Normal
2026-02-16 03:37:38.823794,Tokyo-f704,-26,64,Normal
2026-02-16 03:37:39.823794,Tokyo-f704,-10,5,Normal
2026-02-16 03:37:40.823794,Tokyo-f704,36,74,Normal
2026-02-16 03:37:41.823794,Tokyo-f704,-8,27,Normal
2026-02-16 03:37:42.823794,Tokyo-f704,13,93,Normal
2026-02-16 03:37:43.823794,Tokyo-f704,2,93,Normal
2026-02-16 03:37:44.823794,Tokyo-f704,0,72,Normal
2026-02-16 03:37:45.823794,Tokyo-f704,22,84,Normal
2026-02-16 03:37:46.823794,Tokyo-f704,-26,85,Normal
2026-02-16 03:37:47.823794,Tokyo-f704,33,70,Normal
2026-02-16 03:37:48.823794,Tokyo-f704,49,76,Normal
2026-02-16 03:37:49.823794,Tokyo-f704,-7,78,Normal
2026-02-16 03:37:50.823794,Tokyo-f704,45,80,Normal
2026-02-16 03:37:51.823794,Tokyo-f704,-16,42,Normal
2026-02-16 03:37:52.823794,Tokyo-f704,-21,17,Normal
2026-02-16 03:37:53.823794,Tokyo-f704,42,21,Normal
2026-02-16 03:37:54.823794,Tokyo-f704,44,22,Normal
2026-02-16 03:37:55.823794,Tokyo-f704,42,80,Normal
2026-02-16 03:37:56.823794,Tokyo-f704,-10,1,Normal
2026-02-16 03:37:57.823794,Tokyo-f704,-26,0,Normal
2026-02-16 03:37:58.823794,Tokyo-f704,-18,59,Normal
2026-02-16 03:37:59.823794,Tokyo-f704,31,73,Normal
2026-02-16 03:38:00.823794,Tokyo-f704,47,35,Normal
2026-02-16 03:38:01.823794,Tokyo-f704,-20,100,Normal
2026-02-16 03:38:02.823794,Tokyo-f704,-22,82,Normal
2026-02-16 03:38:03.823794,Tokyo-f704,41,99,Normal
2026-02-16 03:38:04.823794,Tokyo-f704,22,74,Normal
2026-02-16 03:38:05.823794,Tokyo-f704,44,55,Normal
2026-02-16 03:38:06.823794,Tokyo-f704,48,2,Normal
2026-02-16 03:38:07.823794,Tokyo-f704,21,4,Normal
2026-02-16 03:38:08.823794,Tokyo-f704,29,17,Normal
2026-02-16 03:38:09.823794,Tokyo-f704,-12,84,Normal
2026-02-16 03:38:10.823794,Tokyo-f704,-13,61,Normal
2026-02-16 03:38:11.823794,Tokyo-f704,27,95,Normal
2026-02-16 03:38:12.823794,Tokyo-f704,19,92,Normal
2026-02-16 03:38:13.823794,Tokyo-f704,-14,72,Normal
2026-02-16 03:38:14.823794,Tokyo-f704,35,99,Normal
2026-02-16 03:38:15.823794,Tokyo-f704,17,35,Normal
2026-02-16 03:38:16.823794,Tokyo-f704,42,27,Normal
2026-02-16 03:38:17.823794,Tokyo-f704,48,86,Normal
2026-02-16 03:38:18.823794,Tokyo-f704,-14,49,Normal
2026-02-16 03:38:19.823794,Tokyo-f704,10,53,Normal
2026-02-16 03:38:20.823794,Tokyo-f704,49,46,Normal
2026-02-16 03:38:21.823794,Tokyo-f704,41,25,Normal
2026-02-16 03:38:22.823794,Tokyo-f704,-15,56,Normal
2026-02-16 03:38:23.823794,Tokyo-f704,11,73,Normal
2026-02-16 03:38:24.823794,Tokyo-f704,28,4,Normal
2026-02-16 03:38:25.823794,Tokyo-f704,19,19,Normal
2026-02-16 03:38:26.823794,Tokyo-f704,24,94,Normal
2026-02-16 03:38:27.823794,Tokyo-f704,-15,96,Normal
2026-02-16 03:38:28.823794,Tokyo-f704,28,2,Normal
2026-02-16 03:38:29.823794,Tokyo-f704,40,21,Normal
2026-02-16 03:38:30.823794,Tokyo-f704,-20,10,Normal
2026-02-16 03:38:31.823794,Tokyo-f704,23,45,Normal
2026-02-16 03:38:32.823794,Tokyo-f704,3,3,Normal
2026-02-16 03:38:33.823794,Tokyo-f704,25,50,Normal
2026-02-16 03:38:34.823794,Tokyo-f704,-19,65,Normal
2026-02-16 03:38:35.823794,Tokyo-f704,-5,72,Normal
2026-02-16 03:38:36.823794,Tokyo-f704,17,21,Normal
2026-02-16 03:38:37.823794,Tokyo-f704,42,47,Normal
2026-02-16 03:38:38.823794,Tokyo-f704,-9,6,Normal
2026-02-16 03:38:39.823794,Tokyo-f704,46,37,Normal
2026-02-16 03:38:40.823794,Tokyo-f704,36,79,Normal
2026-02-16 03:38:41.823794,Tokyo-f704,0,38,Normal
2026-02-16 03:38:42.823794,Tokyo-f704,26,21,Normal
2026-02-16 03:38:43.823794,Tokyo-f704,25,87,Normal
2026-02-16 03:38:44.823794,Tokyo-f704,20,32,Normal
2026-02-16 03:38:45.823794,Tokyo-f704,50,16,Normal
2026-02-16 03:38:46.823794,Tokyo-f704,-14,62,Normal
2026-02-16 03:38:47.823794,Tokyo-f704,-14,36,Normal
2026-02-16 03:38:48.823794,Tokyo-f704,-5,3,Normal
2026-02-16 03:38:49.823794,Tokyo-f704,-24,85,Normal
2026-02-16 03:38:50.823794,Tokyo-f704,41,59,Normal
2026-02-16 03:38:51.823794,Tokyo-f704,-20,25,Normal
2026-02-16 03:38:52.823794,Tokyo-f704,5,81,Normal
2026-02-16 03:38:53.823794,Tokyo-f704,20,68,Normal
2026-02-16 03:38:54.823794,Tokyo-f704,-25,90,Normal
2026-02-16 03:38:55.823794,Tokyo-f704,48,75,Normal
2026-02-16 03:38:56.823794,Tokyo-f704,-27,81,Normal
2026-02-16 03:38:57.823794,Tokyo-f704,-15,74,Normal
2026-02-16 03:38:58.823794,Tokyo-f704,-20,71,Normal
2026-02-16 03:38:59.823794,Tokyo-f704,-5,40,Normal
2026-02-16 03:39:00.823794,Tokyo-f704,-30,97,Normal
2026-02-16 03:39:01.823794,Tokyo-f704,7,65,Normal
2026-02-16 03:39:02.823794,Tokyo-f704,-25,58,Normal
2026-02-16 03:39:03.823794,Tokyo-f704,-17,27,Normal
2026-02-16 03:39:04.823794,Tokyo-f704,6,23,Normal
2026-02-16 03:39:05.823794,Tokyo-f704,-5,64,Normal
2026-02-16 03:39:06.823794,Tokyo-f704,1,48,Normal
2026-02-16 03:39:07.823794,Tokyo-f704,45,77,Normal
2026-02-16 03:39:08.823794,Tokyo-f704,29,60,Normal
2026-02-16 03:39:09.823794,Tokyo-f704,41,7,Normal
2026-02-16 03:39:10.823794,Tokyo-f704,-26,88,Normal
2026-02-16 03:39:11.823794,Tokyo-f704,38,11,Normal
2026-02-16 03:39:12.823794,Tokyo-f704,-20,12,Normal
2026-02-16 03:39:13.823794,Tokyo-f704,28,88,Normal
2026-02-16 03:39:14.823794,Tokyo-f704,9,58,Normal
2026-02-16 03:39:15.823794,Tokyo-f704,34,68,Normal
2026-02-16 03:39:16.823794,Tokyo-f704,50,81,Normal
2026-02-16 03:39:17.823794,Tokyo-f704,44,57,Normal
2026-02-16 03:39:18.823794,Tokyo-f704,-8,57,Normal
2026-02-16 03:39:19.823794,Tokyo-f704,17,20,Normal
2026-02-16 03:39:20.823794,Tokyo-f704,-11,45,Normal
2026-02-16 03:39:21.823794,Tokyo-f704,-13,14,Normal
2026-02-16 03:39:22.823794,Tokyo-f704,38,2,Normal
2026-02-16 03:39:23.823794,Tokyo-f704,11,63,Normal
2026-02-16 03:39:24.823794,Tokyo-f704,-25,14,Normal
2026-02-16 03:39:25.823794,Tokyo-f704,-8,75,Normal
2026-02-16 03:39:26.823794,Tokyo-f704,40,49,Normal
2026-02-16 03:39:27.823794,Tokyo-f704,-10,87,Normal
2026-02-16 03:39:28.823794,Tokyo-f704,-22,42,Normal
2026-02-16 03:39:29.823794,Tokyo-f704,3,4,Normal
2026-02-16 03:39:30.823794,Tokyo-f704,44,48,Normal
2026-02-16 03:39:31.823794,Tokyo-f704,41,98,Normal
2026-02-16 03:39:32.823794,Tokyo-f704,12,10,Normal
2026-02-16 03:39:33.823794,Tokyo-f704,7,87,Normal
2026-02-16 03:39:34.823794,Tokyo-f704,-21,86,Normal
2026-02-16 03:39:35.823794,Tokyo-f704,36,12,Normal
2026-02-16 03:39:36.823794,Tokyo-f704,-25,12,Normal
2026-02-16 03:39:37.823794,Tokyo-f704,15,26,Normal
2026-02-16 03:39:38.823794,Tokyo-f704,21,7,Normal
2026-02-16 03:39:39.823794,Tokyo-f704,13,63,Normal
2026-02-16 03:39:40.823794,Tokyo-f704,35,11,Normal
2026-02-16 03:39:41.823794,Tokyo-f704,-4,78,Normal
2026-02-16 03:39:42.823794,Tokyo-f704,-15,53,Normal
2026-02-16 03:39:43.823794,Tokyo-f704,-14,10,Normal
2026-02-16 03:39:44.823794,Tokyo-f704,18,74,Normal
2026-02-16 03:39:45.823794,Tokyo-f704,35,80,Normal
2026-02-16 03:39:46.823794,Tokyo-f704,23,16,Normal
2026-02-16 03:39:47.823794,Tokyo-f704,42,99,Normal
2026-02-16 03:39:48.823794,Tokyo-f704,3,92,Normal
2026-02-16 03:39:49.823794,Tokyo-f704,43,24,Normal
2026-02-16 03:39:50.823794,Tokyo-f704,-11,66,Normal
2026-02-16 03:39:51.823794,Tokyo-f704,-10,81,Normal
2026-02-16 03:39:52.823794,Tokyo-f704,19,50,Normal
2026-02-16 03:39:53.823794,Tokyo-f704,11,12,Normal
2026-02-16 03:39:54.823794,Tokyo-f704,-23,35,Normal
2026-02-16 03:39:55.823794,Tokyo-f704,-30,13,Normal
2026-02-16 03:39:56.823794,Tokyo-f704,37,12,Normal
2026-02-16 03:39:57.823794,Tokyo-f704,-4,19,Normal
2026-02-16 03:39:58.823794,Tokyo-f704,18,76,Normal
2026-02-16 03:39:59.823794,Tokyo-f704,11,14,Normal
2026-02-16 03:40:00.823794,Tokyo-f704,30,77,Normal
2026-02-16 03:40:01.823794,Tokyo-f704,47,80,Normal
2026-02-16 03:40:02.823794,Tokyo-f704,44,18,Normal
2026-02-16 03:40:03.823794,Tokyo-f704,-25,56,Normal
2026-02-16 03:40:04.823794,Tokyo-f704,-13,86,Normal
2026-02-16 03:40:05.823794,Tokyo-f704,34,42,Normal
2026-02-16 03:40:06.823794,Tokyo-f704,27,9,Normal
2026-02-16 03:40:07.823794,Tokyo-f704,41,37,Normal
2026-02-16 03:40:08.823794,Tokyo-f704,49,10,Normal
2026-02-16 03:40:09.823794,Tokyo-f704,49,28,Normal
2026-02-16 03:40:10.823794,Tokyo-f704,-20,16,Normal
2026-02-16 03:40:11.823794,Tokyo-f704,-30,91,Normal
2026-02-16 03:40:12.823794,Tokyo-f704,12,44,Normal
2026-02-16 03:40:13.823794,Tokyo-f704,-2,99,Normal
2026-02-16 03:40:14.823794,Tokyo-f704,43,11,Normal
2026-02-16 03:40:15.823794,Tokyo-f704,38,91,Normal
2026-02-16 03:40:16.823794,Tokyo-f704,2,99,Normal
2026-02-16 03:40:17.823794,Tokyo-f704,5,84,Normal
2026-02-16 03:40:18.823794,Tokyo-f704,12,52,Normal
2026-02-16 03:40:19.823794,Tokyo-f704,-17,78,Normal
2026-02-16 03:40:20.823794,Tokyo-f704,45,40,Normal
2026-02-16 03:40:21.823794,Tokyo-f704,19,78,Normal
2026-02-16 03:40:22.823794,Tokyo-f704,-19,59,Normal
2026-02-16 03:40:23.823794,Tokyo-f704,10,57,Normal
2026-02-16 03:40:24.823794,Tokyo-f704,-27,25,Normal
2026-02-16 03:40:25.823794,Tokyo-f704,-10,14,Normal
2026-02-16 03:40:26.823794,Tokyo-f704,-3,90,Normal
2026-02-16 03:40:27.823794,Tokyo-f704,19,90,Normal
2026-02-16 03:40:28.823794,Tokyo-f704,33,81,Normal
2026-02-16 03:40:29.823794,Tokyo-f704,-8,14,Normal
2026-02-16 03:40:30.823794,Tokyo-f704,22,8,Normal
2026-02-16 03:40:31.823794,Tokyo-f704,28,40,Normal
2026-02-16 03:40:32.823794,Tokyo-f704,20,68,Normal
2026-02-16 03:40:33.823794,Tokyo-f704,16,60,Normal
2026-02-16 03:40:34.823794,Tokyo-f704,6,50,Normal
2026-02-16 03:40:35.823794,Tokyo-f704,-26,49,Normal
2026-02-16 03:40:36.823794,Tokyo-f704,-29,43,Normal
2026-02-16 03:40:37.823794,Tokyo-f704,-25,58,Normal
2026-02-16 03:40:38.823794,Tokyo-f704,44,85,Normal
2026-02-16 03:40:39.823794,Tokyo-f704,46,7,Normal
2026-02-16 03:40:40.823794,Tokyo-f704,7,25,Normal
2026-02-16 03:40:41.823794,Tokyo-f704,35,81,Normal
2026-02-16 03:40:42.823794,Tokyo-f704,-6,36,Normal
2026-02-16 03:40:43.823794,Tokyo-f704,40,61,Normal
2026-02-16 03:40:44.823794,Tokyo-f704,-6,21,Normal
2026-02-16 03:40:45.823794,Tokyo-f704,40,29,Normal
2026-02-16 03:40:46.823794,Tokyo-f704,39,76,Normal
2026-02-16 03:40:47.823794,Tokyo-f704,28,13,Normal
2026-02-16 03:40:48.823794,Tokyo-f704,40,44,Normal
2026-02-16 03:40:49.823794,Tokyo-f704,26,15,Normal
2026-02-16 03:40:50.823794,Tokyo-f704,42,49,Normal
2026-02-16 03:40:51.823794,Tokyo-f704,-13,17,Normal
2026-02-16 03:40:52.823794,Tokyo-f704,45,24,Normal
2026-02-16 03:40:53.823794,Tokyo-f704,-11,76,Normal
2026-02-16 03:40:54.823794,Tokyo-f704,25,23,Normal
2026-02-16 03:40:55.823794,Tokyo-f704,37,10,Normal
2026-02-16 03:40:56.823794,Tokyo-f704,18,20,Normal
2026-02-16 03:40:57.823794,Tokyo-f704,20,16,Normal
2026-02-16 03:40:58.823794,Tokyo-f704,-14,42,Normal
2026-02-16 03:40:59.823794,Tokyo-f704,-26,60,Normal
2026-02-16 03:41:00.823794,Tokyo-f704,-20,36,Normal
2026-02-16 03:41:01.823794,Tokyo-f704,4,64,Normal
2026-02-16 03:41:02.823794,Tokyo-f704,-7,43,Normal
2026-02-16 03:41:03.823794,Tokyo-f704,28,47,Normal
2026-02-16 03:41:04.823794,Tokyo-f704,-14,58,Normal
2026-02-16 03:41:05.823794,Tokyo-f704,11,44,Normal
2026-02-16 03:41:06.823794,Tokyo-f704,-29,47,Normal
2026-02-16 03:41:07.823794,Tokyo-f704,-9,45,Normal
2026-02-16 03:41:08.823794,Tokyo-f704,3,41,Normal
2026-02-16 03:41:09.823794,Tokyo-f704,6,26,Normal
2026-02-16 03:41:10.823794,Tokyo-f704,-23,68,Normal
2026-02-16 03:41:11.823794,Tokyo-f704,1,26,Normal
2026-02-16 03:41:12.823794,Tokyo-f704,9,44,Normal
2026-02-16 03:41:13.823794,Tokyo-f704,28,16,Normal
2026-02-16 03:41:14.823794,Tokyo-f704,-15,59,Normal
2026-02-16 03:41:15.823794,Tokyo-f704,45,7,Normal
2026-02-16 03:41:16.823794,Tokyo-f704,31,17,Normal
2026-02-16 03:41:17.823794,Tokyo-f704,-14,66,Normal
2026-02-16 03:41:18.823794,Tokyo-f704,31,49,Normal
2026-02-16 03:41:19.823794,Tokyo-f704,39,99,Normal
2026-02-16 03:41:20.823794,Tokyo-f704,-3,0,Normal
2026-02-16 03:41:21.823794,Tokyo-f704,42,21,Normal
2026-02-16 03:41:22.823794,Tokyo-f704,13,73,Normal
2026-02-16 03:41:23.823794,Tokyo-f704,15,49,Normal
2026-02-16 03:41:24.823794,Tokyo-f704,-20,87,Normal
2026-02-16 03:41:25.823794,Tokyo-f704,19,38,Normal
2026-02-16 03:41:26.823794,Tokyo-f704,13,34,Normal
2026-02-16 03:41:27.823794,Tokyo-f704,-12,56,Normal
2026-02-16 03:41:28.823794,Tokyo-f704,33,37,Normal
2026-02-16 03:41:29.823794,Tokyo-f704,22,34,Normal
2026-02-16 03:41:30.823794,Tokyo-f704,21,71,Normal
2026-02-16 03:41:31.823794,Tokyo-f704,-10,41,Normal
2026-02-16 03:41:32.823794,Tokyo-f704,22,7,Normal
2026-02-16 03:41:33.823794,Tokyo-f704,-26,19,Normal
2026-02-16 03:41:34.823794,Tokyo-f704,28,67,Normal
2026-02-16 03:41:35.823794,Tokyo-f704,47,17,Normal
2026-02-16 03:41:36.823794,Tokyo-f704,12,80,Normal
2026-02-16 03:41:37.823794,Tokyo-f704,-28,8,Normal
2026-02-16 03:41:38.823794,Tokyo-f704,-20,32,Normal
2026-02-16 03:41:39.823794,Tokyo-f704,49,65,Normal
2026-02-16 03:41:40.823794,Tokyo-f704,7,80,Normal
2026-02-16 03:41:41.823794,Tokyo-f704,3,19,Normal
2026-02-16 03:41:42.823794,Tokyo-f704,-1,19,Normal
2026-02-16 03:41:43.823794,Tokyo-f704,-2,80,Normal
2026-02-16 03:41:44.823794,Tokyo-f704,5,99,Normal
2026-02-16 03:41:45.823794,Tokyo-f704,15,16,Normal
2026-02-16 03:41:46.823794,Tokyo-f704,13,67,Normal
2026-02-16 03:41:47.823794,Tokyo-f704,-9,71,Normal
2026-02-16 03:41:48.823794,Tokyo-f704,-29,21,Normal
2026-02-16 03:41:49.823794,Tokyo-f704,2,73,Normal
2026-02-16 03:41:50.823794,Tokyo-f704,8,13,Normal
2026-02-16 03:41:51.823794,Tokyo-f704,34,13,Normal
2026-02-16 03:41:52.823794,Tokyo-f704,26,68,Normal
2026-02-16 03:41:53.823794,Tokyo-f704,50,39,Normal
2026-02-16 03:41:54.823794,Tokyo-f704,38,87,Normal
2026-02-16 03:41:55.823794,Tokyo-f704,-14,1,Normal
2026-02-16 03:41:56.823794,Tokyo-f704,-17,52,Normal
2026-02-16 03:41:57.823794,Tokyo-f704,-5,64,Normal
2026-02-16 03:41:58.823794,Tokyo-f704,11,28,Normal
2026-02-16 03:41:59.823794,Tokyo-f704,27,22,Normal
2026-02-16 03:42:00.823794,Tokyo-f704,3,27,Normal
2026-02-16 03:42:01.823794,Tokyo-f704,41,42,Normal
2026-02-16 03:42:02.823794,Tokyo-f704,-14,14,Normal
2026-02-16 03:42:03.823794,Tokyo-f704,36,44,Normal
2026-02-16 03:42:04.823794,Tokyo-f704,-1,18,Normal
2026-02-16 03:42:05.823794,Tokyo-f704,39,42,Normal
2026-02-16 03:42:06.823794,Tokyo-f704,24,40,Normal
2026-02-16 03:42:07.823794,Tokyo-f704,50,30,Normal
2026-02-16 03:42:08.823794,Tokyo-f704,-22,73,Normal
2026-02-16 03:42:09.823794,Tokyo-f704,-19,11,Normal
2026-02-16 03:42:10.823794,Tokyo-f704,-18,36,Normal
2026-02-16 03:42:11.823794,Tokyo-f704,-7,34,Normal
2026-02-16 03:42:12.823794,Tokyo-f704,2,93,Normal
2026-02-16 03:42:13.823794,Tokyo-f704,20,95,Normal
2026-02-16 03:42:14.823794,Tokyo-f704,14,11,Normal
2026-02-16 03:42:15.823794,Tokyo-f704,20,35,Normal
2026-02-16 03:42:16.823794,Tokyo-f704,18,22,Normal
2026-02-16 03:42:17.823794,Tokyo-f704,46,8,Normal
2026-02-16 03:42:18.823794,Tokyo-f704,-22,43,Normal
2026-02-16 03:42:19.823794,Tokyo-f704,-28,3,Normal
2026-02-16 03:42:20.823794,Tokyo-f704,48,65,Normal
2026-02-16 03:42:21.823794,Tokyo-f704,40,14,Normal
2026-02-16 03:42:22.823794,Tokyo-f704,1,18,Normal
2026-02-16 03:42:23.823794,Tokyo-f704,-27,65,Normal
2026-02-16 03:42:24.823794,Tokyo-f704,41,51,Normal
2026-02-16 03:42:25.823794,Tokyo-f704,-28,5,Normal
2026-02-16 03:42:26.823794,Tokyo-f704,50,30,Normal
2026-02-16 03:42:27.823794,Tokyo-f704,-28,52,Normal
2026-02-16 03:42:28.823794,Tokyo-f704,-14,81,Normal
2026-02-16 03:42:29.823794,Tokyo-f704,45,65,Normal
2026-02-16 03:42:30.823794,Tokyo-f704,20,8,Normal
2026-02-16 03:42:31.823794,Tokyo-f704,21,43,Normal
2026-02-16 03:42:32.823794,Tokyo-f704,45,81,Normal
2026-02-16 03:42:33.823794,Tokyo-f704,33,49,Normal
2026-02-16 03:42:34.823794,Tokyo-f704,45,97,Normal
2026-02-16 03:42:35.823794,Tokyo-f704,-3,45,Normal
2026-02-16 03:42:36.823794,Tokyo-f704,-30,86,Normal
2026-02-16 03:42:37.823794,Tokyo-f704,-21,47,Normal
2026-02-16 03:42:38.823794,Tokyo-f704,19,82,Normal
2026-02-16 03:42:39.823794,Tokyo-f704,44,49,Normal
2026-02-16 03:42:40.823794,Tokyo-f704,-29,64,Normal
2026-02-16 03:42:41.823794,Tokyo-f704,7,12,Normal
2026-02-16 03:42:42.823794,Tokyo-f704,9,2,Normal
2026-02-16 03:42:43.823794,Tokyo-f704,-16,29,Normal
2026-02-16 03:42:44.823794,Tokyo-f704,-21,18,Normal
2026-02-16 03:42:45.823794,Tokyo-f704,-23,77,Normal
2026-02-16 03:42:46.823794,Tokyo-f704,3,9,Normal
2026-02-16 03:42:47.823794,Tokyo-f704,-12,100,Normal
2026-02-16 03:42:48.823794,Tokyo-f704,44,61,Normal
2026-02-16 03:42:49.823794,Tokyo-f704,-25,92,Normal
2026-02-16 03:42:50.823794,Tokyo-f704,28,16,Normal
2026-02-16 03:42:51.823794,Tokyo-f704,38,19,Normal
2026-02-16 03:42:52.823794,Tokyo-f704,-25,11,Normal
2026-02-16 03:42:53.823794,Tokyo-f704,-25,37,Normal
2026-02-16 03:42:54.823794,Tokyo-f704,-8,77,Normal
2026-02-16 03:42:55.823794,Tokyo-f704,20,90,Normal
2026-02-16 03:42:56.823794,Tokyo-f704,-5,40,Normal
2026-02-16 03:42:57.823794,Tokyo-f704,19,22,Normal
2026-02-16 03:42:58.823794,Tokyo-f704,37,57,Normal
2026-02-16 03:42:59.823794,Tokyo-f704,33,90,Normal
2026-02-16 03:43:00.823794,Tokyo-f704,-29,22,Normal
2026-02-16 03:43:01.823794,Tokyo-f704,48,2,Normal
2026-02-16 03:43:02.823794,Tokyo-f704,-6,42,Normal
2026-02-16 03:43:03.823794,Tokyo-f704,-28,24,Normal
2026-02-16 03:43:04.823794,Tokyo-f704,-20,16,Normal
2026-02-16 03:43:05.823794,Tokyo-f704,-22,84,Normal
2026-02-16 03:43:06.823794,Tokyo-f704,-28,45,Normal
2026-02-16 03:43:07.823794,Tokyo-f704,36,17,Normal
2026-02-16 03:43:08.823794,Tokyo-f704,4,30,Normal
2026-02-16 03:43:09.823794,Tokyo-f704,21,41,Normal
2026-02-16 03:43:10.823794,Tokyo-f704,17,20,Normal
2026-02-16 03:43:11.823794,Tokyo-f704,20,55,Normal
2026-02-16 03:43:12.823794,Tokyo-f704,31,81,Normal
2026-02-16 03:43:13.823794,Tokyo-f704,14,33,Normal
2026-02-16 03:43:14.823794,Tokyo-f704,-1,82,Normal
2026-02-16 03:43:15.823794,Tokyo-f704,43,59,Normal
2026-02-16 03:43:16.823794,Tokyo-f704,39,32,Normal
2026-02-16 03:43:17.823794,Tokyo-f704,16,74,Normal
2026-02-16 03:43:18.823794,Tokyo-f704,19,27,Normal
2026-02-16 03:43:19.823794,Tokyo-f704,-28,21,Normal
2026-02-16 03:43:20.823794,Tokyo-f704,-24,35,Normal
2026-02-16 03:43:21.823794,Tokyo-f704,28,0,Normal
2026-02-16 03:43:22.823794,Tokyo-f704,-16,95,Normal
2026-02-16 03:43:23.823794,Tokyo-f704,39,55,Normal
2026-02-16 03:43:24.823794,Tokyo-f704,-14,68,Normal
2026-02-16 03:43:25.823794,Tokyo-f704,31,29,Normal
2026-02-16 03:43:26.823794,Tokyo-f704,-27,43,Normal
2026-02-16 03:43:27.823794,Tokyo-f704,1,24,Normal
2026-02-16 03:43:28.823794,Tokyo-f704,27,33,Normal
2026-02-16 03:43:29.823794,Tokyo-f704,-24,50,Normal
2026-02-16 03:43:30.823794,Tokyo-f704,-8,49,Normal
2026-02-16 03:43:31.823794,Tokyo-f704,13,82,Normal
2026-02-16 03:43:32.823794,Tokyo-f704,3,47,Normal
2026-02-16 03:43:33.823794,Tokyo-f704,14,50,Normal
2026-02-16 03:43:34.823794,Tokyo-f704,-10,95,Normal
2026-02-16 03:43:35.823794,Tokyo-f704,-28,12,Normal
2026-02-16 03:43:36.823794,Tokyo-f704,-26,58,Normal
2026-02-16 03:43:37.823794,Tokyo-f704,24,9,Normal
2026-02-16 03:43:38.823794,Tokyo-f704,-12,71,Normal
2026-02-16 03:43:39.823794,Tokyo-f704,21,51,Normal
2026-02-16 03:43:40.823794,Tokyo-f704,44,40,Normal
2026-02-16 03:43:41.823794,Tokyo-f704,-8,69,Normal
2026-02-16 03:43:42.823794,Tokyo-f704,5,12,Normal
2026-02-16 03:43:43.823794,Tokyo-f704,34,12,Normal
2026-02-16 03:43:44.823794,Tokyo-f704,24,8,Normal
2026-02-16 03:43:45.823794,Tokyo-f704,-8,10,Normal
2026-02-16 03:43:46.823794,Tokyo-f704,30,45,Normal
2026-02-16 03:43:47.823794,Tokyo-f704,41,38,Normal
2026-02-16 03:43:48.823794,Tokyo-f704,7,3,Normal
2026-02-16 03:43:49.823794,Tokyo-f704,36,61,Normal
2026-02-16 03:43:50.823794,Tokyo-f704,12,54,Normal
2026-02-16 03:43:51.823794,Tokyo-f704,42,16,Normal
2026-02-16 03:43:52.823794,Tokyo-f704,-8,59,Normal
2026-02-16 03:43:53.823794,Tokyo-f704,-20,34,Normal
2026-02-16 03:43:54.823794,Tokyo-f704,-4,46,Normal
2026-02-16 03:43:55.823794,Tokyo-f704,48,70,Normal
2026-02-16 03:43:56.823794,Tokyo-f704,44,80,Normal
2026-02-16 03:43:57.823794,Tokyo-f704,46,19,Normal
2026-02-16 03:43:58.823794,Tokyo-f704,-29,3,Normal
2026-02-16 03:43:59.823794,Tokyo-f704,-16,1,Normal
2026-02-16 03:44:00.823794,Tokyo-f704,25,92,Normal
2026-02-16 03:44:01.823794,Tokyo-f704,39,99,Normal
2026-02-16 03:44:02.823794,Tokyo-f704,17,4,Normal
2026-02-16 03:44:03.823794,Tokyo-f704,-17,68,Normal
2026-02-16 03:44:04.823794,Tokyo-f704,17,17,Normal
2026-02-16 03:44:05.823794,Tokyo-f704,33,80,Normal
2026-02-16 03:44:06.823794,Tokyo-f704,-23,33,Normal
2026-02-16 03:44:07.823794,Tokyo-f704,-1,49,Normal
2026-02-16 03:44:08.823794,Tokyo-f704,-22,46,Normal
2026-02-16 03:44:09.823794,Tokyo-f704,-20,88,Normal
2026-02-16 03:44:10.823794,Tokyo-f704,0,48,Normal
2026-02-16 03:44:11.823794,Tokyo-f704,45,32,Normal
2026-02-16 03:44:12.823794,Tokyo-f704,21,99,Normal
2026-02-16 03:44:13.823794,Tokyo-f704,47,5,Normal
2026-02-16 03:44:14.823794,Tokyo-f704,10,0,Normal
2026-02-16 03:44:15.823794,Tokyo-f704,-10,35,Normal
2026-02-16 03:44:16.823794,Tokyo-f704,44,81,Normal
2026-02-16 03:44:17.823794,Tokyo-f704,34,88,Normal
2026-02-16 03:44:18.823794,Tokyo-f704,9,85,Normal
2026-02-16 03:44:19.823794,Tokyo-f704,-3,87,Normal
2026-02-16 03:44:20.823794,Tokyo-f704,-18,53,Normal
2026-02-16 03:44:21.823794,Tokyo-f704,32,42,Normal
2026-02-16 03:44:22.823794,Tokyo-f704,23,30,Normal
2026-02-16 03:44:23.823794,Tokyo-f704,18,14,Normal
2026-02-16 03:44:24.823794,Tokyo-f704,18,69,Normal
2026-02-16 03:44:25.823794,Tokyo-f704,5,3,Normal
2026-02-16 03:44:26.823794,Tokyo-f704,27,33,Normal
2026-02-16 03:44:27.823794,Tokyo-f704,2,17,Normal
2026-02-16 03:44:28.823794,Tokyo-f704,38,18,Normal
2026-02-16 03:44:29.823794,Tokyo-f704,30,19,Normal
2026-02-16 03:44:30.823794,Tokyo-f704,32,96,Normal
2026-02-16 03:44:31.823794,Tokyo-f704,21,18,Normal
2026-02-16 03:44:32.823794,Tokyo-f704,39,42,Normal
2026-02-16 03:44:33.823794,Tokyo-f704,26,50,Normal
2026-02-16 03:44:34.823794,Tokyo-f704,-27,96,Normal
2026-02-16 03:44:35.823794,Tokyo-f704,43,94,Normal
2026-02-16 03:44:36.823794,Tokyo-f704,-21,42,Normal
2026-02-16 03:44:37.823794,Tokyo-f704,38,60,Normal
2026-02-16 03:44:38.823794,Tokyo-f704,35,78,Normal
2026-02-16 03:44:39.823794,Tokyo-f704,13,38,Normal
2026-02-16 03:44:40.823794,Tokyo-f704,13,83,Normal
2026-02-16 03:44:41.823794,Tokyo-f704,18,84,Normal
2026-02-16 03:44:42.823794,Tokyo-f704,23,52,Normal
2026-02-16 03:44:43.823794,Tokyo-f704,32,42,Normal
2026-02-16 03:44:44.823794,Tokyo-f704,16,35,Normal
2026-02-16 03:44:45.823794,Tokyo-f704,19,11,Normal
2026-02-16 03:44:46.823794,Tokyo-f704,-4,64,Normal
2026-02-16 03:44:47.823794,Tokyo-f704,-9,44,Normal
2026-02-16 03:44:48.823794,Tokyo-f704,47,18,Normal
2026-02-16 03:44:49.823794,Tokyo-f704,21,36,Normal
2026-02-16 03:44:50.823794,Tokyo-f704,29,98,Normal
2026-02-16 03:44:51.823794,Tokyo-f704,9,81,Normal
2026-02-16 03:44:52.823794,Tokyo-f704,16,32,Normal
2026-02-16 03:44:53.823794,Tokyo-f704,-11,48,Normal
2026-02-16 03:44:54.823794,Tokyo-f704,3,16,Normal
2026-02-16 03:44:55.823794,Tokyo-f704,20,67,Normal
2026-02-16 03:44:56.823794,Tokyo-f704,-30,54,Normal
2026-02-16 03:44:57.823794,Tokyo-f704,-15,50,Normal
2026-02-16 03:44:58.823794,Tokyo-f704,50,11,Normal
2026-02-16 03:44:59.823794,Tokyo-f704,10,70,Normal
2026-02-16 03:45:00.823794,Tokyo-f704,-6,67,Normal
2026-02-16 03:45:01.823794,Tokyo-f704,-4,60,Normal
2026-02-16 03:45:02.823794,Tokyo-f704,9,64,Normal
2026-02-16 03:45:03.823794,Tokyo-f704,-22,11,Normal
2026-02-16 03:45:04.823794,Tokyo-f704,12,69,Normal
2026-02-16 03:45:05.823794,Tokyo-f704,49,84,Normal
2026-02-16 03:45:06.823794,Tokyo-f704,-13,77,Normal
2026-02-16 03:45:07.823794,Tokyo-f704,-1,63,Normal
2026-02-16 03:45:08.823794,Tokyo-f704,40,0,Normal
2026-02-16 03:45:09.823794,Tokyo-f704,28,14,Normal
2026-02-16 03:45:10.823794,Tokyo-f704,-24,58,Normal
2026-02-16 03:45:11.823794,Tokyo-f704,11,35,Normal
2026-02-16 03:45:12.823794,Tokyo-f704,-3,62,Normal
2026-02-16 03:45:13.823794,Tokyo-f704,32,2,Normal
2026-02-16 03:45:14.823794,Tokyo-f704,-4,13,Normal
2026-02-16 03:45:15.823794,Tokyo-f704,-24,32,Normal
2026-02-16 03:45:16.823794,Tokyo-f704,-14,8,Normal
2026-02-16 03:45:17.823794,Tokyo-f704,-1,72,Normal
2026-02-16 03:45:18.823794,Tokyo-f704,-25,52,Normal
2026-02-16 03:45:19.823794,Tokyo-f704,4,37,Normal
2026-02-16 03:45:20.823794,Tokyo-f704,39,54,Normal
2026-02-16 03:45:21.823794,Tokyo-f704,-26,97,Normal
2026-02-16 03:45:22.823794,Tokyo-f704,-1,34,Normal
2026-02-16 03:45:23.823794,Tokyo-f704,9,93,Normal
2026-02-16 03:45:24.823794,Tokyo-f704,-10,47,Normal
2026-02-16 03:45:25.823794,Tokyo-f704,27,5,Normal
2026-02-16 03:45:26.823794,Tokyo-f704,-29,80,Normal
2026-02-16 03:45:27.823794,Tokyo-f704,-16,19,Normal
2026-02-16 03:45:28.823794,Tokyo-f704,18,68,Normal
2026-02-16 03:45:29.823794,Tokyo-f704,33,83,Normal
2026-02-16 03:45:30.823794,Tokyo-f704,-27,13,Normal
2026-02-16 03:45:31.823794,Tokyo-f704,8,21,Normal
2026-02-16 03:45:32.823794,Tokyo-f704,-10,0,Normal
2026-02-16 03:45:33.823794,Tokyo-f704,-17,3,Normal
2026-02-16 03:45:34.823794,Tokyo-f704,37,3,Normal
2026-02-16 03:45:35.823794,Tokyo-f704,-7,93,Normal
2026-02-16 03:45:36.823794,Tokyo-f704,6,61,Normal
2026-02-16 03:45:37.823794,Tokyo-f704,7,45,Normal
2026-02-16 03:45:38.823794,Tokyo-f704,41,62,Normal
2026-02-16 03:45:39.823794,Tokyo-f704,21,45,Normal
2026-02-16 03:45:40.823794,Tokyo-f704,33,58,Normal
2026-02-16 03:45:41.823794,Tokyo-f704,-9,1,Normal
2026-02-16 03:45:42.823794,Tokyo-f704,19,19,Normal
2026-02-16 03:45:43.823794,Tokyo-f704,18,98,Normal
2026-02-16 03:45:44.823794,Tokyo-f704,15,29,Normal
2026-02-16 03:45:45.823794,Tokyo-f704,-9,84,Normal
2026-02-16 03:45:46.823794,Tokyo-f704,18,51,Normal
2026-02-16 03:45:47.823794,Tokyo-f704,9,56,Normal
2026-02-16 03:45:48.823794,Tokyo-f704,13,76,Normal
2026-02-16 03:45:49.823794,Tokyo-f704,27,77,Normal
2026-02-16 03:45:50.823794,Tokyo-f704,46,96,Normal
2026-02-16 03:45:51.823794,Tokyo-f704,29,61,Normal
2026-02-16 03:45:52.823794,Tokyo-f704,12,59,Normal
2026-02-16 03:45:53.823794,Tokyo-f704,-27,84,Normal
2026-02-16 03:45:54.823794,Tokyo-f704,45,5,Normal
2026-02-16 03:45:55.823794,Tokyo-f704,23,12,Normal
2026-02-16 03:45:56.823794,Tokyo-f704,-14,21,Normal
2026-02-16 03:45:57.823794,Tokyo-f704,-5,77,Normal
2026-02-16 03:45:58.823794,Tokyo-f704,21,9,Normal
2026-02-16 03:45:59.823794,Tokyo-f704,48,83,Normal
2026-02-16 03:46:00.823794,Tokyo-f704,24,36,Normal
2026-02-16 03:46:01.823794,Tokyo-f704,-23,78,Normal
2026-02-16 03:46:02.823794,Tokyo-f704,32,36,Normal
2026-02-16 03:46:03.823794,Tokyo-f704,18,30,Normal
2026-02-16 03:46:04.823794,Tokyo-f704,30,33,Normal
2026-02-16 03:46:05.823794,Tokyo-f704,38,63,Normal
2026-02-16 03:46:06.823794,Tokyo-f704,7,68,Normal
2026-02-16 03:46:07.823794,Tokyo-f704,-10,15,Normal
2026-02-16 03:46:08.823794,Tokyo-f704,-14,89,Normal
2026-02-16 03:46:09.823794,Tokyo-f704,34,91,Normal
2026-02-16 03:46:10.823794,Tokyo-f704,-8,18,Normal
2026-02-16 03:46:11.823794,Tokyo-f704,19,77,Normal
2026-02-16 03:46:12.823794,Tokyo-f704,20,71,Normal
2026-02-16 03:46:13.823794,Tokyo-f704,44,4,Normal
2026-02-16 03:46:14.823794,Tokyo-f704,-17,69,Normal
2026-02-16 03:46:15.823794,Tokyo-f704,42,99,Normal
2026-02-16 03:46:16.823794,Tokyo-f704,44,49,Normal
2026-02-16 03:46:17.823794,Tokyo-f704,-21,28,Normal
2026-02-16 03:46:18.823794,Tokyo-f704,23,40,Normal
2026-02-16 03:46:19.823794,Tokyo-f704,34,74,Normal
2026-02-16 03:46:20.823794,Tokyo-f704,15,3,Normal
2026-02-16 03:46:21.823794,Tokyo-f704,32,18,Normal
2026-02-16 03:46:22.823794,Tokyo-f704,14,95,Normal
2026-02-16 03:46:23.823794,Tokyo-f704,18,19,Normal
2026-02-16 03:46:24.823794,Tokyo-f704,-13,39,Normal
2026-02-16 03:46:25.823794,Tokyo-f704,-21,43,Normal
2026-02-16 03:46:26.823794,Tokyo-f704,38,2,Normal
2026-02-16 03:46:27.823794,Tokyo-f704,33,58,Normal
2026-02-16 03:46:28.823794,Tokyo-f704,31,59,Normal
2026-02-16 03:46:29.823794,Tokyo-f704,18,41,Normal
2026-02-16 03:46:30.823794,Tokyo-f704,-28,24,Normal
2026-02-16 03:46:31.823794,Tokyo-f704,-10,32,Normal
2026-02-16 03:46:32.823794,Tokyo-f704,40,0,Normal
2026-02-16 03:46:33.823794,Tokyo-f704,41,70,Normal
2026-02-16 03:46:34.823794,Tokyo-f704,-29,56,Normal
2026-02-16 03:46:35.823794,Tokyo-f704,2,28,Normal
2026-02-16 03:46:36.823794,Tokyo-f704,-13,12,Normal
2026-02-16 03:46:37.823794,Tokyo-f704,-16,29,Normal
2026-02-16 03:46:38.823794,Tokyo-f704,13,24,Normal
2026-02-16 03:46:39.823794,Tokyo-f704,37,19,Normal
2026-02-16 03:46:40.823794,Tokyo-f704,-15,38,Normal
2026-02-16 03:46:41.823794,Tokyo-f704,-17,90,Normal
2026-02-16 03:46:42.823794,Tokyo-f704,-12,82,Normal
2026-02-16 03:46:43.823794,Tokyo-f704,30,57,Normal
2026-02-16 03:46:44.823794,Tokyo-f704,-11,75,Normal
2026-02-16 03:46:45.823794,Tokyo-f704,30,12,Normal
2026-02-16 03:46:46.823794,Tokyo-f704,29,66,Normal
2026-02-16 03:46:47.823794,Tokyo-f704,-14,50,Normal
2026-02-16 03:46:48.823794,Tokyo-f704,-4,27,Normal
2026-02-16 03:46:49.823794,Tokyo-f704,8,85,Normal
2026-02-16 03:46:50.823794,Tokyo-f704,-3,15,Normal
2026-02-16 03:46:51.823794,Tokyo-f704,0,57,Normal
2026-02-16 03:46:52.823794,Tokyo-f704,36,75,Normal
2026-02-16 03:46:53.823794,Tokyo-f704,40,16,Normal
2026-02-16 03:46:54.823794,Tokyo-f704,-27,49,Normal
2026-02-16 03:46:55.823794,Tokyo-f704,-14,73,Normal
2026-02-16 03:46:56.823794,Tokyo-f704,5,1,Normal
2026-02-16 03:46:57.823794,Tokyo-f704,43,81,Normal
2026-02-16 03:46:58.823794,Tokyo-f704,44,67,Normal
2026-02-16 03:46:59.823794,Tokyo-f704,-29,26,Normal
2026-02-16 03:47:00.823794,Tokyo-f704,-21,65,Normal
2026-02-16 03:47:01.823794,Tokyo-f704,-1,91,Normal
2026-02-16 03:47:02.823794,Tokyo-f704,-7,96,Normal
2026-02-16 03:47:03.823794,Tokyo-f704,-20,38,Normal
2026-02-16 03:47:04.823794,Tokyo-f704,48,34,Normal
2026-02-16 03:47:05.823794,Tokyo-f704,-2,81,Normal
2026-02-16 03:47:06.823794,Tokyo-f704,16,78,Normal
2026-02-16 03:47:07.823794,Tokyo-f704,-22,79,Normal
2026-02-16 03:47:08.823794,Tokyo-f704,11,27,Normal
2026-02-16 03:47:09.823794,Tokyo-f704,46,35,Normal
2026-02-16 03:47:10.823794,Tokyo-f704,23,67,Normal
2026-02-16 03:47:11.823794,Tokyo-f704,30,70,Normal
2026-02-16 03:47:12.823794,Tokyo-f704,-22,42,Normal
2026-02-16 03:47:13.823794,Tokyo-f704,22,14,Normal
2026-02-16 03:47:14.823794,Tokyo-f704,2,94,Normal
2026-02-16 03:47:15.823794,Tokyo-f704,-2,84,Normal
2026-02-16 03:47:16.823794,Tokyo-f704,-21,11,Normal
2026-02-16 03:47:17.823794,Tokyo-f704,-26,31,Normal
2026-02-16 03:47:18.823794,Tokyo-f704,28,62,Normal
2026-02-16 03:47:19.823794,Tokyo-f704,-21,26,Normal
2026-02-16 03:47:20.823794,Tokyo-f704,-14,60,Normal
2026-02-16 03:47:21.823794,Tokyo-f704,19,98,Normal
2026-02-16 03:47:22.823794,Tokyo-f704,-7,31,Normal
2026-02-16 03:47:23.823794,Tokyo-f704,-19,74,Normal
2026-02-16 03:47:24.823794,Tokyo-f704,46,47,Normal
2026-02-16 03:47:25.823794,Tokyo-f704,3,7,Normal
2026-02-16 03:47:26.823794,Tokyo-f704,14,31,Normal
2026-02-16 03:47:27.823794,Tokyo-f704,13,49,Normal
2026-02-16 03:47:28.823794,Tokyo-f704,21,55,Normal
2026-02-16 03:47:29.823794,Tokyo-f704,-3,23,Normal
2026-02-16 03:47:30.823794,Tokyo-f704,43,38,Normal
2026-02-16 03:47:31.823794,Tokyo-f704,-19,63,Normal
2026-02-16 03:47:32.823794,Tokyo-f704,14,83,Normal
2026-02-16 03:47:33.823794,Tokyo-f704,-2,6,Normal
2026-02-16 03:47:34.823794,Tokyo-f704,42,37,Normal
2026-02-16 03:47:35.823794,Tokyo-f704,45,78,Normal
2026-02-16 03:47:36.823794,Tokyo-f704,-18,12,Normal
2026-02-16 03:47:37.823794,Tokyo-f704,-8,12,Normal
2026-02-16 03:47:38.823794,Tokyo-f704,15,50,Normal
2026-02-16 03:47:39.823794,Tokyo-f704,23,65,Normal
2026-02-16 03:47:40.823794,Tokyo-f704,7,77,Normal
2026-02-16 03:47:41.823794,Tokyo-f704,17,58,Normal
2026-02-16 03:47:42.823794,Tokyo-f704,2,57,Normal
2026-02-16 03:47:43.823794,Tokyo-f704,-10,26,Normal
2026-02-16 03:47:44.823794,Tokyo-f704,11,5,Normal
2026-02-16 03:47:45.823794,Tokyo-f704,23,95,Normal
2026-02-16 03:47:46.823794,Tokyo-f704,48,21,Normal
2026-02-16 03:47:47.823794,Tokyo-f704,38,38,Normal
2026-02-16 03:47:48.823794,Tokyo-f704,42,83,Normal
2026-02-16 03:47:49.823794,Tokyo-f704,30,18,Normal
2026-02-16 03:47:50.823794,Tokyo-f704,48,28,Normal
2026-02-16 03:47:51.823794,Tokyo-f704,-4,85,Normal
2026-02-16 03:47:52.823794,Tokyo-f704,-20,49,Normal
2026-02-16 03:47:53.823794,Tokyo-f704,28,89,Normal
2026-02-16 03:47:54.823794,Tokyo-f704,23,0,Normal
2026-02-16 03:47:55.823794,Tokyo-f704,47,3,Normal
2026-02-16 03:47:56.823794,Tokyo-f704,21,98,Normal
2026-02-16 03:47:57.823794,Tokyo-f704,4,41,Normal
2026-02-16 03:47:58.823794,Tokyo-f704,4,2,Normal
2026-02-16 03:47:59.823794,Tokyo-f704,-6,67,Normal
2026-02-16 03:48:00.823794,Tokyo-f704,-27,77,Normal
2026-02-16 03:48:01.823794,Tokyo-f704,35,70,Normal
2026-02-16 03:48:02.823794,Tokyo-f704,-30,93,Normal
2026-02-16 03:48:03.823794,Tokyo-f704,-23,63,Normal
2026-02-16 03:48:04.823794,Tokyo-f704,-14,73,Normal
2026-02-16 03:48:05.823794,Tokyo-f704,-4,19,Normal
2026-02-16 03:48:06.823794,Tokyo-f704,23,69,Normal
2026-02-16 03:48:07.823794,Tokyo-f704,-22,94,Normal
2026-02-16 03:48:08.823794,Tokyo-f704,-13,67,Normal
2026-02-16 03:48:09.823794,Tokyo-f704,20,65,Normal
2026-02-16 03:48:10.823794,Tokyo-f704,15,62,Normal
2026-02-16 03:48:11.823794,Tokyo-f704,44,0,Normal
2026-02-16 03:48:12.823794,Tokyo-f704,9,5,Normal
2026-02-16 03:48:13.823794,Tokyo-f704,11,81,Normal
2026-02-16 03:48:14.823794,Tokyo-f704,31,18,Normal
2026-02-16 03:48:15.823794,Tokyo-f704,1,1,Normal
2026-02-16 03:48:16.823794,Tokyo-f704,-14,38,Normal
2026-02-16 03:48:17.823794,Tokyo-f704,-28,45,Normal
2026-02-16 03:48:18.823794,Tokyo-f704,26,24,Normal
2026-02-16 03:48:19.823794,Tokyo-f704,-22,78,Normal
2026-02-16 03:48:20.823794,Tokyo-f704,-27,90,Normal
2026-02-16 03:48:21.823794,Tokyo-f704,-2,84,Normal
2026-02-16 03:48:22.823794,Tokyo-f704,14,4,Normal
2026-02-16 03:48:23.823794,Tokyo-f704,12,87,Normal
2026-02-16 03:48:24.823794,Tokyo-f704,20,61,Normal
2026-02-16 03:48:25.823794,Tokyo-f704,-21,0,Normal
2026-02-16 03:48:26.823794,Tokyo-f704,3,26,Normal
2026-02-16 03:48:27.823794,Tokyo-f704,-11,82,Normal
2026-02-16 03:48:28.823794,Tokyo-f704,44,12,Normal
2026-02-16 03:48:29.823794,Tokyo-f704,-27,11,Normal
2026-02-16 03:48:30.823794,Tokyo-f704,-10,93,Normal
2026-02-16 03:48:31.823794,Tokyo-f704,19,25,Normal
2026-02-16 03:48:32.823794,Tokyo-f704,28,52,Normal
2026-02-16 03:48:33.823794,Tokyo-f704,-12,11,Normal
2026-02-16 03:48:34.823794,Tokyo-f704,-6,67,Normal
2026-02-16 03:48:35.823794,Tokyo-f704,-16,18,Normal
2026-02-16 03:48:36.823794,Tokyo-f704,50,69,Normal
2026-02-16 03:48:37.823794,Tokyo-f704,24,15,Normal
2026-02-16 03:48:38.823794,Tokyo-f704,46,11,Normal
2026-02-16 03:48:39.823794,Tokyo-f704,-9,38,Normal
2026-02-16 03:48:40.823794,Tokyo-f704,42,42,Normal
2026-02-16 03:48:41.823794,Tokyo-f704,19,70,Normal
2026-02-16 03:48:42.823794,Tokyo-f704,49,70,Normal
2026-02-16 03:48:43.823794,Tokyo-f704,-21,87,Normal
2026-02-16 03:48:44.823794,Tokyo-f704,36,14,Normal
2026-02-16 03:48:45.823794,Tokyo-f704,11,35,Normal
2026-02-16 03:48:46.823794,Tokyo-f704,23,4,Normal
2026-02-16 03:48:47.823794,Tokyo-f704,12,58,Normal
2026-02-16 03:48:48.823794,Tokyo-f704,28,24,Normal
2026-02-16 03:48:49.823794,Tokyo-f704,26,17,Normal
2026-02-16 03:48:50.823794,Tokyo-f704,7,79,Normal
2026-02-16 03:48:51.823794,Tokyo-f704,8,78,Normal
2026-02-16 03:48:52.823794,Tokyo-f704,-3,86,Normal
2026-02-16 03:48:53.823794,Tokyo-f704,-25,12,Normal
2026-02-16 03:48:54.823794,Tokyo-f704,-8,14,Normal
2026-02-16 03:48:55.823794,Tokyo-f704,-8,70,Normal
2026-02-16 03:48:56.823794,Tokyo-f704,-6,65,Normal
2026-02-16 03:48:57.823794,Tokyo-f704,34,42,Normal
2026-02-16 03:48:58.823794,Tokyo-f704,21,37,Normal
2026-02-16 03:48:59.823794,Tokyo-f704,-5,19,Normal
2026-02-16 03:49:00.823794,Tokyo-f704,-5,46,Normal
2026-02-16 03:49:01.823794,Tokyo-f704,-28,32,Normal
2026-02-16 03:49:02.823794,Tokyo-f704,-17,15,Normal
2026-02-16 03:49:03.823794,Tokyo-f704,4,100,Normal
2026-02-16 03:49:04.823794,Tokyo-f704,30,32,Normal
2026-02-16 03:49:05.823794,Tokyo-f704,23,39,Normal
2026-02-16 03:49:06.823794,Tokyo-f704,0,79,Normal
2026-02-16 03:49:07.823794,Tokyo-f704,-4,50,Normal
2026-02-16 03:49:08.823794,Tokyo-f704,16,66,Normal
2026-02-16 03:49:09.823794,Tokyo-f704,-28,49,Normal
2026-02-16 03:49:10.823794,Tokyo-f704,44,1,Normal
2026-02-16 03:49:11.823794,Tokyo-f704,9,16,Normal
2026-02-16 03:49:12.823794,Tokyo-f704,43,28,Normal
2026-02-16 03:49:13.823794,Tokyo-f704,-25,47,Normal
2026-02-16 03:49:14.823794,Tokyo-f704,-7,95,Normal
2026-02-16 03:49:15.823794,Tokyo-f704,24,77,Normal
2026-02-16 03:49:16.823794,Tokyo-f704,29,76,Normal
2026-02-16 03:49:17.823794,Tokyo-f704,20,90,Normal
2026-02-16 03:49:18.823794,Tokyo-f704,22,90,Normal
2026-02-16 03:49:19.823794,Tokyo-f704,-23,17,Normal
2026-02-16 03:49:20.823794,Tokyo-f704,11,99,Normal
2026-02-16 03:49:21.823794,Tokyo-f704,50,66,Normal
2026-02-16 03:49:22.823794,Tokyo-f704,29,41,Normal
2026-02-16 03:49:23.823794,Tokyo-f704,-26,19,Normal
2026-02-16 03:49:24.823794,Tokyo-f704,6,26,Normal
2026-02-16 03:49:25.823794,Tokyo-f704,38,21,Normal
2026-02-16 03:49:26.823794,Tokyo-f704,-28,64,Normal
2026-02-16 03:49:27.823794,Tokyo-f704,-22,98,Normal
2026-02-16 03:49:28.823794,Tokyo-f704,24,3,Normal
2026-02-16 03:49:29.823794,Tokyo-f704,33,49,Normal
2026-02-16 03:49:30.823794,Tokyo-f704,41,78,Normal
2026-02-16 03:49:31.823794,Tokyo-f704,-15,81,Normal
2026-02-16 03:49:32.823794,Tokyo-f704,-2,28,Normal
2026-02-16 03:49:33.823794,Tokyo-f704,44,67,Normal
2026-02-16 03:49:34.823794,Tokyo-f704,-10,53,Normal
2026-02-16 03:49:35.823794,Tokyo-f704,34,63,Normal
2026-02-16 03:49:36.823794,Tokyo-f704,2,59,Normal
2026-02-16 03:49:37.823794,Tokyo-f704,17,88,Normal
2026-02-16 03:49:38.823794,Tokyo-f704,9,94,Normal
2026-02-16 03:49:39.823794,Tokyo-f704,32,69,Normal
2026-02-16 03:49:40.823794,Tokyo-f704,8,6,Normal
2026-02-16 03:49:41.823794,Tokyo-f704,18,55,Normal
2026-02-16 03:49:42.823794,Tokyo-f704,5,12,Normal
2026-02-16 03:49:43.823794,Tokyo-f704,-11,78,Normal
2026-02-16 03:49:44.823794,Tokyo-f704,6,85,Normal
2026-02-16 03:49:45.823794,Tokyo-f704,37,9,Normal
2026-02-16 03:49:46.823794,Tokyo-f704,-23,52,Normal
2026-02-16 03:49:47.823794,Tokyo-f704,-2,89,Normal
2026-02-16 03:49:48.823794,Tokyo-f704,46,50,Normal
2026-02-16 03:49:49.823794,Tokyo-f704,28,99,Normal
2026-02-16 03:49:50.823794,Tokyo-f704,16,96,Normal
2026-02-16 03:49:51.823794,Tokyo-f704,5,45,Normal
2026-02-16 03:49:52.823794,Tokyo-f704,2,7,Normal
2026-02-16 03:49:53.823794,Tokyo-f704,-22,61,Normal
2026-02-16 03:49:54.823794,Tokyo-f704,22,83,Normal
2026-02-16 03:49:55.823794,Tokyo-f704,-3,68,Normal
2026-02-16 03:49:56.823794,Tokyo-f704,3,99,Normal
2026-02-16 03:49:57.823794,Tokyo-f704,6,76,Normal
2026-02-16 03:49:58.823794,Tokyo-f704,11,9,Normal
2026-02-16 03:49:59.823794,Tokyo-f704,-16,60,Normal
2026-02-16 03:50:00.823794,Tokyo-f704,41,92,Normal
2026-02-16 03:50:01.823794,Tokyo-f704,3,84,Normal
2026-02-16 03:50:02.823794,Tokyo-f704,-13,98,Normal
2026-02-16 03:50:03.823794,Tokyo-f704,36,59,Normal
2026-02-16 03:50:04.823794,Tokyo-f704,3,98,Normal
2026-02-16 03:50:05.823794,Tokyo-f704,-18,48,Normal
2026-02-16 03:50:06.823794,Tokyo-f704,34,79,Normal
2026-02-16 03:50:07.823794,Tokyo-f704,36,5,Normal
2026-02-16 03:50:08.823794,Tokyo-f704,22,36,Normal
2026-02-16 03:50:09.823794,Tokyo-f704,-2,47,Normal
2026-02-16 03:50:10.823794,Tokyo-f704,35,14,Normal
2026-02-16 03:50:11.823794,Tokyo-f704,-11,62,Normal
2026-02-16 03:50:12.823794,Tokyo-f704,35,54,Normal
2026-02-16 03:50:13.823794,Tokyo-f704,-3,62,Normal
2026-02-16 03:50:14.823794,Tokyo-f704,-28,65,Normal
2026-02-16 03:50:15.823794,Tokyo-f704,44,42,Normal
2026-02-16 03:50:16.823794,Tokyo-f704,17,43,Normal
2026-02-16 03:50:17.823794,Tokyo-f704,-29,81,Normal
2026-02-16 03:50:18.823794,Tokyo-f704,-25,39,Normal
2026-02-16 03:50:19.823794,Tokyo-f704,21,5,Normal
2026-02-16 03:50:20.823794,Tokyo-f704,38,32,Normal
2026-02-16 03:50:21.823794,Tokyo-f704,9,28,Normal
2026-02-16 03:50:22.823794,Tokyo-f704,49,3,Normal
2026-02-16 03:50:23.823794,Tokyo-f704,50,3,Normal
2026-02-16 03:50:24.823794,Tokyo-f704,21,35,Normal
2026-02-16 03:50:25.823794,Tokyo-f704,-4,33,Normal
2026-02-16 03:50:26.823794,Tokyo-f704,-9,9,Normal
2026-02-16 03:50:27.823794,Tokyo-f704,-13,45,Normal
2026-02-16 03:50:28.823794,Tokyo-f704,45,84,Normal
2026-02-16 03:50:29.823794,Tokyo-f704,9,78,Normal
2026-02-16 03:50:30.823794,Tokyo-f704,15,30,Normal
2026-02-16 03:50:31.823794,Tokyo-f704,48,55,Normal
2026-02-16 03:50:32.823794,Tokyo-f704,-22,60,Normal
2026-02-16 03:50:33.823794,Tokyo-f704,4,3,Normal
2026-02-16 03:50:34.823794,Tokyo-f704,-24,85,Normal
2026-02-16 03:50:35.823794,Tokyo-f704,-10,30,Normal
2026-02-16 03:50:36.823794,Tokyo-f704,26,86,Normal
2026-02-16 03:50:37.823794,Tokyo-f704,-18,31,Normal
2026-02-16 03:50:38.823794,Tokyo-f704,1,90,Normal
2026-02-16 03:50:39.823794,Tokyo-f704,-30,53,Normal
2026-02-16 03:50:40.823794,Tokyo-f704,32,87,Normal
2026-02-16 03:50:41.823794,Tokyo-f704,18,34,Normal
2026-02-16 03:50:42.823794,Tokyo-f704,49,81,Normal
2026-02-16 03:50:43.823794,Tokyo-f704,40,15,Normal
2026-02-16 03:50:44.823794,Tokyo-f704,-16,24,Normal
2026-02-16 03:50:45.823794,Tokyo-f704,41,12,Normal
2026-02-16 03:50:46.823794,Tokyo-f704,16,63,Normal
2026-02-16 03:50:47.823794,Tokyo-f704,-30,83,Normal
2026-02-16 03:50:48.823794,Tokyo-f704,41,12,Normal
2026-02-16 03:50:49.823794,Tokyo-f704,-5,53,Normal
2026-02-16 03:50:50.823794,Tokyo-f704,-6,48,Normal
2026-02-16 03:50:51.823794,Tokyo-f704,-25,87,Normal
2026-02-16 03:50:52.823794,Tokyo-f704,30,59,Normal
2026-02-16 03:50:53.823794,Tokyo-f704,29,19,Normal
2026-02-16 03:50:54.823794,Tokyo-f704,8,65,Normal
2026-02-16 03:50:55.823794,Tokyo-f704,-10,33,Normal
2026-02-16 03:50:56.823794,Tokyo-f704,-18,29,Normal
2026-02-16 03:50:57.823794,Tokyo-f704,-7,16,Normal
2026-02-16 03:50:58.823794,Tokyo-f704,48,25,Normal
2026-02-16 03:50:59.823794,Tokyo-f704,35,78,Normal
2026-02-16 03:51:00.823794,Tokyo-f704,-28,24,Normal
2026-02-16 03:51:01.823794,Tokyo-f704,47,29,Normal
2026-02-16 03:51:02.823794,Tokyo-f704,-18,12,Normal
2026-02-16 03:51:03.823794,Tokyo-f704,-7,93,Normal
2026-02-16 03:51:04.823794,Tokyo-f704,27,49,Normal
2026-02-16 03:51:05.823794,Tokyo-f704,-10,67,Normal
2026-02-16 03:51:06.823794,Tokyo-f704,-12,81,Normal
2026-02-16 03:51:07.823794,Tokyo-f704,2,51,Normal
2026-02-16 03:51:08.823794,Tokyo-f704,30,99,Normal
2026-02-16 03:51:09.823794,Tokyo-f704,-3,100,Normal
2026-02-16 03:51:10.823794,Tokyo-f704,-6,40,Normal
2026-02-16 03:51:11.823794,Tokyo-f704,32,36,Normal
2026-02-16 03:51:12.823794,Tokyo-f704,15,15,Normal
2026-02-16 03:51:13.823794,Tokyo-f704,-30,32,Normal
2026-02-16 03:51:14.823794,Tokyo-f704,13,4,Normal
2026-02-16 03:51:15.823794,Tokyo-f704,19,9,Normal
2026-02-16 03:51:16.823794,Tokyo-f704,39,79,Normal
2026-02-16 03:51:17.823794,Tokyo-f704,-1,63,Normal
2026-02-16 03:51:18.823794,Tokyo-f704,-1,42,Normal
2026-02-16 03:51:19.823794,Tokyo-f704,9,96,Normal
2026-02-16 03:51:20.823794,Tokyo-f704,-22,66,Normal
2026-02-16 03:51:21.823794,Tokyo-f704,49,41,Normal
2026-02-16 03:51:22.823794,Tokyo-f704,34,22,Normal
2026-02-16 03:51:23.823794,Tokyo-f704,-6,28,Normal
2026-02-16 03:51:24.823794,Tokyo-f704,37,79,Normal
2026-02-16 03:51:25.823794,Tokyo-f704,10,27,Normal
2026-02-16 03:51:26.823794,Tokyo-f704,-12,30,Normal
2026-02-16 03:51:27.823794,Tokyo-f704,24,33,Normal
2026-02-16 03:51:28.823794,Tokyo-f704,35,51,Normal
2026-02-16 03:51:29.823794,Tokyo-f704,-21,59,Normal
2026-02-16 03:51:30.823794,Tokyo-f704,28,67,Normal
2026-02-16 03:51:31.823794,Tokyo-f704,-23,15,Normal
2026-02-16 03:51:32.823794,Tokyo-f704,26,91,Normal
2026-02-16 03:51:33.823794,Tokyo-f704,2,67,Normal
2026-02-16 03:51:34.823794,Tokyo-f704,22,76,Normal
2026-02-16 03:51:35.823794,Tokyo-f704,46,3,Normal
2026-02-16 03:51:36.823794,Tokyo-f704,-4,13,Normal
2026-02-16 03:51:37.823794,Tokyo-f704,-2,34,Normal
2026-02-16 03:51:38.823794,Tokyo-f704,21,36,Normal
2026-02-16 03:51:39.823794,Tokyo-f704,-15,53,Normal
2026-02-16 03:51:40.823794,Tokyo-f704,42,9,Normal
2026-02-16 03:51:41.823794,Tokyo-f704,24,64,Normal
2026-02-16 03:51:42.823794,Tokyo-f704,38,68,Normal
2026-02-16 03:51:43.823794,Tokyo-f704,6,49,Normal
2026-02-16 03:51:44.823794,Tokyo-f704,8,11,Normal
2026-02-16 03:51:45.823794,Tokyo-f704,45,68,Normal
2026-02-16 03:51:46.823794,Tokyo-f704,1,33,Normal
2026-02-16 03:51:47.823794,Tokyo-f704,8,4,Normal
2026-02-16 03:51:48.823794,Tokyo-f704,25,72,Normal
2026-02-16 03:51:49.823794,Tokyo-f704,28,79,Normal
2026-02-16 03:51:50.823794,Tokyo-f704,4,18,Normal
2026-02-16 03:51:51.823794,Tokyo-f704,24,70,Normal
2026-02-16 03:51:52.823794,Tokyo-f704,42,40,Normal
2026-02-16 03:51:53.823794,Tokyo-f704,44,59,Normal
2026-02-16 03:51:54.823794,Tokyo-f704,13,100,Normal
2026-02-16 03:51:55.823794,Tokyo-f704,11,78,Normal
2026-02-16 03:51:56.823794,Tokyo-f704,31,4,Normal
2026-02-16 03:51:57.823794,Tokyo-f704,6,91,Normal
2026-02-16 03:51:58.823794,Tokyo-f704,45,52,Normal
2026-02-16 03:51:59.823794,Tokyo-f704,25,8,Normal
2026-02-16 03:52:00.823794,Tokyo-f704,14,50,Normal
2026-02-16 03:52:01.823794,Tokyo-f704,-28,12,Normal
2026-02-16 03:52:02.823794,Tokyo-f704,-30,83,Normal
2026-02-16 03:52:03.823794,Tokyo-f704,17,36,Normal
2026-02-16 03:52:04.823794,Tokyo-f704,-13,90,Normal
2026-02-16 03:52:05.823794,Tokyo-f704,18,98,Normal
2026-02-16 03:52:06.823794,Tokyo-f704,21,8,Normal
2026-02-16 03:52:07.823794,Tokyo-f704,25,42,Normal
2026-02-16 03:52:08.823794,Tokyo-f704,-10,56,Normal
2026-02-16 03:52:09.823794,Tokyo-f704,4,91,Normal
2026-02-16 03:52:10.823794,Tokyo-f704,40,83,Normal
2026-02-16 03:52:11.823794,Tokyo-f704,46,29,Normal
2026-02-16 03:52:12.823794,Tokyo-f704,49,10,Normal
2026-02-16 03:52:13.823794,Tokyo-f704,47,95,Normal
2026-02-16 03:52:14.823794,Tokyo-f704,-28,17,Normal
2026-02-16 03:52:15.823794,Tokyo-f704,-23,32,Normal
2026-02-16 03:52:16.823794,Tokyo-f704,30,22,Normal
2026-02-16 03:52:17.823794,Tokyo-f704,-14,40,Normal
2026-02-16 03:52:18.823794,Tokyo-f704,-13,42,Normal
2026-02-16 03:52:19.823794,Tokyo-f704,3,34,Normal
2026-02-16 03:52:20.823794,Tokyo-f704,12,28,Normal
2026-02-16 03:52:21.823794,Tokyo-f704,-24,75,Normal
2026-02-16 03:52:22.823794,Tokyo-f704,-15,63,Normal
2026-02-16 03:52:23.823794,Tokyo-f704,43,26,Normal
2026-02-16 03:52:24.823794,Tokyo-f704,37,40,Normal
2026-02-16 03:52:25.823794,Tokyo-f704,-29,90,Normal
2026-02-16 03:52:26.823794,Tokyo-f704,-15,34,Normal
2026-02-16 03:52:27.823794,Tokyo-f704,-25,14,Normal
2026-02-16 03:52:28.823794,Tokyo-f704,-25,13,Normal
2026-02-16 03:52:29.823794,Tokyo-f704,-25,43,Normal
2026-02-16 03:52:30.823794,Tokyo-f704,-23,51,Normal
2026-02-16 03:52:31.823794,Tokyo-f704,-9,34,Normal
2026-02-16 03:52:32.823794,Tokyo-f704,45,79,Normal
2026-02-16 03:52:33.823794,Tokyo-f704,18,78,Normal
2026-02-16 03:52:34.823794,Tokyo-f704,48,87,Normal
2026-02-16 03:52:35.823794,Tokyo-f704,24,36,Normal
2026-02-16 03:52:36.823794,Tokyo-f704,-28,6,Normal
2026-02-16 03:52:37.823794,Tokyo-f704,10,66,Normal
2026-02-16 03:52:38.823794,Tokyo-f704,-28,35,Normal
2026-02-16 03:52:39.823794,Tokyo-f704,47,11,Normal
2026-02-16 03:52:40.823794,Tokyo-f704,28,94,Normal
2026-02-16 03:52:41.823794,Tokyo-f704,30,7,Normal
2026-02-16 03:52:42.823794,Tokyo-f704,29,41,Normal
2026-02-16 03:52:43.823794,Tokyo-f704,-6,57,Normal
2026-02-16 03:52:44.823794,Tokyo-f704,30,24,Normal
2026-02-16 03:52:45.823794,Tokyo-f704,-7,54,Normal
2026-02-16 03:52:46.823794,Tokyo-f704,0,86,Normal
2026-02-16 03:52:47.823794,Tokyo-f704,34,12,Normal
2026-02-16 03:52:48.823794,Tokyo-f704,36,77,Normal
2026-02-16 03:52:49.823794,Tokyo-f704,-8,95,Normal
2026-02-16 03:52:50.823794,Tokyo-f704,50,82,Normal
2026-02-16 03:52:51.823794,Tokyo-f704,34,58,Normal
2026-02-16 03:52:52.823794,Tokyo-f704,40,22,Normal
2026-02-16 03:52:53.823794,Tokyo-f704,-13,56,Normal
2026-02-16 03:52:54.823794,Tokyo-f704,35,72,Normal
2026-02-16 03:52:55.823794,Tokyo-f704,44,10,Normal
2026-02-16 03:52:56.823794,Tokyo-f704,42,7,Normal
2026-02-16 03:52:57.823794,Tokyo-f704,49,0,Normal
2026-02-16 03:52:58.823794,Tokyo-f704,46,44,Normal
2026-02-16 03:52:59.823794,Tokyo-f704,-13,32,Normal
2026-02-16 03:53:00.823794,Tokyo-f704,16,27,Normal
2026-02-16 03:53:01.823794,Tokyo-f704,-28,50,Normal
2026-02-16 03:53:02.823794,Tokyo-f704,42,51,Normal
2026-02-16 03:53:03.823794,Tokyo-f704,48,22,Normal
2026-02-16 03:53:04.823794,Tokyo-f704,-3,75,Normal
2026-02-16 03:53:05.823794,Tokyo-f704,46,8,Normal
2026-02-16 03:53:06.823794,Tokyo-f704,16,27,Normal
2026-02-16 03:53:07.823794,Tokyo-f704,15,98,Normal
2026-02-16 03:53:08.823794,Tokyo-f704,48,70,Normal
2026-02-16 03:53:09.823794,Tokyo-f704,-13,52,Normal
2026-02-16 03:53:10.823794,Tokyo-f704,7,1,Normal
2026-02-16 03:53:11.823794,Tokyo-f704,0,70,Normal
2026-02-16 03:53:12.823794,Tokyo-f704,36,21,Normal
2026-02-16 03:53:13.823794,Tokyo-f704,29,68,Normal
2026-02-16 03:53:14.823794,Tokyo-f704,-19,0,Normal
2026-02-16 03:53:15.823794,Tokyo-f704,39,98,Normal
2026-02-16 03:53:16.823794,Tokyo-f704,28,86,Normal
2026-02-16 03:53:17.823794,Tokyo-f704,37,32,Normal
2026-02-16 03:53:18.823794,Tokyo-f704,-12,37,Normal
2026-02-16 03:53:19.823794,Tokyo-f704,18,66,Normal
2026-02-16 03:53:20.823794,Tokyo-f704,29,53,Normal
2026-02-16 03:53:21.823794,Tokyo-f704,44,68,Normal
2026-02-16 03:53:22.823794,Tokyo-f704,-26,61,Normal
2026-02-16 03:53:23.823794,Tokyo-f704,-24,98,Normal
2026-02-16 03:53:24.823794,Tokyo-f704,29,50,Normal
2026-02-16 03:53:25.823794,Tokyo-f704,19,2,Normal
2026-02-16 03:53:26.823794,Tokyo-f704,37,70,Normal
2026-02-16 03:53:27.823794,Tokyo-f704,13,29,Normal
2026-02-16 03:53:28.823794,Tokyo-f704,3,32,Normal
2026-02-16 03:53:29.823794,Tokyo-f704,-17,39,Normal
2026-02-16 03:53:30.823794,Tokyo-f704,34,19,Normal
2026-02-16 03:53:31.823794,Tokyo-f704,26,54,Normal
2026-02-16 03:53:32.823794,Tokyo-f704,-12,74,Normal
2026-02-16 03:53:33.823794,Tokyo-f704,-29,93,Normal
2026-02-16 03:53:34.823794,Tokyo-f704,-29,3,Normal
2026-02-16 03:53:35.823794,Tokyo-f704,24,69,Normal
2026-02-16 03:53:36.823794,Tokyo-f704,31,6,Normal
2026-02-16 03:53:37.823794,Tokyo-f704,-21,70,Normal
2026-02-16 03:53:38.823794,Tokyo-f704,49,62,Normal
2026-02-16 03:53:39.823794,Tokyo-f704,42,40,Normal
2026-02-16 03:53:40.823794,Tokyo-f704,-10,28,Normal
2026-02-16 03:53:41.823794,Tokyo-f704,38,44,Normal
2026-02-16 03:53:42.823794,Tokyo-f704,49,91,Normal
2026-02-16 03:53:43.823794,Tokyo-f704,-30,21,Normal
2026-02-16 03:53:44.823794,Tokyo-f704,0,3,Normal
2026-02-16 03:53:45.823794,Tokyo-f704,18,45,Normal
2026-02-16 03:53:46.823794,Tokyo-f704,9,59,Normal
2026-02-16 03:53:47.823794,Tokyo-f704,13,74,Normal
2026-02-16 03:53:48.823794,Tokyo-f704,28,1,Normal
2026-02-16 03:53:49.823794,Tokyo-f704,27,97,Normal
2026-02-16 03:53:50.823794,Tokyo-f704,21,12,Normal
2026-02-16 03:53:51.823794,Tokyo-f704,-22,10,Normal
2026-02-16 03:53:52.823794,Tokyo-f704,-19,83,Normal
2026-02-16 03:53:53.823794,Tokyo-f704,25,99,Normal
2026-02-16 03:53:54.823794,Tokyo-f704,15,4,Normal
2026-02-16 03:53:55.823794,Tokyo-f704,-6,84,Normal
2026-02-16 03:53:56.823794,Tokyo-f704,38,50,Normal
2026-02-16 03:53:57.823794,Tokyo-f704,-18,85,Normal
2026-02-16 03:53:58.823794,Tokyo-f704,8,82,Normal
2026-02-16 03:53:59.823794,Tokyo-f704,-12,53,Normal
2026-02-16 03:54:00.823794,Tokyo-f704,6,36,Normal
2026-02-16 03:54:01.823794,Tokyo-f704,-15,86,Normal
2026-02-16 03:54:02.823794,Tokyo-f704,5,13,Normal
2026-02-16 03:54:03.823794,Tokyo-f704,-9,63,Normal
2026-02-16 03:54:04.823794,Tokyo-f704,11,59,Normal
2026-02-16 03:54:05.823794,Tokyo-f704,-4,26,Normal
2026-02-16 03:54:06.823794,Tokyo-f704,12,43,Normal
2026-02-16 03:54:07.823794,Tokyo-f704,-14,93,Normal
2026-02-16 03:54:08.823794,Tokyo-f704,48,69,Normal
2026-02-16 03:54:09.823794,Tokyo-f704,22,11,Normal
2026-02-16 03:54:10.823794,Tokyo-f704,4,3,Normal
2026-02-16 03:54:11.823794,Tokyo-f704,30,78,Normal
2026-02-16 03:54:12.823794,Tokyo-f704,-9,69,Normal
2026-02-16 03:54:13.823794,Tokyo-f704,-27,14,Normal
2026-02-16 03:54:14.823794,Tokyo-f704,1,0,Normal
2026-02-16 03:54:15.823794,Tokyo-f704,13,50,Normal
2026-02-16 03:54:16.823794,Tokyo-f704,40,6,Normal
2026-02-16 03:54:17.823794,Tokyo-f704,34,8,Normal
2026-02-16 03:54:18.823794,Tokyo-f704,48,53,Normal
2026-02-16 03:54:19.823794,Tokyo-f704,25,13,Normal
2026-02-16 03:54:20.823794,Tokyo-f704,23,35,Normal
2026-02-16 03:54:21.823794,Tokyo-f704,15,66,Normal
2026-02-16 03:54:22.823794,Tokyo-f704,29,84,Normal
2026-02-16 03:54:23.823794,Tokyo-f704,35,32,Normal
2026-02-16 03:54:24.823794,Tokyo-f704,26,16,Normal
2026-02-16 03:54:25.823794,Tokyo-f704,38,24,Normal
2026-02-16 03:54:26.823794,Tokyo-f704,33,61,Normal
2026-02-16 03:54:27.823794,Tokyo-f704,-28,43,Normal
2026-02-16 03:54:28.823794,Tokyo-f704,3,92,Normal
2026-02-16 03:54:29.823794,Tokyo-f704,-18,58,Normal
2026-02-16 03:54:30.823794,Tokyo-f704,22,16,Normal
2026-02-16 03:54:31.823794,Tokyo-f704,-19,22,Normal
2026-02-16 03:54:32.823794,Tokyo-f704,-29,31,Normal
2026-02-16 03:54:33.823794,Tokyo-f704,39,36,Normal
2026-02-16 03:54:34.823794,Tokyo-f704,34,7,Normal
2026-02-16 03:54:35.823794,Tokyo-f704,-15,7,Normal
2026-02-16 03:54:36.823794,Tokyo-f704,27,14,Normal
2026-02-16 03:54:37.823794,Tokyo-f704,-23,40,Normal
2026-02-16 03:54:38.823794,Tokyo-f704,47,24,Normal
2026-02-16 03:54:39.823794,Tokyo-f704,0,53,Normal
2026-02-16 03:54:40.823794,Tokyo-f704,13,8,Normal
2026-02-16 03:54:41.823794,Tokyo-f704,18,67,Normal
2026-02-16 03:54:42.823794,Tokyo-f704,39,38,Normal
2026-02-16 03:54:43.823794,Tokyo-f704,-9,66,Normal
2026-02-16 03:54:44.823794,Tokyo-f704,44,66,Normal
2026-02-16 03:54:45.823794,Tokyo-f704,6,13,Normal
2026-02-16 03:54:46.823794,Tokyo-f704,50,49,Normal
2026-02-16 03:54:47.823794,Tokyo-f704,-27,12,Normal
2026-02-16 03:54:48.823794,Tokyo-f704,36,89,Normal
2026-02-16 03:54:49.823794,Tokyo-f704,16,33,Normal
2026-02-16 03:54:50.823794,Tokyo-f704,49,43,Normal
2026-02-16 03:54:51.823794,Tokyo-f704,-22,94,Normal
2026-02-16 03:54:52.823794,Tokyo-f704,-22,7,Normal
2026-02-16 03:54:53.823794,Tokyo-f704,14,65,Normal
2026-02-16 03:54:54.823794,Tokyo-f704,20,15,Normal
2026-02-16 03:54:55.823794,Tokyo-f704,-16,21,Normal
2026-02-16 03:54:56.823794,Tokyo-f704,18,24,Normal
2026-02-16 03:54:57.823794,Tokyo-f704,36,38,Normal
2026-02-16 03:54:58.823794,Tokyo-f704,43,0,Normal
2026-02-16 03:54:59.823794,Tokyo-f704,16,42,Normal
2026-02-16 03:55:00.823794,Tokyo-f704,47,48,Normal
2026-02-16 03:55:01.823794,Tokyo-f704,47,77,Normal
2026-02-16 03:55:02.823794,Tokyo-f704,-9,19,Normal
2026-02-16 03:55:03.823794,Tokyo-f704,0,36,Normal
2026-02-16 03:55:04.823794,Tokyo-f704,37,33,Normal
2026-02-16 03:55:05.823794,Tokyo-f704,10,59,Normal
2026-02-16 03:55:06.823794,Tokyo-f704,-2,36,Normal
2026-02-16 03:55:07.823794,Tokyo-f704,38,63,Normal
2026-02-16 03:55:08.823794,Tokyo-f704,-7,84,Normal
2026-02-16 03:55:09.823794,Tokyo-f704,18,27,Normal
2026-02-16 03:55:10.823794,Tokyo-f704,49,57,Normal
2026-02-16 03:55:11.823794,Tokyo-f704,-4,34,Normal
2026-02-16 03:55:12.823794,Tokyo-f704,45,88,Normal
2026-02-16 03:55:13.823794,Tokyo-f704,25,63,Normal
2026-02-16 03:55:14.823794,Tokyo-f704,-24,28,Normal
2026-02-16 03:55:15.823794,Tokyo-f704,23,10,Normal
2026-02-16 03:55:16.823794,Tokyo-f704,-15,45,Normal
2026-02-16 03:55:17.823794,Tokyo-f704,42,44,Normal
2026-02-16 03:55:18.823794,Tokyo-f704,39,83,Normal
2026-02-16 03:55:19.823794,Tokyo-f704,-27,93,Normal
2026-02-16 03:55:20.823794,Tokyo-f704,14,3,Normal
2026-02-16 03:55:21.823794,Tokyo-f704,43,97,Normal
2026-02-16 03:55:22.823794,Tokyo-f704,-6,59,Normal
2026-02-16 03:55:23.823794,Tokyo-f704,11,16,Normal
2026-02-16 03:55:24.823794,Tokyo-f704,21,42,Normal
2026-02-16 03:55:25.823794,Tokyo-f704,-11,33,Normal
2026-02-16 03:55:26.823794,Tokyo-f704,36,73,Normal
2026-02-16 03:55:27.823794,Tokyo-f704,18,17,Normal
2026-02-16 03:55:28.823794,Tokyo-f704,-6,11,Normal
2026-02-16 03:55:29.823794,Tokyo-f704,20,32,Normal
2026-02-16 03:55:30.823794,Tokyo-f704,0,95,Normal
2026-02-16 03:55:31.823794,Tokyo-f704,21,40,Normal
2026-02-16 03:55:32.823794,Tokyo-f704,14,73,Normal
2026-02-16 03:55:33.823794,Tokyo-f704,27,41,Normal
2026-02-16 03:55:34.823794,Tokyo-f704,27,22,Normal
2026-02-16 03:55:35.823794,Tokyo-f704,37,27,Normal
2026-02-16 03:55:36.823794,Tokyo-f704,50,1,Normal
2026-02-16 03:55:37.823794,Tokyo-f704,-29,28,Normal
2026-02-16 03:55:38.823794,Tokyo-f704,-15,45,Normal
2026-02-16 03:55:39.823794,Tokyo-f704,5,40,Normal
2026-02-16 03:55:40.823794,Tokyo-f704,-2,98,Normal
2026-02-16 03:55:41.823794,Tokyo-f704,-30,26,Normal
2026-02-16 03:55:42.823794,Tokyo-f704,-5,27,Normal
2026-02-16 03:55:43.823794,Tokyo-f704,26,61,Normal
2026-02-16 03:55:44.823794,Tokyo-f704,47,81,Normal
2026-02-16 03:55:45.823794,Tokyo-f704,-22,80,Normal
2026-02-16 03:55:46.823794,Tokyo-f704,27,15,Normal
2026-02-16 03:55:47.823794,Tokyo-f704,45,97,Normal
2026-02-16 03:55:48.823794,Tokyo-f704,-7,44,Normal
2026-02-16 03:55:49.823794,Tokyo-f704,23,50,Normal
2026-02-16 03:55:50.823794,Tokyo-f704,-7,42,Normal
2026-02-16 03:55:51.823794,Tokyo-f704,19,89,Normal
2026-02-16 03:55:52.823794,Tokyo-f704,-18,62,Normal
2026-02-16 03:55:53.823794,Tokyo-f704,-23,95,Normal
2026-02-16 03:55:54.823794,Tokyo-f704,-1,10,Normal
2026-02-16 03:55:55.823794,Tokyo-f704,17,34,Normal
2026-02-16 03:55:56.823794,Tokyo-f704,10,92,Normal
2026-02-16 03:55:57.823794,Tokyo-f704,16,38,Normal
2026-02-16 03:55:58.823794,Tokyo-f704,10,1,Normal
2026-02-16 03:55:59.823794,Tokyo-f704,-10,31,Normal
2026-02-16 03:56:00.823794,Tokyo-f704,-20,6,Normal
2026-02-16 03:56:01.823794,Tokyo-f704,29,7,Normal
2026-02-16 03:56:02.823794,Tokyo-f704,-26,54,Normal
2026-02-16 03:56:03.823794,Tokyo-f704,31,72,Normal
2026-02-16 03:56:04.823794,Tokyo-f704,23,48,Normal
2026-02-16 03:56:05.823794,Tokyo-f704,44,15,Normal
2026-02-16 03:56:06.823794,Tokyo-f704,-1,50,Normal
2026-02-16 03:56:07.823794,Tokyo-f704,12,98,Normal
2026-02-16 03:56:08.823794,Tokyo-f704,29,11,Normal
2026-02-16 03:56:09.823794,Tokyo-f704,-3,55,Normal
2026-02-16 03:56:10.823794,Tokyo-f704,16,72,Normal
2026-02-16 03:56:11.823794,Tokyo-f704,-23,99,Normal
2026-02-16 03:56:12.823794,Tokyo-f704,-9,64,Normal
2026-02-16 03:56:13.823794,Tokyo-f704,31,88,Normal
2026-02-16 03:56:14.823794,Tokyo-f704,35,3,Normal
2026-02-16 03:56:15.823794,Tokyo-f704,13,34,Normal
2026-02-16 03:56:16.823794,Tokyo-f704,19,47,Normal
2026-02-16 03:56:17.823794,Tokyo-f704,-14,54,Normal
2026-02-16 03:56:18.823794,Tokyo-f704,8,43,Normal
2026-02-16 03:56:19.823794,Tokyo-f704,27,35,Normal
2026-02-16 03:56:20.823794,Tokyo-f704,26,13,Normal
2026-02-16 03:56:21.823794,Tokyo-f704,22,26,Normal
2026-02-16 03:56:22.823794,Tokyo-f704,-16,78,Normal
2026-02-16 03:56:23.823794,Tokyo-f704,-4,67,Normal
2026-02-16 03:56:24.823794,Tokyo-f704,7,24,Normal
2026-02-16 03:56:25.823794,Tokyo-f704,41,51,Normal
2026-02-16 03:56:26.823794,Tokyo-f704,0,95,Normal
2026-02-16 03:56:27.823794,Tokyo-f704,-19,44,Normal
2026-02-16 03:56:28.823794,Tokyo-f704,-1,88,Normal
2026-02-16 03:56:29.823794,Tokyo-f704,-4,82,Normal
2026-02-16 03:56:30.823794,Tokyo-f704,20,81,Normal
2026-02-16 03:56:31.823794,Tokyo-f704,23,1,Normal
2026-02-16 03:56:32.823794,Tokyo-f704,15,88,Normal
2026-02-16 03:56:33.823794,Tokyo-f704,21,36,Normal
2026-02-16 03:56:34.823794,Tokyo-f704,35,21,Normal
2026-02-16 03:56:35.823794,Tokyo-f704,3,21,Normal
2026-02-16 03:56:36.823794,Tokyo-f704,15,72,Normal
2026-02-16 03:56:37.823794,Tokyo-f704,28,94,Normal
2026-02-16 03:56:38.823794,Tokyo-f704,48,29,Normal
2026-02-16 03:56:39.823794,Tokyo-f704,22,15,Normal
2026-02-16 03:56:40.823794,Tokyo-f704,-23,61,Normal
2026-02-16 03:56:41.823794,Tokyo-f704,40,17,Normal
2026-02-16 03:56:42.823794,Tokyo-f704,32,65,Normal
2026-02-16 03:56:43.823794,Tokyo-f704,30,61,Normal
2026-02-16 03:56:44.823794,Tokyo-f704,-25,23,Normal
2026-02-16 03:56:45.823794,Tokyo-f704,-30,32,Normal
2026-02-16 03:56:46.823794,Tokyo-f704,-23,100,Normal
2026-02-16 03:56:47.823794,Tokyo-f704,-10,45,Normal
2026-02-16 03:56:48.823794,Tokyo-f704,-19,87,Normal
2026-02-16 03:56:49.823794,Tokyo-f704,-4,39,Normal
2026-02-16 03:56:50.823794,Tokyo-f704,48,74,Normal
2026-02-16 03:56:51.823794,Tokyo-f704,3,53,Normal
2026-02-16 03:56:52.823794,Tokyo-f704,2,98,Normal
2026-02-16 03:56:53.823794,Tokyo-f704,22,34,Normal
2026-02-16 03:56:54.823794,Tokyo-f704,-23,38,Normal
2026-02-16 03:56:55.823794,Tokyo-f704,3,48,Normal
2026-02-16 03:56:56.823794,Tokyo-f704,15,54,Normal
2026-02-16 03:56:57.823794,Tokyo-f704,-9,98,Normal
2026-02-16 03:56:58.823794,Tokyo-f704,-18,80,Normal
2026-02-16 03:56:59.823794,Tokyo-f704,11,94,Normal
2026-02-16 03:57:00.823794,Tokyo-f704,32,0,Normal
2026-02-16 03:57:01.823794,Tokyo-f704,37,41,Normal
2026-02-16 03:57:02.823794,Tokyo-f704,-30,20,Normal
2026-02-16 03:57:03.823794,Tokyo-f704,50,7,Normal
2026-02-16 03:57:04.823794,Tokyo-f704,-19,56,Normal
2026-02-16 03:57:05.823794,Tokyo-f704,43,72,Normal
2026-02-16 03:57:06.823794,Tokyo-f704,32,18,Normal
2026-02-16 03:57:07.823794,Tokyo-f704,-2,65,Normal
2026-02-16 03:57:08.823794,Tokyo-f704,31,58,Normal
2026-02-16 03:57:09.823794,Tokyo-f704,1,5,Normal
2026-02-16 03:57:10.823794,Tokyo-f704,37,78,Normal
2026-02-16 03:57:11.823794,Tokyo-f704,-23,13,Normal
2026-02-16 03:57:12.823794,Tokyo-f704,17,79,Normal
2026-02-16 03:57:13.823794,Tokyo-f704,22,90,Normal
2026-02-16 03:57:14.823794,Tokyo-f704,-6,13,Normal
2026-02-16 03:57:15.823794,Tokyo-f704,17,37,Normal
2026-02-16 03:57:16.823794,Tokyo-f704,-29,94,Normal
2026-02-16 03:57:17.823794,Tokyo-f704,-5,4,Normal
2026-02-16 03:57:18.823794,Tokyo-f704,-6,92,Normal
2026-02-16 03:57:19.823794,Tokyo-f704,17,86,Normal
2026-02-16 03:57:20.823794,Tokyo-f704,9,4,Normal
2026-02-16 03:57:21.823794,Tokyo-f704,-12,75,Normal
2026-02-16 03:57:22.823794,Tokyo-f704,-2,8,Normal
2026-02-16 03:57:23.823794,Tokyo-f704,-5,72,Normal
2026-02-16 03:57:24.823794,Tokyo-f704,18,20,Normal
2026-02-16 03:57:25.823794,Tokyo-f704,46,46,Normal
2026-02-16 03:57:26.823794,Tokyo-f704,-17,64,Normal
2026-02-16 03:57:27.823794,Tokyo-f704,30,11,Normal
2026-02-16 03:57:28.823794,Tokyo-f704,13,65,Normal
2026-02-16 03:57:29.823794,Tokyo-f704,-27,100,Normal
2026-02-16 03:57:30.823794,Tokyo-f704,19,88,Normal
2026-02-16 03:57:31.823794,Tokyo-f704,-28,29,Normal
2026-02-16 03:57:32.823794,Tokyo-f704,-23,22,Normal
2026-02-16 03:57:33.823794,Tokyo-f704,-18,26,Normal
2026-02-16 03:57:34.823794,Tokyo-f704,29,63,Normal
2026-02-16 03:57:35.823794,Tokyo-f704,-18,85,Normal
2026-02-16 03:57:36.823794,Tokyo-f704,-6,34,Normal
2026-02-16 03:57:37.823794,Tokyo-f704,-20,37,Normal
2026-02-16 03:57:38.823794,Tokyo-f704,-8,46,Normal
2026-02-16 03:57:39.823794,Tokyo-f704,20,83,Normal
2026-02-16 03:57:40.823794,Tokyo-f704,-15,31,Normal
2026-02-16 03:57:41.823794,Tokyo-f704,15,88,Normal
2026-02-16 03:57:42.823794,Tokyo-f704,0,19,Normal
2026-02-16 03:57:43.823794,Tokyo-f704,25,94,Normal
2026-02-16 03:57:44.823794,Tokyo-f704,45,24,Normal
2026-02-16 03:57:45.823794,Tokyo-f704,1,62,Normal
2026-02-16 03:57:46.823794,Tokyo-f704,-20,71,Normal
2026-02-16 03:57:47.823794,Tokyo-f704,-29,17,Normal
2026-02-16 03:57:48.823794,Tokyo-f704,14,85,Normal
2026-02-16 03:57:49.823794,Tokyo-f704,41,20,Normal
2026-02-16 03:57:50.823794,Tokyo-f704,32,23,Normal
2026-02-16 03:57:51.823794,Tokyo-f704,12,3,Normal
2026-02-16 03:57:52.823794,Tokyo-f704,-30,52,Normal
2026-02-16 03:57:53.823794,Tokyo-f704,-19,36,Normal
2026-02-16 03:57:54.823794,Tokyo-f704,5,30,Normal
2026-02-16 03:57:55.823794,Tokyo-f704,17,10,Normal
2026-02-16 03:57:56.823794,Tokyo-f704,-26,6,Normal
2026-02-16 03:57:57.823794,Tokyo-f704,19,67,Normal
2026-02-16 03:57:58.823794,Tokyo-f704,-4,10,Normal
2026-02-16 03:57:59.823794,Tokyo-f704,41,73,Normal
2026-02-16 03:58:00.823794,Tokyo-f704,2,97,Normal
2026-02-16 03:58:01.823794,Tokyo-f704,41,39,Normal
2026-02-16 03:58:02.823794,Tokyo-f704,15,62,Normal
2026-02-16 03:58:03.823794,Tokyo-f704,19,90,Normal
2026-02-16 03:58:04.823794,Tokyo-f704,50,50,Normal
2026-02-16 03:58:05.823794,Tokyo-f704,-18,52,Normal
2026-02-16 03:58:06.823794,Tokyo-f704,14,70,Normal
2026-02-16 03:58:07.823794,Tokyo-f704,17,40,Normal
2026-02-16 03:58:08.823794,Tokyo-f704,32,77,Normal
2026-02-16 03:58:09.823794,Tokyo-f704,17,73,Normal
2026-02-16 03:58:10.823794,Tokyo-f704,13,61,Normal
2026-02-16 03:58:11.823794,Tokyo-f704,22,19,Normal
2026-02-16 03:58:12.823794,Tokyo-f704,-6,38,Normal
2026-02-16 03:58:13.823794,Tokyo-f704,2,2,Normal
2026-02-16 03:58:14.823794,Tokyo-f704,39,13,Normal
2026-02-16 03:58:15.823794,Tokyo-f704,-18,8,Normal
2026-02-16 03:58:16.823794,Tokyo-f704,36,46,Normal
2026-02-16 03:58:17.823794,Tokyo-f704,26,16,Normal
2026-02-16 03:58:18.823794,Tokyo-f704,-2,97,Normal
2026-02-16 03:58:19.823794,Tokyo-f704,25,88,Normal
2026-02-16 03:58:20.823794,Tokyo-f704,-23,41,Normal
2026-02-16 03:58:21.823794,Tokyo-f704,43,43,Normal
2026-02-16 03:58:22.823794,Tokyo-f704,-5,48,Normal
2026-02-16 03:58:23.823794,Tokyo-f704,-16,65,Normal
2026-02-16 03:58:24.823794,Tokyo-f704,37,3,Normal
2026-02-16 03:58:25.823794,Tokyo-f704,32,10,Normal
2026-02-16 03:58:26.823794,Tokyo-f704,-7,0,Normal
2026-02-16 03:58:27.823794,Tokyo-f704,31,20,Normal
2026-02-16 03:58:28.823794,Tokyo-f704,-29,35,Normal
2026-02-16 03:58:29.823794,Tokyo-f704,34,67,Normal
2026-02-16 03:58:30.823794,Tokyo-f704,4,96,Normal
2026-02-16 03:58:31.823794,Tokyo-f704,-13,14,Normal
2026-02-16 03:58:32.823794,Tokyo-f704,25,18,Normal
2026-02-16 03:58:33.823794,Tokyo-f704,0,42,Normal
2026-02-16 03:58:34.823794,Tokyo-f704,11,83,Normal
2026-02-16 03:58:35.823794,Tokyo-f704,-21,34,Normal
2026-02-16 03:58:36.823794,Tokyo-f704,48,19,Normal
2026-02-16 03:58:37.823794,Tokyo-f704,-2,98,Normal
2026-02-16 03:58:38.823794,Tokyo-f704,-7,83,Normal
2026-02-16 03:58:39.823794,Tokyo-f704,8,29,Normal
2026-02-16 03:58:40.823794,Tokyo-f704,-16,54,Normal
2026-02-16 03:58:41.823794,Tokyo-f704,-11,72,Normal
2026-02-16 03:58:42.823794,Tokyo-f704,29,61,Normal
2026-02-16 03:58:43.823794,Tokyo-f704,-20,5,Normal
2026-02-16 03:58:44.823794,Tokyo-f704,-30,42,Normal
2026-02-16 03:58:45.823794,Tokyo-f704,49,39,Normal
2026-02-16 03:58:46.823794,Tokyo-f704,-1,0,Normal
2026-02-16 03:58:47.823794,Tokyo-f704,2,70,Normal
2026-02-16 03:58:48.823794,Tokyo-f704,17,95,Normal
2026-02-16 03:58:49.823794,Tokyo-f704,-7,45,Normal
2026-02-16 03:58:50.823794,Tokyo-f704,2,43,Normal
2026-02-16 03:58:51.823794,Tokyo-f704,9,83,Normal
2026-02-16 03:58:52.823794,Tokyo-f704,-3,51,Normal
2026-02-16 03:58:53.823794,Tokyo-f704,14,96,Normal
2026-02-16 03:58:54.823794,Tokyo-f704,32,13,Normal
2026-02-16 03:58:55.823794,Tokyo-f704,47,19,Normal
2026-02-16 03:58:56.823794,Tokyo-f704,13,6,Normal
2026-02-16 03:58:57.823794,Tokyo-f704,43,73,Normal
2026-02-16 03:58:58.823794,Tokyo-f704,31,88,Normal
2026-02-16 03:58:59.823794,Tokyo-f704,30,6,Normal
2026-02-16 03:59:00.823794,Tokyo-f704,2,50,Normal
2026-02-16 03:59:01.823794,Tokyo-f704,20,49,Normal
2026-02-16 03:59:02.823794,Tokyo-f704,-22,76,Normal
2026-02-16 03:59:03.823794,Tokyo-f704,33,56,Normal
2026-02-16 03:59:04.823794,Tokyo-f704,0,24,Normal
2026-02-16 03:59:05.823794,Tokyo-f704,40,57,Normal
2026-02-16 03:59:06.823794,Tokyo-f704,35,7,Normal
2026-02-16 03:59:07.823794,Tokyo-f704,15,38,Normal
2026-02-16 03:59:08.823794,Tokyo-f704,42,53,Normal
2026-02-16 03:59:09.823794,Tokyo-f704,-14,64,Normal
2026-02-16 03:59:10.823794,Tokyo-f704,-22,92,Normal
2026-02-16 03:59:11.823794,Tokyo-f704,-4,51,Normal
2026-02-16 03:59:12.823794,Tokyo-f704,-15,60,Normal
2026-02-16 03:59:13.823794,Tokyo-f704,19,87,Normal
2026-02-16 03:59:14.823794,Tokyo-f704,0,1,Normal
2026-02-16 03:59:15.823794,Tokyo-f704,42,54,Normal
2026-02-16 03:59:16.823794,Tokyo-f704,47,69,Normal
2026-02-16 03:59:17.823794,Tokyo-f704,46,58,Normal
2026-02-16 03:59:18.823794,Tokyo-f704,40,5,Normal
2026-02-16 03:59:19.823794,Tokyo-f704,0,68,Normal
2026-02-16 03:59:20.823794,Tokyo-f704,-22,96,Normal
2026-02-16 03:59:21.823794,Tokyo-f704,-29,70,Normal
2026-02-16 03:59:22.823794,Tokyo-f704,-13,25,Normal
2026-02-16 03:59:23.823794,Tokyo-f704,-29,32,Normal
2026-02-16 03:59:24.823794,Tokyo-f704,-8,9,Normal
2026-02-16 03:59:25.823794,Tokyo-f704,12,31,Normal
2026-02-16 03:59:26.823794,Tokyo-f704,42,2,Normal
2026-02-16 03:59:27.823794,Tokyo-f704,27,8,Normal
2026-02-16 03:59:28.823794,Tokyo-f704,41,86,Normal
2026-02-16 03:59:29.823794,Tokyo-f704,3,21,Normal
2026-02-16 03:59:30.823794,Tokyo-f704,21,8,Normal
2026-02-16 03:59:31.823794,Tokyo-f704,-5,2,Normal
2026-02-16 03:59:32.823794,Tokyo-f704,-21,98,Normal
2026-02-16 03:59:33.823794,Tokyo-f704,17,68,Normal
2026-02-16 03:59:34.823794,Tokyo-f704,-7,69,Normal
2026-02-16 03:59:35.823794,Tokyo-f704,41,49,Normal
2026-02-16 03:59:36.823794,Tokyo-f704,-4,80,Normal
2026-02-16 03:59:37.823794,Tokyo-f704,4,58,Normal
2026-02-16 03:59:38.823794,Tokyo-f704,-29,2,Normal
2026-02-16 03:59:39.823794,Tokyo-f704,-24,76,Normal
2026-02-16 03:59:40.823794,Tokyo-f704,3,7,Normal
2026-02-16 03:59:41.823794,Tokyo-f704,3,98,Normal
2026-02-16 03:59:42.823794,Tokyo-f704,-8,49,Normal
2026-02-16 03:59:43.823794,Tokyo-f704,-21,17,Normal
2026-02-16 03:59:44.823794,Tokyo-f704,24,40,Normal
2026-02-16 03:59:45.823794,Tokyo-f704,47,47,Normal
2026-02-16 03:59:46.823794,Tokyo-f704,-29,59,Normal
2026-02-16 03:59:47.823794,Tokyo-f704,-12,39,Normal
2026-02-16 03:59:48.823794,Tokyo-f704,24,28,Normal
2026-02-16 03:59:49.823794,Tokyo-f704,-22,61,Normal
2026-02-16 03:59:50.823794,Tokyo-f704,-25,26,Normal
2026-02-16 03:59:51.823794,Tokyo-f704,40,55,Normal
2026-02-16 03:59:52.823794,Tokyo-f704,41,43,Normal
2026-02-16 03:59:53.823794,Tokyo-f704,17,89,Normal
2026-02-16 03:59:54.823794,Tokyo-f704,47,90,Normal
2026-02-16 03:59:55.823794,Tokyo-f704,21,85,Normal
2026-02-16 03:59:56.823794,Tokyo-f704,11,87,Normal
2026-02-16 03:59:57.823794,Tokyo-f704,20,94,Normal
2026-02-16 03:59:58.823794,Tokyo-f704,17,15,Normal
2026-02-16 03:59:59.823794,Tokyo-f704,-14,80,Normal
2026-02-16 04:00:00.823794,Tokyo-f704,14,48,Normal
2026-02-16 04:00:01.823794,Tokyo-f704,30,91,Normal
2026-02-16 04:00:02.823794,Tokyo-f704,-24,42,Normal
2026-02-16 04:00:03.823794,Tokyo-f704,-29,53,Normal
2026-02-16 04:00:04.823794,Tokyo-f704,47,79,Normal
2026-02-16 04:00:05.823794,Tokyo-f704,47,66,Normal
2026-02-16 04:00:06.823794,Tokyo-f704,27,39,Normal
2026-02-16 04:00:07.823794,Tokyo-f704,-27,60,Normal
2026-02-16 04:00:08.823794,Tokyo-f704,48,52,Normal
2026-02-16 04:00:09.823794,Tokyo-f704,14,64,Normal
2026-02-16 04:00:10.823794,Tokyo-f704,31,73,Normal
2026-02-16 04:00:11.823794,Tokyo-f704,-13,82,Normal
2026-02-16 04:00:12.823794,Tokyo-f704,32,49,Normal
2026-02-16 04:00:13.823794,Tokyo-f704,13,72,Normal
2026-02-16 04:00:14.823794,Tokyo-f704,-3,74,Normal
2026-02-16 04:00:15.823794,Tokyo-f704,18,20,Normal
2026-02-16 04:00:16.823794,Tokyo-f704,45,94,Normal
2026-02-16 04:00:17.823794,Tokyo-f704,36,11,Normal
2026-02-16 04:00:18.823794,Tokyo-f704,-26,28,Normal
2026-02-16 04:00:19.823794,Tokyo-f704,36,89,Normal
2026-02-16 04:00:20.823794,Tokyo-f704,50,62,Normal
2026-02-16 04:00:21.823794,Tokyo-f704,-7,45,Normal
2026-02-16 04:00:22.823794,Tokyo-f704,32,25,Normal
2026-02-16 04:00:23.823794,Tokyo-f704,49,99,Normal
2026-02-16 04:00:24.823794,Tokyo-f704,33,90,Normal
2026-02-16 04:00:25.823794,Tokyo-f704,-29,38,Normal
2026-02-16 04:00:26.823794,Tokyo-f704,-30,42,Normal
2026-02-16 04:00:27.823794,Tokyo-f704,45,38,Normal
2026-02-16 04:00:28.823794,Tokyo-f704,50,41,Normal
2026-02-16 04:00:29.823794,Tokyo-f704,-23,41,Normal
2026-02-16 04:00:30.823794,Tokyo-f704,-23,40,Normal
2026-02-16 04:00:31.823794,Tokyo-f704,16,7,Normal
2026-02-16 04:00:32.823794,Tokyo-f704,41,46,Normal
2026-02-16 04:00:33.823794,Tokyo-f704,-27,13,Normal
2026-02-16 04:00:34.823794,Tokyo-f704,-8,75,Normal
2026-02-16 04:00:35.823794,Tokyo-f704,-28,68,Normal
2026-02-16 04:00:36.823794,Tokyo-f704,33,24,Normal
2026-02-16 04:00:37.823794,Tokyo-f704,7,0,Normal
2026-02-16 04:00:38.823794,Tokyo-f704,-19,97,Normal
2026-02-16 04:00:39.823794,Tokyo-f704,-24,85,Normal
