timestamp,station_id,temp,humid,condition
2026-02-16 07:46:06.615004,Toronto-df01,-17,83,Normal
2026-02-16 07:46:07.615004,Toronto-df01,-29,46,Normal
2026-02-16 07:46:08.615004,Toronto-df01,40,10,Normal
2026-02-16 07:46:09.615004,Toronto-df01,21,35,Normal
2026-02-16 07:46:10.615004,Toronto-df01,47,100,Normal
2026-02-16 07:46:11.615004,Toronto-df01,-17,17,Normal
2026-02-16 07:46:12.615004,Toronto-df01,49,98,Normal
2026-02-16 07:46:13.615004,Toronto-df01,11,72,Normal
2026-02-16 07:46:14.615004,Toronto-df01,15,36,Normal
2026-02-16 07:46:15.615004,Toronto-df01,-14,53,Normal
2026-02-16 07:46:16.615004,Toronto-df01,-28,73,Normal
2026-02-16 07:46:17.615004,Toronto-df01,14,98,Normal
2026-02-16 07:46:18.615004,Toronto-df01,30,70,Normal
2026-02-16 07:46:19.615004,Toronto-df01,-1,61,Normal
2026-02-16 07:46:20.615004,Toronto-df01,29,46,Normal
2026-02-16 07:46:21.615004,Toronto-df01,41,4,Normal
2026-02-16 07:46:22.615004,Toronto-df01,42,53,Normal
2026-02-16 07:46:23.615004,Toronto-df01,21,14,Normal
2026-02-16 07:46:24.615004,Toronto-df01,-9,42,Normal
2026-02-16 07:46:25.615004,Toronto-df01,-8,91,Normal
2026-02-16 07:46:26.615004,Toronto-df01,17,36,Normal
2026-02-16 07:46:27.615004,Toronto-df01,-11,93,Normal
2026-02-16 07:46:28.615004,Toronto-df01,4,66,Normal
2026-02-16 07:46:29.615004,Toronto-df01,25,15,Normal
2026-02-16 07:46:30.615004,Toronto-df01,50,99,Normal
2026-02-16 07:46:31.615004,Toronto-df01,37,73,Normal
2026-02-16 07:46:32.615004,Toronto-df01,11,91,Normal
2026-02-16 07:46:33.615004,Toronto-df01,-19,25,Normal
2026-02-16 07:46:34.615004,Toronto-df01,32,93,Normal
2026-02-16 07:46:35.615004,Toronto-df01,48,17,Normal
2026-02-16 07:46:36.615004,Toronto-df01,46,3,Normal
2026-02-16 07:46:37.615004,Toronto-df01,5,80,Normal
2026-02-16 07:46:38.615004,Toronto-df01,35,65,Normal
2026-02-16 07:46:39.615004,Toronto-df01,22,99,Normal
2026-02-16 07:46:40.615004,Toronto-df01,-10,84,Normal
2026-02-16 07:46:41.615004,Toronto-df01,20,80,Normal
2026-02-16 07:46:42.615004,Toronto-df01,43,90,Normal
2026-02-16 07:46:43.615004,Toronto-df01,-30,37,Normal
2026-02-16 07:46:44.615004,Toronto-df01,48,1,Normal
2026-02-16 07:46:45.615004,Toronto-df01,-3,62,Normal
2026-02-16 07:46:46.615004,Toronto-df01,49,93,Normal
2026-02-16 07:46:47.615004,Toronto-df01,-19,91,Normal
2026-02-16 07:46:48.615004,Toronto-df01,4,38,Normal
2026-02-16 07:46:49.615004,Toronto-df01,-26,47,Normal
2026-02-16 07:46:50.615004,Toronto-df01,26,25,Normal
2026-02-16 07:46:51.615004,Toronto-df01,-15,85,Normal
2026-02-16 07:46:52.615004,Toronto-df01,-18,2,Normal
2026-02-16 07:46:53.615004,Toronto-df01,4,52,Normal
2026-02-16 07:46:54.615004,Toronto-df01,31,35,Normal
2026-02-16 07:46:55.615004,Toronto-df01,-19,35,Normal
2026-02-16 07:46:56.615004,Toronto-df01,-8,14,Normal
2026-02-16 07:46:57.615004,Toronto-df01,-15,89,Normal
2026-02-16 07:46:58.615004,Toronto-df01,-17,84,Normal
2026-02-16 07:46:59.615004,Toronto-df01,26,4,Normal
2026-02-16 07:47:00.615004,Toronto-df01,15,48,Normal
2026-02-16 07:47:01.615004,Toronto-df01,27,8,Normal
2026-02-16 07:47:02.615004,Toronto-df01,17,86,Normal
2026-02-16 07:47:03.615004,Toronto-df01,-3,11,Normal
2026-02-16 07:47:04.615004,Toronto-df01,27,77,Normal
2026-02-16 07:47:05.615004,Toronto-df01,45,8,Normal
2026-02-16 07:47:06.615004,Toronto-df01,49,24,Normal
2026-02-16 07:47:07.615004,Toronto-df01,11,85,Normal
2026-02-16 07:47:08.615004,Toronto-df01,39,40,Normal
2026-02-16 07:47:09.615004,Toronto-df01,6,51,Normal
2026-02-16 07:47:10.615004,Toronto-df01,15,78,Normal
2026-02-16 07:47:11.615004,Toronto-df01,15,53,Normal
2026-02-16 07:47:12.615004,Toronto-df01,-11,27,Normal
2026-02-16 07:47:13.615004,Toronto-df01,29,55,Normal
2026-02-16 07:47:14.615004,Toronto-df01,39,46,Normal
2026-02-16 07:47:15.615004,Toronto-df01,47,62,Normal
2026-02-16 07:47:16.615004,Toronto-df01,18,23,Normal
2026-02-16 07:47:17.615004,Toronto-df01,37,20,Normal
2026-02-16 07:47:18.615004,Toronto-df01,-17,40,Normal
2026-02-16 07:47:19.615004,Toronto-df01,-27,58,Normal
2026-02-16 07:47:20.615004,Toronto-df01,-6,98,Normal
2026-02-16 07:47:21.615004,Toronto-df01,26,36,Normal
2026-02-16 07:47:22.615004,Toronto-df01,5,26,Normal
2026-02-16 07:47:23.615004,Toronto-df01,-12,82,Normal
2026-02-16 07:47:24.615004,Toronto-df01,27,32,Normal
2026-02-16 07:47:25.615004,Toronto-df01,1,37,Normal
2026-02-16 07:47:26.615004,Toronto-df01,27,47,Normal
2026-02-16 07:47:27.615004,Toronto-df01,44,24,Normal
2026-02-16 07:47:28.615004,Toronto-df01,29,60,Normal
2026-02-16 07:47:29.615004,Toronto-df01,46,18,Normal
2026-02-16 07:47:30.615004,Toronto-df01,29,95,Normal
2026-02-16 07:47:31.615004,Toronto-df01,-6,34,Normal
2026-02-16 07:47:32.615004,Toronto-df01,44,32,Normal
2026-02-16 07:47:33.615004,Toronto-df01,5,34,Normal
2026-02-16 07:47:34.615004,Toronto-df01,30,77,Normal
2026-02-16 07:47:35.615004,Toronto-df01,49,78,Normal
2026-02-16 07:47:36.615004,Toronto-df01,-13,71,Normal
2026-02-16 07:47:37.615004,Toronto-df01,1,96,Normal
2026-02-16 07:47:38.615004,Toronto-df01,34,81,Normal
2026-02-16 07:47:39.615004,Toronto-df01,23,64,Normal
2026-02-16 07:47:40.615004,Toronto-df01,41,9,Normal
2026-02-16 07:47:41.615004,Toronto-df01,11,72,Normal
2026-02-16 07:47:42.615004,Toronto-df01,12,63,Normal
2026-02-16 07:47:43.615004,Toronto-df01,50,74,Normal
2026-02-16 07:47:44.615004,Toronto-df01,42,24,Normal
2026-02-16 07:47:45.615004,Toronto-df01,16,41,Normal
2026-02-16 07:47:46.615004,Toronto-df01,-8,54,Normal
2026-02-16 07:47:47.615004,Toronto-df01,-21,76,Normal
2026-02-16 07:47:48.615004,Toronto-df01,5,40,Normal
2026-02-16 07:47:49.615004,Toronto-df01,15,75,Normal
2026-02-16 07:47:50.615004,Toronto-df01,8,13,Normal
2026-02-16 07:47:51.615004,Toronto-df01,-8,28,Normal
2026-02-16 07:47:52.615004,Toronto-df01,34,64,Normal
2026-02-16 07:47:53.615004,Toronto-df01,46,6,Normal
2026-02-16 07:47:54.615004,Toronto-df01,16,15,Normal
2026-02-16 07:47:55.615004,Toronto-df01,35,12,Normal
2026-02-16 07:47:56.615004,Toronto-df01,33,93,Normal
2026-02-16 07:47:57.615004,Toronto-df01,20,58,Normal
2026-02-16 07:47:58.615004,Toronto-df01,32,40,Normal
2026-02-16 07:47:59.615004,Toronto-df01,-4,0,Normal
2026-02-16 07:48:00.615004,Toronto-df01,-22,35,Normal
2026-02-16 07:48:01.615004,Toronto-df01,19,95,Normal
2026-02-16 07:48:02.615004,Toronto-df01,-19,72,Normal
2026-02-16 07:48:03.615004,Toronto-df01,34,0,Normal
2026-02-16 07:48:04.615004,Toronto-df01,-10,80,Normal
2026-02-16 07:48:05.615004,Toronto-df01,5,34,Normal
2026-02-16 07:48:06.615004,Toronto-df01,-21,41,Normal
2026-02-16 07:48:07.615004,Toronto-df01,-28,33,Normal
2026-02-16 07:48:08.615004,Toronto-df01,-11,31,Normal
2026-02-16 07:48:09.615004,Toronto-df01,44,57,Normal
2026-02-16 07:48:10.615004,Toronto-df01,17,8,Normal
2026-02-16 07:48:11.615004,Toronto-df01,1,13,Normal
2026-02-16 07:48:12.615004,Toronto-df01,19,92,Normal
2026-02-16 07:48:13.615004,Toronto-df01,-23,25,Normal
2026-02-16 07:48:14.615004,Toronto-df01,46,44,Normal
2026-02-16 07:48:15.615004,Toronto-df01,-2,1,Normal
2026-02-16 07:48:16.615004,Toronto-df01,44,36,Normal
2026-02-16 07:48:17.615004,Toronto-df01,-11,98,Normal
2026-02-16 07:48:18.615004,Toronto-df01,30,50,Normal
2026-02-16 07:48:19.615004,Toronto-df01,-9,7,Normal
2026-02-16 07:48:20.615004,Toronto-df01,-7,66,Normal
2026-02-16 07:48:21.615004,Toronto-df01,-25,4,Normal
2026-02-16 07:48:22.615004,Toronto-df01,34,87,Normal
2026-02-16 07:48:23.615004,Toronto-df01,-23,28,Normal
2026-02-16 07:48:24.615004,Toronto-df01,4,94,Normal
2026-02-16 07:48:25.615004,Toronto-df01,28,8,Normal
2026-02-16 07:48:26.615004,Toronto-df01,39,81,Normal
2026-02-16 07:48:27.615004,Toronto-df01,50,43,Normal
2026-02-16 07:48:28.615004,Toronto-df01,41,20,Normal
2026-02-16 07:48:29.615004,Toronto-df01,4,92,Normal
2026-02-16 07:48:30.615004,Toronto-df01,-24,37,Normal
2026-02-16 07:48:31.615004,Toronto-df01,-4,46,Normal
2026-02-16 07:48:32.615004,Toronto-df01,28,33,Normal
2026-02-16 07:48:33.615004,Toronto-df01,-13,14,Normal
2026-02-16 07:48:34.615004,Toronto-df01,-4,60,Normal
2026-02-16 07:48:35.615004,Toronto-df01,17,19,Normal
2026-02-16 07:48:36.615004,Toronto-df01,-6,23,Normal
2026-02-16 07:48:37.615004,Toronto-df01,-24,27,Normal
2026-02-16 07:48:38.615004,Toronto-df01,48,4,Normal
2026-02-16 07:48:39.615004,Toronto-df01,44,62,Normal
2026-02-16 07:48:40.615004,Toronto-df01,-4,14,Normal
2026-02-16 07:48:41.615004,Toronto-df01,22,47,Normal
2026-02-16 07:48:42.615004,Toronto-df01,32,14,Normal
2026-02-16 07:48:43.615004,Toronto-df01,-3,25,Normal
2026-02-16 07:48:44.615004,Toronto-df01,43,50,Normal
2026-02-16 07:48:45.615004,Toronto-df01,33,51,Normal
2026-02-16 07:48:46.615004,Toronto-df01,-14,67,Normal
2026-02-16 07:48:47.615004,Toronto-df01,5,70,Normal
2026-02-16 07:48:48.615004,Toronto-df01,-21,48,Normal
2026-02-16 07:48:49.615004,Toronto-df01,42,46,Normal
2026-02-16 07:48:50.615004,Toronto-df01,-23,32,Normal
2026-02-16 07:48:51.615004,Toronto-df01,-20,50,Normal
2026-02-16 07:48:52.615004,Toronto-df01,-4,0,Normal
2026-02-16 07:48:53.615004,Toronto-df01,22,85,Normal
2026-02-16 07:48:54.615004,Toronto-df01,-22,50,Normal
2026-02-16 07:48:55.615004,Toronto-df01,8,41,Normal
2026-02-16 07:48:56.615004,Toronto-df01,-12,60,Normal
2026-02-16 07:48:57.615004,Toronto-df01,-27,44,Normal
2026-02-16 07:48:58.615004,Toronto-df01,46,48,Normal
2026-02-16 07:48:59.615004,Toronto-df01,1,88,Normal
2026-02-16 07:49:00.615004,Toronto-df01,31,35,Normal
2026-02-16 07:49:01.615004,Toronto-df01,7,8,Normal
2026-02-16 07:49:02.615004,Toronto-df01,48,0,Normal
2026-02-16 07:49:03.615004,Toronto-df01,5,65,Normal
2026-02-16 07:49:04.615004,Toronto-df01,25,26,Normal
2026-02-16 07:49:05.615004,Toronto-df01,34,63,Normal
2026-02-16 07:49:06.615004,Toronto-df01,-9,59,Normal
2026-02-16 07:49:07.615004,Toronto-df01,-12,60,Normal
2026-02-16 07:49:08.615004,Toronto-df01,47,45,Normal
2026-02-16 07:49:09.615004,Toronto-df01,34,56,Normal
2026-02-16 07:49:10.615004,Toronto-df01,-29,51,Normal
2026-02-16 07:49:11.615004,Toronto-df01,27,1,Normal
2026-02-16 07:49:12.615004,Toronto-df01,31,85,Normal
2026-02-16 07:49:13.615004,Toronto-df01,24,83,Normal
2026-02-16 07:49:14.615004,Toronto-df01,-10,14,Normal
2026-02-16 07:49:15.615004,Toronto-df01,1,100,Normal
2026-02-16 07:49:16.615004,Toronto-df01,-6,52,Normal
2026-02-16 07:49:17.615004,Toronto-df01,29,79,Normal
2026-02-16 07:49:18.615004,Toronto-df01,-16,26,Normal
2026-02-16 07:49:19.615004,Toronto-df01,29,92,Normal
2026-02-16 07:49:20.615004,Toronto-df01,-24,73,Normal
2026-02-16 07:49:21.615004,Toronto-df01,27,32,Normal
2026-02-16 07:49:22.615004,Toronto-df01,10,22,Normal
2026-02-16 07:49:23.615004,Toronto-df01,-28,14,Normal
2026-02-16 07:49:24.615004,Toronto-df01,42,95,Normal
2026-02-16 07:49:25.615004,Toronto-df01,-26,56,Normal
2026-02-16 07:49:26.615004,Toronto-df01,26,38,Normal
2026-02-16 07:49:27.615004,Toronto-df01,1,27,Normal
2026-02-16 07:49:28.615004,Toronto-df01,34,24,Normal
2026-02-16 07:49:29.615004,Toronto-df01,22,36,Normal
2026-02-16 07:49:30.615004,Toronto-df01,39,35,Normal
2026-02-16 07:49:31.615004,Toronto-df01,8,63,Normal
2026-02-16 07:49:32.615004,Toronto-df01,-22,7,Normal
2026-02-16 07:49:33.615004,Toronto-df01,-10,56,Normal
2026-02-16 07:49:34.615004,Toronto-df01,-7,82,Normal
2026-02-16 07:49:35.615004,Toronto-df01,0,73,Normal
2026-02-16 07:49:36.615004,Toronto-df01,-23,45,Normal
2026-02-16 07:49:37.615004,Toronto-df01,33,38,Normal
2026-02-16 07:49:38.615004,Toronto-df01,9,21,Normal
2026-02-16 07:49:39.615004,Toronto-df01,17,26,Normal
2026-02-16 07:49:40.615004,Toronto-df01,22,90,Normal
2026-02-16 07:49:41.615004,Toronto-df01,48,26,Normal
2026-02-16 07:49:42.615004,Toronto-df01,24,80,Normal
2026-02-16 07:49:43.615004,Toronto-df01,27,48,Normal
2026-02-16 07:49:44.615004,Toronto-df01,-10,89,Normal
2026-02-16 07:49:45.615004,Toronto-df01,3,13,Normal
2026-02-16 07:49:46.615004,Toronto-df01,32,16,Normal
2026-02-16 07:49:47.615004,Toronto-df01,47,27,Normal
2026-02-16 07:49:48.615004,Toronto-df01,25,28,Normal
2026-02-16 07:49:49.615004,Toronto-df01,41,55,Normal
2026-02-16 07:49:50.615004,Toronto-df01,29,22,Normal
2026-02-16 07:49:51.615004,Toronto-df01,31,17,Normal
2026-02-16 07:49:52.615004,Toronto-df01,21,74,Normal
2026-02-16 07:49:53.615004,Toronto-df01,22,45,Normal
2026-02-16 07:49:54.615004,Toronto-df01,-8,27,Normal
2026-02-16 07:49:55.615004,Toronto-df01,20,3,Normal
2026-02-16 07:49:56.615004,Toronto-df01,-29,100,Normal
2026-02-16 07:49:57.615004,Toronto-df01,-18,45,Normal
2026-02-16 07:49:58.615004,Toronto-df01,-27,60,Normal
2026-02-16 07:49:59.615004,Toronto-df01,15,25,Normal
2026-02-16 07:50:00.615004,Toronto-df01,-14,58,Normal
2026-02-16 07:50:01.615004,Toronto-df01,47,58,Normal
2026-02-16 07:50:02.615004,Toronto-df01,29,78,Normal
2026-02-16 07:50:03.615004,Toronto-df01,-23,87,Normal
2026-02-16 07:50:04.615004,Toronto-df01,31,77,Normal
2026-02-16 07:50:05.615004,Toronto-df01,-9,9,Normal
2026-02-16 07:50:06.615004,Toronto-df01,17,78,Normal
2026-02-16 07:50:07.615004,Toronto-df01,10,8,Normal
2026-02-16 07:50:08.615004,Toronto-df01,-18,64,Normal
2026-02-16 07:50:09.615004,Toronto-df01,25,68,Normal
2026-02-16 07:50:10.615004,Toronto-df01,17,20,Normal
2026-02-16 07:50:11.615004,Toronto-df01,35,97,Normal
2026-02-16 07:50:12.615004,Toronto-df01,-9,7,Normal
2026-02-16 07:50:13.615004,Toronto-df01,17,44,Normal
2026-02-16 07:50:14.615004,Toronto-df01,24,76,Normal
2026-02-16 07:50:15.615004,Toronto-df01,5,35,Normal
2026-02-16 07:50:16.615004,Toronto-df01,-16,75,Normal
2026-02-16 07:50:17.615004,Toronto-df01,-11,92,Normal
2026-02-16 07:50:18.615004,Toronto-df01,10,12,Normal
2026-02-16 07:50:19.615004,Toronto-df01,39,98,Normal
2026-02-16 07:50:20.615004,Toronto-df01,2,23,Normal
2026-02-16 07:50:21.615004,Toronto-df01,-6,100,Normal
2026-02-16 07:50:22.615004,Toronto-df01,25,5,Normal
2026-02-16 07:50:23.615004,Toronto-df01,47,23,Normal
2026-02-16 07:50:24.615004,Toronto-df01,-23,87,Normal
2026-02-16 07:50:25.615004,Toronto-df01,6,30,Normal
2026-02-16 07:50:26.615004,Toronto-df01,25,90,Normal
2026-02-16 07:50:27.615004,Toronto-df01,-17,79,Normal
2026-02-16 07:50:28.615004,Toronto-df01,33,27,Normal
2026-02-16 07:50:29.615004,Toronto-df01,-28,34,Normal
2026-02-16 07:50:30.615004,Toronto-df01,38,56,Normal
2026-02-16 07:50:31.615004,Toronto-df01,-29,59,Normal
2026-02-16 07:50:32.615004,Toronto-df01,-7,49,Normal
2026-02-16 07:50:33.615004,Toronto-df01,22,15,Normal
2026-02-16 07:50:34.615004,Toronto-df01,24,37,Normal
2026-02-16 07:50:35.615004,Toronto-df01,-14,30,Normal
2026-02-16 07:50:36.615004,Toronto-df01,25,82,Normal
2026-02-16 07:50:37.615004,Toronto-df01,6,59,Normal
2026-02-16 07:50:38.615004,Toronto-df01,31,23,Normal
2026-02-16 07:50:39.615004,Toronto-df01,18,54,Normal
2026-02-16 07:50:40.615004,Toronto-df01,39,72,Normal
2026-02-16 07:50:41.615004,Toronto-df01,-25,58,Normal
2026-02-16 07:50:42.615004,Toronto-df01,38,41,Normal
2026-02-16 07:50:43.615004,Toronto-df01,-29,64,Normal
2026-02-16 07:50:44.615004,Toronto-df01,32,83,Normal
2026-02-16 07:50:45.615004,Toronto-df01,-27,27,Normal
2026-02-16 07:50:46.615004,Toronto-df01,35,66,Normal
2026-02-16 07:50:47.615004,Toronto-df01,-13,56,Normal
2026-02-16 07:50:48.615004,Toronto-df01,-26,83,Normal
2026-02-16 07:50:49.615004,Toronto-df01,8,72,Normal
2026-02-16 07:50:50.615004,Toronto-df01,4,96,Normal
2026-02-16 07:50:51.615004,Toronto-df01,24,76,Normal
2026-02-16 07:50:52.615004,Toronto-df01,43,61,Normal
2026-02-16 07:50:53.615004,Toronto-df01,43,87,Normal
2026-02-16 07:50:54.615004,Toronto-df01,-25,84,Normal
2026-02-16 07:50:55.615004,Toronto-df01,47,66,Normal
2026-02-16 07:50:56.615004,Toronto-df01,23,75,Normal
2026-02-16 07:50:57.615004,Toronto-df01,-8,98,Normal
2026-02-16 07:50:58.615004,Toronto-df01,10,12,Normal
2026-02-16 07:50:59.615004,Toronto-df01,41,73,Normal
2026-02-16 07:51:00.615004,Toronto-df01,15,17,Normal
2026-02-16 07:51:01.615004,Toronto-df01,-26,82,Normal
2026-02-16 07:51:02.615004,Toronto-df01,29,68,Normal
2026-02-16 07:51:03.615004,Toronto-df01,41,88,Normal
2026-02-16 07:51:04.615004,Toronto-df01,-6,7,Normal
2026-02-16 07:51:05.615004,Toronto-df01,-9,29,Normal
2026-02-16 07:51:06.615004,Toronto-df01,12,36,Normal
2026-02-16 07:51:07.615004,Toronto-df01,1,62,Normal
2026-02-16 07:51:08.615004,Toronto-df01,32,8,Normal
2026-02-16 07:51:09.615004,Toronto-df01,-13,73,Normal
2026-02-16 07:51:10.615004,Toronto-df01,-29,0,Normal
2026-02-16 07:51:11.615004,Toronto-df01,6,42,Normal
2026-02-16 07:51:12.615004,Toronto-df01,16,18,Normal
2026-02-16 07:51:13.615004,Toronto-df01,9,69,Normal
2026-02-16 07:51:14.615004,Toronto-df01,-21,75,Normal
2026-02-16 07:51:15.615004,Toronto-df01,-2,36,Normal
2026-02-16 07:51:16.615004,Toronto-df01,44,91,Normal
2026-02-16 07:51:17.615004,Toronto-df01,-29,69,Normal
2026-02-16 07:51:18.615004,Toronto-df01,-10,32,Normal
2026-02-16 07:51:19.615004,Toronto-df01,10,56,Normal
2026-02-16 07:51:20.615004,Toronto-df01,23,24,Normal
2026-02-16 07:51:21.615004,Toronto-df01,40,71,Normal
2026-02-16 07:51:22.615004,Toronto-df01,12,90,Normal
2026-02-16 07:51:23.615004,Toronto-df01,-18,63,Normal
2026-02-16 07:51:24.615004,Toronto-df01,13,67,Normal
2026-02-16 07:51:25.615004,Toronto-df01,-21,46,Normal
2026-02-16 07:51:26.615004,Toronto-df01,36,38,Normal
2026-02-16 07:51:27.615004,Toronto-df01,13,24,Normal
2026-02-16 07:51:28.615004,Toronto-df01,-29,91,Normal
2026-02-16 07:51:29.615004,Toronto-df01,-2,60,Normal
2026-02-16 07:51:30.615004,Toronto-df01,17,19,Normal
2026-02-16 07:51:31.615004,Toronto-df01,-16,56,Normal
2026-02-16 07:51:32.615004,Toronto-df01,49,22,Normal
2026-02-16 07:51:33.615004,Toronto-df01,29,86,Normal
2026-02-16 07:51:34.615004,Toronto-df01,24,99,Normal
2026-02-16 07:51:35.615004,Toronto-df01,10,16,Normal
2026-02-16 07:51:36.615004,Toronto-df01,49,31,Normal
2026-02-16 07:51:37.615004,Toronto-df01,44,21,Normal
2026-02-16 07:51:38.615004,Toronto-df01,-10,4,Normal
2026-02-16 07:51:39.615004,Toronto-df01,-26,57,Normal
2026-02-16 07:51:40.615004,Toronto-df01,49,65,Normal
2026-02-16 07:51:41.615004,Toronto-df01,32,98,Normal
2026-02-16 07:51:42.615004,Toronto-df01,-25,100,Normal
2026-02-16 07:51:43.615004,Toronto-df01,11,87,Normal
2026-02-16 07:51:44.615004,Toronto-df01,42,21,Normal
2026-02-16 07:51:45.615004,Toronto-df01,26,68,Normal
2026-02-16 07:51:46.615004,Toronto-df01,-4,73,Normal
2026-02-16 07:51:47.615004,Toronto-df01,22,30,Normal
2026-02-16 07:51:48.615004,Toronto-df01,-9,40,Normal
2026-02-16 07:51:49.615004,Toronto-df01,6,51,Normal
2026-02-16 07:51:50.615004,Toronto-df01,33,95,Normal
2026-02-16 07:51:51.615004,Toronto-df01,-15,27,Normal
2026-02-16 07:51:52.615004,Toronto-df01,36,36,Normal
2026-02-16 07:51:53.615004,Toronto-df01,6,55,Normal
2026-02-16 07:51:54.615004,Toronto-df01,-20,54,Normal
2026-02-16 07:51:55.615004,Toronto-df01,50,3,Normal
2026-02-16 07:51:56.615004,Toronto-df01,5,65,Normal
2026-02-16 07:51:57.615004,Toronto-df01,-9,55,Normal
2026-02-16 07:51:58.615004,Toronto-df01,49,73,Normal
2026-02-16 07:51:59.615004,Toronto-df01,17,1,Normal
2026-02-16 07:52:00.615004,Toronto-df01,7,74,Normal
2026-02-16 07:52:01.615004,Toronto-df01,-26,57,Normal
2026-02-16 07:52:02.615004,Toronto-df01,-3,91,Normal
2026-02-16 07:52:03.615004,Toronto-df01,-2,80,Normal
2026-02-16 07:52:04.615004,Toronto-df01,-15,92,Normal
2026-02-16 07:52:05.615004,Toronto-df01,-27,42,Normal
2026-02-16 07:52:06.615004,Toronto-df01,11,95,Normal
2026-02-16 07:52:07.615004,Toronto-df01,24,23,Normal
2026-02-16 07:52:08.615004,Toronto-df01,43,14,Normal
2026-02-16 07:52:09.615004,Toronto-df01,39,23,Normal
2026-02-16 07:52:10.615004,Toronto-df01,25,9,Normal
2026-02-16 07:52:11.615004,Toronto-df01,-5,93,Normal
2026-02-16 07:52:12.615004,Toronto-df01,15,55,Normal
2026-02-16 07:52:13.615004,Toronto-df01,-21,61,Normal
2026-02-16 07:52:14.615004,Toronto-df01,-9,88,Normal
2026-02-16 07:52:15.615004,Toronto-df01,-30,68,Normal
2026-02-16 07:52:16.615004,Toronto-df01,-6,15,Normal
2026-02-16 07:52:17.615004,Toronto-df01,31,93,Normal
2026-02-16 07:52:18.615004,Toronto-df01,34,47,Normal
2026-02-16 07:52:19.615004,Toronto-df01,36,4,Normal
2026-02-16 07:52:20.615004,Toronto-df01,-19,20,Normal
2026-02-16 07:52:21.615004,Toronto-df01,4,11,Normal
2026-02-16 07:52:22.615004,Toronto-df01,4,18,Normal
2026-02-16 07:52:23.615004,Toronto-df01,-16,69,Normal
2026-02-16 07:52:24.615004,Toronto-df01,1,21,Normal
2026-02-16 07:52:25.615004,Toronto-df01,47,16,Normal
2026-02-16 07:52:26.615004,Toronto-df01,49,58,Normal
2026-02-16 07:52:27.615004,Toronto-df01,9,68,Normal
2026-02-16 07:52:28.615004,Toronto-df01,43,22,Normal
2026-02-16 07:52:29.615004,Toronto-df01,-2,30,Normal
2026-02-16 07:52:30.615004,Toronto-df01,6,8,Normal
2026-02-16 07:52:31.615004,Toronto-df01,30,90,Normal
2026-02-16 07:52:32.615004,Toronto-df01,27,27,Normal
2026-02-16 07:52:33.615004,Toronto-df01,3,92,Normal
2026-02-16 07:52:34.615004,Toronto-df01,-15,21,Normal
2026-02-16 07:52:35.615004,Toronto-df01,-22,84,Normal
2026-02-16 07:52:36.615004,Toronto-df01,48,17,Normal
2026-02-16 07:52:37.615004,Toronto-df01,-10,41,Normal
2026-02-16 07:52:38.615004,Toronto-df01,22,2,Normal
2026-02-16 07:52:39.615004,Toronto-df01,40,55,Normal
2026-02-16 07:52:40.615004,Toronto-df01,29,91,Normal
2026-02-16 07:52:41.615004,Toronto-df01,-29,26,Normal
2026-02-16 07:52:42.615004,Toronto-df01,10,17,Normal
2026-02-16 07:52:43.615004,Toronto-df01,-9,70,Normal
2026-02-16 07:52:44.615004,Toronto-df01,34,69,Normal
2026-02-16 07:52:45.615004,Toronto-df01,8,32,Normal
2026-02-16 07:52:46.615004,Toronto-df01,29,1,Normal
2026-02-16 07:52:47.615004,Toronto-df01,16,29,Normal
2026-02-16 07:52:48.615004,Toronto-df01,15,4,Normal
2026-02-16 07:52:49.615004,Toronto-df01,-14,44,Normal
2026-02-16 07:52:50.615004,Toronto-df01,37,8,Normal
2026-02-16 07:52:51.615004,Toronto-df01,-26,26,Normal
2026-02-16 07:52:52.615004,Toronto-df01,-15,43,Normal
2026-02-16 07:52:53.615004,Toronto-df01,-25,87,Normal
2026-02-16 07:52:54.615004,Toronto-df01,-15,74,Normal
2026-02-16 07:52:55.615004,Toronto-df01,-4,77,Normal
2026-02-16 07:52:56.615004,Toronto-df01,-2,17,Normal
2026-02-16 07:52:57.615004,Toronto-df01,-29,28,Normal
2026-02-16 07:52:58.615004,Toronto-df01,13,66,Normal
2026-02-16 07:52:59.615004,Toronto-df01,-11,64,Normal
2026-02-16 07:53:00.615004,Toronto-df01,-22,69,Normal
2026-02-16 07:53:01.615004,Toronto-df01,8,5,Normal
2026-02-16 07:53:02.615004,Toronto-df01,-23,27,Normal
2026-02-16 07:53:03.615004,Toronto-df01,11,85,Normal
2026-02-16 07:53:04.615004,Toronto-df01,11,4,Normal
2026-02-16 07:53:05.615004,Toronto-df01,8,1,Normal
2026-02-16 07:53:06.615004,Toronto-df01,-24,48,Normal
2026-02-16 07:53:07.615004,Toronto-df01,11,20,Normal
2026-02-16 07:53:08.615004,Toronto-df01,-25,74,Normal
2026-02-16 07:53:09.615004,Toronto-df01,5,54,Normal
2026-02-16 07:53:10.615004,Toronto-df01,-18,22,Normal
2026-02-16 07:53:11.615004,Toronto-df01,35,98,Normal
2026-02-16 07:53:12.615004,Toronto-df01,42,0,Normal
2026-02-16 07:53:13.615004,Toronto-df01,-25,31,Normal
2026-02-16 07:53:14.615004,Toronto-df01,-6,59,Normal
2026-02-16 07:53:15.615004,Toronto-df01,37,90,Normal
2026-02-16 07:53:16.615004,Toronto-df01,43,53,Normal
2026-02-16 07:53:17.615004,Toronto-df01,44,90,Normal
2026-02-16 07:53:18.615004,Toronto-df01,1,9,Normal
2026-02-16 07:53:19.615004,Toronto-df01,28,64,Normal
2026-02-16 07:53:20.615004,Toronto-df01,-7,38,Normal
2026-02-16 07:53:21.615004,Toronto-df01,17,30,Normal
2026-02-16 07:53:22.615004,Toronto-df01,33,68,Normal
2026-02-16 07:53:23.615004,Toronto-df01,1,30,Normal
2026-02-16 07:53:24.615004,Toronto-df01,-29,74,Normal
2026-02-16 07:53:25.615004,Toronto-df01,-27,64,Normal
2026-02-16 07:53:26.615004,Toronto-df01,12,10,Normal
2026-02-16 07:53:27.615004,Toronto-df01,20,32,Normal
2026-02-16 07:53:28.615004,Toronto-df01,-4,87,Normal
2026-02-16 07:53:29.615004,Toronto-df01,-4,30,Normal
2026-02-16 07:53:30.615004,Toronto-df01,-3,89,Normal
2026-02-16 07:53:31.615004,Toronto-df01,-27,63,Normal
2026-02-16 07:53:32.615004,Toronto-df01,-7,32,Normal
2026-02-16 07:53:33.615004,Toronto-df01,2,22,Normal
2026-02-16 07:53:34.615004,Toronto-df01,-14,20,Normal
2026-02-16 07:53:35.615004,Toronto-df01,3,29,Normal
2026-02-16 07:53:36.615004,Toronto-df01,29,90,Normal
2026-02-16 07:53:37.615004,Toronto-df01,-25,66,Normal
2026-02-16 07:53:38.615004,Toronto-df01,0,6,Normal
2026-02-16 07:53:39.615004,Toronto-df01,36,35,Normal
2026-02-16 07:53:40.615004,Toronto-df01,-1,100,Normal
2026-02-16 07:53:41.615004,Toronto-df01,-30,40,Normal
2026-02-16 07:53:42.615004,Toronto-df01,7,55,Normal
2026-02-16 07:53:43.615004,Toronto-df01,-13,77,Normal
2026-02-16 07:53:44.615004,Toronto-df01,-22,85,Normal
2026-02-16 07:53:45.615004,Toronto-df01,28,35,Normal
2026-02-16 07:53:46.615004,Toronto-df01,12,48,Normal
2026-02-16 07:53:47.615004,Toronto-df01,-7,87,Normal
2026-02-16 07:53:48.615004,Toronto-df01,16,1,Normal
2026-02-16 07:53:49.615004,Toronto-df01,7,50,Normal
2026-02-16 07:53:50.615004,Toronto-df01,15,93,Normal
2026-02-16 07:53:51.615004,Toronto-df01,25,2,Normal
2026-02-16 07:53:52.615004,Toronto-df01,45,58,Normal
2026-02-16 07:53:53.615004,Toronto-df01,15,25,Normal
2026-02-16 07:53:54.615004,Toronto-df01,-7,7,Normal
2026-02-16 07:53:55.615004,Toronto-df01,-18,97,Normal
2026-02-16 07:53:56.615004,Toronto-df01,-4,83,Normal
2026-02-16 07:53:57.615004,Toronto-df01,14,57,Normal
2026-02-16 07:53:58.615004,Toronto-df01,6,32,Normal
2026-02-16 07:53:59.615004,Toronto-df01,40,11,Normal
2026-02-16 07:54:00.615004,Toronto-df01,27,72,Normal
2026-02-16 07:54:01.615004,Toronto-df01,40,16,Normal
2026-02-16 07:54:02.615004,Toronto-df01,12,76,Normal
2026-02-16 07:54:03.615004,Toronto-df01,-25,29,Normal
2026-02-16 07:54:04.615004,Toronto-df01,-21,40,Normal
2026-02-16 07:54:05.615004,Toronto-df01,3,77,Normal
2026-02-16 07:54:06.615004,Toronto-df01,34,37,Normal
2026-02-16 07:54:07.615004,Toronto-df01,-29,79,Normal
2026-02-16 07:54:08.615004,Toronto-df01,37,84,Normal
2026-02-16 07:54:09.615004,Toronto-df01,43,36,Normal
2026-02-16 07:54:10.615004,Toronto-df01,18,9,Normal
2026-02-16 07:54:11.615004,Toronto-df01,-26,73,Normal
2026-02-16 07:54:12.615004,Toronto-df01,12,42,Normal
2026-02-16 07:54:13.615004,Toronto-df01,17,1,Normal
2026-02-16 07:54:14.615004,Toronto-df01,47,78,Normal
2026-02-16 07:54:15.615004,Toronto-df01,16,18,Normal
2026-02-16 07:54:16.615004,Toronto-df01,-29,84,Normal
2026-02-16 07:54:17.615004,Toronto-df01,1,17,Normal
2026-02-16 07:54:18.615004,Toronto-df01,-5,29,Normal
2026-02-16 07:54:19.615004,Toronto-df01,30,93,Normal
2026-02-16 07:54:20.615004,Toronto-df01,27,18,Normal
2026-02-16 07:54:21.615004,Toronto-df01,0,12,Normal
2026-02-16 07:54:22.615004,Toronto-df01,-8,54,Normal
2026-02-16 07:54:23.615004,Toronto-df01,4,94,Normal
2026-02-16 07:54:24.615004,Toronto-df01,25,76,Normal
2026-02-16 07:54:25.615004,Toronto-df01,39,47,Normal
2026-02-16 07:54:26.615004,Toronto-df01,50,98,Normal
2026-02-16 07:54:27.615004,Toronto-df01,-18,12,Normal
2026-02-16 07:54:28.615004,Toronto-df01,50,69,Normal
2026-02-16 07:54:29.615004,Toronto-df01,-1,13,Normal
2026-02-16 07:54:30.615004,Toronto-df01,-18,75,Normal
2026-02-16 07:54:31.615004,Toronto-df01,29,69,Normal
2026-02-16 07:54:32.615004,Toronto-df01,6,52,Normal
2026-02-16 07:54:33.615004,Toronto-df01,-16,91,Normal
2026-02-16 07:54:34.615004,Toronto-df01,7,45,Normal
2026-02-16 07:54:35.615004,Toronto-df01,-9,94,Normal
2026-02-16 07:54:36.615004,Toronto-df01,-11,80,Normal
2026-02-16 07:54:37.615004,Toronto-df01,0,73,Normal
2026-02-16 07:54:38.615004,Toronto-df01,22,32,Normal
2026-02-16 07:54:39.615004,Toronto-df01,-12,83,Normal
2026-02-16 07:54:40.615004,Toronto-df01,24,20,Normal
2026-02-16 07:54:41.615004,Toronto-df01,8,19,Normal
2026-02-16 07:54:42.615004,Toronto-df01,20,96,Normal
2026-02-16 07:54:43.615004,Toronto-df01,-13,3,Normal
2026-02-16 07:54:44.615004,Toronto-df01,31,65,Normal
2026-02-16 07:54:45.615004,Toronto-df01,-30,21,Normal
2026-02-16 07:54:46.615004,Toronto-df01,22,41,Normal
2026-02-16 07:54:47.615004,Toronto-df01,33,98,Normal
2026-02-16 07:54:48.615004,Toronto-df01,36,55,Normal
2026-02-16 07:54:49.615004,Toronto-df01,4,69,Normal
2026-02-16 07:54:50.615004,Toronto-df01,24,63,Normal
2026-02-16 07:54:51.615004,Toronto-df01,38,82,Normal
2026-02-16 07:54:52.615004,Toronto-df01,10,22,Normal
2026-02-16 07:54:53.615004,Toronto-df01,15,97,Normal
2026-02-16 07:54:54.615004,Toronto-df01,-22,76,Normal
2026-02-16 07:54:55.615004,Toronto-df01,17,100,Normal
2026-02-16 07:54:56.615004,Toronto-df01,-25,7,Normal
2026-02-16 07:54:57.615004,Toronto-df01,-18,43,Normal
2026-02-16 07:54:58.615004,Toronto-df01,-16,4,Normal
2026-02-16 07:54:59.615004,Toronto-df01,44,71,Normal
2026-02-16 07:55:00.615004,Toronto-df01,7,37,Normal
2026-02-16 07:55:01.615004,Toronto-df01,38,15,Normal
2026-02-16 07:55:02.615004,Toronto-df01,-24,92,Normal
2026-02-16 07:55:03.615004,Toronto-df01,39,37,Normal
2026-02-16 07:55:04.615004,Toronto-df01,25,70,Normal
2026-02-16 07:55:05.615004,Toronto-df01,-25,61,Normal
2026-02-16 07:55:06.615004,Toronto-df01,-17,7,Normal
2026-02-16 07:55:07.615004,Toronto-df01,20,20,Normal
2026-02-16 07:55:08.615004,Toronto-df01,38,13,Normal
2026-02-16 07:55:09.615004,Toronto-df01,-21,96,Normal
2026-02-16 07:55:10.615004,Toronto-df01,-8,57,Normal
2026-02-16 07:55:11.615004,Toronto-df01,36,2,Normal
2026-02-16 07:55:12.615004,Toronto-df01,46,95,Normal
2026-02-16 07:55:13.615004,Toronto-df01,32,89,Normal
2026-02-16 07:55:14.615004,Toronto-df01,44,0,Normal
2026-02-16 07:55:15.615004,Toronto-df01,38,49,Normal
2026-02-16 07:55:16.615004,Toronto-df01,34,69,Normal
2026-02-16 07:55:17.615004,Toronto-df01,-22,62,Normal
2026-02-16 07:55:18.615004,Toronto-df01,50,40,Normal
2026-02-16 07:55:19.615004,Toronto-df01,39,18,Normal
2026-02-16 07:55:20.615004,Toronto-df01,-13,13,Normal
2026-02-16 07:55:21.615004,Toronto-df01,20,6,Normal
2026-02-16 07:55:22.615004,Toronto-df01,2,23,Normal
2026-02-16 07:55:23.615004,Toronto-df01,29,90,Normal
2026-02-16 07:55:24.615004,Toronto-df01,47,83,Normal
2026-02-16 07:55:25.615004,Toronto-df01,-26,49,Normal
2026-02-16 07:55:26.615004,Toronto-df01,-25,2,Normal
2026-02-16 07:55:27.615004,Toronto-df01,16,70,Normal
2026-02-16 07:55:28.615004,Toronto-df01,-14,97,Normal
2026-02-16 07:55:29.615004,Toronto-df01,40,76,Normal
2026-02-16 07:55:30.615004,Toronto-df01,18,23,Normal
2026-02-16 07:55:31.615004,Toronto-df01,3,34,Normal
2026-02-16 07:55:32.615004,Toronto-df01,-2,62,Normal
2026-02-16 07:55:33.615004,Toronto-df01,48,100,Normal
2026-02-16 07:55:34.615004,Toronto-df01,-3,95,Normal
2026-02-16 07:55:35.615004,Toronto-df01,-24,24,Normal
2026-02-16 07:55:36.615004,Toronto-df01,-1,95,Normal
2026-02-16 07:55:37.615004,Toronto-df01,25,2,Normal
2026-02-16 07:55:38.615004,Toronto-df01,-16,32,Normal
2026-02-16 07:55:39.615004,Toronto-df01,45,87,Normal
2026-02-16 07:55:40.615004,Toronto-df01,17,75,Normal
2026-02-16 07:55:41.615004,Toronto-df01,0,98,Normal
2026-02-16 07:55:42.615004,Toronto-df01,26,52,Normal
2026-02-16 07:55:43.615004,Toronto-df01,18,1,Normal
2026-02-16 07:55:44.615004,Toronto-df01,49,72,Normal
2026-02-16 07:55:45.615004,Toronto-df01,29,28,Normal
2026-02-16 07:55:46.615004,Toronto-df01,-4,73,Normal
2026-02-16 07:55:47.615004,Toronto-df01,12,63,Normal
2026-02-16 07:55:48.615004,Toronto-df01,-18,98,Normal
2026-02-16 07:55:49.615004,Toronto-df01,-28,10,Normal
2026-02-16 07:55:50.615004,Toronto-df01,45,20,Normal
2026-02-16 07:55:51.615004,Toronto-df01,-26,91,Normal
2026-02-16 07:55:52.615004,Toronto-df01,-20,67,Normal
2026-02-16 07:55:53.615004,Toronto-df01,25,36,Normal
2026-02-16 07:55:54.615004,Toronto-df01,29,57,Normal
2026-02-16 07:55:55.615004,Toronto-df01,11,96,Normal
2026-02-16 07:55:56.615004,Toronto-df01,-3,94,Normal
2026-02-16 07:55:57.615004,Toronto-df01,30,88,Normal
2026-02-16 07:55:58.615004,Toronto-df01,5,32,Normal
2026-02-16 07:55:59.615004,Toronto-df01,47,46,Normal
2026-02-16 07:56:00.615004,Toronto-df01,21,13,Normal
2026-02-16 07:56:01.615004,Toronto-df01,48,60,Normal
2026-02-16 07:56:02.615004,Toronto-df01,-19,19,Normal
2026-02-16 07:56:03.615004,Toronto-df01,18,27,Normal
2026-02-16 07:56:04.615004,Toronto-df01,46,19,Normal
2026-02-16 07:56:05.615004,Toronto-df01,-26,65,Normal
2026-02-16 07:56:06.615004,Toronto-df01,37,86,Normal
2026-02-16 07:56:07.615004,Toronto-df01,-13,91,Normal
2026-02-16 07:56:08.615004,Toronto-df01,33,52,Normal
2026-02-16 07:56:09.615004,Toronto-df01,-15,88,Normal
2026-02-16 07:56:10.615004,Toronto-df01,48,28,Normal
2026-02-16 07:56:11.615004,Toronto-df01,-8,22,Normal
2026-02-16 07:56:12.615004,Toronto-df01,30,16,Normal
2026-02-16 07:56:13.615004,Toronto-df01,18,37,Normal
2026-02-16 07:56:14.615004,Toronto-df01,9,59,Normal
2026-02-16 07:56:15.615004,Toronto-df01,-14,37,Normal
2026-02-16 07:56:16.615004,Toronto-df01,37,94,Normal
2026-02-16 07:56:17.615004,Toronto-df01,18,82,Normal
2026-02-16 07:56:18.615004,Toronto-df01,35,24,Normal
2026-02-16 07:56:19.615004,Toronto-df01,18,1,Normal
2026-02-16 07:56:20.615004,Toronto-df01,-19,39,Normal
2026-02-16 07:56:21.615004,Toronto-df01,20,17,Normal
2026-02-16 07:56:22.615004,Toronto-df01,29,23,Normal
2026-02-16 07:56:23.615004,Toronto-df01,19,24,Normal
2026-02-16 07:56:24.615004,Toronto-df01,27,13,Normal
2026-02-16 07:56:25.615004,Toronto-df01,19,19,Normal
2026-02-16 07:56:26.615004,Toronto-df01,-29,93,Normal
2026-02-16 07:56:27.615004,Toronto-df01,-29,41,Normal
2026-02-16 07:56:28.615004,Toronto-df01,8,96,Normal
2026-02-16 07:56:29.615004,Toronto-df01,-9,41,Normal
2026-02-16 07:56:30.615004,Toronto-df01,-25,66,Normal
2026-02-16 07:56:31.615004,Toronto-df01,-30,42,Normal
2026-02-16 07:56:32.615004,Toronto-df01,3,44,Normal
2026-02-16 07:56:33.615004,Toronto-df01,17,26,Normal
2026-02-16 07:56:34.615004,Toronto-df01,-12,63,Normal
2026-02-16 07:56:35.615004,Toronto-df01,39,78,Normal
2026-02-16 07:56:36.615004,Toronto-df01,-20,82,Normal
2026-02-16 07:56:37.615004,Toronto-df01,-22,51,Normal
2026-02-16 07:56:38.615004,Toronto-df01,-26,12,Normal
2026-02-16 07:56:39.615004,Toronto-df01,-22,74,Normal
2026-02-16 07:56:40.615004,Toronto-df01,-4,9,Normal
2026-02-16 07:56:41.615004,Toronto-df01,-13,11,Normal
2026-02-16 07:56:42.615004,Toronto-df01,9,91,Normal
2026-02-16 07:56:43.615004,Toronto-df01,16,71,Normal
2026-02-16 07:56:44.615004,Toronto-df01,40,24,Normal
2026-02-16 07:56:45.615004,Toronto-df01,12,57,Normal
2026-02-16 07:56:46.615004,Toronto-df01,23,54,Normal
2026-02-16 07:56:47.615004,Toronto-df01,-18,97,Normal
2026-02-16 07:56:48.615004,Toronto-df01,40,20,Normal
2026-02-16 07:56:49.615004,Toronto-df01,36,1,Normal
2026-02-16 07:56:50.615004,Toronto-df01,45,79,Normal
2026-02-16 07:56:51.615004,Toronto-df01,21,58,Normal
2026-02-16 07:56:52.615004,Toronto-df01,49,27,Normal
2026-02-16 07:56:53.615004,Toronto-df01,3,61,Normal
2026-02-16 07:56:54.615004,Toronto-df01,0,1,Normal
2026-02-16 07:56:55.615004,Toronto-df01,39,48,Normal
2026-02-16 07:56:56.615004,Toronto-df01,37,94,Normal
2026-02-16 07:56:57.615004,Toronto-df01,16,87,Normal
2026-02-16 07:56:58.615004,Toronto-df01,-23,78,Normal
2026-02-16 07:56:59.615004,Toronto-df01,-12,51,Normal
2026-02-16 07:57:00.615004,Toronto-df01,-2,91,Normal
2026-02-16 07:57:01.615004,Toronto-df01,-7,12,Normal
2026-02-16 07:57:02.615004,Toronto-df01,-1,75,Normal
2026-02-16 07:57:03.615004,Toronto-df01,19,91,Normal
2026-02-16 07:57:04.615004,Toronto-df01,-6,5,Normal
2026-02-16 07:57:05.615004,Toronto-df01,47,92,Normal
2026-02-16 07:57:06.615004,Toronto-df01,31,83,Normal
2026-02-16 07:57:07.615004,Toronto-df01,12,76,Normal
2026-02-16 07:57:08.615004,Toronto-df01,8,39,Normal
2026-02-16 07:57:09.615004,Toronto-df01,-21,88,Normal
2026-02-16 07:57:10.615004,Toronto-df01,1,88,Normal
2026-02-16 07:57:11.615004,Toronto-df01,5,66,Normal
2026-02-16 07:57:12.615004,Toronto-df01,7,74,Normal
2026-02-16 07:57:13.615004,Toronto-df01,-18,83,Normal
2026-02-16 07:57:14.615004,Toronto-df01,31,51,Normal
2026-02-16 07:57:15.615004,Toronto-df01,43,93,Normal
2026-02-16 07:57:16.615004,Toronto-df01,-21,0,Normal
2026-02-16 07:57:17.615004,Toronto-df01,25,82,Normal
2026-02-16 07:57:18.615004,Toronto-df01,-25,48,Normal
2026-02-16 07:57:19.615004,Toronto-df01,32,2,Normal
2026-02-16 07:57:20.615004,Toronto-df01,32,71,Normal
2026-02-16 07:57:21.615004,Toronto-df01,44,1,Normal
2026-02-16 07:57:22.615004,Toronto-df01,26,1,Normal
2026-02-16 07:57:23.615004,Toronto-df01,37,97,Normal
2026-02-16 07:57:24.615004,Toronto-df01,-24,84,Normal
2026-02-16 07:57:25.615004,Toronto-df01,-13,97,Normal
2026-02-16 07:57:26.615004,Toronto-df01,-18,44,Normal
2026-02-16 07:57:27.615004,Toronto-df01,-21,99,Normal
2026-02-16 07:57:28.615004,Toronto-df01,-4,31,Normal
2026-02-16 07:57:29.615004,Toronto-df01,46,56,Normal
2026-02-16 07:57:30.615004,Toronto-df01,13,65,Normal
2026-02-16 07:57:31.615004,Toronto-df01,25,33,Normal
2026-02-16 07:57:32.615004,Toronto-df01,9,93,Normal
2026-02-16 07:57:33.615004,Toronto-df01,-22,41,Normal
2026-02-16 07:57:34.615004,Toronto-df01,3,64,Normal
2026-02-16 07:57:35.615004,Toronto-df01,-18,66,Normal
2026-02-16 07:57:36.615004,Toronto-df01,44,79,Normal
2026-02-16 07:57:37.615004,Toronto-df01,-30,86,Normal
2026-02-16 07:57:38.615004,Toronto-df01,-2,22,Normal
2026-02-16 07:57:39.615004,Toronto-df01,13,11,Normal
2026-02-16 07:57:40.615004,Toronto-df01,49,81,Normal
2026-02-16 07:57:41.615004,Toronto-df01,12,39,Normal
2026-02-16 07:57:42.615004,Toronto-df01,22,54,Normal
2026-02-16 07:57:43.615004,Toronto-df01,5,39,Normal
2026-02-16 07:57:44.615004,Toronto-df01,9,37,Normal
2026-02-16 07:57:45.615004,Toronto-df01,-29,46,Normal
2026-02-16 07:57:46.615004,Toronto-df01,-1,75,Normal
2026-02-16 07:57:47.615004,Toronto-df01,4,35,Normal
2026-02-16 07:57:48.615004,Toronto-df01,21,1,Normal
2026-02-16 07:57:49.615004,Toronto-df01,21,56,Normal
2026-02-16 07:57:50.615004,Toronto-df01,-25,29,Normal
2026-02-16 07:57:51.615004,Toronto-df01,-29,0,Normal
2026-02-16 07:57:52.615004,Toronto-df01,9,69,Normal
2026-02-16 07:57:53.615004,Toronto-df01,14,40,Normal
2026-02-16 07:57:54.615004,Toronto-df01,-16,81,Normal
2026-02-16 07:57:55.615004,Toronto-df01,-20,22,Normal
2026-02-16 07:57:56.615004,Toronto-df01,26,73,Normal
2026-02-16 07:57:57.615004,Toronto-df01,1,58,Normal
2026-02-16 07:57:58.615004,Toronto-df01,7,2,Normal
2026-02-16 07:57:59.615004,Toronto-df01,-2,94,Normal
2026-02-16 07:58:00.615004,Toronto-df01,31,61,Normal
2026-02-16 07:58:01.615004,Toronto-df01,36,92,Normal
2026-02-16 07:58:02.615004,Toronto-df01,37,38,Normal
2026-02-16 07:58:03.615004,Toronto-df01,-6,94,Normal
2026-02-16 07:58:04.615004,Toronto-df01,30,30,Normal
2026-02-16 07:58:05.615004,Toronto-df01,19,76,Normal
2026-02-16 07:58:06.615004,Toronto-df01,43,16,Normal
2026-02-16 07:58:07.615004,Toronto-df01,24,84,Normal
2026-02-16 07:58:08.615004,Toronto-df01,-18,78,Normal
2026-02-16 07:58:09.615004,Toronto-df01,-27,23,Normal
2026-02-16 07:58:10.615004,Toronto-df01,13,57,Normal
2026-02-16 07:58:11.615004,Toronto-df01,1,22,Normal
2026-02-16 07:58:12.615004,Toronto-df01,48,90,Normal
2026-02-16 07:58:13.615004,Toronto-df01,35,52,Normal
2026-02-16 07:58:14.615004,Toronto-df01,-5,75,Normal
2026-02-16 07:58:15.615004,Toronto-df01,22,69,Normal
2026-02-16 07:58:16.615004,Toronto-df01,-30,1,Normal
2026-02-16 07:58:17.615004,Toronto-df01,-27,11,Normal
2026-02-16 07:58:18.615004,Toronto-df01,-13,31,Normal
2026-02-16 07:58:19.615004,Toronto-df01,0,71,Normal
2026-02-16 07:58:20.615004,Toronto-df01,23,7,Normal
2026-02-16 07:58:21.615004,Toronto-df01,7,45,Normal
2026-02-16 07:58:22.615004,Toronto-df01,-17,13,Normal
2026-02-16 07:58:23.615004,Toronto-df01,26,63,Normal
2026-02-16 07:58:24.615004,Toronto-df01,-7,26,Normal
2026-02-16 07:58:25.615004,Toronto-df01,46,95,Normal
2026-02-16 07:58:26.615004,Toronto-df01,32,78,Normal
2026-02-16 07:58:27.615004,Toronto-df01,-10,4,Normal
2026-02-16 07:58:28.615004,Toronto-df01,15,67,Normal
2026-02-16 07:58:29.615004,Toronto-df01,-18,62,Normal
2026-02-16 07:58:30.615004,Toronto-df01,45,74,Normal
2026-02-16 07:58:31.615004,Toronto-df01,16,39,Normal
2026-02-16 07:58:32.615004,Toronto-df01,-13,54,Normal
2026-02-16 07:58:33.615004,Toronto-df01,-11,93,Normal
2026-02-16 07:58:34.615004,Toronto-df01,16,54,Normal
2026-02-16 07:58:35.615004,Toronto-df01,35,70,Normal
2026-02-16 07:58:36.615004,Toronto-df01,42,23,Normal
2026-02-16 07:58:37.615004,Toronto-df01,42,10,Normal
2026-02-16 07:58:38.615004,Toronto-df01,-30,94,Normal
2026-02-16 07:58:39.615004,Toronto-df01,50,45,Normal
2026-02-16 07:58:40.615004,Toronto-df01,48,74,Normal
2026-02-16 07:58:41.615004,Toronto-df01,27,42,Normal
2026-02-16 07:58:42.615004,Toronto-df01,4,42,Normal
2026-02-16 07:58:43.615004,Toronto-df01,-30,52,Normal
2026-02-16 07:58:44.615004,Toronto-df01,22,35,Normal
2026-02-16 07:58:45.615004,Toronto-df01,-29,23,Normal
2026-02-16 07:58:46.615004,Toronto-df01,3,33,Normal
2026-02-16 07:58:47.615004,Toronto-df01,24,35,Normal
2026-02-16 07:58:48.615004,Toronto-df01,-9,42,Normal
2026-02-16 07:58:49.615004,Toronto-df01,-20,1,Normal
2026-02-16 07:58:50.615004,Toronto-df01,21,0,Normal
2026-02-16 07:58:51.615004,Toronto-df01,-24,77,Normal
2026-02-16 07:58:52.615004,Toronto-df01,1,45,Normal
2026-02-16 07:58:53.615004,Toronto-df01,35,52,Normal
2026-02-16 07:58:54.615004,Toronto-df01,-15,85,Normal
2026-02-16 07:58:55.615004,Toronto-df01,-23,0,Normal
2026-02-16 07:58:56.615004,Toronto-df01,43,93,Normal
2026-02-16 07:58:57.615004,Toronto-df01,-26,26,Normal
2026-02-16 07:58:58.615004,Toronto-df01,27,61,Normal
2026-02-16 07:58:59.615004,Toronto-df01,-25,27,Normal
2026-02-16 07:59:00.615004,Toronto-df01,15,43,Normal
2026-02-16 07:59:01.615004,Toronto-df01,35,87,Normal
2026-02-16 07:59:02.615004,Toronto-df01,12,9,Normal
2026-02-16 07:59:03.615004,Toronto-df01,0,55,Normal
2026-02-16 07:59:04.615004,Toronto-df01,47,16,Normal
2026-02-16 07:59:05.615004,Toronto-df01,15,24,Normal
2026-02-16 07:59:06.615004,Toronto-df01,12,22,Normal
2026-02-16 07:59:07.615004,Toronto-df01,21,28,Normal
2026-02-16 07:59:08.615004,Toronto-df01,-30,21,Normal
2026-02-16 07:59:09.615004,Toronto-df01,27,35,Normal
2026-02-16 07:59:10.615004,Toronto-df01,23,83,Normal
2026-02-16 07:59:11.615004,Toronto-df01,-3,74,Normal
2026-02-16 07:59:12.615004,Toronto-df01,0,82,Normal
2026-02-16 07:59:13.615004,Toronto-df01,7,82,Normal
2026-02-16 07:59:14.615004,Toronto-df01,-2,56,Normal
2026-02-16 07:59:15.615004,Toronto-df01,19,32,Normal
2026-02-16 07:59:16.615004,Toronto-df01,41,53,Normal
2026-02-16 07:59:17.615004,Toronto-df01,50,8,Normal
2026-02-16 07:59:18.615004,Toronto-df01,24,28,Normal
2026-02-16 07:59:19.615004,Toronto-df01,7,1,Normal
2026-02-16 07:59:20.615004,Toronto-df01,1,23,Normal
2026-02-16 07:59:21.615004,Toronto-df01,36,41,Normal
2026-02-16 07:59:22.615004,Toronto-df01,-1,74,Normal
2026-02-16 07:59:23.615004,Toronto-df01,-23,82,Normal
2026-02-16 07:59:24.615004,Toronto-df01,41,93,Normal
2026-02-16 07:59:25.615004,Toronto-df01,-21,40,Normal
2026-02-16 07:59:26.615004,Toronto-df01,17,58,Normal
2026-02-16 07:59:27.615004,Toronto-df01,-12,48,Normal
2026-02-16 07:59:28.615004,Toronto-df01,37,99,Normal
2026-02-16 07:59:29.615004,Toronto-df01,42,7,Normal
2026-02-16 07:59:30.615004,Toronto-df01,-13,23,Normal
2026-02-16 07:59:31.615004,Toronto-df01,23,49,Normal
2026-02-16 07:59:32.615004,Toronto-df01,-23,9,Normal
2026-02-16 07:59:33.615004,Toronto-df01,49,3,Normal
2026-02-16 07:59:34.615004,Toronto-df01,45,72,Normal
2026-02-16 07:59:35.615004,Toronto-df01,-14,85,Normal
2026-02-16 07:59:36.615004,Toronto-df01,-19,26,Normal
2026-02-16 07:59:37.615004,Toronto-df01,46,69,Normal
2026-02-16 07:59:38.615004,Toronto-df01,34,65,Normal
2026-02-16 07:59:39.615004,Toronto-df01,13,35,Normal
2026-02-16 07:59:40.615004,Toronto-df01,48,61,Normal
2026-02-16 07:59:41.615004,Toronto-df01,37,27,Normal
2026-02-16 07:59:42.615004,Toronto-df01,28,11,Normal
2026-02-16 07:59:43.615004,Toronto-df01,22,94,Normal
2026-02-16 07:59:44.615004,Toronto-df01,41,23,Normal
2026-02-16 07:59:45.615004,Toronto-df01,12,92,Normal
2026-02-16 07:59:46.615004,Toronto-df01,48,90,Normal
2026-02-16 07:59:47.615004,Toronto-df01,43,6,Normal
2026-02-16 07:59:48.615004,Toronto-df01,-12,29,Normal
2026-02-16 07:59:49.615004,Toronto-df01,-24,23,Normal
2026-02-16 07:59:50.615004,Toronto-df01,41,30,Normal
2026-02-16 07:59:51.615004,Toronto-df01,-21,32,Normal
2026-02-16 07:59:52.615004,Toronto-df01,-3,44,Normal
2026-02-16 07:59:53.615004,Toronto-df01,-16,91,Normal
2026-02-16 07:59:54.615004,Toronto-df01,-19,19,Normal
2026-02-16 07:59:55.615004,Toronto-df01,26,77,Normal
2026-02-16 07:59:56.615004,Toronto-df01,-13,63,Normal
2026-02-16 07:59:57.615004,Toronto-df01,2,13,Normal
2026-02-16 07:59:58.615004,Toronto-df01,7,80,Normal
2026-02-16 07:59:59.615004,Toronto-df01,13,24,Normal
2026-02-16 08:00:00.615004,Toronto-df01,11,67,Normal
2026-02-16 08:00:01.615004,Toronto-df01,28,32,Normal
2026-02-16 08:00:02.615004,Toronto-df01,35,4,Normal
2026-02-16 08:00:03.615004,Toronto-df01,-29,10,Normal
2026-02-16 08:00:04.615004,Toronto-df01,-5,40,Normal
2026-02-16 08:00:05.615004,Toronto-df01,35,93,Normal
2026-02-16 08:00:06.615004,Toronto-df01,28,22,Normal
2026-02-16 08:00:07.615004,Toronto-df01,-30,68,Normal
2026-02-16 08:00:08.615004,Toronto-df01,35,42,Normal
2026-02-16 08:00:09.615004,Toronto-df01,47,59,Normal
2026-02-16 08:00:10.615004,Toronto-df01,27,80,Normal
2026-02-16 08:00:11.615004,Toronto-df01,39,73,Normal
2026-02-16 08:00:12.615004,Toronto-df01,-17,23,Normal
2026-02-16 08:00:13.615004,Toronto-df01,-12,72,Normal
2026-02-16 08:00:14.615004,Toronto-df01,-30,54,Normal
2026-02-16 08:00:15.615004,Toronto-df01,41,75,Normal
2026-02-16 08:00:16.615004,Toronto-df01,47,28,Normal
2026-02-16 08:00:17.615004,Toronto-df01,12,11,Normal
2026-02-16 08:00:18.615004,Toronto-df01,42,84,Normal
2026-02-16 08:00:19.615004,Toronto-df01,14,92,Normal
2026-02-16 08:00:20.615004,Toronto-df01,-11,72,Normal
2026-02-16 08:00:21.615004,Toronto-df01,-14,47,Normal
2026-02-16 08:00:22.615004,Toronto-df01,0,31,Normal
2026-02-16 08:00:23.615004,Toronto-df01,-30,89,Normal
2026-02-16 08:00:24.615004,Toronto-df01,17,14,Normal
2026-02-16 08:00:25.615004,Toronto-df01,7,53,Normal
2026-02-16 08:00:26.615004,Toronto-df01,17,69,Normal
2026-02-16 08:00:27.615004,Toronto-df01,-5,75,Normal
2026-02-16 08:00:28.615004,Toronto-df01,-27,59,Normal
2026-02-16 08:00:29.615004,Toronto-df01,-1,85,Normal
2026-02-16 08:00:30.615004,Toronto-df01,-11,27,Normal
2026-02-16 08:00:31.615004,Toronto-df01,9,94,Normal
2026-02-16 08:00:32.615004,Toronto-df01,-23,59,Normal
2026-02-16 08:00:33.615004,Toronto-df01,5,13,Normal
2026-02-16 08:00:34.615004,Toronto-df01,-2,21,Normal
2026-02-16 08:00:35.615004,Toronto-df01,43,3,Normal
2026-02-16 08:00:36.615004,Toronto-df01,-28,34,Normal
2026-02-16 08:00:37.615004,Toronto-df01,-7,14,Normal
2026-02-16 08:00:38.615004,Toronto-df01,33,47,Normal
2026-02-16 08:00:39.615004,Toronto-df01,18,92,Normal
2026-02-16 08:00:40.615004,Toronto-df01,19,94,Normal
2026-02-16 08:00:41.615004,Toronto-df01,-6,6,Normal
2026-02-16 08:00:42.615004,Toronto-df01,-20,68,Normal
2026-02-16 08:00:43.615004,Toronto-df01,43,43,Normal
2026-02-16 08:00:44.615004,Toronto-df01,36,70,Normal
2026-02-16 08:00:45.615004,Toronto-df01,35,16,Normal
2026-02-16 08:00:46.615004,Toronto-df01,44,18,Normal
2026-02-16 08:00:47.615004,Toronto-df01,12,30,Normal
2026-02-16 08:00:48.615004,Toronto-df01,-12,41,Normal
2026-02-16 08:00:49.615004,Toronto-df01,31,18,Normal
2026-02-16 08:00:50.615004,Toronto-df01,14,63,Normal
2026-02-16 08:00:51.615004,Toronto-df01,-7,98,Normal
2026-02-16 08:00:52.615004,Toronto-df01,-28,59,Normal
2026-02-16 08:00:53.615004,Toronto-df01,15,30,Normal
2026-02-16 08:00:54.615004,Toronto-df01,17,39,Normal
2026-02-16 08:00:55.615004,Toronto-df01,9,82,Normal
2026-02-16 08:00:56.615004,Toronto-df01,-19,37,Normal
2026-02-16 08:00:57.615004,Toronto-df01,47,17,Normal
2026-02-16 08:00:58.615004,Toronto-df01,-30,98,Normal
2026-02-16 08:00:59.615004,Toronto-df01,-22,52,Normal
2026-02-16 08:01:00.615004,Toronto-df01,6,44,Normal
2026-02-16 08:01:01.615004,Toronto-df01,6,69,Normal
2026-02-16 08:01:02.615004,Toronto-df01,35,30,Normal
2026-02-16 08:01:03.615004,Toronto-df01,-28,43,Normal
2026-02-16 08:01:04.615004,Toronto-df01,5,3,Normal
2026-02-16 08:01:05.615004,Toronto-df01,-25,87,Normal
2026-02-16 08:01:06.615004,Toronto-df01,-16,31,Normal
2026-02-16 08:01:07.615004,Toronto-df01,16,87,Normal
2026-02-16 08:01:08.615004,Toronto-df01,45,40,Normal
2026-02-16 08:01:09.615004,Toronto-df01,-19,7,Normal
2026-02-16 08:01:10.615004,Toronto-df01,37,58,Normal
2026-02-16 08:01:11.615004,Toronto-df01,13,1,Normal
2026-02-16 08:01:12.615004,Toronto-df01,12,21,Normal
2026-02-16 08:01:13.615004,Toronto-df01,44,16,Normal
2026-02-16 08:01:14.615004,Toronto-df01,0,55,Normal
2026-02-16 08:01:15.615004,Toronto-df01,29,52,Normal
2026-02-16 08:01:16.615004,Toronto-df01,-29,59,Normal
2026-02-16 08:01:17.615004,Toronto-df01,9,11,Normal
2026-02-16 08:01:18.615004,Toronto-df01,1,77,Normal
2026-02-16 08:01:19.615004,Toronto-df01,-19,10,Normal
2026-02-16 08:01:20.615004,Toronto-df01,41,67,Normal
2026-02-16 08:01:21.615004,Toronto-df01,17,65,Normal
2026-02-16 08:01:22.615004,Toronto-df01,-17,46,Normal
2026-02-16 08:01:23.615004,Toronto-df01,45,13,Normal
2026-02-16 08:01:24.615004,Toronto-df01,7,87,Normal
2026-02-16 08:01:25.615004,Toronto-df01,-8,26,Normal
2026-02-16 08:01:26.615004,Toronto-df01,-5,29,Normal
2026-02-16 08:01:27.615004,Toronto-df01,-21,36,Normal
2026-02-16 08:01:28.615004,Toronto-df01,37,78,Normal
2026-02-16 08:01:29.615004,Toronto-df01,8,97,Normal
2026-02-16 08:01:30.615004,Toronto-df01,-27,10,Normal
2026-02-16 08:01:31.615004,Toronto-df01,-15,98,Normal
2026-02-16 08:01:32.615004,Toronto-df01,-5,97,Normal
2026-02-16 08:01:33.615004,Toronto-df01,-11,55,Normal
2026-02-16 08:01:34.615004,Toronto-df01,17,6,Normal
2026-02-16 08:01:35.615004,Toronto-df01,3,19,Normal
2026-02-16 08:01:36.615004,Toronto-df01,41,40,Normal
2026-02-16 08:01:37.615004,Toronto-df01,-16,22,Normal
2026-02-16 08:01:38.615004,Toronto-df01,-22,34,Normal
2026-02-16 08:01:39.615004,Toronto-df01,-7,54,Normal
2026-02-16 08:01:40.615004,Toronto-df01,28,37,Normal
2026-02-16 08:01:41.615004,Toronto-df01,3,42,Normal
2026-02-16 08:01:42.615004,Toronto-df01,9,33,Normal
2026-02-16 08:01:43.615004,Toronto-df01,-26,78,Normal
2026-02-16 08:01:44.615004,Toronto-df01,47,75,Normal
2026-02-16 08:01:45.615004,Toronto-df01,-26,40,Normal
2026-02-16 08:01:46.615004,Toronto-df01,10,2,Normal
2026-02-16 08:01:47.615004,Toronto-df01,-1,11,Normal
2026-02-16 08:01:48.615004,Toronto-df01,6,49,Normal
2026-02-16 08:01:49.615004,Toronto-df01,-26,70,Normal
2026-02-16 08:01:50.615004,Toronto-df01,6,33,Normal
2026-02-16 08:01:51.615004,Toronto-df01,-9,83,Normal
2026-02-16 08:01:52.615004,Toronto-df01,-25,55,Normal
2026-02-16 08:01:53.615004,Toronto-df01,24,28,Normal
2026-02-16 08:01:54.615004,Toronto-df01,4,85,Normal
2026-02-16 08:01:55.615004,Toronto-df01,26,58,Normal
2026-02-16 08:01:56.615004,Toronto-df01,-25,22,Normal
2026-02-16 08:01:57.615004,Toronto-df01,-14,55,Normal
2026-02-16 08:01:58.615004,Toronto-df01,-12,3,Normal
2026-02-16 08:01:59.615004,Toronto-df01,-27,68,Normal
2026-02-16 08:02:00.615004,Toronto-df01,-15,13,Normal
2026-02-16 08:02:01.615004,Toronto-df01,-1,57,Normal
2026-02-16 08:02:02.615004,Toronto-df01,-8,32,Normal
2026-02-16 08:02:03.615004,Toronto-df01,48,91,Normal
2026-02-16 08:02:04.615004,Toronto-df01,31,59,Normal
2026-02-16 08:02:05.615004,Toronto-df01,-2,9,Normal
2026-02-16 08:02:06.615004,Toronto-df01,0,16,Normal
2026-02-16 08:02:07.615004,Toronto-df01,-1,21,Normal
2026-02-16 08:02:08.615004,Toronto-df01,43,37,Normal
2026-02-16 08:02:09.615004,Toronto-df01,-29,60,Normal
2026-02-16 08:02:10.615004,Toronto-df01,2,23,Normal
2026-02-16 08:02:11.615004,Toronto-df01,46,40,Normal
2026-02-16 08:02:12.615004,Toronto-df01,-2,69,Normal
2026-02-16 08:02:13.615004,Toronto-df01,-30,56,Normal
2026-02-16 08:02:14.615004,Toronto-df01,30,49,Normal
2026-02-16 08:02:15.615004,Toronto-df01,14,93,Normal
2026-02-16 08:02:16.615004,Toronto-df01,-30,90,Normal
2026-02-16 08:02:17.615004,Toronto-df01,22,48,Normal
2026-02-16 08:02:18.615004,Toronto-df01,45,71,Normal
2026-02-16 08:02:19.615004,Toronto-df01,35,30,Normal
2026-02-16 08:02:20.615004,Toronto-df01,13,19,Normal
2026-02-16 08:02:21.615004,Toronto-df01,30,30,Normal
2026-02-16 08:02:22.615004,Toronto-df01,19,13,Normal
2026-02-16 08:02:23.615004,Toronto-df01,35,28,Normal
2026-02-16 08:02:24.615004,Toronto-df01,50,59,Normal
2026-02-16 08:02:25.615004,Toronto-df01,35,11,Normal
2026-02-16 08:02:26.615004,Toronto-df01,-11,43,Normal
2026-02-16 08:02:27.615004,Toronto-df01,-19,84,Normal
2026-02-16 08:02:28.615004,Toronto-df01,41,64,Normal
2026-02-16 08:02:29.615004,Toronto-df01,-14,63,Normal
2026-02-16 08:02:30.615004,Toronto-df01,9,63,Normal
2026-02-16 08:02:31.615004,Toronto-df01,46,39,Normal
2026-02-16 08:02:32.615004,Toronto-df01,27,8,Normal
2026-02-16 08:02:33.615004,Toronto-df01,-26,52,Normal
2026-02-16 08:02:34.615004,Toronto-df01,-24,48,Normal
2026-02-16 08:02:35.615004,Toronto-df01,26,81,Normal
2026-02-16 08:02:36.615004,Toronto-df01,1,39,Normal
2026-02-16 08:02:37.615004,Toronto-df01,49,78,Normal
2026-02-16 08:02:38.615004,Toronto-df01,-3,47,Normal
2026-02-16 08:02:39.615004,Toronto-df01,36,7,Normal
2026-02-16 08:02:40.615004,Toronto-df01,13,7,Normal
2026-02-16 08:02:41.615004,Toronto-df01,43,10,Normal
2026-02-16 08:02:42.615004,Toronto-df01,32,21,Normal
2026-02-16 08:02:43.615004,Toronto-df01,-2,35,Normal
2026-02-16 08:02:44.615004,Toronto-df01,-30,80,Normal
2026-02-16 08:02:45.615004,Toronto-df01,48,22,Normal
2026-02-16 08:02:46.615004,Toronto-df01,-9,64,Normal
2026-02-16 08:02:47.615004,Toronto-df01,30,10,Normal
2026-02-16 08:02:48.615004,Toronto-df01,-4,3,Normal
2026-02-16 08:02:49.615004,Toronto-df01,9,52,Normal
2026-02-16 08:02:50.615004,Toronto-df01,-9,96,Normal
2026-02-16 08:02:51.615004,Toronto-df01,37,40,Normal
2026-02-16 08:02:52.615004,Toronto-df01,45,79,Normal
2026-02-16 08:02:53.615004,Toronto-df01,-27,10,Normal
2026-02-16 08:02:54.615004,Toronto-df01,-23,8,Normal
2026-02-16 08:02:55.615004,Toronto-df01,-21,49,Normal
2026-02-16 08:02:56.615004,Toronto-df01,2,81,Normal
2026-02-16 08:02:57.615004,Toronto-df01,-3,73,Normal
2026-02-16 08:02:58.615004,Toronto-df01,9,18,Normal
2026-02-16 08:02:59.615004,Toronto-df01,-13,31,Normal
2026-02-16 08:03:00.615004,Toronto-df01,11,46,Normal
2026-02-16 08:03:01.615004,Toronto-df01,13,55,Normal
2026-02-16 08:03:02.615004,Toronto-df01,-17,64,Normal
2026-02-16 08:03:03.615004,Toronto-df01,15,30,Normal
2026-02-16 08:03:04.615004,Toronto-df01,-22,53,Normal
2026-02-16 08:03:05.615004,Toronto-df01,20,70,Normal
2026-02-16 08:03:06.615004,Toronto-df01,-29,6,Normal
2026-02-16 08:03:07.615004,Toronto-df01,33,76,Normal
2026-02-16 08:03:08.615004,Toronto-df01,32,69,Normal
2026-02-16 08:03:09.615004,Toronto-df01,4,58,Normal
2026-02-16 08:03:10.615004,Toronto-df01,47,57,Normal
2026-02-16 08:03:11.615004,Toronto-df01,-28,25,Normal
2026-02-16 08:03:12.615004,Toronto-df01,14,41,Normal
2026-02-16 08:03:13.615004,Toronto-df01,45,50,Normal
2026-02-16 08:03:14.615004,Toronto-df01,32,30,Normal
2026-02-16 08:03:15.615004,Toronto-df01,35,41,Normal
2026-02-16 08:03:16.615004,Toronto-df01,4,87,Normal
2026-02-16 08:03:17.615004,Toronto-df01,-11,36,Normal
2026-02-16 08:03:18.615004,Toronto-df01,-25,45,Normal
2026-02-16 08:03:19.615004,Toronto-df01,-20,53,Normal
2026-02-16 08:03:20.615004,Toronto-df01,-17,31,Normal
2026-02-16 08:03:21.615004,Toronto-df01,-9,62,Normal
2026-02-16 08:03:22.615004,Toronto-df01,29,60,Normal
2026-02-16 08:03:23.615004,Toronto-df01,10,26,Normal
2026-02-16 08:03:24.615004,Toronto-df01,44,84,Normal
2026-02-16 08:03:25.615004,Toronto-df01,-13,91,Normal
2026-02-16 08:03:26.615004,Toronto-df01,-7,66,Normal
2026-02-16 08:03:27.615004,Toronto-df01,-27,91,Normal
2026-02-16 08:03:28.615004,Toronto-df01,44,34,Normal
2026-02-16 08:03:29.615004,Toronto-df01,-14,0,Normal
2026-02-16 08:03:30.615004,Toronto-df01,-14,26,Normal
2026-02-16 08:03:31.615004,Toronto-df01,34,82,Normal
2026-02-16 08:03:32.615004,Toronto-df01,-11,5,Normal
2026-02-16 08:03:33.615004,Toronto-df01,11,11,Normal
2026-02-16 08:03:34.615004,Toronto-df01,17,40,Normal
2026-02-16 08:03:35.615004,Toronto-df01,24,23,Normal
2026-02-16 08:03:36.615004,Toronto-df01,28,96,Normal
2026-02-16 08:03:37.615004,Toronto-df01,-29,12,Normal
2026-02-16 08:03:38.615004,Toronto-df01,-10,96,Normal
2026-02-16 08:03:39.615004,Toronto-df01,16,19,Normal
2026-02-16 08:03:40.615004,Toronto-df01,21,92,Normal
2026-02-16 08:03:41.615004,Toronto-df01,20,4,Normal
2026-02-16 08:03:42.615004,Toronto-df01,22,14,Normal
2026-02-16 08:03:43.615004,Toronto-df01,-28,54,Normal
2026-02-16 08:03:44.615004,Toronto-df01,-9,90,Normal
2026-02-16 08:03:45.615004,Toronto-df01,30,5,Normal
2026-02-16 08:03:46.615004,Toronto-df01,20,5,Normal
2026-02-16 08:03:47.615004,Toronto-df01,41,39,Normal
2026-02-16 08:03:48.615004,Toronto-df01,16,30,Normal
2026-02-16 08:03:49.615004,Toronto-df01,50,68,Normal
2026-02-16 08:03:50.615004,Toronto-df01,-14,72,Normal
2026-02-16 08:03:51.615004,Toronto-df01,0,96,Normal
2026-02-16 08:03:52.615004,Toronto-df01,30,3,Normal
2026-02-16 08:03:53.615004,Toronto-df01,-20,11,Normal
2026-02-16 08:03:54.615004,Toronto-df01,-12,41,Normal
2026-02-16 08:03:55.615004,Toronto-df01,23,4,Normal
2026-02-16 08:03:56.615004,Toronto-df01,17,22,Normal
2026-02-16 08:03:57.615004,Toronto-df01,-2,51,Normal
2026-02-16 08:03:58.615004,Toronto-df01,-9,50,Normal
2026-02-16 08:03:59.615004,Toronto-df01,8,96,Normal
2026-02-16 08:04:00.615004,Toronto-df01,3,7,Normal
2026-02-16 08:04:01.615004,Toronto-df01,-16,28,Normal
2026-02-16 08:04:02.615004,Toronto-df01,13,6,Normal
2026-02-16 08:04:03.615004,Toronto-df01,44,3,Normal
2026-02-16 08:04:04.615004,Toronto-df01,-2,51,Normal
2026-02-16 08:04:05.615004,Toronto-df01,36,74,Normal
2026-02-16 08:04:06.615004,Toronto-df01,-23,21,Normal
2026-02-16 08:04:07.615004,Toronto-df01,-11,18,Normal
2026-02-16 08:04:08.615004,Toronto-df01,32,78,Normal
2026-02-16 08:04:09.615004,Toronto-df01,-8,90,Normal
2026-02-16 08:04:10.615004,Toronto-df01,22,12,Normal
2026-02-16 08:04:11.615004,Toronto-df01,31,53,Normal
2026-02-16 08:04:12.615004,Toronto-df01,0,27,Normal
2026-02-16 08:04:13.615004,Toronto-df01,-5,75,Normal
2026-02-16 08:04:14.615004,Toronto-df01,41,27,Normal
2026-02-16 08:04:15.615004,Toronto-df01,49,61,Normal
2026-02-16 08:04:16.615004,Toronto-df01,15,66,Normal
2026-02-16 08:04:17.615004,Toronto-df01,-30,23,Normal
2026-02-16 08:04:18.615004,Toronto-df01,12,36,Normal
2026-02-16 08:04:19.615004,Toronto-df01,20,12,Normal
2026-02-16 08:04:20.615004,Toronto-df01,46,40,Normal
2026-02-16 08:04:21.615004,Toronto-df01,33,71,Normal
2026-02-16 08:04:22.615004,Toronto-df01,-28,56,Normal
2026-02-16 08:04:23.615004,Toronto-df01,-11,4,Normal
2026-02-16 08:04:24.615004,Toronto-df01,7,37,Normal
2026-02-16 08:04:25.615004,Toronto-df01,37,17,Normal
2026-02-16 08:04:26.615004,Toronto-df01,50,70,Normal
2026-02-16 08:04:27.615004,Toronto-df01,8,63,Normal
2026-02-16 08:04:28.615004,Toronto-df01,-5,56,Normal
2026-02-16 08:04:29.615004,Toronto-df01,-19,20,Normal
2026-02-16 08:04:30.615004,Toronto-df01,-12,91,Normal
2026-02-16 08:04:31.615004,Toronto-df01,6,21,Normal
2026-02-16 08:04:32.615004,Toronto-df01,16,33,Normal
2026-02-16 08:04:33.615004,Toronto-df01,2,94,Normal
2026-02-16 08:04:34.615004,Toronto-df01,-5,39,Normal
2026-02-16 08:04:35.615004,Toronto-df01,19,7,Normal
2026-02-16 08:04:36.615004,Toronto-df01,-21,43,Normal
2026-02-16 08:04:37.615004,Toronto-df01,11,18,Normal
2026-02-16 08:04:38.615004,Toronto-df01,3,19,Normal
2026-02-16 08:04:39.615004,Toronto-df01,17,27,Normal
2026-02-16 08:04:40.615004,Toronto-df01,-16,47,Normal
2026-02-16 08:04:41.615004,Toronto-df01,-21,24,Normal
2026-02-16 08:04:42.615004,Toronto-df01,-21,60,Normal
2026-02-16 08:04:43.615004,Toronto-df01,21,76,Normal
2026-02-16 08:04:44.615004,Toronto-df01,-20,6,Normal
2026-02-16 08:04:45.615004,Toronto-df01,0,5,Normal
2026-02-16 08:04:46.615004,Toronto-df01,39,11,Normal
2026-02-16 08:04:47.615004,Toronto-df01,38,17,Normal
2026-02-16 08:04:48.615004,Toronto-df01,-12,81,Normal
2026-02-16 08:04:49.615004,Toronto-df01,33,8,Normal
2026-02-16 08:04:50.615004,Toronto-df01,9,84,Normal
2026-02-16 08:04:51.615004,Toronto-df01,39,70,Normal
2026-02-16 08:04:52.615004,Toronto-df01,-14,33,Normal
2026-02-16 08:04:53.615004,Toronto-df01,-2,60,Normal
2026-02-16 08:04:54.615004,Toronto-df01,11,4,Normal
2026-02-16 08:04:55.615004,Toronto-df01,33,40,Normal
2026-02-16 08:04:56.615004,Toronto-df01,-14,100,Normal
2026-02-16 08:04:57.615004,Toronto-df01,-12,37,Normal
2026-02-16 08:04:58.615004,Toronto-df01,33,34,Normal
2026-02-16 08:04:59.615004,Toronto-df01,-19,53,Normal
2026-02-16 08:05:00.615004,Toronto-df01,23,97,Normal
2026-02-16 08:05:01.615004,Toronto-df01,31,93,Normal
2026-02-16 08:05:02.615004,Toronto-df01,28,23,Normal
2026-02-16 08:05:03.615004,Toronto-df01,0,14,Normal
2026-02-16 08:05:04.615004,Toronto-df01,-17,68,Normal
2026-02-16 08:05:05.615004,Toronto-df01,36,7,Normal
2026-02-16 08:05:06.615004,Toronto-df01,21,95,Normal
2026-02-16 08:05:07.615004,Toronto-df01,48,58,Normal
2026-02-16 08:05:08.615004,Toronto-df01,42,68,Normal
2026-02-16 08:05:09.615004,Toronto-df01,3,76,Normal
2026-02-16 08:05:10.615004,Toronto-df01,20,85,Normal
2026-02-16 08:05:11.615004,Toronto-df01,-14,77,Normal
2026-02-16 08:05:12.615004,Toronto-df01,1,35,Normal
2026-02-16 08:05:13.615004,Toronto-df01,38,68,Normal
2026-02-16 08:05:14.615004,Toronto-df01,0,28,Normal
2026-02-16 08:05:15.615004,Toronto-df01,44,35,Normal
2026-02-16 08:05:16.615004,Toronto-df01,-28,33,Normal
2026-02-16 08:05:17.615004,Toronto-df01,17,83,Normal
2026-02-16 08:05:18.615004,Toronto-df01,8,49,Normal
2026-02-16 08:05:19.615004,Toronto-df01,-28,69,Normal
2026-02-16 08:05:20.615004,Toronto-df01,27,31,Normal
2026-02-16 08:05:21.615004,Toronto-df01,-11,57,Normal
2026-02-16 08:05:22.615004,Toronto-df01,-7,9,Normal
2026-02-16 08:05:23.615004,Toronto-df01,-13,65,Normal
2026-02-16 08:05:24.615004,Toronto-df01,48,23,Normal
2026-02-16 08:05:25.615004,Toronto-df01,22,85,Normal
2026-02-16 08:05:26.615004,Toronto-df01,-27,28,Normal
2026-02-16 08:05:27.615004,Toronto-df01,-30,62,Normal
2026-02-16 08:05:28.615004,Toronto-df01,-27,11,Normal
2026-02-16 08:05:29.615004,Toronto-df01,32,48,Normal
2026-02-16 08:05:30.615004,Toronto-df01,-21,47,Normal
2026-02-16 08:05:31.615004,Toronto-df01,0,4,Normal
2026-02-16 08:05:32.615004,Toronto-df01,-12,11,Normal
2026-02-16 08:05:33.615004,Toronto-df01,9,57,Normal
2026-02-16 08:05:34.615004,Toronto-df01,-26,77,Normal
2026-02-16 08:05:35.615004,Toronto-df01,43,36,Normal
2026-02-16 08:05:36.615004,Toronto-df01,23,12,Normal
2026-02-16 08:05:37.615004,Toronto-df01,39,29,Normal
2026-02-16 08:05:38.615004,Toronto-df01,39,31,Normal
2026-02-16 08:05:39.615004,Toronto-df01,31,20,Normal
2026-02-16 08:05:40.615004,Toronto-df01,-14,46,Normal
2026-02-16 08:05:41.615004,Toronto-df01,46,53,Normal
2026-02-16 08:05:42.615004,Toronto-df01,33,39,Normal
2026-02-16 08:05:43.615004,Toronto-df01,-20,3,Normal
2026-02-16 08:05:44.615004,Toronto-df01,23,8,Normal
2026-02-16 08:05:45.615004,Toronto-df01,48,10,Normal
2026-02-16 08:05:46.615004,Toronto-df01,20,93,Normal
2026-02-16 08:05:47.615004,Toronto-df01,37,53,Normal
2026-02-16 08:05:48.615004,Toronto-df01,20,53,Normal
2026-02-16 08:05:49.615004,Toronto-df01,-12,54,Normal
2026-02-16 08:05:50.615004,Toronto-df01,48,19,Normal
2026-02-16 08:05:51.615004,Toronto-df01,26,80,Normal
2026-02-16 08:05:52.615004,Toronto-df01,8,15,Normal
2026-02-16 08:05:53.615004,Toronto-df01,37,63,Normal
2026-02-16 08:05:54.615004,Toronto-df01,-13,50,Normal
2026-02-16 08:05:55.615004,Toronto-df01,37,32,Normal
2026-02-16 08:05:56.615004,Toronto-df01,28,55,Normal
2026-02-16 08:05:57.615004,Toronto-df01,-14,81,Normal
2026-02-16 08:05:58.615004,Toronto-df01,4,99,Normal
2026-02-16 08:05:59.615004,Toronto-df01,36,30,Normal
2026-02-16 08:06:00.615004,Toronto-df01,33,2,Normal
2026-02-16 08:06:01.615004,Toronto-df01,11,6,Normal
2026-02-16 08:06:02.615004,Toronto-df01,19,66,Normal
2026-02-16 08:06:03.615004,Toronto-df01,44,87,Normal
2026-02-16 08:06:04.615004,Toronto-df01,40,59,Normal
2026-02-16 08:06:05.615004,Toronto-df01,18,88,Normal
2026-02-16 08:06:06.615004,Toronto-df01,-24,90,Normal
2026-02-16 08:06:07.615004,Toronto-df01,-26,26,Normal
2026-02-16 08:06:08.615004,Toronto-df01,42,75,Normal
2026-02-16 08:06:09.615004,Toronto-df01,7,20,Normal
2026-02-16 08:06:10.615004,Toronto-df01,-16,94,Normal
2026-02-16 08:06:11.615004,Toronto-df01,30,83,Normal
2026-02-16 08:06:12.615004,Toronto-df01,0,86,Normal
2026-02-16 08:06:13.615004,Toronto-df01,15,73,Normal
2026-02-16 08:06:14.615004,Toronto-df01,31,63,Normal
2026-02-16 08:06:15.615004,Toronto-df01,25,4,Normal
2026-02-16 08:06:16.615004,Toronto-df01,10,51,Normal
2026-02-16 08:06:17.615004,Toronto-df01,-17,0,Normal
2026-02-16 08:06:18.615004,Toronto-df01,31,44,Normal
2026-02-16 08:06:19.615004,Toronto-df01,43,90,Normal
2026-02-16 08:06:20.615004,Toronto-df01,38,56,Normal
2026-02-16 08:06:21.615004,Toronto-df01,-9,79,Normal
2026-02-16 08:06:22.615004,Toronto-df01,42,64,Normal
2026-02-16 08:06:23.615004,Toronto-df01,26,79,Normal
2026-02-16 08:06:24.615004,Toronto-df01,50,73,Normal
2026-02-16 08:06:25.615004,Toronto-df01,49,47,Normal
2026-02-16 08:06:26.615004,Toronto-df01,41,97,Normal
2026-02-16 08:06:27.615004,Toronto-df01,-6,47,Normal
2026-02-16 08:06:28.615004,Toronto-df01,34,8,Normal
2026-02-16 08:06:29.615004,Toronto-df01,39,72,Normal
2026-02-16 08:06:30.615004,Toronto-df01,1,72,Normal
2026-02-16 08:06:31.615004,Toronto-df01,33,51,Normal
2026-02-16 08:06:32.615004,Toronto-df01,13,66,Normal
2026-02-16 08:06:33.615004,Toronto-df01,28,20,Normal
2026-02-16 08:06:34.615004,Toronto-df01,42,48,Normal
2026-02-16 08:06:35.615004,Toronto-df01,2,47,Normal
2026-02-16 08:06:36.615004,Toronto-df01,-10,67,Normal
2026-02-16 08:06:37.615004,Toronto-df01,-8,94,Normal
2026-02-16 08:06:38.615004,Toronto-df01,-28,97,Normal
2026-02-16 08:06:39.615004,Toronto-df01,33,71,Normal
2026-02-16 08:06:40.615004,Toronto-df01,35,49,Normal
2026-02-16 08:06:41.615004,Toronto-df01,38,79,Normal
2026-02-16 08:06:42.615004,Toronto-df01,-7,9,Normal
2026-02-16 08:06:43.615004,Toronto-df01,3,57,Normal
2026-02-16 08:06:44.615004,Toronto-df01,35,47,Normal
2026-02-16 08:06:45.615004,Toronto-df01,-8,44,Normal
2026-02-16 08:06:46.615004,Toronto-df01,-1,99,Normal
2026-02-16 08:06:47.615004,Toronto-df01,44,94,Normal
2026-02-16 08:06:48.615004,Toronto-df01,26,10,Normal
2026-02-16 08:06:49.615004,Toronto-df01,44,99,Normal
2026-02-16 08:06:50.615004,Toronto-df01,2,6,Normal
2026-02-16 08:06:51.615004,Toronto-df01,-16,35,Normal
2026-02-16 08:06:52.615004,Toronto-df01,-18,87,Normal
2026-02-16 08:06:53.615004,Toronto-df01,27,56,Normal
2026-02-16 08:06:54.615004,Toronto-df01,-20,100,Normal
2026-02-16 08:06:55.615004,Toronto-df01,-6,86,Normal
2026-02-16 08:06:56.615004,Toronto-df01,-13,64,Normal
2026-02-16 08:06:57.615004,Toronto-df01,14,34,Normal
2026-02-16 08:06:58.615004,Toronto-df01,13,76,Normal
2026-02-16 08:06:59.615004,Toronto-df01,21,87,Normal
2026-02-16 08:07:00.615004,Toronto-df01,9,20,Normal
2026-02-16 08:07:01.615004,Toronto-df01,48,46,Normal
2026-02-16 08:07:02.615004,Toronto-df01,14,63,Normal
2026-02-16 08:07:03.615004,Toronto-df01,15,99,Normal
2026-02-16 08:07:04.615004,Toronto-df01,-13,22,Normal
2026-02-16 08:07:05.615004,Toronto-df01,29,34,Normal
2026-02-16 08:07:06.615004,Toronto-df01,-24,62,Normal
2026-02-16 08:07:07.615004,Toronto-df01,43,44,Normal
2026-02-16 08:07:08.615004,Toronto-df01,26,92,Normal
2026-02-16 08:07:09.615004,Toronto-df01,0,63,Normal
2026-02-16 08:07:10.615004,Toronto-df01,50,76,Normal
2026-02-16 08:07:11.615004,Toronto-df01,26,28,Normal
2026-02-16 08:07:12.615004,Toronto-df01,21,87,Normal
2026-02-16 08:07:13.615004,Toronto-df01,18,73,Normal
2026-02-16 08:07:14.615004,Toronto-df01,4,56,Normal
2026-02-16 08:07:15.615004,Toronto-df01,-6,76,Normal
2026-02-16 08:07:16.615004,Toronto-df01,-1,92,Normal
2026-02-16 08:07:17.615004,Toronto-df01,20,28,Normal
2026-02-16 08:07:18.615004,Toronto-df01,8,3,Normal
2026-02-16 08:07:19.615004,Toronto-df01,33,26,Normal
2026-02-16 08:07:20.615004,Toronto-df01,-21,28,Normal
2026-02-16 08:07:21.615004,Toronto-df01,20,95,Normal
2026-02-16 08:07:22.615004,Toronto-df01,26,54,Normal
2026-02-16 08:07:23.615004,Toronto-df01,20,34,Normal
2026-02-16 08:07:24.615004,Toronto-df01,-30,48,Normal
2026-02-16 08:07:25.615004,Toronto-df01,-27,17,Normal
2026-02-16 08:07:26.615004,Toronto-df01,7,16,Normal
2026-02-16 08:07:27.615004,Toronto-df01,26,48,Normal
2026-02-16 08:07:28.615004,Toronto-df01,-9,96,Normal
2026-02-16 08:07:29.615004,Toronto-df01,23,18,Normal
2026-02-16 08:07:30.615004,Toronto-df01,28,80,Normal
2026-02-16 08:07:31.615004,Toronto-df01,32,13,Normal
2026-02-16 08:07:32.615004,Toronto-df01,27,84,Normal
2026-02-16 08:07:33.615004,Toronto-df01,48,62,Normal
2026-02-16 08:07:34.615004,Toronto-df01,-3,24,Normal
2026-02-16 08:07:35.615004,Toronto-df01,-16,58,Normal
2026-02-16 08:07:36.615004,Toronto-df01,3,14,Normal
2026-02-16 08:07:37.615004,Toronto-df01,-10,83,Normal
2026-02-16 08:07:38.615004,Toronto-df01,-1,86,Normal
2026-02-16 08:07:39.615004,Toronto-df01,29,62,Normal
2026-02-16 08:07:40.615004,Toronto-df01,-27,61,Normal
2026-02-16 08:07:41.615004,Toronto-df01,-10,44,Normal
2026-02-16 08:07:42.615004,Toronto-df01,26,59,Normal
2026-02-16 08:07:43.615004,Toronto-df01,30,24,Normal
2026-02-16 08:07:44.615004,Toronto-df01,-4,40,Normal
2026-02-16 08:07:45.615004,Toronto-df01,-3,30,Normal
2026-02-16 08:07:46.615004,Toronto-df01,12,85,Normal
2026-02-16 08:07:47.615004,Toronto-df01,-5,86,Normal
2026-02-16 08:07:48.615004,Toronto-df01,-8,90,Normal
2026-02-16 08:07:49.615004,Toronto-df01,-2,26,Normal
2026-02-16 08:07:50.615004,Toronto-df01,10,62,Normal
2026-02-16 08:07:51.615004,Toronto-df01,45,30,Normal
2026-02-16 08:07:52.615004,Toronto-df01,27,18,Normal
2026-02-16 08:07:53.615004,Toronto-df01,-9,0,Normal
2026-02-16 08:07:54.615004,Toronto-df01,-10,88,Normal
2026-02-16 08:07:55.615004,Toronto-df01,4,46,Normal
2026-02-16 08:07:56.615004,Toronto-df01,-11,51,Normal
2026-02-16 08:07:57.615004,Toronto-df01,43,42,Normal
2026-02-16 08:07:58.615004,Toronto-df01,38,54,Normal
2026-02-16 08:07:59.615004,Toronto-df01,1,62,Normal
2026-02-16 08:08:00.615004,Toronto-df01,-11,87,Normal
2026-02-16 08:08:01.615004,Toronto-df01,24,7,Normal
2026-02-16 08:08:02.615004,Toronto-df01,-6,69,Normal
2026-02-16 08:08:03.615004,Toronto-df01,45,5,Normal
2026-02-16 08:08:04.615004,Toronto-df01,39,96,Normal
2026-02-16 08:08:05.615004,Toronto-df01,18,92,Normal
2026-02-16 08:08:06.615004,Toronto-df01,7,74,Normal
2026-02-16 08:08:07.615004,Toronto-df01,37,70,Normal
2026-02-16 08:08:08.615004,Toronto-df01,33,11,Normal
2026-02-16 08:08:09.615004,Toronto-df01,-8,30,Normal
2026-02-16 08:08:10.615004,Toronto-df01,-5,58,Normal
2026-02-16 08:08:11.615004,Toronto-df01,0,5,Normal
2026-02-16 08:08:12.615004,Toronto-df01,-9,70,Normal
2026-02-16 08:08:13.615004,Toronto-df01,43,89,Normal
2026-02-16 08:08:14.615004,Toronto-df01,1,30,Normal
2026-02-16 08:08:15.615004,Toronto-df01,-26,91,Normal
2026-02-16 08:08:16.615004,Toronto-df01,-14,26,Normal
2026-02-16 08:08:17.615004,Toronto-df01,4,53,Normal
2026-02-16 08:08:18.615004,Toronto-df01,38,42,Normal
2026-02-16 08:08:19.615004,Toronto-df01,-23,41,Normal
2026-02-16 08:08:20.615004,Toronto-df01,12,28,Normal
2026-02-16 08:08:21.615004,Toronto-df01,-3,90,Normal
2026-02-16 08:08:22.615004,Toronto-df01,10,79,Normal
2026-02-16 08:08:23.615004,Toronto-df01,42,64,Normal
2026-02-16 08:08:24.615004,Toronto-df01,9,43,Normal
2026-02-16 08:08:25.615004,Toronto-df01,-18,43,Normal
2026-02-16 08:08:26.615004,Toronto-df01,-29,88,Normal
2026-02-16 08:08:27.615004,Toronto-df01,27,37,Normal
2026-02-16 08:08:28.615004,Toronto-df01,-23,61,Normal
2026-02-16 08:08:29.615004,Toronto-df01,-30,77,Normal
2026-02-16 08:08:30.615004,Toronto-df01,36,69,Normal
2026-02-16 08:08:31.615004,Toronto-df01,-11,2,Normal
2026-02-16 08:08:32.615004,Toronto-df01,34,54,Normal
2026-02-16 08:08:33.615004,Toronto-df01,-16,14,Normal
2026-02-16 08:08:34.615004,Toronto-df01,0,6,Normal
2026-02-16 08:08:35.615004,Toronto-df01,39,75,Normal
2026-02-16 08:08:36.615004,Toronto-df01,30,92,Normal
2026-02-16 08:08:37.615004,Toronto-df01,31,40,Normal
2026-02-16 08:08:38.615004,Toronto-df01,-4,54,Normal
2026-02-16 08:08:39.615004,Toronto-df01,-12,93,Normal
2026-02-16 08:08:40.615004,Toronto-df01,0,60,Normal
2026-02-16 08:08:41.615004,Toronto-df01,-12,0,Normal
2026-02-16 08:08:42.615004,Toronto-df01,33,79,Normal
2026-02-16 08:08:43.615004,Toronto-df01,25,100,Normal
2026-02-16 08:08:44.615004,Toronto-df01,5,68,Normal
2026-02-16 08:08:45.615004,Toronto-df01,25,18,Normal
2026-02-16 08:08:46.615004,Toronto-df01,-18,31,Normal
2026-02-16 08:08:47.615004,Toronto-df01,5,67,Normal
2026-02-16 08:08:48.615004,Toronto-df01,39,88,Normal
2026-02-16 08:08:49.615004,Toronto-df01,-30,41,Normal
2026-02-16 08:08:50.615004,Toronto-df01,-2,44,Normal
2026-02-16 08:08:51.615004,Toronto-df01,50,25,Normal
2026-02-16 08:08:52.615004,Toronto-df01,22,20,Normal
2026-02-16 08:08:53.615004,Toronto-df01,1,54,Normal
2026-02-16 08:08:54.615004,Toronto-df01,-21,59,Normal
2026-02-16 08:08:55.615004,Toronto-df01,-10,40,Normal
2026-02-16 08:08:56.615004,Toronto-df01,3,85,Normal
2026-02-16 08:08:57.615004,Toronto-df01,22,39,Normal
2026-02-16 08:08:58.615004,Toronto-df01,-29,12,Normal
2026-02-16 08:08:59.615004,Toronto-df01,-21,83,Normal
2026-02-16 08:09:00.615004,Toronto-df01,29,53,Normal
2026-02-16 08:09:01.615004,Toronto-df01,-29,39,Normal
2026-02-16 08:09:02.615004,Toronto-df01,20,46,Normal
2026-02-16 08:09:03.615004,Toronto-df01,-23,94,Normal
2026-02-16 08:09:04.615004,Toronto-df01,25,28,Normal
2026-02-16 08:09:05.615004,Toronto-df01,13,93,Normal
2026-02-16 08:09:06.615004,Toronto-df01,43,3,Normal
2026-02-16 08:09:07.615004,Toronto-df01,3,60,Normal
2026-02-16 08:09:08.615004,Toronto-df01,-10,80,Normal
2026-02-16 08:09:09.615004,Toronto-df01,-11,45,Normal
2026-02-16 08:09:10.615004,Toronto-df01,35,77,Normal
2026-02-16 08:09:11.615004,Toronto-df01,-28,43,Normal
2026-02-16 08:09:12.615004,Toronto-df01,15,3,Normal
2026-02-16 08:09:13.615004,Toronto-df01,-8,74,Normal
2026-02-16 08:09:14.615004,Toronto-df01,-13,27,Normal
2026-02-16 08:09:15.615004,Toronto-df01,3,58,Normal
2026-02-16 08:09:16.615004,Toronto-df01,6,38,Normal
2026-02-16 08:09:17.615004,Toronto-df01,-28,85,Normal
2026-02-16 08:09:18.615004,Toronto-df01,39,35,Normal
2026-02-16 08:09:19.615004,Toronto-df01,-6,8,Normal
2026-02-16 08:09:20.615004,Toronto-df01,41,33,Normal
2026-02-16 08:09:21.615004,Toronto-df01,39,97,Normal
2026-02-16 08:09:22.615004,Toronto-df01,2,100,Normal
2026-02-16 08:09:23.615004,Toronto-df01,10,88,Normal
2026-02-16 08:09:24.615004,Toronto-df01,18,39,Normal
2026-02-16 08:09:25.615004,Toronto-df01,9,59,Normal
2026-02-16 08:09:26.615004,Toronto-df01,1,28,Normal
2026-02-16 08:09:27.615004,Toronto-df01,-3,85,Normal
2026-02-16 08:09:28.615004,Toronto-df01,-9,51,Normal
2026-02-16 08:09:29.615004,Toronto-df01,-23,80,Normal
2026-02-16 08:09:30.615004,Toronto-df01,42,97,Normal
2026-02-16 08:09:31.615004,Toronto-df01,1,29,Normal
2026-02-16 08:09:32.615004,Toronto-df01,34,62,Normal
2026-02-16 08:09:33.615004,Toronto-df01,10,83,Normal
2026-02-16 08:09:34.615004,Toronto-df01,26,24,Normal
2026-02-16 08:09:35.615004,Toronto-df01,28,16,Normal
2026-02-16 08:09:36.615004,Toronto-df01,1,87,Normal
2026-02-16 08:09:37.615004,Toronto-df01,-7,14,Normal
2026-02-16 08:09:38.615004,Toronto-df01,23,23,Normal
2026-02-16 08:09:39.615004,Toronto-df01,-8,16,Normal
2026-02-16 08:09:40.615004,Toronto-df01,40,70,Normal
2026-02-16 08:09:41.615004,Toronto-df01,-28,34,Normal
2026-02-16 08:09:42.615004,Toronto-df01,-29,69,Normal
2026-02-16 08:09:43.615004,Toronto-df01,49,17,Normal
2026-02-16 08:09:44.615004,Toronto-df01,19,31,Normal
2026-02-16 08:09:45.615004,Toronto-df01,35,14,Normal
2026-02-16 08:09:46.615004,Toronto-df01,34,45,Normal
2026-02-16 08:09:47.615004,Toronto-df01,8,59,Normal
2026-02-16 08:09:48.615004,Toronto-df01,-4,42,Normal
2026-02-16 08:09:49.615004,Toronto-df01,-19,74,Normal
2026-02-16 08:09:50.615004,Toronto-df01,-20,5,Normal
2026-02-16 08:09:51.615004,Toronto-df01,32,31,Normal
2026-02-16 08:09:52.615004,Toronto-df01,13,24,Normal
2026-02-16 08:09:53.615004,Toronto-df01,-14,26,Normal
2026-02-16 08:09:54.615004,Toronto-df01,16,99,Normal
2026-02-16 08:09:55.615004,Toronto-df01,21,62,Normal
2026-02-16 08:09:56.615004,Toronto-df01,50,36,Normal
2026-02-16 08:09:57.615004,Toronto-df01,17,81,Normal
2026-02-16 08:09:58.615004,Toronto-df01,-18,96,Normal
2026-02-16 08:09:59.615004,Toronto-df01,38,57,Normal
2026-02-16 08:10:00.615004,Toronto-df01,-15,77,Normal
2026-02-16 08:10:01.615004,Toronto-df01,-28,96,Normal
2026-02-16 08:10:02.615004,Toronto-df01,6,24,Normal
2026-02-16 08:10:03.615004,Toronto-df01,40,29,Normal
2026-02-16 08:10:04.615004,Toronto-df01,31,43,Normal
2026-02-16 08:10:05.615004,Toronto-df01,-6,43,Normal
2026-02-16 08:10:06.615004,Toronto-df01,7,73,Normal
2026-02-16 08:10:07.615004,Toronto-df01,36,71,Normal
2026-02-16 08:10:08.615004,Toronto-df01,32,67,Normal
2026-02-16 08:10:09.615004,Toronto-df01,10,93,Normal
2026-02-16 08:10:10.615004,Toronto-df01,15,23,Normal
2026-02-16 08:10:11.615004,Toronto-df01,-28,54,Normal
2026-02-16 08:10:12.615004,Toronto-df01,33,40,Normal
2026-02-16 08:10:13.615004,Toronto-df01,-1,18,Normal
2026-02-16 08:10:14.615004,Toronto-df01,25,55,Normal
2026-02-16 08:10:15.615004,Toronto-df01,3,38,Normal
2026-02-16 08:10:16.615004,Toronto-df01,-10,0,Normal
2026-02-16 08:10:17.615004,Toronto-df01,-22,29,Normal
2026-02-16 08:10:18.615004,Toronto-df01,43,66,Normal
2026-02-16 08:10:19.615004,Toronto-df01,-4,19,Normal
2026-02-16 08:10:20.615004,Toronto-df01,47,21,Normal
2026-02-16 08:10:21.615004,Toronto-df01,-27,15,Normal
2026-02-16 08:10:22.615004,Toronto-df01,-11,39,Normal
2026-02-16 08:10:23.615004,Toronto-df01,26,90,Normal
2026-02-16 08:10:24.615004,Toronto-df01,3,68,Normal
2026-02-16 08:10:25.615004,Toronto-df01,-11,80,Normal
2026-02-16 08:10:26.615004,Toronto-df01,16,13,Normal
2026-02-16 08:10:27.615004,Toronto-df01,30,7,Normal
2026-02-16 08:10:28.615004,Toronto-df01,-13,63,Normal
2026-02-16 08:10:29.615004,Toronto-df01,4,0,Normal
2026-02-16 08:10:30.615004,Toronto-df01,-23,59,Normal
2026-02-16 08:10:31.615004,Toronto-df01,35,7,Normal
2026-02-16 08:10:32.615004,Toronto-df01,43,3,Normal
2026-02-16 08:10:33.615004,Toronto-df01,11,10,Normal
2026-02-16 08:10:34.615004,Toronto-df01,-6,44,Normal
2026-02-16 08:10:35.615004,Toronto-df01,-4,42,Normal
2026-02-16 08:10:36.615004,Toronto-df01,-6,27,Normal
2026-02-16 08:10:37.615004,Toronto-df01,17,28,Normal
2026-02-16 08:10:38.615004,Toronto-df01,7,79,Normal
2026-02-16 08:10:39.615004,Toronto-df01,-18,41,Normal
2026-02-16 08:10:40.615004,Toronto-df01,-7,72,Normal
2026-02-16 08:10:41.615004,Toronto-df01,-12,42,Normal
2026-02-16 08:10:42.615004,Toronto-df01,3,86,Normal
2026-02-16 08:10:43.615004,Toronto-df01,29,45,Normal
2026-02-16 08:10:44.615004,Toronto-df01,39,15,Normal
2026-02-16 08:10:45.615004,Toronto-df01,40,40,Normal
2026-02-16 08:10:46.615004,Toronto-df01,-27,65,Normal
2026-02-16 08:10:47.615004,Toronto-df01,-3,52,Normal
2026-02-16 08:10:48.615004,Toronto-df01,21,70,Normal
2026-02-16 08:10:49.615004,Toronto-df01,-3,47,Normal
2026-02-16 08:10:50.615004,Toronto-df01,-5,8,Normal
2026-02-16 08:10:51.615004,Toronto-df01,21,18,Normal
2026-02-16 08:10:52.615004,Toronto-df01,47,83,Normal
2026-02-16 08:10:53.615004,Toronto-df01,41,18,Normal
2026-02-16 08:10:54.615004,Toronto-df01,50,13,Normal
2026-02-16 08:10:55.615004,Toronto-df01,46,54,Normal
2026-02-16 08:10:56.615004,Toronto-df01,27,91,Normal
2026-02-16 08:10:57.615004,Toronto-df01,49,61,Normal
2026-02-16 08:10:58.615004,Toronto-df01,-3,76,Normal
2026-02-16 08:10:59.615004,Toronto-df01,-25,92,Normal
2026-02-16 08:11:00.615004,Toronto-df01,-9,47,Normal
2026-02-16 08:11:01.615004,Toronto-df01,-1,8,Normal
2026-02-16 08:11:02.615004,Toronto-df01,-27,64,Normal
2026-02-16 08:11:03.615004,Toronto-df01,46,89,Normal
2026-02-16 08:11:04.615004,Toronto-df01,43,27,Normal
2026-02-16 08:11:05.615004,Toronto-df01,46,61,Normal
2026-02-16 08:11:06.615004,Toronto-df01,-13,21,Normal
2026-02-16 08:11:07.615004,Toronto-df01,21,94,Normal
2026-02-16 08:11:08.615004,Toronto-df01,30,21,Normal
2026-02-16 08:11:09.615004,Toronto-df01,-24,71,Normal
2026-02-16 08:11:10.615004,Toronto-df01,-5,6,Normal
2026-02-16 08:11:11.615004,Toronto-df01,-29,25,Normal
2026-02-16 08:11:12.615004,Toronto-df01,-28,61,Normal
2026-02-16 08:11:13.615004,Toronto-df01,38,88,Normal
2026-02-16 08:11:14.615004,Toronto-df01,33,25,Normal
2026-02-16 08:11:15.615004,Toronto-df01,-26,70,Normal
2026-02-16 08:11:16.615004,Toronto-df01,23,86,Normal
2026-02-16 08:11:17.615004,Toronto-df01,-3,64,Normal
2026-02-16 08:11:18.615004,Toronto-df01,-27,51,Normal
2026-02-16 08:11:19.615004,Toronto-df01,-8,81,Normal
2026-02-16 08:11:20.615004,Toronto-df01,25,62,Normal
2026-02-16 08:11:21.615004,Toronto-df01,42,41,Normal
2026-02-16 08:11:22.615004,Toronto-df01,4,45,Normal
2026-02-16 08:11:23.615004,Toronto-df01,0,85,Normal
2026-02-16 08:11:24.615004,Toronto-df01,-6,47,Normal
2026-02-16 08:11:25.615004,Toronto-df01,-29,96,Normal
2026-02-16 08:11:26.615004,Toronto-df01,8,37,Normal
2026-02-16 08:11:27.615004,Toronto-df01,-8,28,Normal
2026-02-16 08:11:28.615004,Toronto-df01,-20,66,Normal
2026-02-16 08:11:29.615004,Toronto-df01,12,87,Normal
2026-02-16 08:11:30.615004,Toronto-df01,-26,33,Normal
2026-02-16 08:11:31.615004,Toronto-df01,28,70,Normal
2026-02-16 08:11:32.615004,Toronto-df01,21,1,Normal
2026-02-16 08:11:33.615004,Toronto-df01,-30,13,Normal
2026-02-16 08:11:34.615004,Toronto-df01,-16,83,Normal
2026-02-16 08:11:35.615004,Toronto-df01,2,61,Normal
2026-02-16 08:11:36.615004,Toronto-df01,41,71,Normal
2026-02-16 08:11:37.615004,Toronto-df01,33,95,Normal
2026-02-16 08:11:38.615004,Toronto-df01,15,15,Normal
2026-02-16 08:11:39.615004,Toronto-df01,50,2,Normal
2026-02-16 08:11:40.615004,Toronto-df01,-5,53,Normal
2026-02-16 08:11:41.615004,Toronto-df01,16,32,Normal
2026-02-16 08:11:42.615004,Toronto-df01,-23,62,Normal
2026-02-16 08:11:43.615004,Toronto-df01,-13,63,Normal
2026-02-16 08:11:44.615004,Toronto-df01,-16,25,Normal
2026-02-16 08:11:45.615004,Toronto-df01,-22,95,Normal
2026-02-16 08:11:46.615004,Toronto-df01,36,69,Normal
2026-02-16 08:11:47.615004,Toronto-df01,25,55,Normal
2026-02-16 08:11:48.615004,Toronto-df01,-19,29,Normal
2026-02-16 08:11:49.615004,Toronto-df01,-4,74,Normal
2026-02-16 08:11:50.615004,Toronto-df01,37,8,Normal
2026-02-16 08:11:51.615004,Toronto-df01,-15,93,Normal
2026-02-16 08:11:52.615004,Toronto-df01,44,74,Normal
2026-02-16 08:11:53.615004,Toronto-df01,37,1,Normal
2026-02-16 08:11:54.615004,Toronto-df01,41,58,Normal
2026-02-16 08:11:55.615004,Toronto-df01,-13,36,Normal
2026-02-16 08:11:56.615004,Toronto-df01,35,10,Normal
2026-02-16 08:11:57.615004,Toronto-df01,43,36,Normal
2026-02-16 08:11:58.615004,Toronto-df01,3,43,Normal
2026-02-16 08:11:59.615004,Toronto-df01,4,10,Normal
2026-02-16 08:12:00.615004,Toronto-df01,-28,26,Normal
2026-02-16 08:12:01.615004,Toronto-df01,19,52,Normal
2026-02-16 08:12:02.615004,Toronto-df01,35,47,Normal
2026-02-16 08:12:03.615004,Toronto-df01,-14,49,Normal
2026-02-16 08:12:04.615004,Toronto-df01,-21,10,Normal
2026-02-16 08:12:05.615004,Toronto-df01,-26,84,Normal
2026-02-16 08:12:06.615004,Toronto-df01,-21,42,Normal
2026-02-16 08:12:07.615004,Toronto-df01,0,33,Normal
2026-02-16 08:12:08.615004,Toronto-df01,16,49,Normal
2026-02-16 08:12:09.615004,Toronto-df01,1,28,Normal
2026-02-16 08:12:10.615004,Toronto-df01,44,46,Normal
2026-02-16 08:12:11.615004,Toronto-df01,-11,9,Normal
2026-02-16 08:12:12.615004,Toronto-df01,6,56,Normal
2026-02-16 08:12:13.615004,Toronto-df01,-12,83,Normal
2026-02-16 08:12:14.615004,Toronto-df01,-28,59,Normal
2026-02-16 08:12:15.615004,Toronto-df01,28,44,Normal
2026-02-16 08:12:16.615004,Toronto-df01,38,83,Normal
2026-02-16 08:12:17.615004,Toronto-df01,-10,14,Normal
2026-02-16 08:12:18.615004,Toronto-df01,33,3,Normal
2026-02-16 08:12:19.615004,Toronto-df01,4,88,Normal
2026-02-16 08:12:20.615004,Toronto-df01,8,66,Normal
2026-02-16 08:12:21.615004,Toronto-df01,12,43,Normal
2026-02-16 08:12:22.615004,Toronto-df01,-29,93,Normal
2026-02-16 08:12:23.615004,Toronto-df01,6,73,Normal
2026-02-16 08:12:24.615004,Toronto-df01,41,54,Normal
2026-02-16 08:12:25.615004,Toronto-df01,30,32,Normal
2026-02-16 08:12:26.615004,Toronto-df01,46,59,Normal
2026-02-16 08:12:27.615004,Toronto-df01,47,55,Normal
2026-02-16 08:12:28.615004,Toronto-df01,25,20,Normal
2026-02-16 08:12:29.615004,Toronto-df01,12,98,Normal
2026-02-16 08:12:30.615004,Toronto-df01,40,23,Normal
2026-02-16 08:12:31.615004,Toronto-df01,-3,25,Normal
2026-02-16 08:12:32.615004,Toronto-df01,46,90,Normal
2026-02-16 08:12:33.615004,Toronto-df01,40,51,Normal
2026-02-16 08:12:34.615004,Toronto-df01,32,0,Normal
2026-02-16 08:12:35.615004,Toronto-df01,31,89,Normal
2026-02-16 08:12:36.615004,Toronto-df01,12,72,Normal
2026-02-16 08:12:37.615004,Toronto-df01,-7,49,Normal
2026-02-16 08:12:38.615004,Toronto-df01,-10,0,Normal
2026-02-16 08:12:39.615004,Toronto-df01,-10,33,Normal
2026-02-16 08:12:40.615004,Toronto-df01,38,18,Normal
2026-02-16 08:12:41.615004,Toronto-df01,27,59,Normal
2026-02-16 08:12:42.615004,Toronto-df01,24,23,Normal
2026-02-16 08:12:43.615004,Toronto-df01,26,71,Normal
2026-02-16 08:12:44.615004,Toronto-df01,39,35,Normal
2026-02-16 08:12:45.615004,Toronto-df01,7,70,Normal
2026-02-16 08:12:46.615004,Toronto-df01,-11,88,Normal
2026-02-16 08:12:47.615004,Toronto-df01,-22,90,Normal
2026-02-16 08:12:48.615004,Toronto-df01,-20,53,Normal
2026-02-16 08:12:49.615004,Toronto-df01,-10,43,Normal
2026-02-16 08:12:50.615004,Toronto-df01,22,12,Normal
2026-02-16 08:12:51.615004,Toronto-df01,-9,91,Normal
2026-02-16 08:12:52.615004,Toronto-df01,45,83,Normal
2026-02-16 08:12:53.615004,Toronto-df01,11,7,Normal
2026-02-16 08:12:54.615004,Toronto-df01,-10,80,Normal
2026-02-16 08:12:55.615004,Toronto-df01,-23,72,Normal
2026-02-16 08:12:56.615004,Toronto-df01,-16,93,Normal
2026-02-16 08:12:57.615004,Toronto-df01,-23,96,Normal
2026-02-16 08:12:58.615004,Toronto-df01,5,65,Normal
2026-02-16 08:12:59.615004,Toronto-df01,8,85,Normal
2026-02-16 08:13:00.615004,Toronto-df01,36,68,Normal
2026-02-16 08:13:01.615004,Toronto-df01,43,31,Normal
2026-02-16 08:13:02.615004,Toronto-df01,-20,91,Normal
2026-02-16 08:13:03.615004,Toronto-df01,30,81,Normal
2026-02-16 08:13:04.615004,Toronto-df01,30,0,Normal
2026-02-16 08:13:05.615004,Toronto-df01,1,20,Normal
2026-02-16 08:13:06.615004,Toronto-df01,6,47,Normal
2026-02-16 08:13:07.615004,Toronto-df01,29,100,Normal
2026-02-16 08:13:08.615004,Toronto-df01,6,100,Normal
2026-02-16 08:13:09.615004,Toronto-df01,47,53,Normal
2026-02-16 08:13:10.615004,Toronto-df01,-24,10,Normal
2026-02-16 08:13:11.615004,Toronto-df01,-23,25,Normal
2026-02-16 08:13:12.615004,Toronto-df01,41,90,Normal
2026-02-16 08:13:13.615004,Toronto-df01,37,49,Normal
2026-02-16 08:13:14.615004,Toronto-df01,8,35,Normal
2026-02-16 08:13:15.615004,Toronto-df01,7,44,Normal
2026-02-16 08:13:16.615004,Toronto-df01,-6,83,Normal
2026-02-16 08:13:17.615004,Toronto-df01,-15,12,Normal
2026-02-16 08:13:18.615004,Toronto-df01,-13,66,Normal
2026-02-16 08:13:19.615004,Toronto-df01,1,59,Normal
2026-02-16 08:13:20.615004,Toronto-df01,49,61,Normal
2026-02-16 08:13:21.615004,Toronto-df01,-4,19,Normal
2026-02-16 08:13:22.615004,Toronto-df01,-1,66,Normal
2026-02-16 08:13:23.615004,Toronto-df01,9,25,Normal
2026-02-16 08:13:24.615004,Toronto-df01,-17,40,Normal
2026-02-16 08:13:25.615004,Toronto-df01,-17,61,Normal
2026-02-16 08:13:26.615004,Toronto-df01,-8,45,Normal
2026-02-16 08:13:27.615004,Toronto-df01,-16,8,Normal
2026-02-16 08:13:28.615004,Toronto-df01,-13,25,Normal
2026-02-16 08:13:29.615004,Toronto-df01,26,66,Normal
2026-02-16 08:13:30.615004,Toronto-df01,-25,69,Normal
2026-02-16 08:13:31.615004,Toronto-df01,10,54,Normal
2026-02-16 08:13:32.615004,Toronto-df01,43,67,Normal
2026-02-16 08:13:33.615004,Toronto-df01,0,27,Normal
2026-02-16 08:13:34.615004,Toronto-df01,-14,33,Normal
2026-02-16 08:13:35.615004,Toronto-df01,43,16,Normal
2026-02-16 08:13:36.615004,Toronto-df01,28,74,Normal
2026-02-16 08:13:37.615004,Toronto-df01,9,94,Normal
2026-02-16 08:13:38.615004,Toronto-df01,22,32,Normal
2026-02-16 08:13:39.615004,Toronto-df01,44,99,Normal
2026-02-16 08:13:40.615004,Toronto-df01,9,35,Normal
2026-02-16 08:13:41.615004,Toronto-df01,-17,17,Normal
2026-02-16 08:13:42.615004,Toronto-df01,19,44,Normal
2026-02-16 08:13:43.615004,Toronto-df01,-16,97,Normal
2026-02-16 08:13:44.615004,Toronto-df01,32,54,Normal
2026-02-16 08:13:45.615004,Toronto-df01,6,96,Normal
2026-02-16 08:13:46.615004,Toronto-df01,23,33,Normal
2026-02-16 08:13:47.615004,Toronto-df01,30,76,Normal
2026-02-16 08:13:48.615004,Toronto-df01,5,65,Normal
2026-02-16 08:13:49.615004,Toronto-df01,50,44,Normal
2026-02-16 08:13:50.615004,Toronto-df01,47,83,Normal
2026-02-16 08:13:51.615004,Toronto-df01,28,3,Normal
2026-02-16 08:13:52.615004,Toronto-df01,32,42,Normal
2026-02-16 08:13:53.615004,Toronto-df01,10,62,Normal
2026-02-16 08:13:54.615004,Toronto-df01,-8,77,Normal
2026-02-16 08:13:55.615004,Toronto-df01,-14,11,Normal
2026-02-16 08:13:56.615004,Toronto-df01,-18,75,Normal
2026-02-16 08:13:57.615004,Toronto-df01,50,48,Normal
2026-02-16 08:13:58.615004,Toronto-df01,34,25,Normal
2026-02-16 08:13:59.615004,Toronto-df01,49,63,Normal
2026-02-16 08:14:00.615004,Toronto-df01,39,51,Normal
2026-02-16 08:14:01.615004,Toronto-df01,32,13,Normal
2026-02-16 08:14:02.615004,Toronto-df01,0,58,Normal
2026-02-16 08:14:03.615004,Toronto-df01,43,85,Normal
2026-02-16 08:14:04.615004,Toronto-df01,-13,35,Normal
2026-02-16 08:14:05.615004,Toronto-df01,44,99,Normal
2026-02-16 08:14:06.615004,Toronto-df01,-21,12,Normal
2026-02-16 08:14:07.615004,Toronto-df01,43,29,Normal
2026-02-16 08:14:08.615004,Toronto-df01,-5,35,Normal
2026-02-16 08:14:09.615004,Toronto-df01,2,41,Normal
2026-02-16 08:14:10.615004,Toronto-df01,-13,55,Normal
2026-02-16 08:14:11.615004,Toronto-df01,-20,2,Normal
2026-02-16 08:14:12.615004,Toronto-df01,48,18,Normal
2026-02-16 08:14:13.615004,Toronto-df01,38,76,Normal
2026-02-16 08:14:14.615004,Toronto-df01,-18,49,Normal
2026-02-16 08:14:15.615004,Toronto-df01,19,0,Normal
2026-02-16 08:14:16.615004,Toronto-df01,-6,90,Normal
2026-02-16 08:14:17.615004,Toronto-df01,-29,49,Normal
2026-02-16 08:14:18.615004,Toronto-df01,49,51,Normal
2026-02-16 08:14:19.615004,Toronto-df01,29,14,Normal
2026-02-16 08:14:20.615004,Toronto-df01,-10,25,Normal
2026-02-16 08:14:21.615004,Toronto-df01,21,1,Normal
2026-02-16 08:14:22.615004,Toronto-df01,11,44,Normal
2026-02-16 08:14:23.615004,Toronto-df01,10,97,Normal
2026-02-16 08:14:24.615004,Toronto-df01,35,21,Normal
2026-02-16 08:14:25.615004,Toronto-df01,-16,69,Normal
2026-02-16 08:14:26.615004,Toronto-df01,44,20,Normal
2026-02-16 08:14:27.615004,Toronto-df01,-1,14,Normal
2026-02-16 08:14:28.615004,Toronto-df01,44,69,Normal
2026-02-16 08:14:29.615004,Toronto-df01,-16,12,Normal
2026-02-16 08:14:30.615004,Toronto-df01,48,43,Normal
2026-02-16 08:14:31.615004,Toronto-df01,31,19,Normal
2026-02-16 08:14:32.615004,Toronto-df01,37,68,Normal
2026-02-16 08:14:33.615004,Toronto-df01,-14,57,Normal
2026-02-16 08:14:34.615004,Toronto-df01,-7,51,Normal
2026-02-16 08:14:35.615004,Toronto-df01,23,51,Normal
2026-02-16 08:14:36.615004,Toronto-df01,26,98,Normal
2026-02-16 08:14:37.615004,Toronto-df01,27,49,Normal
2026-02-16 08:14:38.615004,Toronto-df01,12,23,Normal
2026-02-16 08:14:39.615004,Toronto-df01,-19,47,Normal
2026-02-16 08:14:40.615004,Toronto-df01,-17,63,Normal
2026-02-16 08:14:41.615004,Toronto-df01,-18,31,Normal
2026-02-16 08:14:42.615004,Toronto-df01,-20,1,Normal
2026-02-16 08:14:43.615004,Toronto-df01,40,35,Normal
2026-02-16 08:14:44.615004,Toronto-df01,31,96,Normal
2026-02-16 08:14:45.615004,Toronto-df01,26,41,Normal
2026-02-16 08:14:46.615004,Toronto-df01,14,35,Normal
2026-02-16 08:14:47.615004,Toronto-df01,17,84,Normal
2026-02-16 08:14:48.615004,Toronto-df01,-28,33,Normal
2026-02-16 08:14:49.615004,Toronto-df01,2,50,Normal
2026-02-16 08:14:50.615004,Toronto-df01,32,83,Normal
2026-02-16 08:14:51.615004,Toronto-df01,6,52,Normal
2026-02-16 08:14:52.615004,Toronto-df01,21,25,Normal
2026-02-16 08:14:53.615004,Toronto-df01,-25,79,Normal
2026-02-16 08:14:54.615004,Toronto-df01,14,13,Normal
2026-02-16 08:14:55.615004,Toronto-df01,49,9,Normal
2026-02-16 08:14:56.615004,Toronto-df01,26,25,Normal
2026-02-16 08:14:57.615004,Toronto-df01,-6,59,Normal
2026-02-16 08:14:58.615004,Toronto-df01,-17,18,Normal
2026-02-16 08:14:59.615004,Toronto-df01,20,71,Normal
2026-02-16 08:15:00.615004,Toronto-df01,28,24,Normal
2026-02-16 08:15:01.615004,Toronto-df01,-4,84,Normal
2026-02-16 08:15:02.615004,Toronto-df01,-28,90,Normal
2026-02-16 08:15:03.615004,Toronto-df01,-24,44,Normal
2026-02-16 08:15:04.615004,Toronto-df01,-25,3,Normal
2026-02-16 08:15:05.615004,Toronto-df01,13,87,Normal
2026-02-16 08:15:06.615004,Toronto-df01,18,94,Normal
2026-02-16 08:15:07.615004,Toronto-df01,34,66,Normal
2026-02-16 08:15:08.615004,Toronto-df01,11,70,Normal
2026-02-16 08:15:09.615004,Toronto-df01,47,77,Normal
2026-02-16 08:15:10.615004,Toronto-df01,-3,95,Normal
2026-02-16 08:15:11.615004,Toronto-df01,-6,12,Normal
2026-02-16 08:15:12.615004,Toronto-df01,11,21,Normal
2026-02-16 08:15:13.615004,Toronto-df01,44,2,Normal
2026-02-16 08:15:14.615004,Toronto-df01,29,58,Normal
2026-02-16 08:15:15.615004,Toronto-df01,23,67,Normal
2026-02-16 08:15:16.615004,Toronto-df01,-11,52,Normal
2026-02-16 08:15:17.615004,Toronto-df01,35,0,Normal
2026-02-16 08:15:18.615004,Toronto-df01,47,22,Normal
2026-02-16 08:15:19.615004,Toronto-df01,-11,80,Normal
2026-02-16 08:15:20.615004,Toronto-df01,40,44,Normal
2026-02-16 08:15:21.615004,Toronto-df01,-25,93,Normal
2026-02-16 08:15:22.615004,Toronto-df01,24,18,Normal
2026-02-16 08:15:23.615004,Toronto-df01,48,67,Normal
2026-02-16 08:15:24.615004,Toronto-df01,28,60,Normal
2026-02-16 08:15:25.615004,Toronto-df01,48,41,Normal
2026-02-16 08:15:26.615004,Toronto-df01,18,45,Normal
2026-02-16 08:15:27.615004,Toronto-df01,20,52,Normal
2026-02-16 08:15:28.615004,Toronto-df01,15,24,Normal
2026-02-16 08:15:29.615004,Toronto-df01,18,24,Normal
2026-02-16 08:15:30.615004,Toronto-df01,35,71,Normal
2026-02-16 08:15:31.615004,Toronto-df01,-18,43,Normal
2026-02-16 08:15:32.615004,Toronto-df01,6,39,Normal
2026-02-16 08:15:33.615004,Toronto-df01,-6,75,Normal
2026-02-16 08:15:34.615004,Toronto-df01,8,59,Normal
2026-02-16 08:15:35.615004,Toronto-df01,6,89,Normal
2026-02-16 08:15:36.615004,Toronto-df01,-2,96,Normal
2026-02-16 08:15:37.615004,Toronto-df01,-2,16,Normal
2026-02-16 08:15:38.615004,Toronto-df01,1,44,Normal
2026-02-16 08:15:39.615004,Toronto-df01,-27,13,Normal
2026-02-16 08:15:40.615004,Toronto-df01,-30,67,Normal
2026-02-16 08:15:41.615004,Toronto-df01,48,16,Normal
2026-02-16 08:15:42.615004,Toronto-df01,34,63,Normal
2026-02-16 08:15:43.615004,Toronto-df01,3,47,Normal
2026-02-16 08:15:44.615004,Toronto-df01,-9,32,Normal
2026-02-16 08:15:45.615004,Toronto-df01,30,99,Normal
2026-02-16 08:15:46.615004,Toronto-df01,-30,92,Normal
2026-02-16 08:15:47.615004,Toronto-df01,35,39,Normal
2026-02-16 08:15:48.615004,Toronto-df01,37,28,Normal
2026-02-16 08:15:49.615004,Toronto-df01,43,100,Normal
2026-02-16 08:15:50.615004,Toronto-df01,5,44,Normal
2026-02-16 08:15:51.615004,Toronto-df01,2,53,Normal
2026-02-16 08:15:52.615004,Toronto-df01,36,73,Normal
2026-02-16 08:15:53.615004,Toronto-df01,44,89,Normal
2026-02-16 08:15:54.615004,Toronto-df01,25,3,Normal
2026-02-16 08:15:55.615004,Toronto-df01,-4,32,Normal
2026-02-16 08:15:56.615004,Toronto-df01,-23,82,Normal
2026-02-16 08:15:57.615004,Toronto-df01,-23,48,Normal
2026-02-16 08:15:58.615004,Toronto-df01,39,68,Normal
2026-02-16 08:15:59.615004,Toronto-df01,-4,19,Normal
2026-02-16 08:16:00.615004,Toronto-df01,44,100,Normal
2026-02-16 08:16:01.615004,Toronto-df01,-15,50,Normal
2026-02-16 08:16:02.615004,Toronto-df01,-5,3,Normal
2026-02-16 08:16:03.615004,Toronto-df01,-20,65,Normal
2026-02-16 08:16:04.615004,Toronto-df01,28,50,Normal
2026-02-16 08:16:05.615004,Toronto-df01,-8,61,Normal
2026-02-16 08:16:06.615004,Toronto-df01,45,59,Normal
2026-02-16 08:16:07.615004,Toronto-df01,-18,20,Normal
2026-02-16 08:16:08.615004,Toronto-df01,46,74,Normal
2026-02-16 08:16:09.615004,Toronto-df01,-28,87,Normal
2026-02-16 08:16:10.615004,Toronto-df01,29,79,Normal
2026-02-16 08:16:11.615004,Toronto-df01,-9,83,Normal
2026-02-16 08:16:12.615004,Toronto-df01,-23,77,Normal
2026-02-16 08:16:13.615004,Toronto-df01,-1,40,Normal
2026-02-16 08:16:14.615004,Toronto-df01,8,93,Normal
2026-02-16 08:16:15.615004,Toronto-df01,-20,38,Normal
2026-02-16 08:16:16.615004,Toronto-df01,-29,42,Normal
2026-02-16 08:16:17.615004,Toronto-df01,-14,51,Normal
2026-02-16 08:16:18.615004,Toronto-df01,-18,77,Normal
2026-02-16 08:16:19.615004,Toronto-df01,3,1,Normal
2026-02-16 08:16:20.615004,Toronto-df01,2,77,Normal
2026-02-16 08:16:21.615004,Toronto-df01,-1,29,Normal
2026-02-16 08:16:22.615004,Toronto-df01,31,16,Normal
2026-02-16 08:16:23.615004,Toronto-df01,-26,33,Normal
2026-02-16 08:16:24.615004,Toronto-df01,-29,86,Normal
2026-02-16 08:16:25.615004,Toronto-df01,36,49,Normal
2026-02-16 08:16:26.615004,Toronto-df01,-27,65,Normal
2026-02-16 08:16:27.615004,Toronto-df01,49,39,Normal
2026-02-16 08:16:28.615004,Toronto-df01,22,72,Normal
2026-02-16 08:16:29.615004,Toronto-df01,7,42,Normal
2026-02-16 08:16:30.615004,Toronto-df01,-15,8,Normal
2026-02-16 08:16:31.615004,Toronto-df01,3,94,Normal
2026-02-16 08:16:32.615004,Toronto-df01,-5,86,Normal
2026-02-16 08:16:33.615004,Toronto-df01,30,97,Normal
2026-02-16 08:16:34.615004,Toronto-df01,1,23,Normal
2026-02-16 08:16:35.615004,Toronto-df01,-17,3,Normal
2026-02-16 08:16:36.615004,Toronto-df01,-15,17,Normal
2026-02-16 08:16:37.615004,Toronto-df01,6,56,Normal
2026-02-16 08:16:38.615004,Toronto-df01,-27,53,Normal
2026-02-16 08:16:39.615004,Toronto-df01,-2,83,Normal
2026-02-16 08:16:40.615004,Toronto-df01,46,16,Normal
2026-02-16 08:16:41.615004,Toronto-df01,16,40,Normal
2026-02-16 08:16:42.615004,Toronto-df01,21,22,Normal
2026-02-16 08:16:43.615004,Toronto-df01,29,20,Normal
2026-02-16 08:16:44.615004,Toronto-df01,26,95,Normal
2026-02-16 08:16:45.615004,Toronto-df01,41,23,Normal
2026-02-16 08:16:46.615004,Toronto-df01,35,37,Normal
2026-02-16 08:16:47.615004,Toronto-df01,6,43,Normal
2026-02-16 08:16:48.615004,Toronto-df01,-23,30,Normal
2026-02-16 08:16:49.615004,Toronto-df01,7,21,Normal
2026-02-16 08:16:50.615004,Toronto-df01,27,79,Normal
2026-02-16 08:16:51.615004,Toronto-df01,17,68,Normal
2026-02-16 08:16:52.615004,Toronto-df01,6,88,Normal
2026-02-16 08:16:53.615004,Toronto-df01,49,66,Normal
2026-02-16 08:16:54.615004,Toronto-df01,6,20,Normal
2026-02-16 08:16:55.615004,Toronto-df01,-5,56,Normal
2026-02-16 08:16:56.615004,Toronto-df01,-11,52,Normal
2026-02-16 08:16:57.615004,Toronto-df01,42,0,Normal
2026-02-16 08:16:58.615004,Toronto-df01,32,85,Normal
2026-02-16 08:16:59.615004,Toronto-df01,5,37,Normal
2026-02-16 08:17:00.615004,Toronto-df01,-20,61,Normal
2026-02-16 08:17:01.615004,Toronto-df01,-4,59,Normal
2026-02-16 08:17:02.615004,Toronto-df01,4,80,Normal
2026-02-16 08:17:03.615004,Toronto-df01,12,80,Normal
2026-02-16 08:17:04.615004,Toronto-df01,50,67,Normal
2026-02-16 08:17:05.615004,Toronto-df01,24,84,Normal
2026-02-16 08:17:06.615004,Toronto-df01,4,29,Normal
2026-02-16 08:17:07.615004,Toronto-df01,-13,83,Normal
2026-02-16 08:17:08.615004,Toronto-df01,20,46,Normal
2026-02-16 08:17:09.615004,Toronto-df01,26,75,Normal
2026-02-16 08:17:10.615004,Toronto-df01,21,27,Normal
2026-02-16 08:17:11.615004,Toronto-df01,18,51,Normal
2026-02-16 08:17:12.615004,Toronto-df01,-12,50,Normal
2026-02-16 08:17:13.615004,Toronto-df01,-17,69,Normal
2026-02-16 08:17:14.615004,Toronto-df01,38,57,Normal
2026-02-16 08:17:15.615004,Toronto-df01,0,89,Normal
2026-02-16 08:17:16.615004,Toronto-df01,30,76,Normal
2026-02-16 08:17:17.615004,Toronto-df01,26,56,Normal
2026-02-16 08:17:18.615004,Toronto-df01,46,74,Normal
2026-02-16 08:17:19.615004,Toronto-df01,28,46,Normal
2026-02-16 08:17:20.615004,Toronto-df01,-5,88,Normal
2026-02-16 08:17:21.615004,Toronto-df01,27,3,Normal
2026-02-16 08:17:22.615004,Toronto-df01,6,46,Normal
2026-02-16 08:17:23.615004,Toronto-df01,11,81,Normal
2026-02-16 08:17:24.615004,Toronto-df01,2,64,Normal
2026-02-16 08:17:25.615004,Toronto-df01,4,68,Normal
2026-02-16 08:17:26.615004,Toronto-df01,36,12,Normal
2026-02-16 08:17:27.615004,Toronto-df01,12,90,Normal
2026-02-16 08:17:28.615004,Toronto-df01,-26,33,Normal
2026-02-16 08:17:29.615004,Toronto-df01,-1,28,Normal
2026-02-16 08:17:30.615004,Toronto-df01,-24,15,Normal
2026-02-16 08:17:31.615004,Toronto-df01,42,12,Normal
2026-02-16 08:17:32.615004,Toronto-df01,-28,45,Normal
2026-02-16 08:17:33.615004,Toronto-df01,50,37,Normal
2026-02-16 08:17:34.615004,Toronto-df01,1,54,Normal
2026-02-16 08:17:35.615004,Toronto-df01,17,63,Normal
2026-02-16 08:17:36.615004,Toronto-df01,-6,56,Normal
2026-02-16 08:17:37.615004,Toronto-df01,-13,88,Normal
2026-02-16 08:17:38.615004,Toronto-df01,-13,77,Normal
2026-02-16 08:17:39.615004,Toronto-df01,35,32,Normal
2026-02-16 08:17:40.615004,Toronto-df01,36,19,Normal
2026-02-16 08:17:41.615004,Toronto-df01,16,18,Normal
2026-02-16 08:17:42.615004,Toronto-df01,-8,25,Normal
2026-02-16 08:17:43.615004,Toronto-df01,21,16,Normal
2026-02-16 08:17:44.615004,Toronto-df01,-29,28,Normal
2026-02-16 08:17:45.615004,Toronto-df01,34,28,Normal
2026-02-16 08:17:46.615004,Toronto-df01,-5,7,Normal
2026-02-16 08:17:47.615004,Toronto-df01,-28,66,Normal
2026-02-16 08:17:48.615004,Toronto-df01,-20,100,Normal
2026-02-16 08:17:49.615004,Toronto-df01,4,65,Normal
2026-02-16 08:17:50.615004,Toronto-df01,22,59,Normal
2026-02-16 08:17:51.615004,Toronto-df01,29,32,Normal
2026-02-16 08:17:52.615004,Toronto-df01,-13,92,Normal
2026-02-16 08:17:53.615004,Toronto-df01,-18,28,Normal
2026-02-16 08:17:54.615004,Toronto-df01,25,67,Normal
2026-02-16 08:17:55.615004,Toronto-df01,-27,26,Normal
2026-02-16 08:17:56.615004,Toronto-df01,11,90,Normal
2026-02-16 08:17:57.615004,Toronto-df01,-21,48,Normal
2026-02-16 08:17:58.615004,Toronto-df01,-5,27,Normal
2026-02-16 08:17:59.615004,Toronto-df01,45,77,Normal
2026-02-16 08:18:00.615004,Toronto-df01,7,11,Normal
2026-02-16 08:18:01.615004,Toronto-df01,33,81,Normal
2026-02-16 08:18:02.615004,Toronto-df01,-7,25,Normal
2026-02-16 08:18:03.615004,Toronto-df01,6,30,Normal
2026-02-16 08:18:04.615004,Toronto-df01,-25,84,Normal
2026-02-16 08:18:05.615004,Toronto-df01,43,58,Normal
2026-02-16 08:18:06.615004,Toronto-df01,42,100,Normal
2026-02-16 08:18:07.615004,Toronto-df01,-6,50,Normal
2026-02-16 08:18:08.615004,Toronto-df01,-25,19,Normal
2026-02-16 08:18:09.615004,Toronto-df01,-8,15,Normal
2026-02-16 08:18:10.615004,Toronto-df01,8,55,Normal
2026-02-16 08:18:11.615004,Toronto-df01,-7,4,Normal
2026-02-16 08:18:12.615004,Toronto-df01,-21,54,Normal
2026-02-16 08:18:13.615004,Toronto-df01,12,53,Normal
2026-02-16 08:18:14.615004,Toronto-df01,15,35,Normal
2026-02-16 08:18:15.615004,Toronto-df01,45,41,Normal
2026-02-16 08:18:16.615004,Toronto-df01,11,63,Normal
2026-02-16 08:18:17.615004,Toronto-df01,42,52,Normal
2026-02-16 08:18:18.615004,Toronto-df01,47,18,Normal
2026-02-16 08:18:19.615004,Toronto-df01,30,25,Normal
2026-02-16 08:18:20.615004,Toronto-df01,-5,72,Normal
2026-02-16 08:18:21.615004,Toronto-df01,9,71,Normal
2026-02-16 08:18:22.615004,Toronto-df01,-7,47,Normal
2026-02-16 08:18:23.615004,Toronto-df01,43,4,Normal
2026-02-16 08:18:24.615004,Toronto-df01,19,89,Normal
2026-02-16 08:18:25.615004,Toronto-df01,22,8,Normal
2026-02-16 08:18:26.615004,Toronto-df01,24,59,Normal
2026-02-16 08:18:27.615004,Toronto-df01,7,37,Normal
2026-02-16 08:18:28.615004,Toronto-df01,-19,61,Normal
2026-02-16 08:18:29.615004,Toronto-df01,18,87,Normal
2026-02-16 08:18:30.615004,Toronto-df01,18,94,Normal
2026-02-16 08:18:31.615004,Toronto-df01,-30,62,Normal
2026-02-16 08:18:32.615004,Toronto-df01,-27,40,Normal
2026-02-16 08:18:33.615004,Toronto-df01,39,47,Normal
2026-02-16 08:18:34.615004,Toronto-df01,7,30,Normal
2026-02-16 08:18:35.615004,Toronto-df01,-15,91,Normal
2026-02-16 08:18:36.615004,Toronto-df01,14,26,Normal
2026-02-16 08:18:37.615004,Toronto-df01,35,35,Normal
2026-02-16 08:18:38.615004,Toronto-df01,-10,17,Normal
2026-02-16 08:18:39.615004,Toronto-df01,24,77,Normal
2026-02-16 08:18:40.615004,Toronto-df01,36,50,Normal
2026-02-16 08:18:41.615004,Toronto-df01,16,19,Normal
2026-02-16 08:18:42.615004,Toronto-df01,-3,20,Normal
2026-02-16 08:18:43.615004,Toronto-df01,-28,99,Normal
2026-02-16 08:18:44.615004,Toronto-df01,28,50,Normal
2026-02-16 08:18:45.615004,Toronto-df01,38,80,Normal
2026-02-16 08:18:46.615004,Toronto-df01,38,83,Normal
2026-02-16 08:18:47.615004,Toronto-df01,48,4,Normal
2026-02-16 08:18:48.615004,Toronto-df01,32,55,Normal
2026-02-16 08:18:49.615004,Toronto-df01,-21,100,Normal
2026-02-16 08:18:50.615004,Toronto-df01,-23,89,Normal
2026-02-16 08:18:51.615004,Toronto-df01,21,81,Normal
2026-02-16 08:18:52.615004,Toronto-df01,-8,74,Normal
2026-02-16 08:18:53.615004,Toronto-df01,41,44,Normal
2026-02-16 08:18:54.615004,Toronto-df01,-5,85,Normal
2026-02-16 08:18:55.615004,Toronto-df01,36,75,Normal
2026-02-16 08:18:56.615004,Toronto-df01,16,85,Normal
2026-02-16 08:18:57.615004,Toronto-df01,11,47,Normal
2026-02-16 08:18:58.615004,Toronto-df01,-27,34,Normal
2026-02-16 08:18:59.615004,Toronto-df01,-11,39,Normal
2026-02-16 08:19:00.615004,Toronto-df01,20,28,Normal
2026-02-16 08:19:01.615004,Toronto-df01,40,62,Normal
2026-02-16 08:19:02.615004,Toronto-df01,28,39,Normal
2026-02-16 08:19:03.615004,Toronto-df01,44,92,Normal
2026-02-16 08:19:04.615004,Toronto-df01,35,67,Normal
2026-02-16 08:19:05.615004,Toronto-df01,43,56,Normal
2026-02-16 08:19:06.615004,Toronto-df01,42,7,Normal
2026-02-16 08:19:07.615004,Toronto-df01,44,62,Normal
2026-02-16 08:19:08.615004,Toronto-df01,-25,49,Normal
2026-02-16 08:19:09.615004,Toronto-df01,21,11,Normal
2026-02-16 08:19:10.615004,Toronto-df01,-25,23,Normal
2026-02-16 08:19:11.615004,Toronto-df01,18,24,Normal
2026-02-16 08:19:12.615004,Toronto-df01,32,31,Normal
2026-02-16 08:19:13.615004,Toronto-df01,-28,24,Normal
2026-02-16 08:19:14.615004,Toronto-df01,22,3,Normal
2026-02-16 08:19:15.615004,Toronto-df01,0,86,Normal
2026-02-16 08:19:16.615004,Toronto-df01,-17,6,Normal
2026-02-16 08:19:17.615004,Toronto-df01,-23,94,Normal
2026-02-16 08:19:18.615004,Toronto-df01,23,52,Normal
2026-02-16 08:19:19.615004,Toronto-df01,-17,0,Normal
2026-02-16 08:19:20.615004,Toronto-df01,43,35,Normal
2026-02-16 08:19:21.615004,Toronto-df01,-4,0,Normal
2026-02-16 08:19:22.615004,Toronto-df01,-27,70,Normal
2026-02-16 08:19:23.615004,Toronto-df01,-21,41,Normal
2026-02-16 08:19:24.615004,Toronto-df01,2,1,Normal
2026-02-16 08:19:25.615004,Toronto-df01,22,69,Normal
